SAMPLES:	16091
BITSPERSAMPLE:	16
CHANNELS:	1
SAMPLERATE:	16000
NORMALIZED:	FALSE
-8
-5
-3
-8
-12
-18
-10
-3
7
5
-3
-5
-5
1
3
-4
2
3
6
9
5
11
9
10
8
7
3
2
5
9
4
2
0
-4
-5
-8
-8
-14
-15
-17
-22
-21
-17
-6
-3
1
11
14
16
15
16
21
23
25
18
8
0
0
-10
-16
-22
-27
-26
-28
-21
-19
-13
-9
-12
-1
-1
-6
-14
-21
-24
-32
-30
-33
-30
-28
-27
-15
-7
0
3
5
10
15
14
15
16
12
10
8
10
14
11
5
14
19
17
19
23
31
33
37
33
26
20
7
7
9
10
9
6
11
11
11
10
10
15
16
11
9
1
-2
-4
-11
-14
-18
-13
-16
-17
-7
2
2
5
7
8
6
2
-7
-11
-18
-25
-27
-27
-26
-28
-17
-15
-9
-5
-1
5
12
12
8
7
14
15
11
10
5
5
1
0
-2
0
-1
-5
7
8
10
11
7
0
1
1
3
4
0
-4
-6
-2
-2
2
6
10
15
20
24
22
27
29
25
22
17
9
4
-7
-10
-13
-13
-9
-10
9
14
13
15
9
3
-6
-8
-6
-13
-17
-21
-21
-15
-12
-14
-15
-12
-13
-10
-10
-14
-17
-22
-25
-27
-30
-34
-28
-31
-23
-17
-8
-3
2
5
3
5
2
5
2
1
1
3
1
2
10
8
11
11
9
11
7
-2
-4
-5
-9
-15
-10
-9
-7
-4
-5
1
1
-1
-7
-6
-6
4
-1
0
5
4
7
6
6
3
0
-7
-4
2
1
1
0
1
9
9
7
13
11
12
6
7
7
5
4
1
6
1
1
0
2
6
-3
-4
-3
0
4
9
11
11
9
6
9
8
7
5
7
14
15
12
15
9
9
1
0
3
-1
-1
-1
7
9
0
1
-1
2
-2
-5
-5
-11
-14
-10
-4
-10
-9
-6
-8
-11
-6
-7
-7
-7
-1
6
5
5
2
4
-1
-7
-2
-1
3
-1
2
4
-2
-4
-5
-5
1
-5
-12
-9
-6
1
5
11
10
11
10
3
3
-2
-4
-6
-6
-6
-4
-2
0
-2
-2
-1
-12
-11
-8
-8
-6
-4
-7
-8
-7
-5
-6
-6
-7
-8
-3
5
9
6
10
8
5
5
5
6
2
0
2
2
4
6
1
6
7
6
5
2
2
-2
-2
-4
-5
0
-1
0
8
6
1
-1
2
-2
-7
-15
-25
-20
-24
-28
-29
-22
-15
-11
-3
10
17
19
22
21
24
22
20
18
21
19
15
10
6
11
7
2
-3
3
1
-4
-5
-7
-3
0
-6
-6
-6
-4
0
0
6
12
12
10
8
9
-1
0
1
6
9
3
8
10
8
6
-3
1
3
-1
-3
-3
0
-10
-12
-11
-9
-11
-16
-18
-15
-15
-17
-14
-9
-1
2
3
9
10
6
8
-2
-3
-2
0
0
0
3
0
2
7
10
13
8
2
-7
-12
-11
-14
-7
-12
-13
-13
-13
-9
-9
-1
-3
-1
7
2
1
2
-5
-5
-3
1
7
7
10
6
3
-2
-9
-15
-15
-15
-14
-14
-15
-13
-15
-9
-6
-4
-3
-5
-4
0
-3
-4
-10
-8
-5
-7
1
2
7
12
10
18
18
22
24
26
23
19
18
9
6
7
4
3
2
0
-2
-1
1
1
-3
3
1
2
-1
-3
-8
-11
-6
-5
1
0
13
12
16
16
14
13
12
11
-1
-6
-14
-18
-13
-10
-2
7
9
11
8
9
2
2
-5
-5
-2
-3
-5
-8
-11
-13
-9
-8
-7
1
2
6
7
14
17
21
24
27
30
24
24
21
13
9
-3
-7
-7
-11
-8
-9
-8
-11
-17
-21
-15
-12
-6
-8
-8
-9
-13
-4
-5
-4
-8
-3
-2
0
-1
-5
2
-3
1
-1
-1
0
-3
-1
0
0
-10
-7
-6
-7
-12
-14
-16
-13
-8
-8
4
2
6
9
4
2
1
0
-4
-3
-3
-4
-1
1
3
7
6
9
10
6
3
-5
-3
-8
-10
-10
-13
-10
-6
-6
-7
-10
-13
-15
-15
-18
-17
-18
-11
1
0
10
12
18
22
17
20
22
15
14
11
8
8
11
16
17
17
15
10
8
5
2
4
6
6
11
11
9
9
9
10
3
7
3
1
-6
-7
-7
-8
-8
-9
-6
2
0
0
8
4
7
10
11
10
3
5
2
-4
-1
-3
-7
-9
-9
-7
-7
-5
-6
-10
-12
-5
-2
3
7
19
19
14
14
13
19
11
6
5
-1
2
-1
5
2
-4
-13
-20
-19
-25
-21
-25
-24
-26
-31
-27
-20
-18
-16
-14
-16
-11
-11
-11
-9
-10
-12
-10
-10
-7
0
0
3
0
-2
0
-3
-1
-9
-13
-15
-15
-16
-19
-16
-18
-17
-8
-6
5
10
13
19
13
16
25
23
20
17
15
10
9
11
16
14
20
24
26
26
23
17
11
11
3
-2
-5
-5
-4
2
8
12
15
12
7
7
0
-2
-3
-7
-8
-10
-14
-16
-12
-18
-26
-21
-20
-9
-6
-2
6
10
21
28
32
30
27
23
15
13
6
0
1
-5
-4
-3
-3
-2
-5
-8
-11
-10
-8
-7
-2
-2
2
6
4
-2
-2
4
6
8
6
5
4
1
-4
-8
-13
-22
-18
-18
-21
-22
-25
-18
-21
-22
-25
-24
-22
-24
-17
-15
-4
3
10
23
22
29
34
26
25
22
15
10
6
6
3
3
1
5
-1
-2
-5
-7
-8
-6
-5
-4
-2
-1
-1
-3
-1
-2
-1
-2
2
9
8
9
4
2
-5
-3
-4
-10
-7
-8
-10
-13
-7
1
5
5
6
4
3
0
7
8
8
18
20
21
14
13
14
13
9
3
4
-3
-8
-7
-6
-2
6
10
5
9
7
10
15
10
12
10
9
19
19
24
24
22
24
22
20
10
7
3
-3
-6
-10
-17
-22
-31
-34
-31
-39
-37
-34
-32
-29
-29
-19
-19
-16
-13
-10
-3
-4
-4
-6
-9
-11
-17
-19
-11
-8
-2
3
9
11
10
11
8
2
-3
-7
-14
-19
-26
-27
-29
-24
-14
-10
-3
2
0
4
2
2
5
5
4
4
5
4
6
7
6
6
1
-2
2
9
11
13
10
9
15
12
16
19
16
12
6
8
4
4
1
-1
6
7
7
4
1
-1
-4
-1
0
6
-2
-9
-9
-12
-5
-4
-2
5
6
9
6
8
12
14
17
17
23
22
25
23
20
16
5
6
8
4
5
-1
3
1
-1
7
13
20
19
20
21
15
11
4
-3
-6
-8
-8
-7
-10
-12
-13
-13
-8
-10
-6
-14
-19
-15
-24
-28
-28
-21
-16
-16
-10
-9
-6
-11
-16
-15
-14
-10
-15
-10
-9
-12
-16
-18
-10
-16
-10
-4
-6
3
4
1
-2
0
-1
-3
-4
-4
-2
-10
-14
-19
-19
-16
-9
-1
1
5
6
8
5
11
15
17
17
16
16
11
12
12
21
24
25
32
32
34
30
26
27
26
26
27
32
28
28
22
24
31
30
30
29
26
18
11
9
10
3
3
2
-2
-2
-8
-9
-13
-20
-23
-24
-19
-20
-20
-22
-25
-31
-34
-30
-24
-22
-23
-24
-29
-35
-38
-40
-46
-45
-44
-44
-35
-38
-37
-38
-32
-31
-24
-15
-15
-11
-10
-12
-11
-7
-5
1
4
6
14
18
20
25
30
28
34
40
30
24
20
18
15
12
12
11
12
10
5
2
1
-3
-6
-4
-2
-7
-9
-7
-5
-3
-3
4
9
14
15
13
6
7
7
10
18
19
17
12
3
-3
-10
-6
-10
-10
-5
-3
1
0
-1
1
4
9
14
16
20
21
18
16
15
10
9
6
4
-1
-5
-6
-5
-3
-6
-3
-3
4
3
4
2
0
-3
-6
-2
3
8
6
1
-5
-4
-9
-9
-11
-7
-1
-1
-1
-1
1
0
0
7
13
15
12
11
13
13
16
16
17
13
9
4
-5
-8
-11
-17
-15
-18
-19
-16
-18
-13
-15
-17
-18
-15
-21
-17
-11
-13
-10
-8
-1
3
4
7
9
10
11
8
9
13
12
17
18
24
19
18
15
15
11
14
15
10
10
9
12
8
4
2
1
-5
-6
-7
-13
-16
-17
-12
-6
-6
-4
-2
0
1
-5
-6
-5
-3
-9
-7
-4
-8
-6
-5
-2
-2
-9
-10
-6
-2
-3
-7
-10
-9
-2
-1
-1
3
2
-6
-8
-8
-12
-14
-13
-10
-6
-2
-1
-1
0
6
12
11
13
15
12
10
9
8
2
-1
-10
-7
-1
-8
-5
-5
0
5
7
8
8
11
9
9
8
0
-9
-14
-15
-16
-18
-21
-19
-16
-11
-14
-12
-10
-8
-8
-8
-6
-1
-3
-10
-6
-10
-8
-10
-13
-8
-8
-6
-6
-2
-1
0
5
2
7
8
7
11
10
10
11
6
0
-3
-5
-9
-13
-11
-10
-12
-13
-6
-2
7
14
20
25
25
29
27
24
17
11
6
3
5
0
-1
-6
-10
-11
-11
-14
-6
2
6
9
12
14
13
14
14
20
17
13
14
13
10
12
15
16
19
19
18
24
25
23
22
17
12
8
7
3
-3
-5
-11
-8
-6
-12
-9
-7
-5
-6
-7
-2
-2
0
-2
-2
-7
-6
-2
-7
-1
3
-2
-6
-6
-10
-11
-14
-15
-19
-26
-25
-21
-21
-14
-9
-5
-1
-2
4
6
7
6
4
6
5
8
2
5
4
1
5
9
11
9
12
11
8
8
3
-2
-3
-10
-13
-13
-12
-15
-10
-8
-6
-3
-6
-2
-1
2
2
3
-2
-1
-3
1
1
0
-7
-9
-8
-5
-4
-1
-1
-8
-8
-11
-11
-11
-10
-13
-12
-15
-12
-11
-11
-6
-8
-8
-9
-9
-6
-2
-2
-2
-5
-4
4
10
11
14
19
23
20
19
20
7
8
2
6
6
6
4
-1
-2
-9
-11
-15
-15
-14
-17
-16
-16
-15
-13
-10
-5
0
1
8
11
14
18
22
21
16
15
12
8
3
2
-1
-4
-8
-6
-9
-9
-8
-5
-7
-11
-14
-14
-12
-11
-11
-7
0
3
5
4
7
7
11
9
8
13
8
8
7
9
9
8
5
5
4
6
8
7
6
7
10
12
16
17
16
13
11
15
8
4
0
0
5
8
10
10
13
9
11
11
8
3
3
-1
-3
5
1
0
-4
-4
-11
-14
-18
-19
-18
-23
-23
-23
-23
-21
-20
-16
-13
-11
-10
-9
-9
-9
-9
-9
-7
-2
5
9
7
12
9
9
9
6
4
6
8
7
6
-1
-4
-5
-6
-5
-6
-12
-11
-9
-5
1
6
9
13
10
10
13
13
13
16
14
15
12
3
1
-3
-3
-6
-3
0
2
7
10
12
8
10
5
6
5
1
3
2
7
13
15
17
17
12
12
8
6
6
2
-5
-9
-13
-7
-4
-4
-3
-5
-3
-4
-2
4
6
6
4
2
-1
-10
-8
-13
-16
-17
-24
-20
-23
-21
-17
-12
-8
-5
-1
2
1
-6
-7
-11
-15
-16
-13
-14
-12
-12
-10
-14
-16
-19
-19
-12
-5
-4
-4
3
3
5
1
0
0
-4
-9
-9
-16
-16
-19
-16
-9
-4
1
7
9
11
14
15
13
11
13
15
14
10
3
4
1
-4
-6
-10
-12
-11
-13
-8
-6
-5
-5
-12
-11
-7
-10
-9
-5
1
8
19
22
31
29
22
19
11
7
1
0
-2
0
3
4
4
11
12
11
12
11
13
13
13
11
10
10
11
6
6
10
0
0
1
1
6
4
9
15
12
10
8
9
6
8
6
4
4
-1
-5
-7
-10
-14
-17
-15
-15
-14
-11
-8
-1
10
19
19
28
30
27
17
13
7
-1
-2
-6
-11
-15
-16
-20
-18
-10
0
-1
10
17
17
20
16
16
4
-4
-9
-15
-21
-29
-35
-35
-35
-32
-26
-18
-9
2
5
10
13
13
14
11
14
15
11
10
4
-2
-3
-3
-7
-12
-9
-3
7
13
20
26
30
32
34
34
24
9
-5
-18
-36
-42
-45
-46
-43
-40
-36
-35
-22
-16
-5
10
22
31
38
36
30
21
5
-7
-19
-27
-32
-38
-44
-46
-41
-29
-22
-11
1
6
13
11
10
14
9
10
8
0
0
-7
-9
-12
-12
-10
0
12
22
36
38
45
41
37
36
31
28
20
10
6
-1
-13
-22
-29
-28
-26
-25
-20
-20
-15
-9
0
8
10
13
14
12
7
0
-8
-14
-14
-18
-23
-23
-23
-24
-20
-14
-8
2
14
19
22
24
24
19
13
10
3
-3
-7
-12
-8
-9
-10
-8
-11
-6
1
9
14
11
12
11
13
20
21
17
14
9
1
-7
-8
-9
-5
-1
2
12
11
12
13
17
16
18
21
14
12
15
12
8
-3
-4
-7
-14
-11
-10
-10
-7
-6
-8
-6
-3
-5
-1
2
0
0
1
-1
-7
-8
-17
-13
-15
-22
-23
-22
-20
-22
-17
-14
-11
-9
-7
-10
-16
-18
-17
-23
-25
-25
-17
-17
-10
-4
-1
6
7
14
21
25
27
28
32
32
24
17
15
12
10
12
10
8
1
5
13
26
28
27
27
24
27
25
25
21
15
17
13
7
3
4
-3
-5
0
-4
-4
-9
-8
3
6
6
1
3
-2
0
-1
-6
-5
-12
-10
-8
-3
-8
-11
-15
-20
-19
-28
-33
-29
-29
-23
-23
-25
-19
-35
-32
-31
-37
-32
-29
-27
-27
-19
-9
-5
1
5
16
21
26
30
25
27
27
27
22
20
23
22
20
11
8
6
2
6
2
-2
-1
-6
-9
-5
-4
-5
-5
-2
5
12
20
27
24
16
10
7
10
10
13
3
3
0
-7
-12
-23
-15
-19
-20
-20
-20
-16
-12
-18
-22
-14
-18
-19
-19
-16
-15
-14
-18
-17
-12
-23
-19
-11
-6
-2
-9
-12
-7
-6
1
7
18
23
21
20
23
27
26
33
31
33
30
19
20
14
15
14
12
16
20
14
21
25
28
33
25
27
21
25
21
14
13
4
-2
-7
-12
-7
-10
-13
-11
-2
0
-6
-7
-13
-6
-13
-20
-23
-28
-24
-24
-21
-5
1
3
-8
-1
-7
-11
-6
-19
-5
-3
0
-1
-13
-8
-8
0
-4
-6
-5
-8
-5
-13
-11
-10
-18
-13
-16
-10
-5
-17
-15
-19
-15
-20
-15
-10
-2
-3
-14
-20
-28
-26
-13
-12
1
4
3
-3
-14
-12
-21
-10
-10
-6
-1
-9
-20
-22
-11
-5
-2
-4
-3
7
18
16
23
20
25
35
44
58
56
51
34
26
40
55
50
38
31
34
47
44
43
31
10
-6
-11
-19
-16
-24
-29
-27
-19
-18
-20
-17
-21
-27
-28
-15
5
3
2
11
12
24
9
-1
-9
-2
-6
-16
-10
-16
-31
-56
-49
-31
-9
-6
0
6
9
31
45
59
33
7
12
24
37
34
28
10
7
23
17
9
-4
14
41
46
39
4
-28
-34
-19
-5
11
13
7
-12
-13
5
26
22
2
-20
-41
-42
-45
-25
-29
-71
-123
-139
-98
-55
-13
15
40
58
65
80
69
28
11
9
13
-9
-50
-67
-43
18
67
89
107
92
53
-22
-64
-64
-74
-90
-121
-114
-68
-10
35
23
-4
-3
9
-5
-35
-48
-20
73
145
171
134
70
39
6
-36
-127
-186
-194
-130
-55
-34
-29
-37
16
86
94
31
-80
-147
-110
-20
74
130
113
70
79
106
113
54
-50
-106
-105
-33
36
42
12
1
-6
-20
-10
-13
-26
-63
-129
-175
-175
-133
-79
-33
-9
15
59
88
66
48
90
184
292
326
277
181
85
16
-33
-46
-58
-96
-110
-82
18
133
194
188
129
32
-77
-131
-175
-197
-178
-111
-20
57
75
34
-3
4
50
58
13
-17
-29
-7
36
53
30
-41
-70
-70
-54
-42
-65
-70
-61
0
85
135
113
13
-79
-122
-132
-167
-196
-139
-41
69
136
117
51
-19
-42
-1
39
48
45
35
28
49
59
61
69
67
52
21
1
-11
-25
-52
-86
-114
-81
-30
-7
-15
-48
-82
-121
-121
-83
-2
58
91
101
33
-36
-61
-16
53
52
1
-26
42
135
196
160
45
-27
-63
-67
-65
-91
-109
-62
9
55
55
24
9
-21
-76
-89
-56
-25
1
15
0
-17
-35
-52
-43
-16
6
35
65
87
64
-10
-11
45
98
105
22
-55
-129
-155
-103
-31
48
76
72
75
83
110
78
-15
-76
-61
35
133
153
97
-12
-86
-95
-73
-59
-24
56
122
121
67
-34
-120
-176
-155
-124
-115
-84
-35
57
77
57
57
48
86
137
188
186
80
-8
-43
-66
-90
-160
-217
-202
-91
37
143
185
167
106
16
-40
-55
-79
-134
-113
1
123
113
13
-32
61
186
164
22
-133
-139
-30
11
-53
-145
-99
71
147
116
-27
-94
-9
121
169
92
19
-24
-28
-82
-133
-118
-9
114
158
110
-46
-125
-100
-33
1
-50
-64
-13
74
94
24
-100
-128
-64
-20
-47
-124
-88
64
232
283
139
-65
-125
-52
15
-50
-135
-76
42
108
23
-108
-92
98
250
129
-94
-216
-103
142
261
169
-128
-363
-316
-96
58
15
-139
-171
-60
116
160
64
-28
5
169
217
100
-95
-257
-237
-193
-105
-52
16
101
147
161
101
63
20
-49
-127
-124
-86
17
192
209
61
-121
-145
-106
-24
16
-43
-39
-49
55
129
200
185
-53
-283
-395
-278
-117
59
171
223
170
57
9
-25
-5
-40
-59
-54
18
153
177
131
35
-8
-9
16
19
37
43
22
-20
35
159
220
89
-154
-249
-133
68
120
-25
-170
-164
83
269
228
16
-224
-225
-179
-75
-6
93
189
167
102
70
142
151
54
-55
-110
-46
111
232
95
-152
-288
-223
44
211
183
4
-217
-244
-87
144
192
59
-70
-70
51
91
21
-76
-181
-114
-88
-123
-114
-78
12
45
17
-62
-59
-52
-87
-129
-166
-51
51
70
-26
-80
-24
72
159
151
145
51
-11
51
137
187
109
18
-27
-28
-12
-39
-86
-99
-8
75
91
12
-36
11
43
18
-108
-188
-188
-86
41
103
149
217
281
252
90
-109
-196
-135
17
69
-28
-95
-84
-12
46
-22
-89
-142
-154
-172
-133
29
105
33
-77
-66
77
151
61
-96
-128
-7
165
266
234
203
133
51
-41
-154
-219
-145
85
170
172
102
55
62
-16
-84
-148
-179
-202
-157
22
138
153
33
5
24
30
57
65
108
50
18
-94
-215
-250
-135
75
164
150
155
122
26
-144
-227
-218
-163
-124
-116
-84
82
294
320
100
-144
-183
-77
-137
-255
-264
-216
0
157
259
198
66
-103
-143
-81
-69
-32
-122
-199
-137
19
199
179
144
38
-91
-34
-17
59
31
-20
-3
47
148
101
32
76
230
263
92
-90
-140
-31
-27
-23
-35
27
142
149
136
13
12
102
87
-128
-380
-362
-154
132
186
180
147
186
312
315
120
-152
-187
-148
-19
-22
-79
-26
163
320
162
-115
-216
-131
-36
20
-39
-84
-187
-204
-47
79
143
-125
-284
-255
-110
-53
-149
-197
-234
-82
15
100
58
-115
-234
-231
-126
-123
-128
-23
256
291
-33
-375
-392
-73
194
231
67
86
157
206
180
26
32
46
155
139
76
-54
-143
54
203
195
55
-83
-93
-55
-139
-88
159
339
344
189
64
67
53
84
55
-7
-42
11
178
356
475
430
162
-128
-201
-57
180
199
24
-119
-130
-50
69
53
-101
-283
-299
-169
-40
25
51
10
-147
-84
-10
116
125
8
-145
-304
-248
-155
-99
-92
-52
63
23
-17
-151
-180
-120
23
150
4
-71
-5
124
57
-176
-375
-352
-152
258
481
384
214
21
-153
-327
-508
-453
-229
54
57
-81
-110
25
177
58
-91
-207
-164
-94
-73
53
119
103
14
43
112
189
117
-61
-28
105
226
182
-19
-191
-145
3
166
307
287
174
13
-76
25
135
160
-58
-244
-230
-27
231
343
292
37
-115
-69
168
253
187
49
-121
-102
-4
165
259
267
44
-197
-271
-214
-120
83
145
75
-253
-614
-568
-168
290
357
207
80
1
-71
-111
-121
-140
-151
-66
43
146
-40
-171
-146
44
209
-31
-304
-489
-191
211
554
628
433
236
-135
-416
-478
-395
-201
46
157
231
200
85
-17
-61
-124
-166
-144
75
265
261
297
290
188
10
-167
-148
-55
51
115
116
176
199
-82
-282
-361
-276
-134
-265
-207
33
311
379
75
63
118
284
75
-271
-453
-212
223
350
327
-1
-207
-315
-195
-74
-62
-154
-315
-305
-105
267
494
277
-101
-455
-425
-325
-16
21
63
1
147
139
170
191
147
177
8
56
93
153
75
-18
56
32
-127
-195
-188
-145
-132
-201
-64
80
181
231
149
200
140
38
-118
-272
-243
-289
-5
118
220
193
-36
109
163
257
167
-32
-238
-276
-137
10
188
109
-37
-254
-259
152
283
101
-40
79
186
249
173
205
94
-107
-86
-83
133
198
128
31
-85
-162
-251
-76
166
60
-243
-470
-326
16
215
177
-34
-109
-87
-245
-261
-207
29
119
26
31
-127
-101
-79
50
230
202
177
-139
-292
-199
55
191
44
-147
-186
-100
-65
-18
-83
204
130
186
154
69
194
68
-57
-386
-467
-340
-46
248
193
18
89
282
388
348
127
-303
-669
-743
-170
190
211
-214
-406
-109
220
443
214
-36
-29
214
533
364
93
-186
-231
120
161
301
88
181
126
-51
-68
-47
76
159
74
24
-210
-275
-116
37
270
178
230
-102
-326
-250
-179
15
-123
-3
144
297
386
95
-41
-156
-77
-193
-288
-413
-386
-173
-6
217
231
229
65
-159
-70
58
324
223
61
-123
-336
-224
92
429
400
273
-60
-138
-172
1
114
2
35
-105
72
299
404
229
-187
-357
-271
173
434
298
-97
-217
-67
193
236
99
18
-158
-250
-355
-99
-58
140
3
-235
-243
-272
9
-6
-80
-325
-246
116
187
202
-195
-256
-140
49
184
24
-64
-58
147
252
102
-152
-427
-210
25
176
-2
-315
-170
-42
258
215
311
274
-177
-411
-611
-398
-95
-31
-239
-617
-349
249
576
335
-148
-303
-300
132
362
193
2
-219
98
122
106
123
52
387
311
360
262
68
55
-97
88
67
191
137
65
57
-346
-585
-457
-71
489
509
338
27
-142
60
93
164
16
-126
-325
-539
-487
-44
378
450
185
-58
34
303
506
402
-52
-304
-420
-73
222
313
199
-219
-309
-321
-78
332
350
189
-193
-341
-76
98
274
175
90
-4
-183
-126
-157
-85
159
39
-143
-223
19
252
209
-41
-381
-268
-231
-255
-392
-336
144
408
429
-55
-562
-826
-426
288
461
311
-127
-288
-56
86
12
-324
-411
-102
351
380
139
-283
-374
-214
145
382
114
-123
-144
126
310
426
210
94
40
70
85
-211
-119
40
304
388
135
-82
-192
-209
-102
-81
-115
-151
-49
140
217
325
117
-120
-77
14
169
273
584
668
441
-111
-556
-358
-122
61
-215
-203
54
314
373
250
-115
-227
-86
38
121
225
160
-125
-409
-609
-424
-116
302
264
59
-73
-268
-205
25
324
386
85
-63
-104
-64
-170
-293
-213
-63
65
133
237
263
117
-158
-448
-444
-330
-113
12
-38
-114
-69
128
271
280
106
-140
-83
-185
-202
-146
-313
-294
-130
138
162
-43
-316
-379
-36
328
413
157
0
81
457
722
546
98
-406
-461
-155
305
330
115
-164
-70
128
349
73
-88
-130
107
347
193
223
-154
-400
-597
-411
125
372
466
313
86
-45
-99
-188
-462
-270
129
285
123
-185
-13
242
248
-166
-490
-163
256
475
382
71
-320
-505
-22
413
504
79
-224
-299
-169
13
-14
19
-110
-104
-67
148
286
258
-44
-151
-2
121
-19
-285
-211
-126
-310
-461
-445
105
350
158
-291
-398
-18
197
519
254
-37
-339
-477
-226
-92
303
399
456
260
-299
-541
-469
-61
316
247
-15
-301
-308
-312
-160
-239
-30
194
301
37
-352
-432
-355
-117
64
108
-3
24
54
29
42
117
221
236
-57
83
8
260
251
142
164
187
504
481
253
-290
-439
-179
141
285
28
-164
-82
198
456
405
314
366
333
-36
-295
-342
-133
89
234
23
-399
-725
-509
114
468
272
-84
-260
-325
-159
-92
-248
-182
4
245
353
579
705
354
-14
-437
-540
-408
-310
48
320
558
629
364
-3
-371
-398
-227
-25
31
-96
-53
-61
74
-35
-162
-340
-252
12
127
171
-144
-451
-600
-281
118
396
251
-43
-230
-433
-345
-152
240
243
76
-42
94
251
133
-15
-122
41
182
251
20
-237
-374
-398
-79
246
399
318
220
183
107
50
-47
-218
-117
0
112
20
-183
-406
-535
-320
214
566
807
582
277
35
-77
-67
-202
-108
35
318
333
11
-341
-541
-499
-273
-154
-17
263
688
753
583
150
-113
-436
-527
-348
137
471
424
22
-261
-17
139
232
129
26
-40
20
68
105
-58
-51
24
-94
-196
-736
-737
-509
-106
269
68
-34
-87
-37
-44
-219
-344
-103
137
321
30
-167
-275
0
22
-157
-306
-314
22
153
280
267
436
580
643
496
7
-327
-480
-297
-202
-134
-159
-222
-28
198
203
-3
-106
-104
-70
171
343
375
-34
-532
-526
-269
103
61
133
249
352
141
-294
-236
-48
189
227
321
545
497
637
641
539
113
-734
-1194
-1116
-602
-58
194
160
-80
-108
-45
171
251
128
-27
-197
-9
138
264
264
269
405
187
-58
-230
-265
21
189
250
21
-225
-474
-500
-291
16
152
-7
-62
-134
30
6
-83
-402
-563
-320
188
729
548
158
-225
-277
-121
-275
-293
-471
-253
138
240
307
-39
-63
-387
-464
-347
-388
-279
-214
-9
89
97
169
331
539
849
846
605
107
-215
-205
95
317
-5
-360
-434
-167
131
315
256
-46
-113
-192
-104
-124
-58
13
35
300
422
801
656
524
221
-26
88
-218
-377
-600
-412
-197
-78
152
321
650
875
815
681
329
261
-77
-385
-300
-13
539
550
366
160
156
472
380
40
-485
-682
-555
-406
-305
-359
-217
-122
6
-130
-515
-948
-878
-536
-200
10
109
347
461
265
-27
-292
-441
-444
-434
-253
-82
5
-83
-261
-254
-286
-299
-284
-232
-58
71
116
-86
-175
-200
-274
-257
-363
-297
-68
-9
97
80
19
-48
-203
-220
-196
-87
-14
-100
-146
-31
170
406
238
-104
-417
-235
296
562
518
196
-69
-72
57
126
200
246
294
158
109
136
345
519
405
163
-44
21
292
589
557
319
-144
-273
-215
35
189
213
283
374
559
499
316
283
252
295
184
26
113
210
522
503
264
-46
-326
-56
53
-102
-492
-753
-635
-455
-321
-201
-126
38
137
101
156
225
233
175
-21
-76
-308
-417
-523
-434
-199
-152
-54
-114
-161
-114
-233
-316
-418
-372
-202
-140
-82
-142
-136
-257
-377
-285
126
563
660
531
382
522
608
439
298
184
218
224
199
161
156
224
267
195
-46
-249
-339
-305
-139
-20
4
-159
-169
-12
96
-51
-319
-328
-209
61
260
394
453
474
454
273
-173
-988
-1979
-2903
-3545
-3794
-3855
-3756
-3575
-3247
-2886
-2354
-1740
-1042
-587
-375
-461
-619
-593
-383
52
397
765
1075
1411
2003
2607
3106
3369
3271
3114
2830
2708
2695
2673
2455
2294
2145
2229
2469
2593
2675
2426
2169
1824
1595
1387
1183
1304
1185
1081
1069
1192
1586
1921
2146
2097
1740
1335
1061
916
703
423
137
-55
-86
-101
-41
-103
-332
-548
-766
-918
-1057
-1109
-1044
-1039
-1010
-1112
-1029
-930
-938
-983
-1305
-1682
-2127
-2408
-2362
-2090
-1752
-1555
-1479
-1370
-1082
-704
-427
-210
-112
9
96
232
382
564
714
891
1085
1494
1602
1051
-1009
-4403
-7994
-11018
-12723
-13664
-13903
-13652
-12746
-11012
-8357
-4879
-1237
1591
3325
3903
4112
4318
4677
5097
5344
5459
5708
6362
7713
9512
11101
11663
10943
9319
7281
5398
3574
1796
-154
-2261
-4065
-4968
-4672
-3270
-1640
-477
43
260
586
1104
1712
2106
2218
2007
1969
2573
3967
5735
7110
7640
7338
6735
6007
5148
4022
2350
195
-2168
-4214
-5408
-5649
-5220
-4780
-4536
-4461
-4186
-3472
-2663
-1826
-1296
-1224
-1192
-844
298
1837
3219
4054
4308
4170
3774
3504
3156
2524
1398
-118
-1543
-2424
-2481
-2073
-1614
-1531
-1787
-2038
-2174
-2046
-1749
-1752
-1992
-2454
-2564
-1986
-870
461
1483
1972
1936
1769
1665
1668
1530
939
72
-962
-1528
-1508
-994
-396
-227
-251
-399
-244
111
434
649
745
837
763
90
-1231
-3250
-5892
-9272
-12744
-15341
-16373
-16094
-15094
-13349
-10737
-7429
-3743
-42
3377
6066
7632
8083
7929
7831
8039
8278
8325
8331
8738
9285
9881
10686
10796
9852
7565
4399
1191
-1455
-3627
-5435
-6788
-7368
-7081
-5781
-3637
-895
1860
3888
5011
5610
6185
6772
7181
7315
7360
7325
7366
7519
7918
8307
8138
7043
5128
2911
821
-1081
-2996
-4861
-6615
-7917
-8524
-8250
-7135
-5622
-4175
-3085
-2097
-967
229
1402
2332
3055
3600
3863
4259
4802
5472
5709
5169
3903
2244
713
-872
-2139
-3193
-4064
-4792
-5284
-5195
-4499
-3442
-2485
-1820
-1531
-1341
-1023
-469
178
773
1134
1293
1450
1756
2296
2819
2947
2568
1628
445
-574
-1238
-1503
-1752
-2053
-2412
-2418
-1949
-1270
-524
-100
231
392
490
695
1012
1475
1845
1844
1053
-782
-3400
-6612
-10317
-14084
-16979
-18066
-17569
-15997
-13473
-9884
-5487
-950
3243
6739
9179
10401
10472
9852
8997
8344
7895
7420
7103
7292
7873
8265
8125
7481
6012
3346
-179
-3629
-6235
-7998
-8908
-8815
-7550
-5187
-2056
1490
5017
8024
9988
10715
10441
9683
8880
7931
6999
6223
5640
5168
4714
4459
4183
3536
2105
-157
-2678
-4928
-6521
-7551
-8144
-8144
-7577
-6426
-4580
-2093
486
2395
3358
3707
3678
3592
3623
3721
3747
3452
2957
2503
2177
1929
1469
436
-1229
-3053
-4627
-5713
-6101
-5830
-5074
-4223
-3293
-2001
-338
1268
2463
3003
2986
2496
1991
1747
1789
1911
1770
1511
1000
583
273
-56
-479
-1308
-2389
-3384
-3859
-3729
-3164
-2338
-1672
-1051
-636
-221
355
1030
1678
1842
1809
1626
1568
1680
1941
2457
2616
1839
-434
-3816
-7733
-11840
-15592
-18446
-19408
-18418
-16013
-12478
-7999
-2620
2742
7260
10467
12194
12648
11888
10415
8711
7278
6136
4997
4109
3921
4412
4748
4275
2996
1046
-1646
-4704
-7254
-8512
-8579
-7705
-5783
-2801
1117
5213
8913
11748
13359
13573
12372
10425
8247
6273
4479
2767
1449
622
304
222
68
-306
-1170
-2611
-4398
-6022
-6886
-6990
-6282
-4850
-2697
21
2585
4776
6211
6685
6274
4983
3377
1783
389
-592
-1173
-1201
-973
-740
-684
-868
-1316
-2193
-3296
-4468
-5292
-5490
-5073
-3994
-2517
-759
1009
2478
3491
3949
3946
3272
2336
1411
766
488
402
568
688
673
239
-465
-1355
-2530
-3693
-4780
-5445
-5377
-4648
-3213
-1474
281
1890
3002
3603
3734
3365
2587
1516
557
193
467
1075
1632
1840
1679
1359
1351
1512
1023
-791
-4105
-8183
-12701
-17013
-19820
-20037
-17540
-13789
-9510
-4665
658
6037
10394
13307
14387
13581
11387
8427
5864
4140
3250
2475
1441
847
812
1007
725
-141
-1565
-3861
-6517
-8217
-7856
-5595
-2420
1123
4808
8333
11426
13610
14767
14587
12817
9582
5615
2286
15
-1295
-2048
-2434
-2476
-2469
-2313
-2084
-1826
-2016
-2807
-3683
-4176
-3518
-1580
1267
4182
6431
7973
8580
8460
7485
5815
3414
158
-3175
-5938
-7315
-7341
-6414
-4880
-3507
-2431
-1905
-1400
-896
-682
-741
-1324
-1815
-2063
-1459
77
1928
3508
3951
3576
2687
1637
633
-362
-1272
-2074
-2479
-2236
-1195
131
1213
1604
914
-475
-2088
-3280
-3776
-3888
-3633
-3044
-1978
-543
1215
3001
4341
4720
4119
3037
2063
1405
910
350
-470
-1310
-1890
-1600
-537
640
1260
1095
752
885
1626
1840
426
-2956
-7576
-12523
-17055
-19767
-19606
-16684
-12414
-7909
-3089
2132
7323
11483
13903
14244
12483
9387
5906
3162
1675
1129
822
221
-156
156
725
897
196
-1337
-3501
-5827
-6950
-5758
-2501
1709
5696
9093
11803
13681
14461
13941
12083
8871
4620
218
-3079
-4547
-4522
-3787
-2848
-1947
-1250
-707
-303
32
149
-285
-924
-1116
-70
2339
5209
7539
8677
8562
7363
5300
2873
236
-2447
-5197
-7543
-8773
-8570
-7125
-5072
-2968
-1235
-93
346
415
418
580
472
145
-63
169
877
1538
2269
2517
2115
1060
-218
-1243
-2027
-2368
-2317
-1919
-1353
-605
416
1208
1608
1330
395
-955
-2399
-3265
-3589
-3156
-2301
-1112
142
1377
2598
3365
3635
3198
2324
1224
162
-522
-931
-1063
-1000
-1075
-1180
-1442
-1376
-867
-248
592
1258
2070
3061
3976
4060
2118
-1869
-7356
-13193
-18189
-20908
-20205
-16970
-12411
-7457
-1978
3980
9285
13257
15173
14814
12331
8522
4847
2146
790
313
9
-304
-399
52
537
407
-648
-2603
-5022
-7178
-7518
-5284
-1093
3832
8244
11721
14078
15188
14983
13352
10344
6136
1269
-3035
-5645
-6241
-5415
-3947
-2265
-886
-45
394
549
606
192
-498
-814
-287
1570
4245
7128
9183
9618
8447
5832
2750
-387
-3175
-5488
-7379
-8455
-8632
-7483
-5421
-2937
-831
245
568
210
-33
-53
102
359
455
748
1176
1773
2519
2941
2744
1586
-192
-1844
-2982
-3350
-3126
-2288
-1188
-86
791
1388
1756
1553
709
-830
-2432
-3569
-3887
-3369
-2281
-838
612
1930
2975
3676
3958
3523
2591
1321
-27
-1108
-1819
-1997
-1881
-1752
-1709
-1627
-1383
-868
-229
366
912
1552
2516
3861
5072
4916
2444
-2161
-8009
-13773
-18708
-21297
-20567
-17169
-12206
-6964
-1176
4893
10198
14089
15623
14905
12102
8173
4617
1907
651
59
-438
-792
-1044
-531
-212
-601
-1762
-3781
-5764
-7404
-7039
-4231
313
5475
9749
13128
15067
15563
14687
12253
8774
4203
-620
-4586
-6879
-6940
-5725
-3869
-2108
-880
61
336
549
625
450
385
272
1258
3221
5809
8371
9597
9594
7601
4483
961
-2433
-5012
-7344
-8830
-9538
-9054
-7037
-4176
-928
1379
2401
2148
983
1
-473
-288
-17
235
602
1125
1981
2718
3086
2563
1102
-771
-2626
-3599
-3514
-2614
-1445
-416
475
1013
1304
1169
609
-384
-1944
-3310
-4088
-3693
-2192
-308
1661
3055
3825
4009
3717
3033
1930
528
-872
-1836
-2368
-2310
-2174
-2058
-2029
-1985
-1510
-883
-353
-254
-205
382
1626
3362
4974
5866
5075
2153
-2465
-8004
-13565
-18369
-21195
-20756
-17382
-12220
-6253
-103
5936
10794
13934
15033
13947
11254
7650
4259
1672
117
-249
-151
55
209
357
199
-924
-2756
-4832
-6656
-7511
-6728
-3728
844
5856
10426
13764
15547
15542
13760
10715
6699
2367
-1768
-4972
-6465
-6305
-4826
-2912
-1081
242
754
695
227
-276
-427
-225
770
2432
4648
7062
8897
9641
8759
6350
3042
-509
-3872
-6674
-8651
-9407
-8722
-6938
-4423
-1786
280
1554
1816
1568
1104
549
237
45
155
498
1070
1827
2251
2319
1840
801
-442
-1657
-2401
-2648
-2464
-1910
-1219
-403
263
723
832
420
-403
-1540
-2489
-2905
-2678
-1766
-530
690
1769
2444
2758
2640
2069
1207
146
-789
-1438
-1623
-1376
-1159
-1408
-2070
-2676
-2591
-2245
-1679
-947
-167
983
2280
3806
5021
5413
4674
2442
-1113
-5328
-9652
-14134
-18356
-20937
-20090
-15948
-10152
-3816
2094
7228
10784
12673
13393
12640
10795
7840
4628
2109
602
594
994
1257
1083
122
-1431
-3608
-5318
-6146
-6514
-6208
-4794
-1593
2978
7690
11871
14714
15633
14455
11510
7969
4348
1081
-1745
-3850
-4752
-4622
-3491
-1951
-468
482
443
-245
-1209
-1536
-978
302
2281
4445
6596
8148
9027
9088
7873
5430
1815
-2083
-5537
-7970
-8917
-8651
-7625
-6035
-4178
-2114
-191
1177
2107
2156
1693
1148
656
714
857
1319
1784
1749
1416
625
-179
-1069
-1816
-2348
-2636
-2559
-2068
-1094
16
1126
1665
1626
1074
157
-696
-1576
-2143
-2315
-2037
-1447
-731
126
1020
1764
2085
2084
1749
1114
319
-293
-582
-590
-854
-1538
-2306
-3007
-2883
-2309
-1630
-899
-476
417
1415
2575
4014
4991
5537
4539
1700
-2433
-7591
-12740
-17471
-20712
-20973
-18192
-13104
-6983
-872
4854
9392
12278
13488
13008
11313
8586
5538
3196
1780
1594
1733
1738
1425
380
-1060
-3135
-5177
-6700
-7600
-7521
-6079
-2834
1935
7000
11364
14404
15667
14962
12581
9262
5711
2277
-836
-3084
-4082
-3884
-2883
-1695
-676
-234
-583
-1384
-2093
-2171
-1514
-187
1745
4081
6521
8424
9483
9229
7617
4961
1514
-1819
-4715
-6744
-7687
-7598
-6386
-4656
-2828
-1231
-106
546
545
229
-125
-228
-137
72
447
955
1508
1821
1727
1152
377
-513
-1374
-2022
-2197
-1798
-1025
-194
644
1296
1481
1112
262
-721
-1675
-2508
-2924
-2802
-2114
-1314
-364
610
1394
1989
2150
2094
1640
927
137
-408
-539
-352
-267
-578
-1384
-2317
-2968
-2898
-2098
-858
223
792
1242
1771
2708
3563
4223
4207
2994
185
-4182
-8870
-13431
-17366
-20011
-20492
-17585
-12592
-6425
-203
5104
9634
12029
12853
12420
10744
8834
6346
4334
2904
2173
2188
1571
983
-77
-1755
-3809
-6269
-7471
-7520
-6511
-4170
-838
3751
8203
11761
14200
15000
14278
11789
8412
4996
1895
-487
-2250
-2809
-2583
-2183
-1629
-1487
-1321
-1613
-2247
-2469
-2508
-1419
269
2610
5261
7351
8922
9189
8351
6504
3882
1048
-1918
-4208
-5842
-6612
-6390
-5463
-3923
-2483
-1564
-1300
-1363
-1487
-1325
-893
-328
620
1273
1889
2282
2316
2289
1573
617
-628
-1760
-2333
-2389
-1738
-785
207
799
1012
966
641
127
-659
-1455
-2089
-2646
-2743
-2410
-1697
-806
-68
615
1148
1480
1679
1805
1684
1402
904
497
527
697
634
-285
-1770
-3237
-4034
-3727
-2760
-1478
-416
234
1001
1824
3162
4335
4797
4365
1922
-1840
-6793
-11759
-15990
-19529
-20602
-18847
-14269
-8245
-2334
3272
7756
10733
11936
11560
10269
8347
6330
4654
3641
3428
3519
3345
2625
1224
-648
-3183
-5837
-7807
-8522
-7880
-5955
-2515
2110
7029
11049
13608
14734
14014
11850
8665
5414
2787
498
-860
-1524
-1306
-762
-551
-542
-1124
-2016
-3182
-3975
-3792
-2587
-534
1875
4432
6734
8349
9013
8550
7023
4474
1349
-1678
-3850
-4975
-5223
-4923
-4343
-3714
-3105
-2609
-2377
-2133
-1994
-1711
-1288
-707
296
1397
2413
3095
3184
2630
1563
286
-750
-1397
-1844
-1953
-1660
-1049
-219
510
985
1094
654
-260
-1282
-2096
-2480
-2405
-2047
-1428
-753
-139
350
771
1106
1168
1000
730
655
668
811
1092
1314
1273
696
-158
-1122
-1851
-1925
-1811
-1753
-2012
-2165
-1460
-249
1496
3201
4192
4311
2738
-228
-4041
-8368
-12731
-17083
-20205
-20175
-16655
-10646
-3919
1840
6392
9145
10213
10296
9408
8222
6535
4679
3488
3136
3946
4764
4877
3870
1509
-1638
-5275
-7947
-8978
-8571
-6792
-4033
35
4655
9002
12401
14044
13965
11868
8765
5648
3223
1889
1008
753
718
719
530
-30
-645
-1793
-3202
-4518
-5159
-4480
-2793
-68
3069
5978
8080
8865
8503
7105
5074
2545
-79
-2224
-3681
-4190
-4103
-3715
-3094
-2656
-2522
-2665
-2984
-3080
-2858
-2270
-1381
-210
1000
1971
2602
2754
2456
1789
683
-318
-1060
-1424
-1347
-1002
-342
277
716
846
759
286
-329
-1050
-1685
-1990
-2175
-2043
-1739
-1252
-682
-278
76
313
545
784
894
1095
1357
1658
1895
1995
1872
1408
463
-948
-2362
-3320
-3481
-2927
-1975
-978
-333
156
721
1726
2930
3725
3661
1650
-2097
-7104
-12092
-16113
-19075
-19698
-17750
-13333
-7602
-2003
3186
6954
9149
9734
9040
7888
6477
5512
5100
5280
5823
6089
5632
4123
1852
-819
-3802
-6581
-8474
-8891
-7720
-5186
-1428
3145
7373
10379
11850
11873
10795
8982
7065
5554
4474
3808
3350
3011
2644
1873
609
-1146
-3014
-4730
-5895
-6071
-5131
-3100
-493
2319
4899
6644
7542
7359
6392
5042
3314
1770
266
-771
-1294
-1772
-2204
-2918
-3713
-4488
-4933
-4831
-4288
-3217
-2008
-670
441
1281
1948
2149
2022
1449
707
42
-286
-264
-3
356
454
534
343
48
-227
-607
-801
-962
-1005
-1005
-910
-849
-886
-1037
-1274
-1393
-1350
-1202
-789
-230
391
936
1405
1880
2307
2710
2626
2180
1287
164
-974
-2051
-2496
-2419
-1780
-1065
-811
-603
-478
383
1525
2458
2911
1732
-828
-4878
-9517
-14172
-18229
-20106
-18637
-13873
-7781
-1976
2592
5851
7673
8093
7839
7068
6193
5278
4741
5113
6108
7263
7298
5987
3343
-197
-4014
-7327
-8930
-8777
-7259
-4853
-1638
2411
6293
9115
10631
10674
9523
7524
5761
5139
5305
5862
6032
5732
4792
3034
899
-1495
-3499
-5273
-6540
-6674
-5590
-3158
-350
2374
4567
5584
5775
5123
4412
3902
3205
2628
1810
1479
1358
1025
398
-1131
-2972
-5128
-6699
-6985
-6195
-4251
-2283
-495
844
1519
2022
1907
1676
1104
245
-373
-589
177
1093
1960
2275
1763
781
-627
-1531
-2035
-1983
-1565
-1089
-442
22
590
724
387
-416
-1719
-2658
-3112
-2581
-1384
-2
1349
2283
2939
3153
2976
2475
1804
873
-424
-1547
-2051
-1531
-540
288
607
-2
-1017
-2237
-2543
-1691
-289
1261
975
-1353
-5443
-10004
-14006
-17448
-19055
-17284
-12772
-7308
-2085
2087
5444
7080
7236
6931
5922
5113
4672
4783
5892
7060
7998
7637
5775
3137
-103
-3276
-6025
-7219
-6963
-5743
-3467
-631
2897
5839
7504
8185
7687
6909
5815
5168
5597
6389
7150
7130
6774
5705
3811
1363
-1355
-3422
-5188
-5923
-5535
-4135
-1861
221
1970
2919
3204
3028
2476
2252
2337
2754
3185
3458
3728
3615
2697
1011
-1090
-3454
-5396
-6680
-6523
-5231
-3423
-1616
-375
461
435
153
-167
-359
-311
-252
179
890
1740
2491
2730
2486
1458
156
-1137
-1970
-2104
-1759
-1026
-473
48
294
479
325
-242
-862
-1716
-2345
-2443
-1866
-614
574
1464
2097
2160
2097
1848
1759
1641
1080
435
-513
-847
-594
-41
374
-132
-1197
-2206
-2649
-2087
-843
466
1009
-641
-4265
-8765
-13377
-16989
-19087
-17834
-13336
-7838
-2151
1798
4767
6090
5778
5509
4449
4197
4294
4938
6647
8023
9386
8982
6837
3763
-171
-3377
-6213
-7235
-6445
-4915
-2465
-351
2328
4423
5363
5647
4882
4560
4173
4581
6097
7710
9389
9390
8506
6664
3996
1467
-1234
-2927
-4114
-4521
-3971
-2936
-1168
128
771
752
208
-47
-232
254
1378
2738
4185
4624
4823
4318
3166
1532
-610
-2364
-3967
-4590
-4376
-3431
-2090
-1400
-1098
-1308
-1590
-1648
-1731
-1384
-968
-223
569
1348
2164
2670
2727
2001
958
-143
-892
-1155
-951
-256
400
654
486
26
-484
-1028
-1577
-2038
-2315
-2305
-1872
-982
-62
690
1015
1237
1347
1394
1573
1501
1372
862
268
-212
-298
475
1398
1722
549
-1514
-3129
-3586
-2510
-954
533
1041
-758
-4334
-9155
-13039
-15584
-17380
-17448
-15650
-11137
-5810
-988
2843
4834
5384
4339
3261
3268
4261
6209
7953
9349
9853
8981
7196
4438
1918
-710
-3234
-4951
-5467
-4203
-2368
-413
1355
2281
2573
2039
1790
2313
3477
5176
6671
8244
9151
9365
8750
7231
5374
3085
718
-1120
-2090
-2156
-1755
-1330
-1082
-1112
-1592
-2227
-2490
-2228
-1362
-362
843
2230
3311
4104
3988
3330
2348
1124
362
-343
-306
-277
-518
-651
-1313
-1621
-2161
-2663
-2844
-3091
-2808
-2446
-1729
-763
126
851
1021
1086
1029
1018
1002
878
1073
1086
1158
1158
1005
902
517
-41
-723
-1466
-1987
-2260
-2232
-1981
-1587
-1234
-1005
-822
-579
-175
357
795
1387
1724
1847
1722
1277
1190
1068
1248
1148
595
-218
-1483
-2459
-3212
-2847
-1766
-483
399
-1006
-3559
-7876
-11701
-14670
-17424
-17488
-15619
-10669
-5024
-647
2391
3174
2876
2014
1798
2852
4640
6981
8888
10164
10497
9466
7604
4623
1670
-899
-2959
-3510
-2999
-1460
87
643
649
-122
-771
-1131
-680
646
2479
4734
6877
8796
9850
9835
8682
6755
4535
2683
1412
959
1127
1311
1167
364
-715
-1941
-3136
-4068
-4315
-3742
-2640
-1261
232
1639
2639
2754
2343
1640
1113
1246
1507
2081
2403
2052
1465
394
-652
-1446
-2225
-2650
-2937
-2877
-2487
-2126
-1817
-1594
-1385
-1340
-973
-495
210
1075
1493
1935
1897
1800
1714
1359
1359
1097
898
539
-10
-370
-914
-1410
-1824
-2216
-2270
-2302
-2138
-1795
-1253
-428
92
702
1031
1111
1195
1222
1517
1634
1774
1685
1321
579
-716
-1511
-2081
-1742
-937
-84
-15
-2162
-5870
-10526
-13921
-16312
-17297
-16558
-14096
-9369
-5191
-1605
413
945
1050
587
1569
3842
6832
9882
11668
12283
11337
9026
6244
3226
1058
-542
-1465
-1355
-1104
-177
-56
-622
-1579
-3024
-3444
-3356
-1672
930
3608
6051
7369
8348
8461
8000
7263
6321
5591
4932
4510
4397
4151
3421
1884
-203
-2171
-3668
-4404
-4501
-3949
-3038
-2200
-1446
-1043
-546
-385
-429
-376
-146
943
2158
3444
4223
4105
3279
1699
396
-476
-744
-706
-738
-808
-1293
-1800
-2361
-2808
-2983
-3132
-2914
-2441
-1540
-361
556
1208
1319
1236
1179
1208
1598
2031
2323
2317
1872
1435
923
312
-272
-987
-1506
-2116
-2552
-2749
-2635
-2093
-1664
-1029
-573
-162
85
-10
326
842
1493
2040
1908
1572
906
223
-233
-528
-328
-100
78
-551
-2322
-5548
-9706
-13376
-16578
-17739
-16747
-13314
-8448
-4812
-2401
-1911
-2167
-2064
-1274
1288
4630
8017
10830
12323
12743
11858
9745
7131
4354
2371
1325
1165
1674
1859
1436
-288
-2517
-4489
-5735
-5448
-4137
-1817
600
2597
4265
5225
5912
6200
6143
6157
6229
6855
7511
7937
7803
6642
4738
2170
-75
-1599
-2387
-2592
-2702
-2787
-2904
-3173
-3320
-3597
-3817
-3665
-3220
-2276
-1086
580
2228
3262
3420
2801
2163
1593
1586
1926
2362
2517
1941
1083
29
-1013
-1951
-2752
-3266
-3509
-3415
-2940
-2259
-1485
-1016
-958
-982
-878
-223
713
1706
2597
2937
2886
2512
2085
1708
1239
723
179
-252
-518
-675
-818
-1020
-1417
-1973
-2387
-2435
-2007
-1711
-1717
-1626
-933
507
1892
2202
1306
-206
-1186
-757
597
2140
2918
2084
-800
-5257
-9880
-12985
-14745
-15889
-16110
-14790
-11563
-8186
-5677
-4580
-4596
-4994
-4968
-2643
1661
6934
11070
12948
12970
11481
9495
7693
6860
6754
6708
6222
5525
4736
3490
1546
-1034
-3554
-5509
-6232
-5593
-3613
-1293
265
839
684
702
1282
2510
4412
6464
7977
8747
8768
8487
7959
6853
5375
3814
2547
1693
1119
760
195
-1042
-2802
-4605
-5736
-6033
-5748
-4977
-4066
-3172
-2632
-2173
-1518
-502
660
1428
2028
2319
2780
3252
3605
3784
3398
2558
1426
515
-131
-457
-846
-1385
-2053
-2820
-3176
-3279
-2891
-2365
-1999
-1703
-1483
-1001
-237
664
1337
1783
1915
1800
1826
1848
2086
2082
1694
1207
587
331
371
549
338
-373
-1446
-2394
-2978
-3165
-2302
-824
672
1014
132
-1135
-2003
-1921
-1140
44
1296
1686
438
-2599
-6652
-10079
-13274
-15477
-16068
-13836
-9384
-5983
-4348
-5169
-6595
-7717
-7301
-4095
683
5775
8867
10210
10161
9477
8474
7326
7076
7273
7970
8288
8562
8330
6588
3697
-11
-2548
-3801
-3635
-2363
-1086
-164
-893
-2223
-3275
-3185
-1714
-25
2190
4215
5841
6826
7122
7364
6976
6250
5325
5037
5329
5458
5234
4209
2880
894
-1102
-2633
-3568
-3823
-4230
-4519
-5012
-5394
-5699
-5450
-4483
-3283
-1899
-1135
-370
384
1083
1942
2659
3329
3728
3677
3362
2984
2528
2090
1468
745
132
-528
-1111
-1638
-2022
-2351
-2742
-2975
-2945
-2551
-1954
-1333
-804
-355
9
267
663
1015
1414
1624
1688
1717
1757
1929
1969
1931
1549
1197
689
40
-649
-1427
-1422
-1000
-52
382
-294
-1453
-2770
-2830
-2080
-891
-18
-645
-2906
-6828
-10745
-13883
-15326
-14670
-12123
-8599
-6421
-5922
-6985
-8123
-8312
-6917
-3454
852
5162
7898
8972
8795
7828
6971
6312
6722
7876
9296
10145
9733
8369
5832
3003
590
-750
-760
-175
375
212
-603
-1939
-3146
-3632
-3191
-1675
-70
1529
2736
3539
4091
4246
4611
4999
5611
6190
6670
6953
6564
5640
4174
2857
1731
919
416
-55
-510
-1589
-2927
-4252
-5160
-5519
-5550
-5115
-4443
-3515
-2877
-2418
-2128
-1794
-1142
-235
1022
2276
3298
3825
3847
3421
2774
2262
1896
1632
1462
1174
733
-33
-938
-1781
-2376
-2569
-2469
-2104
-1784
-1543
-1410
-1330
-1193
-996
-715
-264
290
898
1448
1710
1714
1478
1333
1406
1648
1875
1719
1157
482
99
220
494
396
-211
-1220
-1908
-1936
-1481
-816
-424
-269
-1232
-3764
-7516
-11290
-13938
-15069
-14104
-11546
-8298
-6587
-7379
-9402
-10923
-10149
-7309
-3019
1547
4988
6729
6761
6363
6332
6976
8017
9169
10455
11254
11217
10107
8241
6099
3937
2390
1749
2045
2317
1656
14
-2203
-3892
-4780
-4470
-3043
-1446
-289
-19
-45
149
847
2018
3449
4866
5909
6556
6741
6663
6300
5639
5006
4523
4279
3979
3356
2322
816
-914
-2642
-3762
-4351
-4524
-4546
-4560
-4415
-4551
-4867
-5087
-4855
-3859
-2551
-1123
45
822
1277
1468
1870
2463
3200
3751
3988
3892
3415
2826
2032
1256
453
-195
-605
-938
-1108
-1389
-1840
-2312
-2678
-2790
-2677
-2372
-2054
-1632
-1241
-832
-387
5
556
962
1362
1651
1874
1938
1912
1856
1703
1722
1609
1767
1829
1362
570
-798
-1441
-1366
-1077
-312
-390
-1550
-4342
-8604
-12134
-14503
-14923
-13411
-10781
-8299
-7949
-9518
-11783
-12258
-10392
-6698
-1929
1761
4265
4933
4716
5107
6047
7957
9678
11148
12151
12293
11720
10289
8792
7165
5795
4941
4409
4160
3119
1226
-1120
-3288
-4322
-4425
-3592
-2650
-2238
-2475
-3193
-3124
-2362
-723
1153
2748
4178
4700
5029
5195
5615
6132
6459
6775
6728
6538
5680
4507
3179
1760
684
-453
-1331
-2061
-2926
-3615
-4534
-5421
-6039
-6298
-5916
-5161
-4365
-3792
-3250
-2705
-1929
-938
48
1053
1753
2208
2719
3213
3753
4086
4104
3864
3293
2562
1855
1233
730
274
-252
-790
-1318
-1804
-2249
-2717
-3051
-3215
-3084
-2721
-2288
-1795
-1536
-1191
-730
-113
650
1176
1640
1679
1452
1263
1438
2321
3186
3434
2425
729
-481
-665
243
1136
1098
381
-1718
-4878
-8313
-11127
-11898
-12432
-12786
-12629
-11965
-10826
-11306
-12499
-13231
-12286
-9379
-5745
-1756
1055
2498
2674
2858
4696
7261
10154
12081
13009
13265
12490
11664
10900
10689
10466
9528
8180
6531
5033
3153
1099
-523
-1808
-2536
-3159
-3612
-3762
-4261
-4689
-4938
-4345
-2950
-1509
-79
876
1596
2019
2499
3543
4856
6219
6963
7098
6801
6145
5558
4879
4407
3898
3022
2089
922
-161
-1307
-2633
-3721
-4615
-5029
-5237
-5296
-5263
-5344
-5203
-5040
-4496
-3606
-2600
-1495
-669
104
757
1445
2110
2762
3516
3879
4009
3757
3400
3125
2818
2597
2204
1812
1058
263
-553
-1298
-1684
-2224
-2571
-2850
-2935
-2912
-2825
-2644
-2386
-2161
-1918
-1598
-1165
-568
-79
627
1351
2052
2323
1993
1231
609
938
2033
3360
3741
2818
454
-2774
-5990
-7866
-8214
-8579
-9476
-10881
-11641
-11673
-12126
-12798
-13284
-12791
-11049
-8910
-6244
-3967
-2420
-1572
-831
1188
4109
7217
9484
10703
11330
11507
11649
12166
12956
13483
12958
11570
10059
8518
7066
5387
3836
2519
1084
-312
-1756
-2886
-4005
-5143
-5814
-5869
-5019
-4183
-3489
-2981
-2574
-1938
-1150
150
1688
3050
4028
4649
5152
5582
5913
6163
6261
6134
5464
4303
3247
2563
2335
1840
768
-732
-2423
-3647
-4291
-4232
-4126
-4356
-5044
-5774
-5874
-5324
-4278
-3453
-2832
-2374
-1925
-1043
35
1254
2244
2608
2787
2970
3332
3847
4032
4041
3708
3227
2673
2180
1752
1134
357
-559
-1171
-1639
-1794
-2057
-2489
-2969
-3436
-3462
-3010
-2370
-1953
-2110
-2441
-2282
-1287
374
1629
1685
467
-657
-241
1598
3523
4023
2776
282
-2628
-5419
-6728
-7213
-7273
-7466
-8083
-8568
-9801
-11445
-12724
-12738
-11251
-9001
-6982
-5714
-5100
-4855
-4268
-2642
217
3475
6122
7452
8047
8492
9186
10315
11584
12811
13344
12863
11836
10705
9726
8719
7588
6387
5152
3750
2131
497
-1099
-2487
-3589
-4157
-4331
-4377
-4503
-4713
-4732
-4481
-3664
-2578
-1323
-191
479
1033
1550
2565
3755
4601
5017
4855
4573
4268
4255
4513
4522
4007
2777
1315
227
-366
-543
-829
-1476
-2556
-3650
-4427
-4648
-4410
-4122
-4013
-3984
-3913
-3598
-3032
-2282
-1487
-799
-186
394
986
1593
2098
2541
2845
3126
3328
3442
3348
3008
2504
1948
1560
1325
1136
776
173
-520
-1148
-1548
-1725
-1906
-2166
-2504
-2836
-2919
-2756
-2193
-1514
-1102
-1152
-1466
-1445
-842
324
1241
1731
870
-1265
-4327
-6749
-7153
-6411
-5399
-5285
-6113
-7796
-10018
-11704
-11586
-9656
-7202
-5432
-5093
-5623
-6267
-6048
-4374
-1477
1583
3753
4654
4807
5143
6169
7736
9495
10966
11717
11697
10974
10354
10055
9839
9532
8840
7937
6773
5241
3702
2240
1071
109
-775
-1540
-2319
-3021
-3745
-4253
-4361
-3997
-3437
-2858
-2379
-2082
-1764
-1125
-25
1309
2278
2757
2905
2941
3102
3431
3738
3826
3694
3315
2909
2382
1676
937
245
-212
-460
-772
-1368
-2110
-2856
-3344
-3530
-3450
-3279
-3174
-3160
-3132
-2781
-2199
-1578
-1043
-749
-460
-155
393
1024
1705
2247
2429
2510
2432
2429
2335
2183
2008
1808
1716
1408
1118
637
157
-226
-507
-622
-856
-1297
-1982
-2420
-2139
-1389
-640
-799
-1817
-2755
-2751
-1572
-46
853
519
-966
-3424
-5847
-7194
-7161
-6332
-6024
-6224
-6892
-8027
-9423
-10652
-10373
-8688
-6649
-5242
-4924
-5113
-5276
-4738
-3180
-730
1800
3441
4066
4196
4732
5933
7563
9231
10465
10939
10488
9830
9500
9674
9855
9593
8909
7849
6608
5299
4161
3350
2627
1741
584
-515
-1395
-2104
-2630
-2975
-3051
-3079
-3127
-3173
-3095
-2833
-2361
-1570
-672
170
633
824
955
1247
1789
2400
2882
3038
2885
2626
2519
2415
2226
1717
1112
553
146
-124
-439
-890
-1531
-2082
-2445
-2489
-2397
-2415
-2655
-2911
-2905
-2545
-1863
-1272
-868
-778
-774
-578
-67
655
1234
1586
1728
1758
1805
1876
1984
2089
2045
1940
1748
1434
1039
677
455
246
140
-41
-538
-1203
-1885
-1893
-1290
-465
-177
-1076
-2439
-3113
-2417
-851
409
508
-1036
-3892
-7111
-8798
-8655
-7168
-5558
-5152
-6185
-8783
-11370
-12209
-10562
-7422
-4765
-3795
-4642
-5963
-6533
-5319
-2479
799
3156
3802
3311
2962
3746
5655
7954
9899
10712
10440
9617
9036
9262
9940
10360
10057
9114
7829
6452
5327
4445
3957
3354
2409
1206
5
-1031
-1831
-2246
-2369
-2336
-2462
-2781
-3073
-3229
-3170
-2682
-1896
-1052
-338
-29
-18
-31
40
639
1505
2437
2996
2759
2190
1562
1537
1918
2345
2419
1864
932
-73
-603
-677
-439
-502
-990
-1745
-2417
-2671
-2584
-2335
-2149
-2023
-1969
-1906
-1706
-1465
-1134
-793
-471
-14
487
959
1203
1265
1254
1355
1693
1997
2217
2163
1868
1499
1111
997
1084
1168
965
282
-518
-1158
-1200
-789
-426
-309
-1016
-1861
-2472
-2245
-1305
-723
-564
-1053
-1692
-2941
-5053
-7152
-8523
-8332
-7148
-5901
-5645
-7176
-9681
-11705
-11549
-9253
-6252
-4302
-4354
-5571
-6690
-6231
-3980
-750
1997
3153
2945
2336
2837
4541
6990
9162
10181
10176
9498
9085
9419
10235
10846
10731
9864
8619
7482
6549
5963
5406
4633
3549
2253
1070
72
-724
-1362
-1734
-1979
-2280
-2669
-3149
-3403
-3371
-3047
-2498
-1998
-1515
-1274
-1123
-934
-606
68
792
1407
1715
1756
1677
1693
1858
2057
2248
2156
1968
1514
988
531
224
125
-40
-291
-852
-1368
-1882
-2160
-2131
-2045
-1897
-1979
-2119
-2249
-2181
-1892
-1512
-942
-576
-225
-55
40
309
656
1154
1534
1762
1832
1895
1889
1824
1691
1517
1420
1248
1067
791
441
152
-149
-240
-231
-271
-465
-1062
-1480
-1595
-1025
-443
-221
-891
-2778
-5261
-7849
-8876
-8449
-6846
-5487
-5882
-7948
-10955
-12421
-11470
-8655
-5823
-4755
-5349
-6858
-7487
-6392
-3617
-346
1726
2307
1738
1637
2699
4890
7405
9088
9785
9403
8901
8933
9698
10792
11241
10892
9857
8705
7755
7028
6576
6103
5344
4174
2829
1594
555
-330
-1063
-1481
-1870
-2299
-2929
-3424
-3631
-3610
-3412
-3082
-2583
-2193
-2019
-2043
-1811
-1173
-436
265
526
663
840
1161
1612
1957
2068
1895
1748
1710
1826
1823
1601
1146
656
305
22
-124
-421
-831
-1243
-1636
-1697
-1704
-1563
-1590
-1783
-1947
-2060
-1849
-1556
-1151
-748
-473
-215
-40
143
464
813
1145
1386
1546
1691
1763
1802
1734
1664
1533
1401
1198
908
632
206
-27
-229
-177
-168
-422
-762
-1176
-1122
-857
-418
-314
-1206
-3022
-5792
-7801
-8610
-7702
-5928
-5097
-5844
-8606
-11353
-12391
-10794
-7724
-5323
-4653
-6001
-7666
-8170
-6576
-3295
-113
1666
1516
742
701
2253
4934
7499
9146
9290
8662
8176
8512
9782
10988
11524
11030
9919
8681
7711
7294
7107
6825
6011
4709
3301
2065
1089
274
-260
-675
-1070
-1674
-2461
-3237
-3793
-3836
-3482
-2847
-2419
-2285
-2656
-2981
-2844
-2229
-1173
-277
256
203
-51
-92
486
1325
1902
2111
1895
1618
1364
1377
1543
1740
1639
1211
673
216
-55
-227
-416
-585
-881
-1190
-1492
-1670
-1688
-1679
-1720
-1831
-1761
-1657
-1339
-1078
-773
-529
-290
-80
144
483
849
1215
1494
1561
1519
1411
1437
1600
1746
1714
1350
1023
642
489
444
420
435
175
-278
-822
-942
-295
337
322
-1364
-3982
-6708
-8341
-8212
-6767
-4966
-4955
-7118
-10478
-12609
-11976
-9352
-6388
-4952
-5553
-7376
-8824
-8254
-5478
-1834
534
974
146
-368
614
2847
5833
8120
8992
8487
7719
7872
9095
10700
11657
11612
10740
9542
8561
8119
8056
7898
7164
5927
4605
3350
2240
1304
662
231
-209
-1017
-1890
-2781
-3450
-3778
-3680
-3190
-2836
-2917
-3376
-3824
-3653
-2898
-1911
-1096
-832
-972
-1162
-924
-148
933
1594
1686
1384
1035
1155
1506
1974
2225
2028
1489
871
550
582
702
592
231
-216
-657
-902
-1011
-1037
-1063
-1315
-1548
-1710
-1642
-1533
-1378
-1227
-1046
-874
-733
-509
-233
134
511
715
869
852
890
1157
1511
1823
1829
1587
1191
846
663
716
960
1144
979
379
-302
-821
-614
8
568
122
-1759
-4287
-6567
-7591
-7409
-6502
-5714
-5903
-7482
-10035
-11806
-11706
-9619
-7186
-5837
-6124
-7491
-8507
-8062
-5762
-2631
-210
528
11
-326
546
2739
5320
7435
8492
8409
7960
7988
9013
10545
11601
11686
10917
9878
9036
8599
8487
8360
7777
6633
5219
3989
3080
2266
1517
780
124
-604
-1427
-2255
-2939
-3352
-3503
-3411
-3262
-3208
-3459
-3757
-3823
-3430
-2792
-2160
-1690
-1453
-1361
-1252
-905
-286
400
840
998
1046
1079
1178
1319
1567
1788
1820
1562
1167
827
624
526
454
313
88
-238
-606
-820
-979
-999
-1110
-1205
-1329
-1394
-1344
-1330
-1149
-983
-763
-672
-570
-383
-52
341
693
860
825
793
893
1206
1451
1532
1466
1275
1047
782
697
864
1137
1172
770
93
-505
-429
133
654
-78
-2216
-4950
-7163
-7683
-6863
-5339
-4689
-5899
-8588
-11233
-11929
-10344
-7688
-5717
-5517
-6846
-8341
-8635
-7044
-4133
-1360
0
-162
-828
-635
986
3569
6047
7583
7871
7393
7161
7911
9418
10846
11463
11119
10261
9266
8612
8438
8512
8265
7436
6238
4992
3888
2987
2283
1671
1085
248
-674
-1540
-2242
-2708
-3072
-3182
-3151
-3084
-3201
-3544
-3895
-3928
-3619
-2950
-2281
-1766
-1710
-1759
-1491
-1008
-138
423
791
932
805
818
967
1409
1848
1997
1875
1419
1077
819
788
865
842
694
278
-100
-455
-645
-779
-858
-953
-1131
-1259
-1390
-1312
-1264
-1187
-1151
-1125
-1031
-925
-634
-297
62
247
306
330
512
825
990
1099
1116
1103
903
659
677
1032
1470
1349
681
-72
-371
165
1014
1417
821
-1007
-3329
-5456
-6495
-6440
-5581
-4876
-5270
-6976
-9366
-11073
-11031
-9392
-7298
-6088
-6255
-7513
-8537
-8326
-6552
-3923
-1746
-751
-865
-1143
-630
1123
3528
5720
6995
7190
6982
7129
8086
9516
10816
11303
10985
10152
9346
9019
8990
8933
8454
7563
6485
5371
4430
3588
2934
2193
1317
422
-364
-1096
-1703
-2273
-2719
-2982
-3247
-3433
-3554
-3623
-3714
-3722
-3611
-3303
-2809
-2435
-2085
-1836
-1523
-1190
-777
-240
206
549
626
694
943
1286
1621
1725
1721
1582
1311
1116
1003
1046
1082
882
580
236
-86
-277
-534
-624
-715
-805
-951
-1140
-1237
-1316
-1259
-1173
-960
-783
-694
-574
-383
-115
31
48
100
296
591
975
1228
1155
759
324
369
900
1598
1762
1165
184
-445
-330
444
1190
1321
257
-1761
-3912
-5390
-5730
-5585
-5370
-5550
-6310
-7656
-9301
-10238
-10115
-8933
-7745
-7155
-7146
-7570
-7727
-7357
-6109
-4302
-2660
-1541
-1004
-381
472
1800
3410
4995
6330
7089
7608
8082
8744
9557
10186
10627
10688
10527
10121
9596
9124
8655
8093
7388
6555
5676
4817
3870
2983
2199
1422
660
-110
-792
-1485
-2162
-2706
-2967
-3084
-3240
-3534
-3815
-3860
-3694
-3430
-3239
-3127
-2927
-2642
-2101
-1484
-1009
-743
-700
-523
-134
412
974
1377
1505
1370
1136
1033
1202
1489
1601
1413
1035
697
526
434
399
326
88
-289
-594
-764
-748
-716
-740
-893
-1112
-1244
-1206
-1003
-725
-573
-462
-344
-169
89
243
342
428
552
721
893
932
945
813
649
586
640
915
1021
860
383
-88
-251
-21
393
467
-277
-1915
-4010
-5697
-6384
-6135
-5477
-5174
-5899
-7554
-9492
-10430
-9949
-8520
-7063
-6428
-6662
-7303
-7594
-6983
-5429
-3583
-2057
-1182
-778
-237
744
2206
3801
5233
6251
6887
7454
8081
8891
9576
9959
10074
10013
9943
9775
9526
8980
8257
7370
6559
5994
5469
4917
4043
2970
1896
1019
394
-127
-619
-1223
-1896
-2551
-2937
-3141
-3248
-3369
-3521
-3552
-3514
-3272
-3039
-2775
-2548
-2324
-2001
-1655
-1217
-781
-390
-93
137
392
716
1079
1318
1409
1337
1232
1152
1160
1293
1360
1237
889
523
239
79
24
-54
-229
-482
-706
-884
-925
-908
-924
-999
-1092
-1145
-1054
-909
-693
-451
-264
-67
20
85
151
198
320
524
773
1011
1078
949
657
368
356
644
948
986
590
36
-333
-335
5
243
-223
-1726
-3784
-5376
-6032
-5888
-5532
-5434
-6005
-7243
-8667
-9485
-9156
-8229
-7298
-6828
-6794
-6766
-6570
-5902
-4866
-3677
-2589
-1736
-820
283
1622
2862
3815
4622
5448
6371
7391
8432
9277
9671
9639
9484
9493
9644
9764
9609
9051
8115
7067
6192
5619
5302
4833
4033
2920
1810
918
247
-206
-640
-1158
-1809
-2490
-2949
-3168
-3249
-3363
-3524
-3644
-3622
-3360
-3045
-2739
-2548
-2362
-2069
-1708
-1273
-783
-364
-111
100
337
646
897
1116
1275
1316
1297
1223
1136
1119
1072
1009
876
644
454
257
105
-64
-273
-466
-634
-727
-803
-807
-838
-930
-998
-1043
-953
-759
-521
-296
-92
8
56
19
-4
71
251
543
801
935
884
674
382
127
74
237
434
416
202
-189
-456
-503
-384
-346
-733
-1629
-2984
-4287
-5245
-5615
-5683
-5743
-5977
-6527
-7213
-7861
-8232
-8151
-7707
-7095
-6474
-6012
-5507
-5010
-4451
-3739
-2937
-2038
-1051
79
1370
2564
3552
4297
4942
5741
6638
7594
8436
9042
9354
9361
9233
9094
9049
8915
8603
8036
7295
6578
5917
5342
4693
3947
3056
2192
1478
838
233
-399
-1042
-1654
-2165
-2528
-2670
-2738
-2917
-3161
-3371
-3442
-3319
-3076
-2761
-2385
-2095
-1870
-1641
-1379
-985
-568
-197
93
349
580
749
898
952
995
982
958
911
864
784
623
483
287
197
108
33
-77
-277
-480
-658
-716
-700
-673
-691
-719
-782
-805
-784
-687
-544
-409
-284
-126
52
211
265
236
159
77
110
282
484
553
385
72
-217
-424
-473
-437
-328
-361
-525
-780
-923
-825
-700
-687
-1085
-1915
-3059
-4168
-4954
-5224
-5055
-4823
-4877
-5418
-6242
-6919
-7179
-6940
-6383
-5733
-5170
-4766
-4418
-3995
-3421
-2728
-1934
-1124
-307
629
1734
2834
3842
4563
5069
5585
6161
6950
7758
8400
8712
8694
8463
8195
7978
7817
7609
7222
6651
5907
5105
4388
3788
3176
2551
1774
1036
368
-163
-563
-1016
-1445
-1934
-2310
-2586
-2726
-2754
-2713
-2657
-2661
-2655
-2613
-2425
-2088
-1719
-1390
-1158
-964
-713
-444
-163
108
282
413
502
584
707
777
788
694
544
439
407
413
390
298
107
-108
-319
-474
-525
-574
-556
-575
-596
-656
-693
-686
-719
-773
-853
-840
-598
-234
28
79
-85
-302
-446
-421
-253
-40
113
141
21
-195
-531
-812
-970
-953
-808
-653
-539
-512
-616
-894
-1302
-1499
-1339
-840
-445
-567
-1253
-2364
-3246
-3852
-3937
-3937
-4051
-4271
-4570
-4721
-4849
-4875
-4901
-4949
-4920
-4745
-4234
-3511
-2728
-2075
-1742
-1450
-1128
-474
465
1602
2726
3455
3932
4317
4847
5495
6156
6644
6923
7079
7165
7348
7485
7541
7298
6796
6139
5475
4990
4593
4249
3745
3039
2268
1496
907
482
55
-380
-932
-1358
-1722
-1848
-1841
-1871
-2005
-2315
-2534
-2564
-2355
-2071
-1758
-1563
-1404
-1234
-1028
-727
-408
-108
50
116
137
228
370
529
651
599
419
237
124
149
257
253
137
-52
-284
-423
-502
-557
-641
-739
-716
-655
-642
-752
-886
-1024
-952
-799
-676
-561
-530
-452
-437
-513
-597
-668
-656
-571
-445
-312
-285
-297
-394
-604
-771
-832
-757
-706
-742
-772
-751
-779
-838
-948
-1104
-1206
-1220
-1039
-691
-312
-132
-310
-830
-1449
-1914
-2199
-2421
-2658
-2980
-3171
-3164
-2991
-2852
-2947
-3205
-3551
-3722
-3607
-3212
-2633
-2140
-1753
-1468
-1215
-859
-357
273
898
1474
1980
2598
3235
3886
4450
4852
5168
5339
5556
5763
6033
6259
6245
6003
5613
5227
4875
4503
4161
3657
3094
2506
1886
1467
1041
722
285
-214
-629
-1040
-1223
-1400
-1440
-1518
-1639
-1702
-1731
-1629
-1492
-1354
-1262
-1207
-1078
-879
-626
-396
-177
21
101
103
97
209
312
354
252
158
88
63
-28
-171
-233
-228
-109
-136
-243
-478
-710
-821
-778
-674
-675
-667
-738
-780
-797
-856
-958
-1024
-970
-861
-710
-619
-548
-501
-489
-494
-531
-542
-562
-593
-644
-663
-628
-597
-564
-661
-825
-985
-1080
-951
-826
-836
-916
-978
-909
-832
-787
-811
-795
-760
-632
-375
-53
232
277
84
-384
-958
-1437
-1707
-1774
-1817
-1795
-1852
-1931
-2003
-2098
-2150
-2310
-2359
-2389
-2318
-2050
-1734
-1295
-977
-695
-475
-201
198
664
1240
1727
2187
2580
2990
3460
3814
4145
4312
4471
4489
4464
4524
4510
4482
4258
3948
3586
3203
2852
2492
2178
1847
1469
1103
740
443
143
-161
-369
-557
-636
-682
-740
-716
-732
-823
-878
-887
-768
-593
-417
-256
-213
-189
-181
-110
34
94
111
85
71
61
41
-2
-43
-96
-219
-282
-313
-289
-346
-418
-490
-596
-654
-774
-861
-956
-985
-961
-918
-935
-969
-974
-1006
-961
-963
-951
-993
-987
-870
-718
-638
-643
-700
-798
-796
-744
-614
-558
-594
-730
-935
-1059
-1005
-718
-466
-405
-513
-695
-776
-731
-591
-535
-522
-450
-302
-126
-58
-55
-84
-74
-57
50
180
384
484
457
300
-69
-482
-878
-993
-1078
-1175
-1351
-1558
-1604
-1585
-1460
-1345
-1351
-1459
-1628
-1632
-1534
-1298
-977
-705
-452
-246
30
383
786
1125
1384
1526
1731
2013
2333
2638
2915
3131
3234
3211
3226
3207
3160
3045
2829
2611
2381
2202
2017
1911
1783
1619
1339
1071
875
678
497
361
276
170
49
18
78
209
204
24
-187
-258
-187
-78
31
69
37
-19
-32
-9
19
-16
-108
-254
-403
-424
-323
-247
-273
-384
-502
-643
-826
-900
-927
-884
-878
-956
-1025
-991
-900
-818
-892
-987
-1150
-1239
-1296
-1292
-1093
-812
-554
-535
-772
-1036
-1130
-1049
-907
-847
-789
-681
-622
-540
-436
-335
-326
-427
-519
-530
-400
-287
-209
-190
-221
-159
-176
-90
24
78
96
10
1
-20
11
95
84
60
-42
-45
65
198
281
327
396
358
199
-114
-426
-630
-827
-969
-1057
-1060
-991
-971
-973
-1024
-1096
-1257
-1386
-1397
-1315
-1137
-997
-815
-587
-359
-189
-41
126
298
471
616
839
1134
1436
1725
1885
1989
2047
2134
2254
2319
2356
2294
2227
2156
2164
2164
2134
1998
1808
1675
1509
1379
1282
1179
1089
921
805
733
651
602
571
497
385
291
135
17
17
41
20
-10
-50
-122
-226
-351
-448
-518
-551
-580
-592
-610
-651
-710
-753
-829
-916
-1069
-1148
-1090
-979
-883
-824
-828
-882
-909
-904
-846
-805
-901
-945
-928
-716
-474
-402
-468
-670
-660
-523
-385
-304
-377
-354
-275
-229
-134
-159
-210
-310
-327
-184
-21
57
-37
-7
53
9
-122
-241
-228
-145
-77
-151
-175
-122
-17
23
-59
-128
-178
-194
-95
-29
25
-56
-179
-206
-181
-105
-30
5
8
-7
-32
-34
-54
-183
-462
-696
-857
-928
-924
-833
-734
-738
-765
-796
-726
-627
-656
-739
-822
-750
-581
-400
-247
-120
-56
5
131
326
536
704
842
934
1092
1215
1384
1511
1597
1651
1649
1714
1718
1702
1675
1674
1694
1644
1564
1459
1367
1337
1275
1187
1085
981
831
698
561
411
313
212
200
168
65
-30
-152
-237
-341
-407
-465
-493
-479
-491
-442
-446
-514
-559
-603
-606
-518
-436
-391
-357
-310
-269
-238
-222
-230
-243
-262
-263
-269
-263
-198
-68
26
-7
-103
-299
-374
-323
-233
-114
-127
-207
-275
-345
-245
-141
-165
-301
-408
-375
-275
-234
-284
-366
-387
-247
-158
-245
-428
-534
-461
-352
-348
-404
-464
-484
-460
-393
-268
-298
-413
-561
-607
-470
-342
-251
-251
-264
-292
-358
-453
-395
-264
-134
-95
-167
-224
-255
-196
-128
-118
-71
-24
12
6
-144
-350
-522
-511
-327
-234
-304
-392
-410
-377
-350
-310
-291
-269
-275
-184
-85
5
118
201
313
356
361
392
471
612
733
782
825
863
972
1127
1341
1460
1350
1132
911
840
831
866
844
791
727
588
477
383
367
428
439
305
180
71
45
93
124
87
28
38
80
117
129
145
171
212
168
154
146
287
409
451
412
307
227
117
106
158
180
174
224
295
327
264
150
2
-50
-43
-60
-184
-320
-361
-238
-116
-133
-218
-388
-455
-455
-461
-573
-708
-631
-434
-319
-361
-466
-603
-619
-593
-534
-492
-521
-464
-421
-348
-371
-434
-528
-600
-568
-454
-293
-179
-174
-258
-445
-557
-574
-486
-340
-215
-84
-104
-221
-249
-211
-208
-217
-212
-193
-233
-327
-304
-183
-115
-145
-242
-204
-89
18
-2
-140
-247
-238
-119
-47
-27
-30
-49
9
-9
-24
-79
-105
-48
-23
12
-12
21
34
-21
-45
-14
112
239
320
230
49
-18
-2
93
187
196
187
178
270
427
447
409
308
297
390
381
323
275
333
480
588
654
602
565
507
455
364
398
415
506
679
786
839
730
601
488
432
450
424
399
481
643
679
560
439
391
445
309
205
158
156
235
234
219
144
19
69
183
190
62
-79
-192
-146
-92
-29
-60
-198
-281
-339
-399
-476
-562
-601
-494
-396
-406
-479
-456
-425
-435
-493
-483
-397
-331
-246
-263
-301
-456
-491
-367
-279
-250
-502
-706
-540
-447
-261
-413
-552
-394
-411
-142
-267
-331
-326
-395
-250
-321
-170
-95
-190
-245
-364
-320
-202
-142
-171
-265
-92
83
127
56
-171
-227
-205
-128
-86
-94
-31
9
106
18
-104
-277
-295
-241
-177
-59
-65
-67
-27
7
87
70
-13
-86
-145
-113
-144
-146
-200
-148
-34
54
91
74
151
193
242
211
91
-18
47
197
329
451
462
487
535
432
409
427
466
447
429
396
579
674
676
616
519
443
473
524
577
576
474
457
397
457
435
377
438
369
321
256
195
280
272
437
492
444
314
155
67
91
185
176
159
58
93
52
123
41
-18
-171
-299
-240
-181
-52
-52
-137
-156
-151
-175
-133
-223
-114
-173
-269
-335
-455
-328
-249
-263
-355
-543
-495
-385
-238
-115
-226
-401
-523
-478
-268
-283
-354
-493
-535
-485
-506
-404
-329
-176
-82
-139
-272
-427
-473
-332
-216
-116
-304
-402
-341
-193
-106
-141
-153
-93
-99
-269
-439
-461
-385
-379
-361
-323
-253
-175
-18
64
140
123
-12
-168
-218
-223
-169
-153
16
254
400
363
55
-117
-126
55
186
201
-34
-50
87
292
292
79
-63
-181
-58
71
224
207
183
63
-13
-16
-19
83
178
259
375
427
378
408
372
320
366
376
426
377
374
461
557
646
589
553
458
377
328
342
366
582
748
774
645
465
276
192
365
344
372
289
268
460
415
359
180
12
67
11
67
103
79
53
-64
-2
-83
-19
-139
-174
-85
-91
-124
-325
-402
-445
-355
-173
-162
-158
-286
-247
-185
-200
-223
-458
-520
-361
-256
-166
-138
-191
-244
-328
-399
-504
-562
-435
-396
-309
-361
-378
-375
-366
-336
-263
-267
-368
-331
-307
-234
-338
-351
-296
-311
-238
-234
-290
-281
-325
-183
-135
-60
27
45
22
-151
-311
-321
-217
-76
-105
21
75
199
199
163
85
-10
-77
-133
-101
-175
-63
-29
-69
-14
6
188
268
234
96
-82
-62
-134
-39
-26
52
97
252
444
273
93
22
30
166
236
214
195
31
70
76
154
271
366
462
431
373
295
225
136
133
208
340
423
464
342
254
245
197
173
128
135
123
331
474
436
384
346
478
386
270
138
133
60
38
138
244
286
114
18
43
188
257
118
-143
-144
-64
92
177
114
133
-97
-118
-160
-293
-215
-133
206
321
116
-151
-354
-433
-383
-251
-178
-221
-305
-153
-97
55
-32
-180
-358
-504
-409
-300
-242
-142
-179
-172
-168
-196
-235
-333
-361
-285
-214
-153
-149
-85
2
-71
-259
-394
-449
-286
-156
-154
-71
-38
107
-19
-98
-227
-368
-414
-299
23
172
-46
-298
-301
-100
115
-23
-207
-237
-79
203
169
-40
-177
-183
44
174
248
244
261
196
102
-107
-369
-405
-225
18
168
208
164
208
126
139
-50
-188
-292
-102
253
370
274
131
106
133
166
197
276
262
153
51
8
85
201
174
128
24
70
218
129
24
-83
55
282
439
309
-10
-96
16
198
178
54
114
198
369
314
85
-97
-61
98
201
206
120
-36
-13
32
105
182
-25
-161
-240
-42
307
513
408
130
-26
-95
-2
60
192
232
204
155
189
262
330
282
179
135
20
-160
-333
-393
-126
165
152
-12
-305
-379
-256
11
235
119
-132
-217
-319
-309
-159
-159
-76
-189
-100
-135
-256
-142
-307
-361
-436
-397
-220
-163
-85
-47
-136
-150
-249
-138
-148
-129
-10
-66
16
-38
55
-9
-108
-171
-318
-132
-61
-50
-102
-167
16
57
66
-118
-138
-173
-132
-189
-103
-119
-247
-221
-172
114
125
-7
-179
-188
-21
113
172
58
-27
-71
-98
-7
-20
94
99
92
116
102
155
104
157
66
-28
-69
-164
-123
-121
54
160
223
318
256
218
142
76
20
-148
-196
39
224
435
311
83
-127
-254
-113
76
217
220
126
159
215
350
320
17
-150
-117
33
178
343
391
347
225
90
41
15
137
154
132
11
39
144
209
248
222
65
-61
-84
-7
166
162
54
-130
-117
10
56
77
140
147
51
-42
-88
-173
-168
-242
-205
-121
-19
91
152
219
165
43
-88
-116
-173
-206
-220
-277
-193
-162
-74
17
193
334
255
61
-196
-304
-263
-128
65
169
264
162
136
51
38
0
-64
-69
-134
-187
-307
-172
90
142
58
-230
-452
-510
-486
-365
-209
-61
68
36
-49
-123
-63
12
-131
-317
-330
-184
91
89
-134
-371
-344
-30
165
62
-265
-408
-278
-52
-32
-306
-551
-364
32
353
176
-110
-286
-327
-145
27
147
40
25
25
204
321
289
167
72
83
82
64
37
60
81
151
112
81
171
280
385
263
110
37
65
201
294
450
381
118
-169
-250
6
211
282
92
32
53
147
205
90
85
151
215
123
42
31
229
428
406
182
-114
-224
-79
122
262
134
-133
-217
-172
18
71
10
-38
-43
28
-54
-93
-15
124
219
170
3
-163
-240
-254
-143
-18
21
88
126
173
123
-1
-76
-171
-252
-220
-102
-27
-133
-207
-187
47
215
198
26
-196
-201
-164
-134
-185
-248
-263
-254
-122
-71
81
85
31
1
-117
-189
-280
-281
-289
-241
-42
91
156
165
31
-57
-54
42
74
-21
-114
-76
44
166
160
72
-15
-31
-101
-154
-118
28
211
220
93
-74
-199
-250
-251
-190
-86
-140
-195
-196
-178
-22
94
199
209
159
127
67
123
93
158
223
201
220
174
189
199
237
240
165
146
75
23
-185
-331
-370
-300
-27
146
297
238
73
-50
-147
-163
-185
-224
-226
-111
32
170
293
241
122
28
-45
-65
-94
-87
-22
65
125
159
105
100
169
176
69
-213
-377
-418
-197
132
321
430
349
286
227
137
-15
-175
-230
-221
-39
138
263
188
-21
-57
-4
114
76
-43
-108
-64
114
145
113
-4
-26
27
18
-70
-178
-132
-17
98
112
16
-125
-201
-244
-295
-363
-321
-180
-35
146
179
183
129
51
-4
-212
-377
-413
-249
-116
-51
21
103
215
254
260
167
-30
-231
-385
-341
-270
-212
-102
64
209
235
222
212
130
-117
-301
-338
-188
-6
98
149
239
368
302
91
-62
-125
-74
-20
41
139
208
190
131
39
-99
-193
-218
-210
-165
-91
60
197
237
108
-24
-108
-82
-99
-208
-269
-265
-99
87
177
192
209
234
162
97
75
50
-57
-223
-246
-92
137
303
367
248
82
-53
-175
-126
-82
-112
-201
-267
-94
162
347
256
71
-136
-163
1
133
161
45
17
36
65
130
149
186
194
189
107
19
14
-36
-35
-44
-10
49
-2
-12
91
187
232
181
34
-142
-221
-116
-14
26
-64
-104
-60
30
77
45
-13
-157
-308
-383
-368
-170
70
200
178
33
-11
-29
-96
-153
-213
-207
-144
-114
-72
39
56
9
-87
-208
-165
-122
-75
-154
-223
-145
-17
117
80
4
-11
35
105
149
127
80
63
-1
-107
-218
-209
-49
187
351
333
173
-19
-130
-125
-88
-165
-270
-242
-86
79
189
231
222
190
129
-70
-229
-225
-188
-34
123
257
340
305
254
222
167
50
-71
-103
-93
-62
-23
-75
-31
49
142
190
161
134
2
-150
-234
-165
-39
17
2
2
-66
-115
-194
-219
-145
-109
-46
-68
-79
-35
16
-9
-67
-58
14
146
261
269
239
182
74
21
-32
-56
-13
79
146
224
266
173
63
-51
-93
-12
48
70
24
-107
-147
-143
-84
-8
34
100
64
6
-27
-7
61
105
106
29
-16
10
132
195
132
34
-72
-119
-138
-124
-42
-4
-14
-112
-128
-77
12
-8
-120
-201
-198
-78
92
193
151
17
-135
-233
-241
-143
-78
-29
9
24
83
154
155
134
51
-100
-179
-215
-197
-98
10
81
157
156
107
24
-70
-149
-173
-109
-89
-34
18
81
152
173
141
51
-8
-25
-1
-33
-100
-78
-37
97
165
204
174
47
-59
-177
-179
-105
-21
69
70
83
67
2
-49
-105
-173
-235
-228
-151
-15
75
97
76
46
16
-43
-106
-142
-161
-121
-90
22
106
117
58
-7
-5
3
-38
-99
-117
-63
18
86
118
80
12
-39
-38
-21
-39
-32
16
90
149
125
58
62
87
97
28
-71
-75
-16
90
170
174
93
-35
-78
-79
-27
-6
-33
-2
-28
18
16
-10
9
-1
-9
4
6
55
49
16
50
95
148
175
173
138
91
24
-14
-1
64
143
163
99
-16
-72
-59
-14
34
56
11
-31
-51
-9
31
8
-25
-23
8
-2
-25
-93
-154
-157
-114
-67
-33
21
33
11
-44
-66
-63
-88
-107
-82
-23
-23
-29
-64
-61
-9
-7
44
43
48
52
50
52
64
15
-3
16
15
41
38
42
38
18
-27
-62
-50
-24
17
41
44
20
-3
-18
-31
-29
-36
25
20
0
4
-72
-121
-150
-173
-138
-111
-84
-73
-47
-27
2
14
-12
-31
-17
8
76
146
139
124
93
105
139
133
123
89
91
73
57
23
-3
-12
-41
-34
-48
-48
-29
-23
-55
-100
-125
-129
-97
-84
-126
-151
-157
-105
-57
-24
-26
-55
-45
-19
-21
-9
-17
0
12
42
96
152
164
130
113
89
43
-45
-94
-111
-104
-71
-29
12
16
-7
-30
-78
-104
-120
-95
-50
-27
11
57
98
113
102
52
-9
-53
-51
-19
47
100
141
145
166
157
109
59
-6
-21
-4
21
34
71
106
99
76
-6
-33
-27
-26
-12
-13
-19
-26
-34
-67
-91
-114
-88
-25
7
6
11
13
20
5
-24
-31
-36
-21
-14
-1
12
1
-33
-45
-56
-35
-6
1
13
30
46
32
39
45
42
28
8
-2
1
22
29
57
73
78
56
40
30
26
5
-38
-62
-55
-48
-35
-26
-33
-30
-47
-35
-24
-36
-57
-68
-38
-20
-12
13
55
71
75
40
22
15
-19
-36
-56
-42
-2
8
30
23
30
6
-25
-29
-42
-24
3
36
73
108
115
95
40
-14
-33
-30
6
25
42
50
72
99
84
59
22
-19
-29
-38
-37
-36
-19
-26
-43
-44
-57
-59
-70
-84
-96
-86
-89
-89
-84
-67
-45
0
18
-1
-3
-25
6
32
73
103
86
74
58
60
75
80
49
33
20
0
-21
-39
-36
3
11
13
41
50
26
-7
-27
-26
-3
-11
-30
-45
-53
-30
11
17
6
-10
10
28
46
53
59
63
47
53
39
6
-24
-43
-56
-71
-66
-67
-66
-71
-85
-81
-75
-60
-50
-60
-71
-72
-60
-14
11
-5
-21
-51
-59
-53
-72
-59
-32
-27
-17
-13
-9
-19
-18
-21
-7
14
5
20
32
36
46
41
61
76
60
58
58
68
71
64
64
67
81
83
81
81
62
43
20
-11
-24
-14
-6
-19
-21
-20
-16
-34
-67
-87
-75
-58
-48
-36
-31
-22
-37
-34
-32
-44
-44
-57
-59
-44
-30
0
12
30
24
15
8
-8
-4
-16
0
11
20
35
40
46
28
27
29
15
11
7
11
11
-1
-6
-1
6
29
46
42
36
20
19
24
18
14
19
31
54
71
60
43
35
10
22
31
43
47
42
52
51
42
24
-5
-26
-31
-27
-18
-11
-4
0
6
-2
-14
-29
-57
-63
-59
-42
-20
-4
-2
0
-1
-11
-26
-37
-32
-35
-32
-31
-4
21
28
38
31
12
-5
-23
-25
-26
-40
-40
-47
-26
-1
14
17
6
-5
-13
-19
-22
-22
-18
-12
3
20
26
21
14
8
6
18
12
24
24
21
15
4
-9
-17
-12
-5
-8
-2
1
4
12
13
23
15
14
-2
-9
-14
-15
-5
-3
7
7
3
-11
-16
-4
11
12
8
9
17
23
21
17
21
20
7
17
26
26
17
-15
-23
-34
-50
-54
-57
-39
-29
-24
-3
10
16
8
1
-10
-6
-4
15
42
53
58
45
38
18
4
-11
-19
-13
-9
5
12
20
23
14
2
-16
-27
-22
-25
-18
-25
-31
-21
-12
11
5
-1
-8
-20
-19
-30
-38
-35
-41
-37
-33
-24
-9
5
-4
-10
-20
-30
-39
-38
-23
-17
-20
-32
-34
-37
-46
-48
-42
-48
-42
-41
-42
-35
-28
-17
-6
0
-6
-8
-6
2
8
15
17
22
12
3
13
17
36
43
56
56
53
32
14
5
-2
0
9
16
29
47
60
64
66
56
49
36
33
54
49
50
37
23
16
8
7
9
7
9
17
25
17
9
11
19
31
27
19
7
-2
-3
-6
6
21
30
31
18
17
5
4
15
9
16
16
17
10
-5
-10
-2
4
2
15
11
6
9
-1
-1
1
2
-6
-13
-17
-25
-31
-31
-21
-13
-15
-6
-4
-6
-17
-29
-35
-40
-41
-44
-31
-14
-13
-12
-25
-27
-26
-22
-26
-20
-5
-10
-11
-6
-6
-7
-18
-31
-30
-26
-26
-25
-14
-8
-16
-20
-22
-12
-15
-19
-15
-6
5
-2
3
1
3
-5
-10
-3
4
18
14
18
29
17
13
0
0
3
7
13
12
19
19
9
8
9
4
-3
-4
-18
-20
-18
-17
-6
0
10
15
18
21
17
6
-7
-7
-3
2
8
5
0
-5
-10
-12
-7
-2
2
4
11
18
16
8
13
14
13
17
19
22
22
21
22
22
22
22
15
16
11
0
-5
-9
-5
-2
-3
9
18
15
4
-3
4
4
9
5
12
12
2
1
-7
-2
2
-6
-1
-9
-16
-15
-31
-25
-22
-19
-11
-16
3
0
-3
-5
-12
-6
-1
9
13
10
2
-9
-17
-29
-28
-28
-31
-26
-22
-31
-32
-33
-30
-25
-18
-11
-2
-5
-13
-17
-21
-16
-8
-5
-4
-5
-7
-2
4
12
19
25
27
24
20
20
22
23
17
11
13
11
6
13
23
25
27
30
18
7
-4
-6
-12
-21
-26
-27
-20
-16
-10
-5
13
19
16
11
4
5
1
-9
-3
8
9
8
-4
-4
0
-9
2
2
-1
-7
-9
-14
-16
-17
-19
-12
-15
-13
-18
-12
-11
-7
-4
-2
2
15
21
26
30
23
17
11
0
0
7
12
14
14
15
22
27
28
28
38
48
41
43
33
40
40
28
27
20
25
18
19
20
12
0
-7
-14
-14
-10
-11
-20
-18
-7
-5
-8
-5
-3
-4
0
6
10
6
1
-7
-12
-11
-17
-20
-12
-16
-26
-30
-31
-25
-22
-18
-13
-16
-19
-38
-45
-42
-33
-18
-17
-5
5
4
2
-11
-7
-9
-13
-11
-8
-4
-6
-6
-8
-7
-7
-6
-4
-6
-2
5
-4
-4
-4
0
5
-5
-3
-4
-15
-22
-17
-17
-4
13
14
22
19
5
3
-1
6
8
6
5
0
-1
-13
-22
-15
-5
1
3
-3
0
-2
-10
-13
-7
2
1
3
1
3
6
2
8
14
30
37
43
41
37
43
32
30
26
21
13
8
12
8
4
-1
2
1
3
6
10
13
14
6
2
8
12
13
8
12
14
4
-8
-15
-14
-21
-28
-29
-27
-26
-20
-12
-8
-1
-3
-7
-13
-8
-6
-1
-1
-1
-2
-5
-7
-8
-10
-19
-28
-32
-33
-24
-28
-27
-21
-13
-5
-10
-9
-12
-10
-7
-4
-3
-5
-7
-9
0
4
10
17
28
43
40
41
38
34
24
20
19
28
26
13
12
8
2
-4
-5
-15
-12
-25
-39
-37
-36
-26
-20
-5
6
16
14
18
20
13
12
7
12
22
27
29
24
28
20
10
12
11
10
6
7
8
12
10
5
9
-1
-6
-5
-10
-17
-3
-5
-6
-14
-5
1
5
10
12
10
-1
-10
-16
-13
-11
-19
-22
-31
-35
-34
-37
-34
-40
-34
-31
-34
-28
-39
-37
-25
-12
-5
7
10
10
17
14
11
5
-9
-16
-10
-9
-11
-13
-14
-7
-2
5
19
18
19
9
8
9
1
9
14
16
10
-1
0
0
6
17
19
28
32
25
27
27
34
28
26
25
17
12
-1
-13
-21
-26
-21
-11
-5
-2
3
6
12
26
32
28
25
18
15
5
-2
-1
-3
-15
-19
-21
-23
-12
-14
-14
-11
-11
-9
-11
4
5
7
-6
-11
-2
-9
-16
-25
-13
-12
-2
0
-6
3
0
12
25
26
22
6
-7
-12
-15
-18
-12
-11
-16
-19
-14
-15
-24
-31
-37
-33
-16
-3
2
7
16
20
18
24
26
21
10
1
-2
-4
-10
-14
-6
-3
-2
0
4
17
13
17
16
20
21
13
17
8
6
-1
-10
-2
-1
2
2
1
11
11
8
2
6
7
2
1
3
10
7
4
-1
-4
-5
-12
-12
-13
-10
-9
-14
-17
-14
-15
-9
0
15
21
20
24
23
31
26
22
23
19
15
-8
-19
-19
-18
-6
1
17
22
23
23
22
22
13
15
6
1
0
-14
-24
-31
-39
-43
-43
-39
-34
-29
-18
-7
8
13
14
12
9
9
9
9
9
12
2
5
-3
1
6
5
9
13
9
8
7
6
11
13
8
3
-8
-16
-12
-18
-12
-9
-9
-2
7
11
11
18
27
38
36
38
35
24
15
5
-1
3
11
9
7
2
-12
-31
-43
-48
-49
-55
-48
-35
-29
-20
-17
-14
-10
-10
-7
2
0
-3
-4
-14
-25
-27
-32
-35
-21
-19
-4
0
7
12
8
17
9
0
-10
-15
-23
-26
-23
-29
-26
-33
-36
-23
-22
-18
-18
-17
-11
-8
1
9
22
31
29
30
23
22
16
13
10
7
5
3
10
11
24
28
36
39
33
28
11
-2
-5
1
5
7
11
12
8
5
-6
-10
-3
0
-4
5
11
12
14
13
19
22
26
17
11
6
-2
-8
-6
0
1
5
6
14
15
12
5
2
-5
-8
-10
-11
-8
-11
-17
-15
-7
-3
7
13
17
16
9
9
0
6
0
1
11
1
5
5
-3
-6
-9
-9
-15
-19
-22
-22
-19
-21
-21
-17
-12
-5
-5
-3
-7
1
-5
-5
-5
-6
-2
-3
-7
-12
-15
-15
-15
-13
-11
-6
-3
-9
5
14
16
17
18
24
22
12
5
6
8
0
3
5
7
4
-3
-7
-15
-16
-24
-13
5
8
15
7
8
13
8
17
15
19
23
12
9
13
13
4
6
12
18
25
31
38
41
34
28
22
17
13
4
1
1
8
3
3
7
15
21
17
23
15
12
10
-2
4
1
0
-13
-15
-12
-24
-20
-22
-20
-17
-29
-30
-35
-31
-27
-27
-23
-29
-31
-35
-40
-43
-39
-36
-37
-26
-20
-13
-4
-4
5
-5
-9
-12
-18
-14
-21
-7
-3
4
9
7
11
4
8
5
11
13
14
4
-1
-2
7
12
10
10
8
4
1
1
0
-2
-4
-3
6
9
5
-6
-6
-10
-13
-17
-26
-19
-20
-15
-2
5
9
11
15
19
28
23
10
-2
-14
-10
-16
-8
4
17
21
14
14
5
1
1
5
3
2
0
-12
-8
-1
12
24
31
39
38
35
36
26
23
17
11
4
0
-2
-1
-7
-14
-19
-21
-20
-23
-30
-34
-30
-18
-3
3
10
13
16
25
31
23
18
14
3
-4
-4
-10
-17
-23
-24
-16
-10
-8
0
-2
-2
-4
-12
-15
-21
-29
-31
-25
-22
-22
-19
-23
-11
-7
4
15
17
15
9
13
13
16
17
16
17
19
20
20
22
27
28
26
20
18
16
10
3
8
8
1
9
11
13
21
24
30
34
27
12
9
0
-10
-21
-33
-31
-24
-17
-5
3
11
16
11
4
-4
-18
-27
-22
-19
-13
-6
-7
-12
-11
-10
-8
3
8
2
8
1
-1
-6
-23
-17
-9
-3
-4
1
-1
2
0
-1
2
-1
-3
-2
5
8
7
10
12
8
14
7
1
-7
-9
-8
-6
-5
-15
-16
-23
-19
-16
-13
-11
-3
-3
-1
-3
-17
-7
-8
-7
