SAMPLES:	16003
BITSPERSAMPLE:	16
CHANNELS:	1
SAMPLERATE:	16000
NORMALIZED:	FALSE
18
17
20
17
10
13
5
3
0
-5
-2
-4
-5
-1
-2
-4
-8
-3
-1
0
2
-1
-3
-8
-6
-8
-5
-4
-5
-4
-4
-3
-3
-2
2
7
5
4
5
6
6
1
-3
-4
-7
-8
-6
-10
-11
-10
-6
-4
-3
-3
-1
1
6
9
11
14
12
15
12
10
10
7
4
5
5
-1
-4
-7
-11
-12
-9
-5
-3
-4
-2
-2
-2
-3
-3
-9
-11
-11
-10
-9
-5
1
2
2
4
2
2
-1
3
6
4
6
3
0
1
5
1
2
1
1
8
5
4
4
5
5
4
3
5
7
2
-1
-1
-3
-4
0
0
0
1
-3
-2
-4
-4
0
-3
-2
-3
-2
-2
-4
0
-3
1
9
8
8
5
6
3
-3
-2
-4
-8
-9
-9
-18
-17
-16
-14
-5
0
4
10
11
9
10
14
18
24
25
22
25
19
11
4
0
-3
-6
-3
-2
-2
-1
-5
-6
-8
-13
-12
-11
-8
-4
-4
-4
-2
3
1
2
2
2
0
-5
-9
-10
-10
-8
-8
-9
-8
-6
-10
-12
-15
-15
-7
-2
6
7
8
8
5
4
5
5
7
12
14
9
7
3
-1
3
4
11
10
9
4
3
3
2
6
10
7
8
4
-1
-5
-9
-6
1
8
13
11
5
-1
-6
-9
-13
-9
-8
-7
-8
-8
-9
-15
-14
-12
-4
-6
-8
-6
-14
-11
-12
-10
-7
-8
-8
-7
-9
-10
-12
-13
-8
1
6
10
12
7
3
0
-1
5
7
11
15
18
15
15
15
17
19
16
9
7
4
0
-2
0
0
4
2
-2
-4
-11
-14
-9
-9
-10
-10
-9
-8
-9
-9
-10
-9
-7
-4
1
3
2
6
12
10
15
19
19
21
18
17
17
19
21
19
20
17
20
18
13
10
5
5
4
7
9
9
8
3
3
0
-6
-8
-7
-11
-10
-17
-18
-19
-19
-15
-16
-17
-18
-16
-15
-16
-16
-14
-13
-4
-8
-10
-13
-19
-17
-17
-16
-13
-11
-12
-9
-8
-8
-6
-4
-1
1
-1
-1
-4
-7
-7
-10
-6
-9
-6
-10
-10
-1
-3
-1
1
9
13
14
21
18
15
8
-3
-2
-6
-4
-3
3
5
8
11
5
7
13
11
11
15
17
9
4
1
-7
-4
-12
-10
-8
-8
-6
-7
-5
-2
6
12
13
15
11
5
3
0
4
3
4
4
1
2
-4
-8
-12
-12
-7
-8
-4
-3
-1
3
6
10
13
18
17
17
11
7
6
5
7
8
6
2
1
0
-1
1
1
6
10
8
12
14
16
18
17
20
14
8
5
5
4
6
3
-4
5
4
8
11
10
16
14
13
18
19
15
9
8
4
0
-4
-10
-12
-15
-14
-15
-19
-19
-21
-20
-21
-18
-18
-16
-8
-7
-4
-7
-12
-12
-18
-18
-20
-27
-27
-18
-14
-14
-13
-11
-10
-11
-13
-11
-4
-9
-4
-4
-5
-7
-4
2
-3
-7
-7
-10
-11
-4
3
6
8
13
9
10
9
8
8
4
4
-1
1
-2
-8
-11
-12
-15
-10
-3
0
6
12
9
6
6
3
-7
-6
-3
-7
-12
-15
-19
-18
-13
-14
-9
-3
6
13
15
12
17
21
18
19
21
20
13
4
3
3
1
8
6
9
10
10
8
1
5
1
-3
5
8
14
16
21
26
17
19
14
14
14
12
7
2
0
-5
2
10
15
21
16
8
2
-7
-8
-12
-10
-12
-8
-6
1
0
-2
1
-6
-4
-3
-3
-2
-6
-2
5
6
13
12
21
16
12
14
5
6
4
3
4
-2
6
3
-1
-5
-3
-5
-12
-6
-13
-11
-18
-28
-21
-19
-11
-6
-2
5
0
-3
-11
-17
-20
-18
-10
-8
-4
-5
-1
-1
1
3
-5
-2
-7
-8
-8
-20
-19
-23
-20
-15
-5
0
-2
6
-4
-6
-6
-7
-8
-19
-16
-15
-15
-13
-13
-12
-7
-6
-6
2
2
1
1
-3
0
1
2
3
2
-4
-14
-16
-19
-16
-10
-5
-8
-5
-6
-12
-12
-10
-2
-4
-7
-4
-6
3
4
8
17
20
24
26
28
30
22
18
14
9
6
1
-2
-2
3
3
11
18
21
22
19
15
14
12
12
19
21
26
25
19
8
10
17
16
22
19
15
17
8
10
13
14
16
16
12
15
8
3
1
-4
-1
-2
-2
4
3
-3
7
10
13
10
11
12
18
17
18
21
11
13
5
0
-2
-15
-21
-23
-24
-28
-24
-19
-14
-10
-7
-1
-2
-3
-8
-10
-10
-9
-13
-17
-25
-28
-31
-30
-25
-23
-16
-15
-19
-20
-18
-18
-15
-10
-7
-3
0
4
3
-2
-8
-15
-15
-10
-9
-13
-9
-13
-8
-7
-8
-3
0
4
6
11
10
8
-3
-6
-2
-2
5
-2
-4
-3
2
9
17
22
23
30
30
22
20
11
6
6
1
4
3
0
-8
-17
-24
-21
-15
-7
-5
-8
-3
1
2
4
13
10
4
-3
-3
-8
-9
-10
-10
-2
-5
-6
-1
-5
-16
-26
-28
-28
-25
-11
-11
-12
-16
-22
-17
-18
-14
-15
-9
0
0
2
1
5
12
17
21
18
19
17
16
20
22
20
29
31
26
14
8
4
0
0
-1
4
1
6
12
19
27
27
29
27
26
23
21
18
11
9
3
-1
-3
-8
-14
-18
-14
-7
-2
6
13
22
26
25
21
17
17
6
6
3
0
-5
-10
-11
-12
-10
-14
-15
-11
-12
-14
-14
-9
0
-1
2
6
2
0
-2
1
-1
0
3
-2
3
3
10
13
10
13
15
17
18
14
7
6
5
-4
-7
-16
-16
-19
-24
-17
-17
-14
-7
-7
-4
0
2
8
2
3
1
-3
-7
-8
-11
-15
-21
-24
-17
-18
-22
-17
-19
-21
-15
-24
-24
-24
-28
-30
-31
-28
-23
-21
-19
-9
-5
-1
1
-1
-8
-6
-11
-16
-5
-7
2
10
13
19
21
26
20
20
15
14
11
6
3
-4
-1
6
6
9
9
8
12
13
13
10
7
4
3
3
-1
0
-3
1
3
2
2
-2
1
-5
-4
-5
-7
-10
-18
-8
-4
-3
3
8
15
12
13
16
12
14
6
11
9
2
5
-7
-1
1
-3
0
0
1
3
10
16
11
12
3
4
0
-6
1
-9
1
5
6
14
14
22
17
15
19
18
16
7
3
3
-3
1
-2
-2
2
1
0
-2
9
10
4
2
1
4
-4
-5
-5
-5
-1
-8
0
0
3
6
6
13
6
1
1
2
1
-5
-6
-9
-10
-14
-15
-7
-2
0
4
1
1
1
-1
-4
-10
-6
-10
-12
-1
6
10
21
31
33
30
25
17
7
3
-2
-9
-9
-10
-13
-9
-6
-3
-1
-9
-14
-16
-13
-10
-7
-11
-9
-9
-11
-12
-12
-11
-7
-4
-8
-2
-14
-17
-10
-10
-7
-8
-8
-10
-13
-10
-12
-7
-5
-4
-5
-7
-1
-3
-5
-6
-8
-13
-8
-7
-8
-1
-3
-1
-1
1
-1
-3
-7
-4
2
1
1
1
8
3
-6
-5
-2
2
0
4
3
9
14
12
15
8
5
-1
-8
-7
-12
-11
-9
-9
0
-3
4
5
12
9
4
6
-5
-2
-11
-6
-1
0
8
4
6
-2
-2
-1
-7
-4
-6
-9
-11
-11
-10
-15
-12
-17
-14
-10
-8
0
2
7
8
5
6
7
8
15
15
22
20
22
28
29
24
29
25
20
16
4
0
-5
-4
-1
1
5
10
8
10
7
8
4
-2
2
-1
1
5
9
9
13
14
15
12
10
7
3
2
-1
1
2
1
-2
-3
-3
-6
-2
-6
-9
-8
-13
-14
-15
-10
-6
-7
-7
-6
-4
1
-3
-2
0
6
11
5
4
6
8
9
7
7
2
1
2
-1
-2
-6
-7
-13
-7
-10
-4
-2
-2
11
8
12
9
8
10
1
-3
-2
-8
-11
-10
-4
-1
2
0
1
5
7
5
2
-2
-2
-3
-5
-2
1
0
0
5
3
1
-1
-7
-11
-13
-20
-17
-19
-19
-10
-9
-4
1
9
10
7
6
7
8
5
10
9
3
3
-3
-5
-10
-12
-11
-14
-18
-18
-13
-16
-13
-6
-4
0
-1
1
4
5
0
2
4
3
5
3
6
8
6
0
-1
2
-1
-3
-8
-6
-9
-10
-10
-14
-12
-15
-19
-18
-15
-16
-12
-8
-11
-9
-3
2
10
16
19
17
21
22
22
24
17
19
14
13
11
13
10
7
6
3
7
2
6
7
4
1
0
-3
-2
0
0
1
-1
2
0
-3
-2
-4
-9
-7
-8
-10
-9
-6
-4
-5
-7
-6
-7
-2
4
2
2
-1
1
-1
1
2
2
1
-2
-1
1
-3
-7
-8
-7
-4
-1
4
1
5
1
-1
3
4
6
5
5
4
10
8
2
6
8
10
5
8
7
7
5
-1
0
-4
-7
-9
-13
-8
-16
-14
-13
-7
-1
-4
3
8
6
7
9
11
9
4
4
3
6
7
9
3
3
0
-5
-5
-9
-2
-6
-6
0
-2
5
4
6
2
2
12
11
9
14
9
8
6
5
5
8
11
7
8
6
-5
-8
-11
-7
-4
-4
0
4
3
4
7
5
1
1
-8
-7
-12
-9
-7
-10
-6
-11
-6
-11
-12
-7
-5
-6
-10
-10
-13
-12
-13
-13
-10
-7
-6
-6
-7
-5
-6
-7
0
3
2
2
-2
7
8
10
15
13
7
3
0
0
0
4
7
6
7
9
6
10
11
4
4
3
-4
-5
-7
-7
-9
-9
-8
-5
-4
-4
-5
-6
-1
0
-1
-6
-8
-13
-17
-13
-13
-13
-16
-16
-11
-8
-2
4
8
13
17
17
15
14
11
10
6
5
4
2
-2
-1
2
5
10
12
17
20
23
23
24
16
16
13
9
6
2
0
-2
-7
-13
-8
-13
-10
-5
-7
-5
-8
-8
-7
-6
3
2
-5
-5
-10
-9
-14
-14
-13
-17
-13
-11
-7
-5
-3
-1
-2
2
0
2
6
3
8
3
5
3
-1
2
0
-3
-9
-10
-14
-14
-8
-4
1
4
7
13
16
16
16
14
12
10
9
4
3
0
-5
-8
-14
-9
-8
-8
2
3
4
4
7
14
11
8
8
2
-2
-3
-8
-9
-10
-13
-13
-14
-8
-7
-4
3
3
8
14
15
16
12
12
6
4
-1
-6
-6
-8
-6
-3
1
3
5
8
16
18
17
14
9
5
0
-3
-6
-9
-12
-13
-9
-8
-6
-2
-3
5
9
12
15
14
17
11
8
4
3
-1
-7
-9
-12
-16
-15
-15
-17
-15
-15
-13
-9
-8
-5
-7
-3
1
-1
4
4
8
11
12
7
4
3
-2
0
-4
-4
-4
-6
-5
-6
-11
-12
-14
-11
-12
-7
0
-1
6
7
2
-4
-5
-10
-17
-22
-20
-13
-11
-3
4
12
16
16
18
20
19
19
16
17
13
10
9
0
0
1
1
4
3
3
0
3
1
-4
0
-4
1
-4
-5
-5
-9
-8
-6
0
-5
-1
5
4
2
4
3
6
5
2
4
2
3
0
-4
-10
-10
-8
-10
-5
-2
1
-1
2
2
0
-1
-4
-6
-5
-2
-5
-7
-7
-5
3
5
11
14
15
12
9
7
6
1
-4
-2
-4
-6
-7
-1
0
2
4
7
9
13
13
14
14
13
10
9
7
3
-3
-6
-11
-8
-5
-7
-1
6
7
5
5
6
5
3
5
5
3
-4
-10
-13
-7
-6
-6
1
-2
1
2
-1
2
2
-2
4
4
3
5
2
0
-6
-6
-11
-9
-11
-11
-9
-8
-9
-11
-8
-13
-9
-8
-14
-8
-9
-9
-8
-9
-12
-9
-4
1
2
5
7
-1
-1
-1
0
6
6
4
-1
-1
-4
-8
-7
-9
-8
-8
-3
-1
2
5
4
6
1
3
-2
2
0
-3
0
-3
-2
-1
3
5
7
12
15
13
14
14
14
8
6
2
-1
-1
-1
2
4
5
10
8
6
4
2
1
-3
0
2
3
3
8
5
3
10
7
4
3
-4
-7
-8
-13
-9
-11
-6
-6
-5
-1
1
-5
0
0
-5
-1
-6
3
3
6
6
1
1
-5
-6
-14
-11
-5
-6
-1
-1
0
5
5
7
9
12
14
11
10
4
2
0
-6
-10
-7
-4
-1
2
1
-2
-7
-2
-6
-6
-1
1
1
3
2
4
7
2
3
-1
-3
-4
-5
-5
-3
-1
6
10
10
17
19
14
11
12
5
3
2
-3
-8
-7
-7
-11
-9
-10
-6
-6
-6
-1
4
4
8
10
10
9
5
3
-1
-2
-7
-9
-9
-12
-9
-9
-5
-1
-5
-6
-4
-1
-3
-4
-2
-4
-6
-6
-3
-2
-2
1
5
8
4
1
0
-1
1
2
4
2
4
9
6
9
9
8
6
-4
-4
-6
-11
-13
-11
-12
-6
-5
-7
-5
-7
-7
-7
-6
-6
-7
-7
-6
-3
3
4
5
11
13
8
9
3
2
1
-3
1
-1
-2
-3
-5
-3
-4
1
0
-1
2
-3
-3
-1
-3
-5
-5
-2
-1
1
2
0
-1
1
-1
-4
4
4
0
3
3
2
3
2
-2
3
3
1
-1
-5
-7
-7
-5
-6
-2
4
5
3
4
6
8
3
6
6
7
5
1
5
1
4
-1
0
2
3
7
6
4
3
-2
-2
0
2
1
6
8
5
2
-8
-6
-4
-4
0
2
3
0
-3
-2
-1
0
1
3
5
5
5
2
4
3
5
4
3
2
2
2
-1
-1
-1
-3
-5
-3
-3
-1
1
2
3
2
3
2
3
-2
-3
-7
-9
-10
-9
-8
-6
-5
-5
-2
1
4
7
6
7
7
7
3
6
3
0
0
-1
-1
-2
-3
-6
-8
-7
-11
-11
-10
-11
-9
-5
-4
-1
2
0
0
5
0
6
3
1
6
2
-1
-3
2
3
7
2
0
-2
1
1
-1
2
1
1
1
-2
-4
-6
-7
-2
-1
1
3
3
5
7
1
3
5
1
3
1
-2
-4
-7
-6
-6
-3
-2
4
6
5
3
3
2
1
2
0
-2
-5
-4
-5
-7
-8
-6
-1
2
4
4
4
4
1
-3
-2
-3
-8
-8
-11
-9
-8
-9
-1
2
1
7
8
5
3
5
3
0
-1
-1
0
0
-1
1
1
3
9
11
12
12
11
7
7
5
5
5
2
0
-1
-3
-1
-2
-4
-5
-4
-2
-1
-3
-4
2
-1
2
2
2
7
8
4
1
-1
-2
0
0
0
-2
-5
-8
-5
-9
-8
-9
-7
-2
2
0
-4
-2
-7
-5
-8
-2
-3
-5
-1
0
1
-1
1
1
3
3
-2
-3
2
1
4
4
6
7
3
5
4
4
7
9
4
4
6
6
2
-2
-3
0
-1
-3
-5
-5
-8
-6
-6
-9
-9
-4
-6
-3
-6
-3
-2
-2
-3
-2
6
4
3
2
0
2
-1
1
2
6
10
7
7
6
5
3
1
-2
-3
1
2
-3
-3
-7
-4
-3
1
4
5
10
5
4
2
4
4
1
6
-1
1
2
3
5
-2
1
1
3
-2
-3
-4
-10
-7
-11
-8
-9
-13
-12
-7
-8
-12
-6
-6
-3
0
1
4
4
6
5
7
10
9
5
6
3
6
3
3
1
0
5
1
6
7
4
6
2
6
10
12
14
7
5
-1
-3
-3
-9
-11
-11
-5
-7
-6
-5
-5
-6
-4
0
1
1
5
4
1
3
2
-2
-7
-7
-10
-9
-7
-7
-6
-7
-4
-6
-2
-6
-5
-1
-4
1
2
3
2
2
5
2
9
7
6
7
3
9
8
10
8
5
7
4
5
2
-2
-6
-6
-7
-4
-1
-6
-5
4
1
1
3
1
-1
-2
-2
-2
0
-2
-4
-2
-3
-3
-6
-6
-7
-8
-3
-2
0
0
4
5
5
3
-2
-3
-5
-5
-2
-4
0
-1
-1
4
2
5
7
4
4
3
6
6
3
3
1
1
3
4
5
6
2
-4
-5
-7
-2
0
1
3
0
1
0
-3
-2
-2
0
2
4
3
-1
-4
-4
-7
-7
-9
-14
-9
-9
-8
-6
-9
-5
-5
-4
-2
3
5
8
6
7
11
11
13
11
12
12
8
0
-3
-6
-6
-6
-7
-4
-2
-3
0
5
1
2
2
-3
1
-2
-6
-6
-3
0
-3
-2
2
0
-3
2
2
3
6
8
4
2
-1
-2
-6
-7
-9
-8
-6
-5
-5
-2
2
7
4
3
6
7
10
4
7
8
2
5
4
2
2
4
3
1
-2
-4
-4
-5
-1
4
6
8
6
0
4
2
-1
-2
-3
-4
-6
-5
-3
-5
-6
-4
-2
-2
1
-1
2
3
3
6
0
2
0
-5
-3
1
-2
-5
-6
-9
-5
-5
-4
0
3
0
0
2
0
3
3
1
-3
1
3
1
2
2
0
-1
-6
-8
-8
-7
-5
-5
-5
-4
-2
0
2
4
6
7
8
5
2
4
2
-2
-4
-7
-2
-3
-4
4
-4
-1
-1
0
4
5
12
12
7
8
10
4
5
-1
-3
-1
-2
-1
-3
-4
-6
-7
-9
-13
-11
-7
-4
-2
-6
-4
-3
-5
-1
-2
1
1
-1
6
5
6
8
8
13
16
14
15
17
12
10
8
1
-1
2
-1
-2
-4
-9
-10
-11
-11
-11
-9
-8
-5
-2
1
5
4
8
5
6
3
0
3
0
1
3
7
4
7
6
7
5
4
1
-2
-5
-5
-6
-7
-10
-13
-9
-7
-3
-4
0
1
0
5
3
3
5
6
6
4
8
6
3
0
1
4
3
1
2
-1
-4
-9
-13
-17
-19
-17
-15
-15
-11
-11
-9
-6
1
3
2
8
9
9
7
10
5
3
1
2
5
4
7
8
11
8
9
10
6
5
0
0
4
1
0
0
-1
-1
-3
-3
0
1
-2
-8
-14
-16
-14
-16
-17
-16
-14
-10
-5
-3
2
5
7
9
11
12
11
7
9
8
11
12
14
12
6
3
1
-4
-6
-9
-10
-8
-13
-14
-12
-13
-10
-10
-4
-2
-7
-6
-3
-1
1
3
6
9
12
11
12
8
3
1
1
-2
3
5
6
6
5
-1
-5
-4
-7
-6
-8
-12
-9
-8
-7
-2
0
2
5
8
14
15
15
22
16
14
11
7
8
2
-3
-9
-11
-15
-18
-19
-22
-25
-24
-21
-15
-13
-13
-10
-4
-6
-2
3
5
7
7
6
7
7
12
16
20
23
23
22
21
25
25
20
16
8
4
-1
0
4
4
3
-1
0
1
3
6
11
13
12
10
8
9
5
7
6
0
-4
-14
-17
-22
-23
-25
-21
-14
-10
-2
3
1
3
3
3
-2
1
5
5
8
5
4
2
-3
-7
-7
-2
0
-2
0
2
-2
-3
-8
-10
-6
-4
0
4
-2
-2
-3
-4
0
-1
1
-1
-3
-3
-2
-4
-3
-9
-16
-17
-18
-15
-13
-10
-9
1
4
3
5
0
5
4
-3
-2
-5
-6
-6
-4
4
5
9
9
5
11
10
11
7
8
5
-1
-6
-10
-7
-8
-13
-14
-21
-23
-32
-29
-25
-20
-10
-6
0
6
0
-3
-5
-6
-3
-8
-4
-6
2
8
8
12
15
17
15
22
28
26
25
18
19
18
8
6
1
1
1
-1
-1
-4
-4
-6
-5
2
7
10
5
5
8
5
11
11
8
6
1
-2
-3
-2
-1
2
7
15
15
15
13
11
11
13
11
8
1
-1
2
2
4
6
12
13
13
14
13
11
4
2
1
-1
-4
-6
-8
-10
-10
-17
-18
-15
-18
-16
-9
-5
-6
-7
-9
-8
-8
-8
-6
-6
-4
-3
2
-1
3
5
1
10
9
12
4
2
-1
-6
-6
-3
-2
-12
-21
-25
-28
-25
-16
-7
-2
-1
3
9
14
19
16
12
5
1
1
-6
-13
-23
-33
-40
-44
-44
-43
-33
-27
-16
-3
0
4
-3
-4
5
8
13
10
9
10
14
25
23
20
16
4
3
5
14
10
1
-7
-9
-8
-12
-23
-34
-37
-40
-34
-23
3
18
15
22
26
38
34
23
26
18
19
24
23
20
11
-6
-19
-14
-13
-15
-27
-35
-40
-46
-50
-35
-22
-10
-10
-11
-5
-3
5
7
22
39
67
89
100
95
77
61
48
46
49
40
30
17
-12
-38
-46
-52
-45
-46
-48
-57
-70
-66
-55
-34
-12
5
16
33
39
37
36
32
47
64
69
60
38
14
3
-9
-15
-4
9
16
14
14
-9
-29
-46
-39
-19
-11
23
41
51
50
46
57
46
23
10
22
46
51
32
-3
-37
-64
-84
-72
-26
13
18
-7
-53
-99
-110
-94
-48
-16
-10
-14
-11
9
29
50
43
38
12
-6
13
25
26
-13
-66
-95
-111
-86
-48
-24
-24
-54
-79
-75
-28
35
58
37
4
-20
-10
14
21
5
-41
-38
40
162
203
143
18
-67
-74
-35
-8
-6
-25
-49
-37
-18
-10
-45
-103
-105
-35
46
49
-28
-86
-81
-10
58
78
52
-2
-11
19
92
118
66
21
23
106
161
144
78
-7
-55
-74
-74
-87
-84
-59
-25
14
15
-23
-76
-127
-122
-99
-50
14
64
98
101
101
108
107
92
49
-10
-38
-2
47
70
39
-50
-109
-108
-37
30
41
-7
-59
-45
-16
-30
-98
-150
-124
-5
120
174
130
27
-76
-82
5
84
102
52
-9
-31
-8
-2
-33
-95
-161
-162
-96
8
75
46
-35
-101
-64
11
81
108
95
63
51
85
80
28
-41
-82
-38
71
176
188
133
29
-55
-102
-118
-117
-142
-162
-145
-65
24
88
112
66
-27
-84
-78
2
121
206
235
200
113
3
-75
-60
6
75
90
51
2
-72
-122
-162
-204
-196
-128
-9
116
157
85
-44
-118
-95
-21
39
52
33
13
28
76
129
125
63
17
18
58
54
-18
-82
-98
-57
4
49
102
76
13
-41
-86
-97
-84
-68
-67
-38
20
79
101
68
12
-30
-10
23
30
21
-28
-64
-72
-39
21
55
53
30
15
-8
-54
-51
-47
-46
-56
-42
29
74
85
102
117
85
35
-27
-62
-49
9
45
-1
-151
-255
-238
-128
4
61
10
-74
-88
-26
60
76
5
-82
-120
-84
-37
7
40
42
33
41
109
142
116
64
29
22
6
28
102
99
23
-101
-138
-114
-88
-64
-136
-202
-169
-33
122
140
58
-30
-38
-6
0
-44
-111
-116
-60
41
103
91
60
30
-9
-2
11
6
-25
-96
-122
-18
112
168
112
23
15
63
94
111
99
80
43
-7
-7
-3
-1
-20
-105
-193
-230
-173
-60
54
75
25
-39
-46
3
33
99
184
255
201
71
-19
5
92
117
75
23
24
32
76
104
76
-9
-93
-109
-29
43
20
-74
-126
-88
-51
12
30
33
29
32
54
67
8
-56
-95
-31
56
146
172
110
67
-11
-39
-66
-107
-105
-129
-112
-121
-112
-107
-151
-157
-142
-82
25
88
69
46
-14
-61
-129
-196
-193
-93
110
231
212
140
104
148
173
91
17
-14
-43
-105
-173
-162
-66
22
43
-3
-38
-79
-103
-108
-88
-4
92
221
249
214
121
9
-56
-108
-95
-35
53
157
202
211
187
108
-2
-131
-180
-187
-133
-160
-198
-214
-194
-118
-52
-11
-13
47
130
221
268
253
191
53
-74
-77
-30
13
-6
-55
-71
-94
-58
-29
-16
-28
-72
-127
-156
-148
-138
-106
-30
-8
-15
-68
-47
55
133
205
214
178
127
46
-27
-68
-121
-156
-145
-77
-11
18
93
117
53
-36
-86
-52
8
89
77
60
25
-35
-38
-48
-90
-130
-87
71
278
397
351
184
16
-116
-113
-79
-66
-50
-96
-25
29
101
126
100
72
-15
-4
-28
35
29
31
15
-66
-97
-52
129
211
177
45
-74
-92
-44
43
103
62
-45
-123
-166
-144
-133
-113
-165
-218
-186
-75
114
146
52
-49
-114
-104
1
121
120
20
-103
-96
-33
-8
13
36
112
81
144
127
106
47
25
-45
-156
-212
-173
-14
29
98
-25
-114
-96
23
204
282
276
278
220
158
-34
-258
-338
-269
-100
-85
-139
-146
-145
-219
-240
-191
14
235
355
438
334
232
116
-118
-230
-329
-210
-94
41
88
26
102
50
-59
-149
-257
-211
-106
31
-37
-8
18
131
158
41
83
38
216
177
145
128
101
246
204
135
-69
-238
-269
-83
127
130
50
-244
-336
-315
-74
66
88
105
154
243
132
-50
-209
-214
-78
30
-10
12
45
233
284
232
52
-186
-336
-288
-206
-94
-23
18
-44
-135
-149
-86
192
364
268
-182
-301
-337
-95
59
107
130
4
107
168
261
94
-128
-266
-133
301
577
489
-4
-291
-390
-259
-192
-80
31
-48
-16
-92
-63
72
153
226
82
43
8
44
110
76
193
57
51
23
125
255
258
111
-24
-204
-230
-89
77
121
-66
-232
-300
-55
-73
-143
-327
-410
-412
-328
-28
147
304
197
53
-1
34
106
18
-89
-29
129
241
310
278
215
59
-232
-406
-519
-290
-37
121
157
321
262
165
-77
-265
-177
-194
-90
-85
-30
13
139
185
274
166
-64
-75
81
201
209
189
181
184
140
76
9
-36
-37
54
94
113
7
-128
-225
-204
-169
-215
-250
-222
-25
17
-70
-170
-232
-102
204
394
341
116
-111
-140
-12
91
142
-15
-165
-300
-295
-132
-61
168
281
286
186
15
-142
-119
30
29
-157
-389
-270
-191
-67
47
112
110
88
205
357
286
-65
-242
-257
-3
156
269
279
92
-67
-223
-223
-106
-174
-206
-225
-20
71
51
11
-95
-15
-7
82
96
112
153
36
-27
13
94
172
28
180
202
66
-235
-459
-309
-189
19
74
191
325
325
295
68
27
36
18
93
31
95
211
209
164
-25
-155
-153
-113
-227
-321
-340
-70
-84
-131
-110
-9
187
42
-128
-284
-282
-3
239
360
257
-37
-150
-186
-57
25
11
-78
-170
-94
-82
40
36
88
84
34
180
112
-104
-396
-565
-280
137
353
487
394
257
275
114
11
-169
-126
41
41
6
-203
-340
-428
-379
-216
36
162
1
-131
-213
-94
96
211
127
99
111
55
84
43
-28
-112
-42
157
270
321
350
248
192
82
-37
-180
-174
-265
-403
-275
-146
-19
-273
-250
-108
37
175
173
525
570
523
378
142
3
-70
65
160
199
338
404
293
92
-309
-474
-513
-280
196
368
464
141
-271
-577
-827
-697
-576
-276
-235
-97
179
426
593
131
-288
-415
-194
356
447
374
137
-207
-241
-237
-105
146
142
182
24
-8
-13
-93
-150
-161
107
204
301
105
-67
-225
-318
-106
-60
64
60
-87
-101
-28
72
146
266
142
-70
-158
-54
163
162
87
-18
-28
-5
24
55
-60
-231
-310
-167
141
216
221
162
99
73
1
10
-140
-218
-195
-3
157
199
61
-21
-72
-62
9
-209
-374
-263
-147
-101
-49
-44
76
1
36
-69
92
257
108
58
-183
-100
-87
-46
-87
117
336
408
355
33
46
-41
187
109
42
-178
-287
-242
-318
7
-14
148
32
-111
-24
-85
0
-90
-15
70
110
272
238
306
196
204
51
-169
-319
-352
-60
68
292
248
-44
-203
-320
-206
-278
-386
-205
-31
333
348
237
-2
-269
-137
-234
-176
-98
-67
-40
-215
-40
-73
-137
34
44
65
-146
-69
62
242
364
163
173
292
467
429
128
7
32
-55
-186
-184
-70
32
64
35
-44
-253
-293
-226
-55
48
-262
-397
-288
164
406
406
264
272
344
243
162
-55
-59
-7
-40
-24
-105
78
213
80
-55
-206
-139
-74
5
196
119
-35
-250
-281
8
123
265
164
83
-65
-110
-13
-98
-100
-298
-285
-204
-125
-106
-176
-93
216
386
584
617
474
238
13
-75
-306
-239
-120
-11
-84
-276
-371
-432
-382
-27
249
251
-20
-287
-246
-109
70
63
-2
181
361
475
293
-125
-278
-339
-250
-150
-173
-22
129
251
267
94
-83
-89
-84
70
120
116
150
-11
-35
-99
-24
109
209
194
55
20
252
454
331
-16
-318
-120
246
320
167
-151
-325
-437
-272
-60
17
11
-238
-310
-309
-220
108
108
-37
-296
-357
24
191
196
-158
-472
-437
-115
226
88
-127
-255
-26
358
576
584
414
388
323
169
-210
-570
-606
-250
190
319
51
-431
-639
-405
-61
214
123
-112
-250
-150
257
402
386
49
-297
-580
-633
-266
122
435
460
366
287
248
73
-9
-61
-174
-256
-356
-188
-108
-281
-472
-443
-162
245
420
338
161
35
16
12
159
189
72
40
80
352
507
438
278
34
9
-119
-205
-90
102
321
372
213
98
-24
-149
-39
129
245
14
-398
-612
-579
-171
184
413
433
92
-184
-243
-115
-77
-7
154
337
384
155
32
16
160
129
-142
-404
-469
-84
355
523
321
-102
-446
-459
-292
-237
-291
-304
-120
106
207
225
145
98
96
47
-96
-326
-210
350
819
890
486
231
164
287
288
-144
-457
-682
-523
-202
-26
204
125
-103
-149
-128
10
-142
-455
-552
-577
-293
-100
24
-112
-354
-274
0
460
487
317
36
-97
22
229
359
181
41
-228
-302
-318
-121
-44
-236
-487
-488
-307
94
421
502
325
-165
-113
26
272
300
128
3
-182
-27
166
293
111
-185
-174
-84
-147
-316
-424
-329
-41
68
97
34
73
146
86
94
120
236
243
309
282
135
10
-97
-31
-48
-68
-222
-271
-316
-366
-157
34
151
16
-165
-305
-245
75
344
439
364
182
99
114
227
321
265
124
0
61
156
270
203
87
2
4
3
-96
-122
-189
-144
-109
-75
107
195
285
145
48
-37
-163
-225
-273
-17
208
279
48
-285
-355
-283
-217
-397
-415
-349
-209
-44
-55
102
193
303
343
375
395
361
296
246
253
163
102
-44
-65
58
82
44
-149
-346
-500
-535
-382
-145
65
88
-128
-156
-56
97
321
357
348
130
-68
-180
-251
-243
-264
-133
43
242
443
578
492
297
51
-108
-171
-269
-310
-322
-300
-216
-254
-446
-504
-414
-228
-67
-30
-30
20
156
274
316
232
159
118
57
29
78
96
-35
-216
-332
-306
-167
-11
156
258
213
152
95
65
13
41
69
25
-131
-312
-405
-416
-320
-287
-314
-294
-175
67
281
390
461
438
440
395
273
213
212
340
455
402
389
468
545
429
241
28
-93
-175
-254
-364
-550
-616
-617
-511
-354
-181
-24
69
93
187
209
175
215
185
192
134
42
29
-112
-320
-476
-553
-634
-603
-505
-367
-220
-183
-178
-162
-114
-113
-177
-224
-111
43
-9
-76
-93
-27
76
125
197
316
365
297
202
143
117
-7
-40
24
89
144
68
-58
-132
-161
-215
-349
-409
-410
-361
-229
-162
-46
49
173
309
312
286
220
99
30
3
8
38
56
114
232
374
434
509
512
506
380
277
240
222
347
383
487
584
720
777
697
610
513
419
275
232
231
307
283
257
359
391
490
487
431
300
179
168
157
216
293
385
381
388
461
469
411
284
133
-21
-158
-251
-301
-331
-279
-241
-309
-356
-400
-387
-295
-199
-105
-177
-280
-252
-153
52
28
-103
-153
-101
104
191
207
274
429
629
1041
1677
2425
2674
1611
-638
-3412
-5924
-7930
-9597
-10878
-11565
-11584
-10869
-9322
-6960
-4107
-1508
323
1317
1913
2534
3154
3783
4373
4968
5520
6060
6912
8136
9264
9652
9080
7740
6094
4404
2813
1459
279
-695
-1587
-2273
-2265
-1561
-589
-49
-65
-299
-563
-639
-472
136
973
1701
2245
2785
3592
4527
5267
5398
4919
4089
3053
2130
1416
984
599
59
-587
-1170
-1412
-1483
-1520
-1825
-2423
-3135
-3751
-4021
-3839
-3123
-2230
-1368
-611
191
1084
1876
2500
2740
2546
1955
1190
605
327
305
182
-241
-813
-1373
-1739
-2059
-2377
-2828
-3384
-3904
-4241
-4059
-3409
-2506
-1695
-1194
-852
-415
226
864
1241
1225
881
536
328
389
670
907
861
569
246
104
131
233
467
856
1301
1385
593
-1334
-4233
-7561
-10713
-13160
-14573
-14826
-14052
-12449
-10213
-7372
-4035
-623
2312
4347
5439
5820
5919
6039
6445
7060
7748
8311
8772
9291
9830
10061
9508
8007
5763
3189
698
-1377
-2783
-3504
-3735
-3608
-3063
-1992
-483
1109
2276
2846
2897
2796
2883
3368
4325
5395
6242
6768
7155
7562
7787
7573
6733
5311
3423
1376
-565
-2058
-3017
-3630
-4064
-4455
-4627
-4466
-4070
-3642
-3304
-3179
-3162
-2995
-2407
-1215
302
1825
3004
3776
4350
4631
4596
4073
3141
1935
495
-856
-1791
-2187
-2170
-2230
-2451
-2808
-3112
-3220
-3304
-3346
-3300
-3227
-3067
-2705
-1872
-584
785
1809
2327
2509
2341
1933
1379
850
302
-322
-979
-1500
-1598
-1456
-1295
-1356
-1582
-1919
-2319
-2580
-2552
-2124
-1648
-1188
-687
-86
613
1237
1704
1975
2153
2383
2527
2002
351
-2398
-5731
-9079
-12026
-14143
-15139
-14877
-13639
-11745
-9246
-6174
-2729
529
3034
4621
5532
6022
6349
6776
7461
8345
9031
9359
9478
9567
9489
8773
7189
4831
2137
-535
-2800
-4326
-4874
-4587
-3943
-3072
-1959
-417
1260
2676
3705
4283
4539
4592
4809
5391
6446
7524
8179
8297
7927
7330
6371
5043
3303
1284
-813
-2709
-4073
-4778
-4875
-4747
-4622
-4506
-4170
-3563
-2851
-2152
-1557
-918
-278
463
1443
2664
3912
4690
4952
4672
4114
3331
2335
1098
-233
-1520
-2664
-3410
-3685
-3444
-3153
-3011
-3075
-3192
-3132
-2914
-2449
-1952
-1417
-835
-174
668
1587
2530
3137
3276
2885
2137
1274
446
-228
-808
-1321
-1857
-2262
-2466
-2475
-2425
-2424
-2534
-2584
-2516
-2182
-1685
-1044
-394
225
737
1173
1703
2301
2928
3130
2925
2507
2261
1985
993
-1177
-4457
-8163
-11740
-14638
-16334
-16503
-15217
-12984
-10211
-6964
-3228
599
3857
6114
7347
7848
7831
7787
8091
8789
9442
9569
9147
8498
7765
6728
5112
2760
-37
-2962
-5539
-7042
-7088
-5893
-4027
-2063
-49
2072
4185
6024
7303
7917
7828
7244
6569
6422
6942
7677
7953
7521
6570
5223
3565
1647
-366
-2381
-4257
-5715
-6435
-6141
-5045
-3572
-2303
-1359
-685
-186
268
666
1226
1609
1881
2101
2469
3056
3641
3957
3680
2905
1579
42
-1420
-2740
-3683
-4400
-4780
-4795
-4351
-3375
-2261
-1122
-341
10
-40
-238
-198
158
742
1334
1841
2160
2353
2428
2226
1754
920
-247
-1444
-2524
-3174
-3342
-3217
-2939
-2759
-2589
-2332
-2025
-1690
-1413
-1114
-966
-781
-276
651
1758
2359
2352
1997
1891
2032
2178
2114
1863
1697
1563
1574
1364
288
-2291
-6310
-10838
-14655
-16897
-17357
-16208
-13881
-10786
-7189
-3275
885
4789
7682
9106
9115
8386
7596
7284
7490
7934
8152
7745
6838
5739
4636
3261
1076
-1862
-5022
-7502
-8594
-7903
-5549
-2367
819
3431
5560
7352
8828
9742
9766
8918
7498
6104
5364
5417
5876
6097
5557
4218
2259
126
-1839
-3466
-4790
-5873
-6471
-6323
-4958
-2624
32
2182
3245
3382
2811
2412
2434
2655
2609
1972
1244
862
1090
1555
1796
1333
-8
-1826
-3623
-4709
-4979
-4698
-4185
-3714
-3159
-2275
-1076
319
1403
1855
1611
968
470
466
1018
1702
2140
2036
1538
983
581
225
-342
-1290
-2481
-3584
-4098
-3867
-3100
-2248
-1741
-1514
-1479
-1384
-1055
-563
-64
219
199
242
675
1652
2746
3349
3076
1840
216
-1199
-1786
-1662
-1219
-667
-41
876
1999
2948
2865
894
-2996
-7730
-12090
-15316
-17004
-16934
-15048
-11867
-8006
-3850
309
4194
7109
8547
8444
7447
6456
5745
5607
6066
6861
7282
6764
5698
4411
2877
675
-2120
-4820
-6865
-7509
-6486
-3827
-159
3569
6535
8358
9430
9924
9763
8753
7128
5440
4087
3341
3271
3815
4510
4545
3527
1558
-725
-2788
-4435
-5469
-5749
-5109
-3633
-1467
1153
3769
5628
6200
5540
3962
2213
603
-319
-483
-362
-263
-348
-162
33
33
-547
-1792
-3161
-4403
-4942
-4674
-3530
-1893
-489
440
730
990
1100
1048
953
597
331
58
191
745
1477
2129
2138
1561
476
-646
-1521
-2292
-2812
-3301
-3575
-3591
-3177
-2270
-1392
-747
-597
-602
-582
-439
-34
485
967
1321
1550
1789
2016
2065
1819
1101
-9
-1265
-2329
-2817
-2606
-1935
-1401
-1143
-663
407
2037
3473
3819
2200
-1850
-7173
-12121
-15364
-16727
-16604
-14883
-11914
-7952
-3558
753
4633
7278
8364
7795
6402
5484
5466
6183
6891
7410
7407
6490
5059
3392
1793
-402
-3352
-6094
-7675
-7104
-4792
-1198
2760
6105
8406
9312
9640
9570
9113
7984
6147
4438
3142
2841
3181
3697
3928
3076
1340
-979
-2868
-3942
-4557
-4628
-4119
-2630
-501
2020
4489
6270
7050
6366
4790
2689
852
-306
-963
-1128
-1303
-1288
-1234
-1202
-1284
-1848
-2774
-3943
-4731
-4721
-3883
-2264
-498
1072
2111
2437
2330
1900
1338
621
-247
-937
-1113
-759
-94
594
1061
1066
617
-145
-841
-1395
-1763
-2032
-2341
-2446
-2276
-1785
-1313
-943
-764
-893
-1195
-1500
-1303
-628
274
1177
1677
1837
1710
1354
972
575
63
-582
-1537
-2337
-2693
-2359
-1349
-355
353
355
336
710
1622
3299
4361
3644
-86
-5999
-11745
-15931
-17453
-17285
-15653
-12876
-9272
-4473
303
4830
7971
9193
8635
6711
5603
5426
6314
7369
7740
7594
6102
4399
2433
564
-1560
-4452
-7042
-8924
-8255
-5322
-1024
3598
7040
9344
10001
10035
9959
9593
8763
6838
4857
3151
2560
2941
3344
3389
2158
103
-2352
-4382
-5290
-5282
-4528
-3375
-1606
802
3465
6114
7725
7941
6710
4555
2437
594
-458
-1001
-1247
-1321
-1543
-1715
-2072
-2453
-2917
-3693
-4344
-4668
-4064
-2684
-812
1139
2309
2774
2454
1892
1246
558
58
-559
-961
-1052
-623
55
621
884
578
-45
-901
-1523
-1763
-1781
-1611
-1512
-1357
-1220
-994
-776
-711
-805
-1110
-1350
-1393
-963
-184
817
1707
2174
2174
1669
883
-68
-817
-1254
-1329
-1314
-1221
-1066
-1140
-965
-799
-367
-77
282
1336
2593
4077
4623
3610
317
-5334
-11108
-15810
-17998
-18173
-16697
-13313
-9135
-4000
575
4527
7463
8789
9022
7549
6334
5838
6344
7410
7658
7797
6539
4446
1590
-1356
-3491
-6055
-7927
-9043
-7968
-4812
-746
3963
7632
10287
11060
10564
9768
8601
7686
6218
4846
3845
3313
3397
3128
2703
1269
-879
-3312
-5467
-6210
-5813
-4165
-2177
132
2576
4746
6571
7455
7535
6444
4583
2575
862
-45
-607
-795
-1224
-1854
-2581
-3396
-3962
-4427
-4423
-4387
-3946
-3095
-1616
398
2126
3339
3370
2654
1532
460
-33
-368
-485
-576
-609
-474
-345
-110
-121
-548
-1246
-1817
-2041
-1662
-932
-154
293
237
-113
-607
-979
-1151
-1216
-1340
-1435
-1420
-920
1
1071
1821
1816
1352
552
-274
-936
-1099
-842
-461
-342
-706
-978
-1263
-1313
-1110
-876
-225
196
890
1814
3027
4430
4362
2244
-2674
-8980
-14539
-18292
-18947
-17230
-13421
-8600
-4034
502
4167
7181
8709
8457
7229
5314
4670
5194
6890
8815
9426
8704
5549
1804
-1941
-5076
-7240
-9232
-9428
-8316
-5042
-282
4674
9165
11206
11382
9820
8133
7146
6390
6197
5678
5400
4926
4448
4021
2788
1040
-1781
-4716
-6999
-7761
-6405
-3939
-810
1955
4266
6025
7008
7431
6638
5068
2972
1208
335
269
852
1087
753
-573
-2487
-4269
-5571
-5948
-5830
-4935
-3469
-1671
270
1897
3065
3135
2339
979
-420
-1196
-1287
-590
93
613
819
596
254
-379
-953
-1647
-2075
-2071
-1582
-647
197
902
948
516
-350
-1345
-2000
-2396
-2220
-1946
-1400
-700
-43
758
1199
1463
1275
745
176
-508
-879
-801
-384
-10
50
-243
-699
-1190
-1312
-1031
-788
-567
-130
992
2635
4123
5196
4952
2755
-1794
-8138
-14130
-18355
-19491
-17847
-14149
-9119
-4035
688
4167
6361
7453
7138
6153
5032
5104
6756
9013
10893
11159
9588
5923
1050
-3750
-7559
-9845
-10882
-10121
-7636
-3561
1213
5514
8612
9968
9849
8684
7476
7011
7226
7876
8212
8112
7446
6105
4186
1522
-1571
-4644
-7076
-8237
-7720
-5603
-2663
357
2823
4439
5357
5698
5647
5285
4757
4235
3715
3578
3483
3039
1854
-293
-2581
-4843
-6446
-7198
-7188
-6343
-5094
-3456
-1633
1
1179
1565
1453
1102
822
757
923
1239
1563
1703
1460
1085
445
-323
-1181
-2064
-2527
-2700
-2325
-1592
-804
-116
139
-8
-478
-921
-1215
-1430
-1440
-1235
-724
-142
413
794
978
1024
814
561
245
78
30
-148
-219
-465
-525
-536
-639
-831
-1177
-1308
-1244
-861
2
1032
1976
2171
2111
2290
3014
4199
3721
794
-5586
-12844
-18079
-19849
-17536
-13736
-8774
-4416
-1048
1974
3938
5964
6654
6365
5612
4940
6593
9081
11987
12770
10546
6172
-172
-5205
-8639
-9549
-9097
-8452
-6664
-4231
-194
3754
6941
8724
8285
7130
5780
6259
8266
10175
11346
10490
8741
5986
3210
740
-1915
-4281
-6779
-8032
-7638
-5471
-2089
735
2706
3175
3193
3232
3661
4887
5804
6520
6274
5633
4805
3699
2498
432
-2245
-5294
-7697
-8694
-8133
-6512
-4624
-3151
-2297
-1538
-793
129
941
1326
1371
1434
1690
2424
3151
3315
2686
1227
-467
-1870
-2607
-2762
-2536
-2263
-1974
-1578
-1120
-536
-83
-41
-495
-1063
-1266
-921
-197
490
995
998
606
86
-352
-404
-320
-14
246
459
541
450
381
163
-204
-596
-984
-1278
-1468
-1466
-928
-290
311
641
907
1266
1666
2304
3284
4502
4412
1412
-4959
-12526
-18045
-19810
-17837
-13680
-8705
-4111
-634
1862
3455
4507
4864
4502
4156
4641
7093
10535
13261
13734
11105
6118
-248
-5773
-8928
-9581
-8651
-7225
-5256
-2642
479
3352
5182
5753
5057
4021
3987
5672
8835
11571
12813
11828
9179
5874
2520
-277
-2736
-4730
-6089
-6397
-5316
-3302
-1076
368
693
289
-134
452
2156
4554
6662
7781
7771
6850
5612
4000
2116
-471
-3309
-5672
-7130
-7079
-6244
-5053
-4150
-3909
-3586
-3102
-2267
-1090
-5
1138
2019
2743
3440
3919
4025
3383
1959
113
-1460
-2354
-2459
-2170
-1804
-1614
-1812
-1906
-1768
-1410
-941
-819
-545
-362
13
530
850
912
534
-47
-505
-624
-391
191
535
594
556
528
701
743
623
193
-668
-1296
-1522
-1315
-1065
-1107
-1072
-815
-194
652
1073
1264
1279
1553
2324
3296
4646
4538
1679
-4595
-12542
-18210
-20059
-17285
-12305
-7142
-2865
-519
1201
1981
2630
3262
3275
3785
4840
7818
11797
14464
14623
10914
4989
-1772
-7015
-9092
-8578
-6273
-4353
-2802
-1515
-17
1538
2199
2274
1800
1835
3138
6042
10002
13096
13970
12100
8339
4283
928
-1152
-2283
-2914
-3196
-3333
-2897
-2216
-1539
-1398
-2037
-2679
-2647
-920
1995
5265
7743
8460
7747
5845
3748
2124
728
-423
-1812
-3178
-4071
-4449
-4434
-4358
-4567
-5014
-5314
-5132
-3799
-1721
478
2180
2957
3157
3052
2892
2832
2526
1968
1070
63
-647
-1134
-1345
-1776
-2349
-2912
-3078
-2677
-1968
-968
-225
293
379
301
293
340
382
282
144
57
127
295
546
556
328
26
-300
-428
-403
-281
-129
-149
-165
-125
-86
-353
-822
-1273
-1361
-813
-165
635
998
1384
1703
2228
3180
4277
4708
2138
-3923
-12242
-18466
-20147
-16831
-10928
-5488
-1724
-623
-485
-625
-154
1078
2344
3951
5921
8953
12713
15285
14901
10644
3778
-2869
-7276
-7899
-5796
-2661
-392
-228
-1031
-2099
-2054
-1585
-1013
-464
692
3355
7015
11137
13634
13785
11088
6707
2615
112
-127
596
1180
918
-141
-1335
-2436
-3335
-4076
-4669
-4650
-3536
-1079
2354
5470
7194
6916
5167
3131
1690
1453
1780
1955
1359
59
-1462
-2774
-3725
-4592
-5349
-6032
-5973
-4866
-2937
-831
600
1160
1004
647
625
1307
2311
3166
3209
2432
1246
-14
-930
-1541
-2010
-2218
-2229
-1929
-1303
-762
-256
-291
-677
-1046
-1214
-742
-28
661
919
634
62
-428
-665
-543
-127
305
814
1051
1084
830
254
-213
-711
-794
-659
-376
6
1
-369
-991
-1367
-1153
-454
260
1055
1631
2436
3558
4577
4834
2040
-4009
-11956
-18093
-19501
-16274
-10319
-4855
-1675
-1290
-2385
-3248
-2914
-1268
1087
3917
7058
10504
13660
15403
14315
10027
3591
-2313
-5372
-4840
-2014
802
1985
773
-1777
-4464
-5783
-5305
-3649
-1466
811
3782
7281
10541
12168
11421
8752
5283
2860
2396
3752
5430
5928
4536
1709
-1449
-3876
-5197
-5540
-5189
-4334
-2828
-785
1575
3291
3786
2881
1420
356
538
2103
3927
4942
4282
2221
-270
-2418
-3651
-4114
-4162
-3948
-3591
-2916
-2205
-1581
-1285
-1458
-1686
-1630
-715
833
2404
3376
3309
2291
763
-583
-1290
-1262
-896
-440
-52
-75
-240
-664
-1083
-1308
-1412
-1038
-535
45
460
528
248
-505
-1342
-1930
-1865
-1106
-21
849
1215
1107
672
298
46
71
360
678
983
926
451
-284
-883
-1103
-883
-622
-418
90
808
1918
2842
3709
4080
2219
-2643
-10097
-16221
-18385
-16205
-11253
-6591
-3227
-2562
-3778
-4963
-5099
-3402
-827
2516
6438
10277
13219
14327
13187
9915
5095
491
-2065
-1621
929
3154
3587
1578
-1675
-4916
-6843
-6669
-4937
-2126
551
3298
5797
7642
8515
7814
6429
4894
4390
5286
7138
8793
8652
6532
2995
-582
-3230
-4499
-4427
-3471
-2320
-1391
-752
-347
-323
-703
-1330
-1596
-725
1053
3310
4931
5263
4245
2054
-146
-1647
-1994
-1385
-852
-672
-1138
-1896
-2552
-3279
-3550
-3470
-3052
-2088
-875
442
1381
1470
1016
240
-331
-322
30
670
1163
1401
1207
700
50
-625
-1163
-1391
-1227
-940
-444
-226
-60
-230
-742
-1173
-1547
-1379
-972
-454
82
411
637
570
288
160
166
525
802
953
902
561
72
-390
-488
-325
71
386
712
995
969
749
648
1169
2384
2039
-1261
-7913
-14877
-18282
-17116
-11918
-6412
-2611
-1950
-3868
-5734
-6308
-4442
-1108
2623
6405
9605
12058
13261
12595
10039
5942
1737
-623
-84
2615
5196
5559
2799
-1810
-6374
-8778
-8072
-5242
-1418
1344
3027
3847
4321
4885
4824
4829
4715
5297
6839
8708
10323
10033
7646
3765
-115
-2344
-2800
-1762
-505
51
-392
-1585
-2606
-3199
-3192
-2955
-2328
-1118
301
2043
3307
3668
2900
1043
-356
-944
-117
1282
1982
1846
308
-1411
-2860
-3468
-3222
-2723
-2261
-1934
-1498
-1067
-592
-477
-582
-963
-1189
-849
-26
966
1496
1378
705
76
-268
-11
490
932
999
654
205
-201
-468
-695
-861
-1108
-1276
-1278
-1127
-756
-614
-589
-766
-956
-817
-523
89
730
1271
1513
1414
1126
702
378
-25
29
541
1279
1765
1568
1065
583
722
1071
1566
1284
-1464
-6926
-13921
-17829
-17009
-12335
-6669
-3549
-3081
-5545
-8063
-8365
-6091
-1553
3007
6930
9741
11487
12079
11277
9195
6396
3909
2878
3827
6132
7648
6681
2881
-2540
-6934
-9041
-7726
-4442
-1028
1279
1317
638
-209
-41
1080
2676
4876
6856
8878
10021
10360
9419
7084
4418
2094
1377
1766
2542
2735
1628
-469
-2951
-4645
-5004
-4283
-3057
-2049
-1340
-962
-821
-729
-734
-590
-335
216
1134
2074
2868
2698
1851
472
-691
-968
-784
-51
183
-207
-1100
-2189
-2699
-2821
-2502
-2100
-1658
-1303
-1054
-845
-754
-746
-844
-612
-150
610
1374
1793
1718
1293
942
736
745
856
1018
947
586
53
-560
-1099
-1543
-1639
-1400
-1059
-778
-830
-1209
-1365
-1201
-610
52
345
425
379
727
1156
1759
1972
1964
1689
1402
1531
1680
2081
2356
2440
470
-4406
-11449
-16796
-17800
-14606
-9085
-5038
-3723
-5820
-9412
-11047
-9658
-5335
49
4896
8720
11004
11691
10986
9318
7446
5936
5851
7256
9672
11019
9638
5622
-166
-5013
-7517
-6912
-4056
-1300
89
-923
-2822
-4390
-4673
-3213
-867
2274
5096
7298
8602
8837
8280
6964
5826
5399
5920
6908
7165
6280
4034
1153
-1412
-2912
-3050
-2382
-1965
-2270
-3184
-4315
-4997
-4906
-4164
-3086
-2236
-1504
-654
40
642
829
872
1123
1572
2299
2943
3156
2817
1820
698
-120
-482
-534
-536
-790
-1336
-2106
-2955
-3490
-3669
-3445
-2993
-2401
-1775
-1150
-578
-94
284
465
777
1308
2087
2833
3158
3109
2527
1840
1162
696
411
208
27
-284
-651
-1283
-2036
-2624
-2768
-2405
-1826
-1259
-922
-812
-591
-210
341
798
1163
1582
1889
2221
2729
3229
4012
3495
335
-5706
-12494
-15916
-15043
-10976
-6943
-5537
-7164
-11017
-13971
-13894
-10553
-5301
-450
3389
5607
6736
7277
7306
7503
7585
8353
9874
11679
13036
12300
9587
5467
1518
-601
-917
226
1125
582
-1471
-4329
-6379
-6961
-5887
-3978
-1909
-141
985
1867
2417
3125
3837
4681
6045
7516
8915
9294
8566
7022
5047
3640
3000
3132
3307
2670
1090
-1187
-3295
-4734
-5293
-5338
-5046
-4650
-4620
-4653
-4723
-4510
-4001
-3386
-2248
-847
815
2273
3033
3209
2734
2308
2275
2840
3585
3880
3452
2237
873
-377
-1231
-1725
-2115
-2404
-2847
-3338
-3672
-3816
-3794
-3578
-3201
-2516
-1653
-832
-71
492
956
1453
1990
2619
3214
3601
3582
3249
2744
2125
1634
1135
859
540
-44
-687
-1603
-2204
-2585
-2740
-2502
-2334
-1890
-1553
-1345
-985
-709
-30
920
2366
3427
1908
-3018
-9921
-14227
-13532
-9082
-4009
-2392
-4578
-9566
-14177
-14697
-11415
-5680
-924
1497
2159
1811
2094
2821
4354
5987
7511
9350
10826
12107
11837
9831
6966
4282
3604
4412
5886
6317
4535
1116
-2959
-5286
-5306
-3594
-1578
-936
-1353
-2596
-3451
-3185
-1901
160
1865
3383
4490
5238
5711
5435
5147
4911
5238
6057
6740
6967
5946
3975
1682
-15
-679
-555
-378
-950
-2213
-4089
-5631
-6341
-6206
-5332
-4729
-4455
-4376
-4183
-3333
-2189
-1003
-30
596
1152
1781
2553
3326
3862
3996
3791
3451
3085
2765
2198
1362
304
-727
-1466
-1961
-2246
-2608
-2987
-3421
-3694
-3708
-3452
-2942
-2454
-1869
-1319
-714
-54
574
1210
1714
2037
2277
2460
2656
2864
2900
2662
2224
1661
1314
1053
723
323
-242
-771
-1285
-1587
-1781
-1629
-1137
-400
328
-540
-3477
-8478
-12916
-13846
-11357
-6843
-4109
-4749
-8086
-12394
-14005
-12147
-7515
-2377
511
1207
284
-275
517
2518
5248
7558
9240
10066
10411
10436
9782
8728
7505
6868
7162
7681
7832
6657
4130
1008
-1530
-2383
-1816
-787
-539
-1548
-3186
-4727
-5095
-4120
-2317
-504
470
825
817
1284
2209
3287
4393
5057
5702
6074
6259
6338
5936
5330
4430
3585
2928
2244
1608
666
-542
-1902
-3146
-3941
-4386
-4694
-5128
-5739
-6139
-6004
-5353
-4337
-3347
-2539
-2030
-1645
-1135
-242
985
2216
3129
3607
3699
3564
3524
3574
3626
3289
2558
1712
886
285
-179
-740
-1435
-2241
-2882
-3263
-3433
-3408
-3469
-3446
-3311
-2939
-2446
-1883
-1227
-600
-15
452
970
1639
2194
2567
2688
2865
3046
3066
2934
2664
2492
1967
945
-130
-764
-276
706
1273
1095
-720
-4102
-8704
-12510
-12857
-10115
-6170
-4362
-6284
-10148
-13956
-14705
-11934
-7232
-2588
-564
-954
-2434
-3038
-1475
1659
5412
8172
9327
9252
8700
8750
9319
10035
10530
10393
9963
9196
8238
7080
5537
3924
2444
1499
922
190
-953
-2631
-4225
-5181
-5288
-4555
-3702
-3201
-3247
-3578
-3427
-2408
-753
937
2255
3047
3559
4054
4695
5612
6486
6948
6720
5968
5242
4576
4167
3706
2946
1893
477
-856
-1902
-2884
-3764
-4750
-5496
-5797
-5880
-5693
-5629
-5512
-5302
-4918
-4098
-2991
-1768
-697
76
760
1353
2181
3085
3807
4339
4471
4328
3911
3462
3098
2671
2228
1586
796
-103
-997
-1568
-2059
-2415
-2843
-3311
-3623
-3793
-3665
-3361
-2945
-2512
-2090
-1604
-1127
-651
-175
548
1508
2249
2473
2280
2261
2664
3105
3171
2722
2463
2493
2888
2928
1303
-2069
-6425
-9196
-9274
-7621
-5797
-5783
-7864
-11142
-13978
-14080
-11612
-7954
-5302
-4833
-5756
-6577
-5919
-3455
104
3376
5291
5846
5881
6327
7728
9511
11087
11911
11931
11471
10650
9908
9329
8733
8043
7080
5967
4641
2968
1117
-608
-1864
-2562
-2913
-3366
-3984
-4878
-5689
-5992
-5651
-4671
-3623
-2795
-2302
-1877
-1128
8
1535
3077
4349
5121
5375
5410
5425
5594
5846
6128
6039
5268
4020
2667
1705
942
161
-866
-2074
-3233
-4211
-4879
-5154
-5320
-5576
-5762
-5849
-5452
-4775
-4043
-3315
-2643
-1844
-1046
-124
737
1598
2415
2996
3515
3814
4014
3994
3772
3473
3046
2566
2173
1796
1335
714
-147
-933
-1599
-2065
-2471
-2802
-3042
-3271
-3397
-3284
-2956
-2655
-2535
-2408
-1919
-1090
-186
405
693
1141
1788
2556
2764
2345
1894
2299
3534
3429
560
-4598
-8480
-8477
-5510
-2448
-2489
-5815
-10383
-13804
-13625
-10256
-6098
-3738
-4505
-6924
-8667
-7983
-4760
-720
2432
3633
3339
2747
3197
5232
7789
9950
10886
10781
10392
9899
9806
9874
9865
9593
8835
7751
6488
5161
3716
2385
1368
535
-255
-1222
-2381
-3529
-4524
-4992
-4835
-4333
-3925
-3851
-4142
-4277
-3908
-2802
-1110
491
1543
2038
2078
2317
2948
3899
5052
5655
5686
5068
4206
3605
3415
3460
3052
2100
764
-677
-1591
-2220
-2526
-2885
-3486
-4195
-4956
-5268
-5219
-4844
-4445
-4046
-3547
-2951
-2352
-1739
-1130
-410
482
1310
2200
2771
2972
3089
3056
3132
3213
3205
3047
2646
2088
1570
1179
876
572
-39
-844
-1720
-2316
-2590
-2600
-2509
-2426
-2547
-2764
-2844
-2594
-1986
-1188
-588
-400
-453
-105
785
1965
2826
3230
2466
-349
-4543
-7727
-7075
-3513
-251
-653
-4961
-10214
-13360
-12424
-8277
-4072
-2502
-4402
-7856
-9756
-8434
-4528
-311
2094
2167
1050
399
1377
4061
7198
9318
9749
8975
8171
8105
8728
9708
10463
10448
9512
7984
6374
5191
4367
3865
3603
3011
1922
250
-1366
-2606
-3096
-3010
-2713
-2616
-3086
-3864
-4544
-4566
-3830
-2660
-1578
-871
-590
-520
-218
493
1538
2634
3336
3560
3429
3268
3273
3493
3686
3615
3247
2587
1800
1085
489
-1
-456
-977
-1625
-2357
-3131
-3704
-3962
-3905
-3722
-3577
-3609
-3630
-3541
-3202
-2515
-1625
-828
-262
25
281
717
1375
2142
2645
2958
2902
2662
2431
2289
2284
2306
2237
1923
1330
716
58
-461
-892
-1111
-1281
-1589
-2131
-2653
-2786
-2491
-1847
-1445
-1493
-1702
-1911
-1471
-465
848
1767
2144
1978
-60
-3571
-7727
-8132
-4504
55
1240
-2904
-8752
-12909
-12609
-8426
-3507
-1125
-3086
-7250
-10298
-9537
-5317
-534
2353
2181
483
-869
-314
2664
6446
9273
9685
8472
7238
7080
8071
9402
10558
10785
9878
8264
6635
5651
5112
4865
4476
3803
2630
866
-850
-2089
-2420
-2207
-1939
-2087
-2948
-4103
-4944
-4779
-3759
-2445
-1550
-1428
-1715
-1902
-1467
-335
1075
2136
2368
2164
1923
2234
2792
3358
3642
3501
3076
2344
1747
1390
1307
1153
764
215
-566
-1315
-1942
-2328
-2413
-2470
-2581
-2896
-3302
-3534
-3467
-3098
-2620
-2109
-1786
-1572
-1388
-1057
-415
326
998
1422
1622
1743
1839
2097
2421
2660
2603
2329
1993
1746
1581
1380
1129
535
-17
-565
-753
-786
-999
-1349
-1861
-2091
-1980
-1656
-1704
-1717
-1726
-1192
-549
-90
259
1037
828
-1614
-6415
-9514
-7570
-2089
2012
138
-5968
-11832
-13437
-10017
-4446
-334
-769
-5172
-9909
-10921
-7104
-1499
2434
2664
483
-1874
-2232
419
4769
8595
9647
8130
6114
5570
6862
8901
10556
11042
10206
8420
6658
5988
5962
6078
5704
4804
3553
1956
337
-802
-1256
-1283
-1380
-1806
-2638
-3652
-4557
-4746
-4028
-2973
-2176
-2156
-2580
-2913
-2590
-1477
206
1560
1922
1384
656
780
1774
3172
4039
3987
3177
2174
1546
1511
2034
2364
2098
1125
-57
-816
-1140
-1076
-960
-1038
-1390
-2151
-2892
-3253
-3094
-2556
-2078
-1890
-2006
-2293
-2386
-2047
-1374
-533
83
314
258
261
582
1154
1801
2177
2191
1921
1650
1582
1758
1967
1852
1342
698
276
175
33
-270
-644
-849
-844
-1068
-1369
-1900
-1795
-1480
-945
-610
-559
-524
-113
-461
-2682
-6801
-9497
-7653
-2840
828
-919
-6396
-11700
-12889
-9577
-4193
-344
-1015
-5258
-9742
-10364
-6439
-861
2787
2649
184
-2221
-2211
684
5121
8565
9178
7369
5461
5343
7111
9404
10946
11005
9786
8014
6641
6520
7038
7210
6599
5164
3668
2192
1020
339
109
-73
-564
-1543
-2654
-3582
-4143
-4168
-3713
-3013
-2668
-2828
-3235
-3431
-2975
-2089
-986
-115
292
322
257
542
1151
2002
2688
3025
2794
2215
1736
1696
2003
2327
2185
1646
803
-37
-545
-660
-580
-565
-879
-1409
-2067
-2444
-2528
-2337
-2016
-1916
-2015
-2182
-2224
-1989
-1482
-977
-590
-465
-537
-515
-197
364
1012
1406
1476
1327
1176
1296
1603
1994
2028
1672
1180
848
786
928
845
525
-93
-483
-568
-385
-149
-220
-417
-985
-1273
-1121
-422
893
588
-2060
-7199
-10428
-8481
-3094
1121
-639
-6354
-11979
-13424
-9998
-4391
-176
-611
-5102
-9901
-10827
-6744
-1140
2654
2473
-153
-2720
-2961
-58
4524
8129
8617
6670
4509
4445
6467
9015
10857
11016
9659
7630
6221
6397
7308
7964
7373
5908
4132
2514
1420
924
1060
948
448
-886
-2246
-3338
-3902
-3664
-3056
-2493
-2637
-3430
-4222
-4312
-3495
-2167
-1069
-611
-954
-1458
-1395
-505
897
1960
2372
2142
1616
1289
1476
2136
2805
2963
2390
1514
934
767
863
923
634
82
-622
-1235
-1429
-1441
-1298
-1319
-1524
-1877
-2221
-2273
-2085
-1777
-1357
-1062
-882
-1023
-1118
-900
-481
83
567
848
929
788
645
820
1164
1592
1775
1618
1296
955
831
741
848
880
801
466
62
-340
-298
-183
140
2
-423
-818
-554
198
-782
-4057
-8420
-9314
-5993
-1305
-363
-4206
-9698
-12742
-11454
-6990
-2516
-1105
-3803
-8210
-10576
-8475
-3554
866
2016
287
-2242
-3166
-1343
2572
6601
8222
6979
4801
3982
5594
8283
10464
11170
10217
8424
6919
6725
7768
8661
8495
7043
5256
3762
2672
2189
2122
2116
1438
84
-1441
-2570
-3145
-3258
-2967
-2644
-2758
-3446
-4296
-4647
-4107
-3286
-2460
-2064
-1894
-2007
-1926
-1457
-637
247
756
1126
1204
1215
1226
1378
1994
2510
2601
2225
1547
1183
1125
1303
1434
1189
602
-191
-787
-1068
-949
-788
-887
-1265
-1728
-2011
-2051
-1889
-1582
-1372
-1271
-1323
-1322
-1264
-973
-651
-199
147
332
411
453
630
840
1050
1217
1220
1175
1116
1040
996
908
940
866
788
501
161
6
162
498
559
313
-227
-467
-49
7
-1113
-4448
-7634
-8009
-5368
-1831
-1821
-5025
-9706
-12107
-10777
-7122
-3327
-2495
-4851
-8475
-10152
-8080
-3855
-73
946
-524
-2637
-3236
-1338
2450
5959
7391
6364
4624
4135
5728
8258
10481
11083
10147
8506
7205
7366
8344
9208
8964
7646
5940
4454
3565
3165
3239
2999
2216
793
-715
-1865
-2391
-2369
-2293
-2299
-2763
-3581
-4312
-4555
-4097
-3393
-2808
-2674
-2805
-2935
-2834
-2235
-1327
-411
195
388
324
241
387
944
1770
2380
2552
2173
1571
1309
1447
1907
2118
1844
1257
520
57
-48
81
120
-141
-729
-1302
-1630
-1745
-1575
-1398
-1369
-1523
-1759
-1901
-1761
-1442
-1004
-735
-613
-544
-380
-81
221
557
765
906
807
737
712
946
1160
1246
1172
968
759
526
556
625
745
653
315
124
127
515
1112
502
-1548
-5141
-7442
-6742
-3764
-1230
-2100
-5808
-10147
-11974
-10245
-6353
-3072
-2992
-5892
-9479
-10584
-8109
-3786
-307
281
-1334
-3565
-3913
-1603
2410
5842
6744
5463
3722
3564
5394
8147
10450
11056
9958
8163
7068
7521
8851
9765
9422
7994
6086
4689
3972
3986
4205
3791
2686
1099
-347
-1180
-1602
-1707
-1808
-2127
-2706
-3559
-4139
-4346
-4002
-3576
-3119
-3041
-3154
-3453
-3503
-2957
-2085
-968
-355
-291
-600
-713
-224
667
1635
2144
2046
1541
1138
1291
1825
2447
2565
2037
1363
816
768
952
1074
937
387
-265
-782
-917
-866
-788
-979
-1266
-1652
-1921
-1944
-1792
-1467
-1386
-1341
-1324
-1230
-989
-714
-358
-112
58
212
328
483
627
809
968
972
974
960
963
873
752
715
791
790
662
445
347
766
1124
488
-1756
-4937
-6629
-5827
-3236
-1621
-2717
-6164
-9844
-11179
-9566
-6189
-3592
-3757
-6352
-9344
-10031
-7744
-3938
-909
-356
-1838
-3735
-3897
-1568
2176
5244
6159
5117
3767
3734
5427
8075
10165
10721
9757
8317
7603
8039
9217
9925
9550
8147
6510
5309
4783
4791
4765
4208
3040
1526
350
-374
-757
-999
-1441
-1910
-2603
-3274
-3700
-3902
-3781
-3682
-3508
-3486
-3526
-3533
-3383
-3049
-2499
-1888
-1343
-981
-874
-781
-540
-39
633
1134
1290
1328
1250
1358
1544
1754
1894
1772
1497
1265
1115
1087
967
726
426
103
-151
-377
-557
-676
-823
-955
-1165
-1348
-1537
-1627
-1624
-1600
-1546
-1426
-1304
-1128
-918
-754
-618
-495
-360
-83
155
416
569
609
619
737
987
1173
1186
835
621
629
910
1158
1189
983
860
767
51
-1615
-3862
-5054
-4592
-3025
-2173
-3248
-5879
-8467
-9567
-8530
-6371
-4639
-4647
-6349
-8302
-8855
-7465
-4739
-2466
-1649
-2342
-3404
-3431
-1780
953
3519
4640
4394
3724
3790
5115
7122
8928
9632
9204
8329
7859
8252
9053
9611
9307
8249
6915
5975
5479
5391
5185
4589
3507
2163
1161
549
228
-249
-895
-1575
-2257
-2856
-3288
-3495
-3615
-3687
-3762
-3746
-3574
-3572
-3489
-3396
-3091
-2567
-2085
-1602
-1270
-1052
-898
-611
-103
452
852
988
1086
1158
1381
1573
1701
1825
1673
1516
1235
1102
1035
976
816
551
327
48
-181
-399
-590
-703
-867
-1031
-1219
-1286
-1304
-1348
-1339
-1322
-1204
-1077
-974
-849
-715
-635
-538
-413
-254
65
314
541
561
519
515
779
1051
1224
1069
750
472
482
701
1008
1336
1512
1212
-9
-2061
-4179
-4683
-3818
-2330
-2033
-3346
-5757
-7969
-8876
-7977
-6056
-4549
-4661
-6165
-7819
-8226
-7047
-4829
-2919
-2054
-2375
-3100
-3050
-1811
442
2616
3746
3965
3681
3915
4931
6436
7960
8709
8678
8229
8000
8269
8718
8957
8648
7975
7098
6307
5810
5492
5064
4295
3321
2366
1716
1229
736
111
-733
-1439
-2054
-2403
-2589
-2746
-2973
-3392
-3739
-3882
-3719
-3380
-3029
-2880
-2847
-2859
-2685
-2121
-1459
-763
-586
-567
-540
-333
224
805
1318
1402
1186
931
972
1336
1786
1938
1709
1152
612
357
484
736
813
385
-209
-694
-783
-643
-571
-708
-999
-1373
-1647
-1660
-1436
-1112
-1011
-1128
-1245
-1154
-1004
-651
-405
-253
-246
-248
-110
238
465
645
635
610
622
585
756
755
735
626
609
775
838
996
1072
664
-536
-2488
-3882
-4151
-3202
-2385
-2571
-3918
-5914
-7484
-7894
-7030
-5538
-4694
-5018
-6083
-7010
-6991
-5866
-4180
-2724
-2078
-2197
-2447
-2115
-839
1041
2635
3388
3565
3664
4277
5380
6618
7650
7997
7928
7712
7921
8318
8651
8475
7890
7150
6427
6016
5733
5410
4737
3785
2808
2002
1481
1121
720
75
-723
-1521
-2000
-2168
-2209
-2344
-2805
-3342
-3765
-3684
-3325
-2863
-2652
-2684
-2882
-2898
-2545
-1881
-1189
-849
-703
-790
-610
-233
309
806
977
890
706
794
1101
1517
1671
1435
970
648
589
788
896
684
300
-167
-452
-455
-385
-354
-527
-879
-1273
-1528
-1511
-1241
-943
-902
-1087
-1287
-1221
-959
-540
-343
-330
-557
-661
-383
63
425
467
313
141
224
441
757
915
728
495
301
340
510
826
1024
1108
566
-561
-2178
-3474
-3805
-3362
-2587
-2598
-3362
-4957
-6513
-7327
-7003
-5801
-4813
-4581
-5193
-5929
-6262
-5842
-4669
-3406
-2305
-1917
-1758
-1464
-656
546
1704
2698
3260
3760
4332
5133
6177
7045
7460
7386
7256
7443
7933
8315
8350
7837
6948
6144
5569
5390
5279
4915
4148
3002
1990
1281
993
767
402
-252
-978
-1629
-2049
-2099
-2114
-2340
-2784
-3163
-3184
-2909
-2705
-2559
-2583
-2496
-2398
-2081
-1638
-1244
-980
-951
-835
-559
-144
294
522
649
609
596
766
895
1160
1188
1139
876
647
525
466
390
242
81
-172
-350
-510
-575
-674
-897
-1129
-1267
-1282
-1180
-1114
-1080
-1128
-1108
-1070
-846
-644
-456
-361
-424
-496
-498
-172
174
434
436
315
183
84
179
231
291
283
284
276
259
256
257
283
256
261
6
-647
-1824
-2850
-3341
-3223
-2873
-2933
-3346
-4165
-5064
-5707
-5886
-5541
-5104
-4674
-4610
-4646
-4671
-4480
-3995
-3407
-2735
-2094
-1403
-663
203
1033
1648
2065
2530
3215
4081
5047
5882
6430
6631
6581
6695
6969
7315
7515
7348
6950
6356
5920
5551
5278
4895
4268
3500
2696
2042
1565
1166
719
223
-252
-730
-1103
-1428
-1652
-1813
-2044
-2210
-2369
-2373
-2333
-2265
-2209
-2191
-2122
-1939
-1587
-1294
-1087
-1006
-928
-721
-439
-101
141
369
380
320
243
292
471
616
645
488
362
146
83
95
36
-81
-332
-549
-697
-703
-673
-655
-695
-838
-1017
-1183
-1299
-1273
-1201
-1011
-821
-715
-712
-852
-785
-678
-463
-359
-301
-237
-160
-111
-125
-50
1
82
109
70
69
-11
-11
25
115
209
121
-34
-179
-120
162
359
176
-606
-1744
-2639
-3014
-2837
-2535
-2413
-2692
-3342
-4150
-4700
-4797
-4511
-4145
-3974
-3903
-3853
-3664
-3299
-2871
-2376
-2035
-1707
-1290
-609
339
1341
2105
2530
2716
2993
3453
4239
5079
5734
6034
6022
5965
6031
6267
6411
6328
6005
5513
5046
4698
4494
4195
3681
2926
2181
1610
1308
1085
822
418
-98
-603
-935
-1054
-1043
-1058
-1268
-1558
-1787
-1903
-1757
-1578
-1429
-1373
-1414
-1471
-1384
-1086
-752
-556
-511
-559
-599
-479
-240
78
295
318
80
-157
-265
-128
-9
-44
-185
-419
-510
-500
-479
-463
-609
-750
-910
-1004
-946
-884
-941
-1077
-1164
-1168
-1093
-1069
-969
-869
-748
-691
-722
-634
-557
-417
-316
-309
-329
-381
-300
-104
154
228
143
-116
-362
-428
-420
-274
-113
23
130
47
-26
-122
-136
-128
-132
-16
127
113
-260
-908
-1471
-1815
-1899
-2038
-2168
-2309
-2446
-2664
-2922
-3053
-3059
-3008
-3046
-3085
-3023
-2859
-2549
-2169
-1838
-1568
-1358
-1142
-771
-183
504
1085
1522
1830
2216
2672
3163
3677
4089
4338
4428
4510
4684
4964
5138
5090
4842
4552
4284
4087
3913
3688
3316
2820
2274
1873
1604
1421
1239
941
590
152
-200
-373
-383
-378
-549
-787
-990
-1098
-1146
-1143
-1087
-966
-938
-942
-865
-791
-653
-605
-595
-526
-467
-381
-352
-330
-260
-264
-312
-409
-475
-502
-572
-686
-801
-861
-836
-816
-879
-950
-1041
-1131
-1156
-1134
-1139
-1107
-1031
-862
-749
-745
-815
-819
-712
-514
-378
-238
-185
-169
-217
-304
-315
-222
-55
23
-31
-184
-248
-253
-159
-115
-138
-248
-276
-126
-7
-45
-243
-382
-360
-277
-188
-175
-180
-205
-199
-56
89
33
-314
-847
-1253
-1459
-1516
-1536
-1483
-1518
-1700
-1996
-2249
-2263
-2151
-2091
-2096
-2238
-2269
-2125
-1870
-1585
-1386
-1231
-1135
-1036
-742
-187
382
791
1032
1250
1553
1944
2371
2799
3102
3239
3272
3388
3723
4051
4236
4180
3960
3679
3459
3353
3287
3191
2944
2571
2214
1961
1788
1708
1561
1242
885
516
274
165
141
105
-73
-357
-557
-634
-624
-509
-520
-623
-760
-870
-807
-683
-613
-633
-738
-786
-756
-714
-612
-578
-607
-714
-882
-891
-782
-699
-769
-1010
-1109
-1028
-825
-681
-770
-913
-1017
-974
-839
-773
-875
-972
-935
-814
-666
-634
-539
-403
-287
-273
-427
-544
-486
-322
-140
-51
-84
-176
-178
-120
-52
-79
-314
-489
-472
-311
-150
-31
42
13
-140
-474
-598
-443
-191
-87
-286
-535
-505
-306
-113
-16
-39
18
97
71
-282
-656
-891
-900
-871
-993
-1141
-1354
-1452
-1432
-1378
-1343
-1439
-1593
-1711
-1769
-1671
-1563
-1382
-1222
-1102
-948
-746
-485
-209
22
187
386
650
992
1361
1738
2046
2309
2493
2619
2749
2880
3067
3202
3181
3120
3032
2995
2927
2822
2728
2576
2384
2150
1967
1852
1781
1619
1303
968
639
474
459
388
250
76
-56
-102
-117
-122
-235
-447
-711
-827
-873
-810
-697
-697
-695
-722
-827
-826
-760
-740
-798
-862
-888
-898
-867
-790
-704
-725
-814
-859
-784
-635
-584
-637
-747
-832
-818
-750
-596
-437
-274
-232
-258
-374
-565
-607
-511
-341
-190
-132
-120
-109
-119
-186
-283
-357
-410
-421
-343
-250
-122
-86
-172
-232
-322
-222
-287
-430
-508
-544
-388
-257
-140
-174
-289
-377
-408
-381
-419
-503
-427
-277
-103
-57
-23
71
63
-119
-485
-750
-891
-951
-975
-958
-992
-1072
-1158
-1163
-1070
-1055
-1136
-1260
-1347
-1322
-1192
-1006
-816
-644
-478
-394
-339
-197
50
386
672
834
962
1138
1378
1655
1945
2132
2228
2223
2195
2325
2479
2576
2569
2444
2319
2241
2222
2252
2235
2170
1960
1656
1302
1065
987
984
903
760
570
387
301
172
66
-84
-298
-441
-465
-384
-279
-363
-480
-593
-630
-561
-532
-499
-514
-593
-659
-665
-565
-430
-422
-463
-658
-704
-590
-298
-69
-32
-309
-620
-616
-389
-176
-266
-367
-393
-317
-287
-270
-334
-357
-393
-406
-456
-471
-444
-316
-215
-254
-533
-832
-935
-555
-257
-219
-340
-488
-353
-317
-314
-529
-765
-899
-713
-376
-97
-59
-197
-432
-558
-512
-432
-362
-344
-256
-262
-342
-474
-430
-310
-135
-114
-141
-156
-150
-112
-101
-151
-273
-398
-589
-627
-649
-567
-481
-520
-669
-897
-1073
-1095
-932
-649
-450
-457
-509
-538
-525
-389
-309
-224
-145
-81
38
215
484
711
849
860
898
1028
1293
1532
1690
1681
1664
1684
1736
1930
2003
2064
1933
1746
1575
1461
1458
1449
1480
1377
1204
1046
891
787
770
656
468
276
70
70
89
85
39
-118
-267
-322
-242
-90
-124
-202
-296
-319
-273
-333
-298
-212
-124
-106
-149
-260
-289
-229
-72
-15
-50
-207
-232
-186
-167
-199
-294
-377
-367
-273
-205
-153
-166
-241
-361
-541
-615
-600
-548
-484
-566
-712
-655
-446
-206
-190
-465
-751
-956
-970
-808
-563
-370
-353
-429
-459
-405
-410
-526
-609
-654
-680
-614
-448
-250
-145
-222
-338
-433
-406
-366
-267
-189
-264
-370
-495
-526
-374
-187
-18
81
14
-70
-88
-55
-45
-54
-108
-256
-313
-305
-287
-221
-137
-106
-122
-178
-259
-382
-444
-485
-444
-370
-237
-94
-40
-52
-8
98
160
220
189
218
285
465
610
733
850
851
931
1029
1123
1202
1202
1171
1122
1090
1132
1096
1083
1071
994
913
809
786
767
730
659
518
382
355
387
445
381
218
55
80
182
276
291
238
201
82
-1
-41
-4
117
241
352
297
283
188
168
157
176
180
172
182
130
98
-83
-88
-206
-79
-87
9
-56
-140
-341
-454
-603
-519
-486
-436
-478
-590
-586
-479
-439
-559
-766
-840
-768
-614
-589
-686
-740
-647
-477
-473
-547
-699
-677
-549
-314
-197
-194
-369
-493
-591
-493
-394
-158
-116
-113
-275
-376
-419
-478
-536
-483
-380
-155
9
-9
-97
-251
-350
-404
-340
-172
-4
77
44
-20
-62
-111
-84
-121
-156
-120
-79
63
81
36
-90
-234
-284
-325
-258
-166
-35
-82
-147
-231
-175
-63
70
189
191
192
151
209
275
286
260
151
128
268
401
516
564
681
691
679
634
613
639
672
667
674
597
576
704
815
833
751
626
472
385
414
473
453
450
422
387
432
485
568
533
339
202
140
207
279
389
398
326
318
277
298
200
156
179
223
275
221
139
50
68
112
117
39
-139
-233
-259
-165
-8
-58
-278
-431
-396
-325
-333
-425
-578
-610
-566
-438
-364
-408
-471
-470
-430
-450
-589
-724
-786
-713
-593
-517
-461
-372
-321
-351
-455
-571
-521
-489
-427
-335
-299
-226
-153
-170
-77
-38
-18
-81
-132
-185
-335
-372
-278
-106
-53
-64
-170
-224
-192
-72
31
-88
-355
-505
-436
-185
-58
-50
-142
-155
-121
-74
-94
-203
-240
-186
-57
53
67
106
174
154
27
-165
-305
-194
-22
90
149
166
179
139
90
-29
-102
-71
64
191
263
289
331
331
341
321
346
352
247
160
273
525
741
666
405
257
330
561
693
527
350
309
371
541
579
584
539
505
512
386
293
279
248
361
399
427
383
272
280
276
338
298
261
241
320
380
377
244
72
-41
14
166
214
163
43
63
97
52
-36
-169
-204
-220
-124
-22
-52
-240
-474
-545
-430
-314
-367
-401
-426
-358
-350
-412
-370
-380
-368
-480
-609
-558
-452
-357
-413
-407
-332
-279
-261
-376
-500
-599
-583
-355
-108
-27
-30
-148
-155
-209
-294
-359
-285
-153
-66
-147
-207
-168
-187
-265
-296
-188
-136
-176
-217
-241
-339
-349
-286
-45
128
97
-37
-86
-25
72
139
70
-7
-35
-6
61
24
-25
-57
-2
170
246
277
227
161
108
-7
-64
-49
134
316
375
300
188
131
87
47
42
55
65
86
151
233
233
252
233
190
168
181
159
62
26
51
224
352
323
226
150
227
300
350
274
194
185
144
279
355
359
326
295
310
277
255
310
378
290
148
60
130
230
377
481
422
187
-156
-271
-228
67
274
260
108
-52
-44
-2
50
-67
-190
-203
-70
36
38
-38
-179
-199
-215
-185
-201
-174
-86
-6
8
-197
-382
-420
-272
-40
73
-28
-215
-405
-338
-182
-67
-190
-344
-405
-362
-198
-149
-64
-63
-119
-284
-348
-300
-98
67
-34
-227
-329
-172
144
187
-85
-381
-416
-295
-147
-102
-110
-103
-92
-110
-201
-249
-284
-197
-259
-337
-326
-109
136
156
-104
-367
-411
-230
-35
47
120
82
40
-22
41
189
232
166
-50
-162
-182
-97
91
313
457
307
122
-74
-44
14
27
-10
-93
-18
23
168
221
307
291
251
160
23
27
81
212
227
119
-11
16
109
256
302
347
368
440
344
183
45
47
158
228
269
307
431
472
478
293
82
23
58
227
289
292
137
-98
-273
-271
-105
103
314
342
207
-38
-79
30
177
188
-59
-317
-376
-287
-120
-57
-33
16
37
68
43
3
-146
-296
-434
-428
-326
-122
156
281
293
70
-65
-142
-87
-92
-197
-210
-200
-78
90
230
226
52
-162
-199
-163
-99
-115
-213
-286
-325
-332
-209
-108
100
175
81
-142
-415
-463
-356
-133
42
62
-3
15
84
42
-46
-84
-97
-75
-105
-132
-113
-137
-174
-312
-374
-258
-20
206
331
292
41
-318
-462
-269
-6
148
89
29
8
147
172
57
-186
-375
-242
-11
163
113
-63
-113
-83
-105
-191
-222
-74
99
182
125
77
68
38
95
116
138
136
151
152
136
133
69
140
228
268
224
145
88
115
107
142
141
174
232
265
211
157
132
122
230
273
242
-54
-282
-308
-58
179
217
234
205
205
143
53
-26
-99
-147
-214
-161
44
355
548
457
266
84
9
-34
-82
-127
-201
-246
-257
-116
132
324
274
5
-267
-476
-444
-341
-237
-145
-106
-48
15
99
174
236
204
24
-113
-167
-114
-43
-48
-71
-155
-90
-18
24
-75
-190
-156
-63
-5
23
90
118
65
-51
-99
-134
-85
36
90
39
6
77
82
37
-67
-144
-127
-72
41
67
46
-77
-285
-408
-397
-217
-104
-28
42
81
98
66
-46
-139
-186
-185
-59
-12
80
40
-51
-104
-73
114
251
241
30
-174
-249
-135
6
55
-23
-80
30
150
188
58
18
83
77
-50
-229
-168
-46
103
92
41
8
-60
-41
-29
33
4
-21
-90
-169
-166
-89
18
137
175
195
179
146
111
-49
-110
-157
-49
82
170
203
169
133
74
30
-33
-78
-84
-34
-1
38
-11
32
21
-3
-33
1
200
342
327
162
-35
-155
-53
28
34
-29
-102
-23
267
529
494
184
-144
-235
-121
30
129
158
66
-45
-93
8
151
164
-10
-213
-301
-218
-95
-79
-172
-175
-65
120
225
78
24
2
167
185
17
-141
-217
-58
70
141
-35
-195
-199
17
292
222
39
-132
-78
73
70
36
-3
-43
3
-22
-25
1
60
157
177
118
32
-150
-379
-492
-423
-169
110
209
127
9
-104
-193
-240
-218
-72
47
191
243
147
-22
-187
-180
-93
-27
-43
-106
-103
-153
-197
-256
-227
-77
75
200
190
9
-225
-314
-228
-38
47
38
-9
94
280
411
254
-74
-308
-329
-167
40
222
213
126
37
108
214
227
89
-75
-124
4
166
225
221
93
-38
-72
-21
29
53
-29
-77
-81
36
145
114
36
-38
-19
1
-55
-43
12
117
164
67
-86
-169
-153
-5
84
147
102
36
-23
-72
-98
-118
-39
41
58
7
-18
6
68
65
54
-25
-53
-129
-72
60
90
55
-84
-141
-139
-111
-78
-31
-19
20
44
118
126
50
-61
-116
-51
16
109
190
169
70
-53
-77
-19
68
128
21
-137
-182
-74
138
154
27
-85
-179
-112
10
123
134
41
-144
-263
-161
5
220
245
89
-129
-263
-131
-17
-4
-58
-70
9
98
106
-24
-124
-121
-45
13
-24
2
45
132
170
95
-112
-160
-138
-45
2
-6
5
-1
36
58
90
91
83
59
-35
-82
-93
-67
-2
25
71
124
226
206
143
-17
-162
-131
-3
89
16
-156
-227
-131
67
217
218
73
-56
-174
-239
-229
-167
-19
101
181
155
38
-27
3
69
100
44
-38
-95
-69
-8
37
48
43
97
25
-45
-94
-120
-99
-79
-20
9
38
104
130
118
48
-74
-235
-303
-213
8
361
495
376
80
-130
-76
61
185
173
156
183
257
305
232
22
-229
-231
-39
119
97
-4
-6
68
41
-57
-183
-192
-156
-61
-132
-230
-303
-282
-79
23
129
33
-85
-204
-297
-207
-192
-89
-38
-32
-37
-81
-131
-93
-71
30
76
77
153
55
-127
-322
-320
-142
86
259
308
256
98
-62
-48
42
57
31
-64
-47
32
47
104
32
-44
-146
-149
30
201
259
153
-34
-108
-113
-47
53
110
67
-16
-88
-20
76
56
-53
-192
-154
-41
39
47
25
31
25
-4
-73
-82
-44
47
148
211
264
229
120
6
-54
-15
3
39
81
42
58
30
30
-31
-63
-39
1
6
-82
-174
-224
-136
38
199
204
97
-43
-112
-46
15
115
119
105
0
-26
29
142
206
123
-17
-130
-65
51
178
153
72
-30
-87
-36
87
164
137
40
-41
-110
-157
-238
-215
-105
-2
100
138
90
-16
-160
-309
-328
-280
-198
-65
35
141
146
155
112
7
-139
-236
-191
-93
50
77
101
92
144
103
-13
-86
-121
-77
-46
-104
-128
-103
14
168
263
207
46
-36
46
137
144
30
-101
-115
-43
97
149
149
37
-44
-60
-20
82
143
111
-28
-115
-105
13
105
30
-167
-244
-213
-135
-90
-6
98
175
175
144
95
21
-23
-61
-65
-58
-1
-9
41
-23
-93
-157
-76
8
46
-35
-192
-194
-90
84
179
107
-23
-190
-218
-44
124
195
119
58
64
-5
-111
-213
-208
-67
100
279
276
149
-55
-131
-102
-27
-17
-48
-52
-47
-30
-12
56
124
105
85
97
179
232
163
65
16
22
89
22
-100
-187
-167
-28
-6
22
28
-35
-114
-145
-96
-79
-23
-8
72
111
133
145
89
83
23
-24
-89
-98
-25
-32
-41
-59
7
57
110
81
-77
-180
-257
-161
-35
89
41
-11
-50
-19
-8
-10
-20
-3
27
-51
-153
-242
-146
21
233
266
157
52
-33
-11
15
21
-1
-44
-4
40
89
191
264
295
181
16
-118
-144
-44
-28
-20
-45
-35
6
-9
-7
27
1
25
31
-26
-99
-169
-124
-111
-101
-113
-24
110
181
166
58
37
-39
-67
-87
-52
-24
-81
-84
-53
-7
4
-9
-47
-88
-145
-146
-114
-95
-97
-80
11
69
86
111
71
67
29
-8
-6
9
16
65
126
98
22
-75
-123
-39
35
114
142
99
58
-7
13
-22
-93
-59
-25
18
40
-7
-34
-37
3
59
71
29
1
-40
-31
-11
-31
-8
32
91
108
-6
-72
-60
23
121
121
110
30
-26
-79
-95
-77
-35
44
60
17
-114
-195
-182
-83
-18
-42
-80
-61
33
128
150
109
64
25
35
108
123
77
5
-5
74
106
73
29
43
81
44
-40
-102
-110
-96
-58
17
38
11
-36
-61
-45
-31
-9
5
6
-9
-66
-112
-112
-89
2
75
109
124
75
19
-23
-24
-17
-20
1
30
83
106
122
80
22
17
8
-1
-80
-169
-199
-209
-196
-119
5
113
156
122
49
-39
-98
-122
-92
-64
-33
16
68
153
185
158
86
14
-16
-35
-77
-115
-102
-41
44
151
171
136
48
-18
-45
-69
-102
-138
-112
-65
-47
-67
-87
-62
-40
-53
-93
-115
-119
-84
-23
29
20
-4
5
20
60
80
114
149
170
161
124
63
-12
-88
-124
-68
19
84
46
-37
-78
-67
-12
27
59
56
34
29
38
63
48
37
30
56
94
114
113
86
41
-4
-24
-32
-9
2
7
4
3
29
35
23
-27
-85
-125
-119
-49
21
45
1
-60
-78
-42
-4
15
13
-12
-45
-98
-122
-99
-36
27
34
18
-3
6
48
71
76
92
78
78
69
73
63
23
5
20
68
89
82
56
3
-36
-45
-12
21
20
-5
-24
0
9
-9
-41
-78
-78
-71
-53
-38
-33
-32
-26
-27
-59
-120
-165
-163
-102
-33
-7
-4
-13
4
4
-22
-47
-55
-43
-56
-67
-58
-7
50
85
68
27
-7
-24
-40
-68
-99
-116
-91
-33
48
86
102
68
52
43
12
6
5
17
7
-2
15
20
2
-41
-36
2
30
27
-7
-21
-15
-1
7
37
57
60
55
60
46
31
18
32
76
121
145
111
50
-1
-8
-21
-14
-10
5
13
2
-1
-5
-12
-18
-24
-28
-43
-68
-83
-95
-82
-42
0
36
51
48
16
-43
-100
-120
-109
-84
-36
24
92
111
83
47
20
20
5
-4
-18
-3
48
90
134
139
140
125
117
103
45
-4
-60
-75
-69
-40
16
71
99
93
59
35
9
-10
-48
-113
-136
-135
-110
-90
-69
-49
-50
-63
-71
-61
-43
-30
-43
-62
-68
-67
-16
23
48
61
46
45
35
43
42
30
33
1
-17
-26
-6
14
23
23
21
25
26
-1
-38
-72
-71
-41
-16
-9
-4
14
29
34
36
44
52
51
43
37
38
40
40
42
49
63
56
39
12
-10
-26
-41
-43
-37
-33
-34
-13
-1
16
16
-12
-48
-84
-90
-103
-76
-47
-4
32
37
42
6
-23
-40
-42
-25
-26
-41
-38
-23
-2
3
-5
-11
-13
-20
-23
-22
-37
-38
-48
-35
-17
-5
21
31
48
36
11
-4
-6
0
-1
2
21
35
36
39
38
46
33
24
17
7
2
-20
-15
5
29
50
44
29
2
-19
-28
-36
-51
-65
-70
-51
-17
2
19
21
25
17
12
-12
-30
-44
-46
-42
-33
-32
-31
-18
-11
9
17
21
14
3
4
-10
-28
-25
-9
20
41
47
48
35
33
22
20
8
-24
-57
-72
-38
7
37
58
70
83
73
56
43
29
20
19
22
34
46
51
62
83
87
78
61
57
41
16
-12
-23
-5
32
71
103
107
72
39
-5
-36
-51
-62
-48
-26
9
36
35
22
-3
-14
-40
-73
-95
-122
-134
-129
-98
-55
-27
-8
-13
-31
-52
-79
-93
-95
-59
-16
16
39
46
48
54
58
57
36
21
8
0
5
5
24
36
48
40
18
1
-26
-40
-46
-49
-46
-41
-22
2
17
4
-14
-30
-44
-48
-47
-54
-55
-39
-27
-17
-1
17
27
25
25
23
37
42
52
61
61
51
32
17
-4
-14
-35
-64
-90
-113
-114
-88
-45
-21
-18
-22
-21
-11
-12
-23
-23
-23
-17
-5
9
32
41
49
56
59
56
35
25
19
13
4
13
23
38
44
32
24
4
-13
-28
-29
-24
-7
1
0
7
14
25
24
13
5
-8
-11
-6
14
27
33
34
28
26
15
1
-13
-26
-33
-25
-12
13
34
44
45
45
42
45
39
33
20
5
-4
-2
-1
-3
-7
-15
-16
-27
-38
-53
-55
-51
-45
-35
-25
-12
-6
1
9
11
12
18
29
38
38
33
20
7
1
-5
-7
-6
-16
-20
-20
-22
-8
-3
-4
-3
-16
-32
-33
-40
-39
-34
-33
-25
-11
-1
2
18
19
12
5
-1
-2
-9
-8
3
9
9
3
4
10
14
16
5
5
0
-3
-9
-10
-9
-13
-18
-15
-4
6
17
19
13
6
-1
-3
-3
-6
-7
-5
7
19
32
34
33
33
28
29
21
10
-1
-9
-5
1
9
17
17
18
11
4
-11
-18
-25
-24
-7
0
11
24
32
35
32
25
22
14
13
13
17
15
17
13
-2
-9
-15
-18
-28
-35
-43
-49
-51
-36
-22
-12
-1
0
-1
-8
-12
-14
-10
-2
-2
7
4
3
-1
-5
-3
-5
-5
-8
-5
-3
-3
-6
-8
-14
-20
-23
-18
-19
-20
-16
-11
-8
-2
4
9
4
-1
3
2
0
2
-1
4
13
23
27
26
19
10
0
-3
1
-5
-5
-13
-16
-15
-14
-10
-8
-10
-14
-19
-17
-16
-18
-28
-28
-26
-22
-11
-1
13
21
27
33
36
37
33
29
28
25
22
23
17
22
24
24
25
28
30
28
22
13
7
-6
-7
0
7
6
4
0
-1
6
12
20
20
15
11
5
5
5
6
4
-4
-5
-12
-12
-13
-13
-5
-2
-5
-12
-20
-29
-37
-41
-40
-34
-32
-28
-20
-12
-5
2
7
3
-3
-8
-6
-2
-9
-13
-10
-11
-6
-9
-12
-6
-8
-3
0
11
16
16
10
10
11
10
4
-1
-8
-9
-9
-8
4
1
-6
-7
-6
-2
5
10
9
13
18
25
33
35
39
33
26
16
7
0
-12
-20
-25
-26
-18
-20
-17
-14
-7
-3
-7
-5
-4
4
9
3
-6
-17
-20
-19
-21
-22
-20
-24
-31
-31
-24
-17
-16
-14
-10
-5
-1
-4
-5
-11
-13
-13
-11
-5
2
5
6
10
9
7
10
10
11
13
8
6
3
8
16
18
21
23
27
26
23
17
9
1
-3
-4
-8
-12
-12
-7
5
20
29
35
41
45
44
48
40
29
14
4
8
11
14
9
8
12
15
15
10
5
1
-11
-10
-6
-7
-14
-23
-33
-26
-22
-16
-3
-1
0
-8
-9
-7
5
9
7
6
3
-1
0
7
9
10
10
4
9
11
3
-5
-13
-13
-15
-9
-8
-9
-5
-3
-1
-1
4
3
0
-2
-11
-18
-21
-20
-13
-11
-17
-27
-32
-33
-31
-31
-21
-7
1
7
11
20
23
10
4
-2
-5
-6
-12
-8
-6
-8
-9
-7
-5
-3
0
3
5
-3
-9
-4
3
6
7
0
0
-3
-4
8
8
11
8
6
10
12
17
12
12
5
1
-4
-5
1
1
1
-5
-7
-16
-21
-15
-15
-15
-20
-20
-24
-25
-23
-16
-6
2
10
15
6
1
-2
3
11
4
7
3
-6
-13
-18
-13
-20
-20
-18
-14
-11
-14
-21
-23
-17
-16
-11
3
3
10
19
27
38
34
31
21
19
18
16
22
21
23
18
13
17
23
28
27
31
29
22
17
16
21
17
18
21
15
18
16
13
14
8
7
1
-7
-5
-12
-17
-14
-6
-2
-7
2
4
14
13
-1
4
-3
-3
0
-5
-1
4
2
-12
-22
-25
-26
-25
-18
-10
-11
-18
-15
-13
4
7
18
20
14
9
1
-7
-26
-32
-35
-34
-25
-21
-29
-31
-25
-13
-4
7
16
22
19
15
20
16
16
15
8
14
8
9
8
15
15
12
6
7
9
6
2
0
-1
-7
-7
-5
4
-4
-8
-12
-12
-11
-13
-18
-21
-12
-14
-9
-10
-13
-18
-24
-31
-35
-29
-26
-16
-15
-15
-13
-9
-4
-2
4
5
5
3
3
3
7
7
13
26
41
49
45
33
27
28
25
26
31
24
22
21
20
26
17
9
1
-3
1
-7
-19
-25
-31
-30
-28
-25
-25
-35
-41
-44
-44
-40
-43
-41
-38
-25
-21
-21
-15
-10
1
6
12
15
19
17
16
13
5
20
20
12
25
20
17
11
5
13
15
17
5
3
5
4
17
24
30
31
28
21
26
17
7
0
-3
2
0
2
9
17
13
9
9
16
18
6
-3
-2
-5
-2
-7
-3
-5
-14
-21
-28
-17
-4
-2
-2
-6
-8
-7
-12
-8
-6
-1
8
11
13
5
1
-7
-2
-8
-8
-2
-11
4
6
13
20
14
11
5
-1
-5
-10
-12
-18
-26
-19
-12
-3
1
14
13
5
18
15
17
9
4
13
1
4
-7
0
3
-3
-5
-13
-19
-30
-22
-21
-17
-10
-3
5
27
33
28
30
27
17
-4
-16
-31
-34
-36
-35
-22
-17
2
4
14
17
17
16
-13
-32
-34
-28
-25
-19
-11
7
27
25
28
24
17
4
-12
-13
-26
-39
-44
-40
-39
-52
-44
-31
-22
-16
-27
-18
-15
-8
9
11
24
21
14
10
21
31
34
35
13
8
8
6
-1
-8
-9
6
19
33
46
37
39
15
-10
-19
-26
-3
14
24
21
13
-2
-15
-8
9
34
36
16
2
1
10
19
13
11
12
6
10
14
10
-4
-14
-8
6
10
13
18
20
6
-18
-34
-33
-15
-18
-8
3
-4
-7
-17
-12
-13
-1
-3
-21
-27
-24
-6
4
30
57
54
39
12
0
-1
0
3
14
20
12
-10
-36
-34
-27
-31
-36
-27
-23
-35
-50
-61
-39
-20
1
20
18
11
-2
10
13
9
15
14
15
-20
-32
-36
-21
0
-8
0
4
10
19
11
20
17
18
3
9
40
50
67
64
59
33
1
-11
-11
5
4
14
0
-18
-31
-34
-3
5
8
3
3
13
13
-3
-24
-23
-21
-16
-11
1
20
13
6
6
-4
-20
-23
-9
8
21
20
6
7
3
-9
-17
-14
-12
-27
-31
-13
26
46
30
28
37
37
23
3
15
26
28
10
-5
-14
-39
-53
-62
-56
-32
-21
-30
-22
-22
-27
-30
-15
-7
-27
-51
-64
-45
-23
-10
-11
-12
1
15
25
38
49
