SAMPLES:	15993
BITSPERSAMPLE:	16
CHANNELS:	1
SAMPLERATE:	16000
NORMALIZED:	FALSE
0
3
5
4
0
0
1
-3
0
-1
0
-4
1
4
-4
1
0
-2
0
-2
-4
-2
-9
-10
-8
-5
-6
-3
-4
-4
4
0
0
-5
-8
-1
-5
-3
-2
-6
-1
3
4
1
-1
-4
-10
-5
-7
-4
-4
-14
-7
-2
-8
-9
-11
-8
0
2
-7
-13
-4
-3
-4
-2
-3
-2
1
7
9
9
6
12
10
6
3
4
4
5
1
-1
4
2
4
6
7
8
3
3
-2
4
2
-1
5
8
12
12
11
6
5
11
12
16
19
13
14
6
0
-3
-4
-4
-2
-5
-5
-3
-8
-7
-5
-4
-7
-4
-7
-4
-3
-2
-1
-7
-9
-2
-5
-9
-1
-3
0
-2
2
4
5
6
3
0
3
1
6
4
-3
1
3
0
-1
-3
-6
-9
-6
-3
-7
-7
-8
-4
-4
-6
-7
-5
-3
-1
0
-2
-3
-3
2
10
13
5
2
0
-4
-9
-10
-5
-6
-7
-3
-5
-7
-7
-8
-7
-5
-7
-8
-8
-9
-4
-1
-1
-4
-5
0
-1
2
4
1
1
-1
-1
-1
5
0
3
2
3
2
2
6
3
1
-1
2
-1
-2
-5
-8
-10
-11
-3
-8
-11
-15
-12
-7
-9
-4
-5
0
0
0
5
3
8
4
7
10
11
10
8
10
7
4
0
-3
-4
2
0
0
6
3
5
1
0
2
-3
3
1
2
2
-4
-2
-8
2
6
4
10
12
12
4
3
3
-1
4
8
2
2
7
0
-5
1
-1
-2
2
5
6
-4
-8
-12
-7
-8
-5
-5
-11
-9
-9
-7
-8
-6
2
-1
-3
-5
-11
-6
-12
-17
-12
-14
-10
-9
-12
-7
-2
-1
3
6
4
5
4
0
-1
0
1
2
2
-1
3
3
3
0
-2
-1
3
4
4
-2
5
7
4
7
5
4
4
9
5
1
-1
-2
2
6
10
7
10
11
10
6
-2
-3
1
1
0
3
6
12
13
16
16
13
13
16
11
8
9
2
1
-1
5
3
0
-2
-3
0
-2
-4
-5
-6
-10
-4
0
1
0
-2
2
-2
-2
3
-3
6
3
-2
-1
5
-1
-9
-3
2
-1
-7
-2
-3
-1
-7
-7
-7
-7
-4
-14
-13
-11
-5
-4
-3
0
-5
-3
-3
-3
-2
4
5
4
5
4
4
-1
-1
5
5
4
8
3
-1
-3
-7
-5
-6
-2
-7
-7
-4
-4
-1
-7
-3
4
6
-2
3
0
-7
0
2
7
4
7
5
3
4
5
7
9
10
7
5
7
4
-1
0
2
3
-2
-6
-4
-1
-1
-2
-4
-8
-8
-4
-3
-2
0
3
2
2
1
2
1
-6
-5
-5
-2
4
4
8
3
2
0
5
7
3
1
-1
-1
-3
0
5
0
1
3
-5
-6
-10
-6
-3
-5
-7
-7
-5
-5
-5
-4
-3
-5
0
3
1
6
6
6
8
6
3
-1
-1
-1
1
0
-3
0
-1
4
6
6
14
9
6
0
-1
-1
-5
-2
-4
-7
-4
2
-5
-6
-7
-9
-3
1
-3
-4
-2
-2
4
-3
1
4
-6
-6
-4
-1
4
3
7
8
2
2
-5
-5
-5
-6
-1
-3
-4
-3
0
-1
1
1
1
5
2
-3
-5
-6
-10
-10
-5
-6
-8
-10
-3
-8
-11
-9
-13
-12
-8
-9
-9
-13
-9
-4
-2
0
-3
-2
0
3
2
7
4
11
15
14
9
10
7
11
10
8
14
10
13
11
13
15
12
11
6
3
1
2
0
-2
4
3
-6
0
5
8
2
-2
-3
1
0
-7
-15
-13
-14
-13
-11
-15
-10
-13
-10
-14
-14
-12
-18
-16
-11
-16
-19
-15
-22
-25
-20
-14
-17
-14
-13
-11
-10
-4
-2
-5
0
5
8
6
11
18
17
20
24
15
15
16
14
11
3
0
2
-5
-3
7
12
14
4
3
10
12
10
9
5
4
4
1
12
10
10
11
8
9
6
11
7
4
2
9
6
9
6
1
6
3
-3
-7
-7
-12
-8
-8
-13
-9
-4
-9
-3
-7
-4
-11
-14
-3
-2
-5
2
3
0
3
1
7
3
0
4
1
2
-2
-3
4
9
2
3
4
1
1
-4
-5
-12
-16
-15
-17
-14
-5
-9
-2
0
5
-5
-3
-21
-3
-25
1
-28
17
-33
33
-56
128
397
544
810
531
616
343
274
-163
-604
-833
-727
-255
-73
225
173
383
243
76
-387
-776
-829
-847
-515
-317
-17
263
422
463
318
3
-205
-304
-289
-156
-59
74
244
307
368
243
97
-9
-87
-25
-7
20
20
22
-5
-71
-157
-210
-182
-92
50
136
190
165
129
41
-95
-201
-271
-217
-91
47
175
251
286
292
204
92
-45
-105
-64
-14
42
48
55
69
50
-32
-103
-146
-101
-24
-3
-20
-80
-113
-152
-200
-219
-207
-111
3
92
130
117
81
31
-20
-63
-62
-15
69
143
154
163
132
96
68
45
57
61
93
62
30
-23
-71
-87
-114
-87
-55
7
40
52
25
-6
-42
-88
-106
-106
-60
0
44
63
62
52
47
32
34
27
36
51
48
35
16
2
-5
-7
-7
12
17
30
26
19
8
-6
-21
-32
-30
-29
-20
-19
-8
9
30
36
42
46
38
40
39
37
28
29
30
26
26
23
26
39
38
33
30
14
-2
-4
-21
-39
-48
-51
-34
-30
-21
-20
-27
-32
-37
-47
-47
-39
-33
-28
-32
-33
-27
-15
-3
11
24
32
36
19
13
5
4
5
-4
-3
-2
2
4
4
5
5
10
11
-5
-6
5
-5
-3
9
8
16
23
14
13
27
34
39
28
14
16
19
14
9
19
10
5
-3
-9
1
4
10
3
-2
-21
-28
-26
-31
-28
-31
-32
-25
-27
-25
-14
-11
-11
-15
-26
-23
-14
-7
-4
2
4
-2
-1
-9
-3
-2
-6
-6
-5
-4
-4
-3
-5
-5
-6
-11
-13
-17
-23
-11
-4
-2
-3
-14
-9
-6
-3
-2
6
12
18
19
13
13
7
7
5
3
-2
9
18
14
10
9
0
2
1
-5
-2
0
-5
-8
-8
-9
-12
-14
-11
-6
-5
-5
-8
-7
-10
-8
-8
-9
2
7
10
21
13
3
-16
-20
-13
-12
-4
-11
-3
-1
0
6
7
10
6
4
-11
-19
-21
-18
-8
-8
-1
-3
4
8
12
17
11
2
-10
-11
-9
1
6
5
5
-1
-7
-5
5
7
1
-1
-4
-6
-4
-3
-2
0
-3
-11
-20
-14
-8
-6
-9
-1
-3
-6
-3
-4
4
3
1
0
-10
-10
-10
-11
-6
-9
-6
-6
-6
0
0
3
-5
-12
-8
-17
-13
-17
-13
-9
-11
-5
-8
-8
-7
-6
-5
-6
-7
0
10
8
9
4
6
6
2
6
10
13
11
6
2
5
7
6
2
-2
5
-6
-8
-9
-10
-12
-6
1
-5
-3
-2
-1
-11
-10
-5
-9
-16
-15
-14
-8
2
3
6
6
3
1
-4
-8
-9
-12
-10
-9
-8
-1
0
3
2
-5
6
2
-3
-5
-5
-2
-6
0
1
2
3
5
9
12
10
11
7
8
6
5
2
5
7
3
7
9
14
10
9
2
-2
-5
-6
-7
1
6
9
10
18
20
10
6
-5
0
-6
-8
7
12
14
15
19
17
9
10
7
-1
0
6
4
12
14
11
6
2
2
-10
-7
-1
8
8
8
17
11
11
9
8
3
3
5
2
5
3
10
6
7
4
1
-3
-6
4
1
4
8
6
1
4
1
4
-2
-1
-2
0
-1
-2
10
0
6
-2
-1
-4
-8
1
6
3
8
9
3
5
1
-2
-8
-2
-2
-8
-12
-6
-8
-9
-11
-14
-12
-17
-21
-18
-15
-9
-7
-11
-10
-8
-7
-11
-13
-17
-15
-6
0
-1
3
8
7
8
3
6
5
1
0
0
-2
-8
-2
-8
-3
-6
-6
-3
0
2
2
2
4
4
5
9
8
12
16
18
12
15
12
8
8
10
8
18
18
14
9
8
7
0
1
5
4
6
9
9
8
-3
2
4
7
8
6
11
13
10
5
1
0
4
3
6
4
12
15
13
16
13
10
7
6
1
1
6
8
10
6
6
4
-4
-7
-5
-7
-10
-11
-8
-4
1
-2
1
-7
-5
-6
-5
-2
-8
-11
-14
-9
-7
-6
-7
-5
-9
-6
-5
-5
-6
-11
-6
-3
-3
1
2
3
1
-7
-18
-11
-14
-9
-11
-6
-7
-3
5
5
10
6
1
-6
-3
3
5
4
12
15
16
19
12
7
4
1
2
7
8
8
11
11
14
10
1
-4
1
7
3
6
7
8
2
3
4
4
11
6
8
8
10
7
2
3
2
7
9
5
4
2
-3
-8
-12
-9
-10
-8
-14
-20
-18
-22
-16
-16
-20
-19
-16
-14
-19
-13
-8
-9
-14
-10
-11
-8
-11
-12
-6
-6
0
8
10
9
4
1
0
1
1
1
5
9
7
8
7
3
5
8
9
7
8
5
6
8
9
7
1
3
5
0
-6
-4
0
3
0
1
-3
-3
-3
-5
-5
-1
-4
-4
-1
-1
-2
-1
-2
5
-1
-1
-1
0
4
4
4
6
6
3
1
6
4
3
3
2
4
-2
-3
-5
3
-1
1
3
3
7
4
2
3
5
7
6
2
0
-5
-4
1
5
3
6
6
7
8
10
11
4
10
9
15
8
6
7
2
0
-1
3
-2
0
-4
-5
1
-8
-6
-5
-3
-1
-3
-3
-4
5
-1
-3
-1
-4
0
1
-1
-2
6
6
4
3
7
9
6
7
0
0
4
9
12
15
9
2
2
2
-5
-4
-2
-8
-6
-4
-5
0
-8
-12
-5
-11
-12
-10
-10
-6
-7
-11
-10
-9
-6
-5
-5
-10
-12
-7
-7
-4
-8
-9
-3
-6
-6
-8
-10
-12
-13
-17
-13
-13
-19
-15
-8
-4
2
5
4
1
5
7
4
5
10
10
5
6
6
5
5
2
-2
-1
4
5
9
11
7
9
10
10
9
6
5
3
5
4
1
2
8
6
8
9
7
9
11
9
4
7
7
10
5
8
18
12
14
14
17
13
13
10
3
-2
-8
-1
-10
-9
-7
-9
-6
-7
-8
-8
-5
-10
-10
-9
-8
-5
-6
-11
-3
-1
1
-2
-2
-2
-11
-7
-13
-15
-15
-15
-18
-16
-16
-12
-6
-2
-10
-9
-7
-17
-19
-17
-12
-17
-15
-16
-13
-14
-13
-8
-12
-13
-11
-8
-8
-3
-5
0
-1
0
1
9
6
7
10
4
5
5
-1
-2
-3
-5
1
5
5
-1
-2
0
2
0
4
1
1
-3
3
3
8
7
7
15
8
9
6
14
6
11
15
10
8
7
8
5
5
-1
5
0
-5
0
3
2
-3
3
0
-7
-10
-13
-10
-1
3
4
1
1
2
1
-2
-4
1
-8
1
6
7
7
2
3
-3
-2
-8
-4
-4
-3
-9
-9
-6
-13
-16
-15
-15
-13
-13
-10
-2
-2
-4
-10
-15
-12
-9
-18
-12
-6
-3
-2
5
8
7
9
7
7
-1
-4
-4
2
2
5
2
6
-2
-7
-10
-13
-5
-9
-7
-2
-6
-6
1
0
-3
2
1
1
-1
-1
3
1
7
3
5
6
-2
1
0
0
2
-2
2
2
1
1
0
-1
-2
-1
-8
-9
-7
-6
-3
4
3
5
3
6
9
7
6
9
9
4
7
2
9
2
1
4
3
5
9
9
8
7
-3
5
6
2
3
1
6
6
4
5
7
3
1
2
0
4
6
2
1
1
-2
1
3
2
2
1
0
0
-1
0
-3
-2
-1
2
0
-2
3
-4
-2
-2
-6
-3
0
2
6
10
10
3
1
-1
4
6
5
8
4
4
5
4
2
2
7
5
0
6
-1
-1
-2
-6
-11
-12
-2
-2
-3
-3
2
1
3
5
3
10
4
1
4
5
6
4
2
-1
3
3
8
11
10
9
10
8
12
14
6
8
4
2
-1
-4
-1
-6
-8
-2
-4
-7
-8
-13
-13
-9
-12
-9
-5
-5
1
3
7
5
1
-3
2
-2
5
1
3
-1
-7
-4
-2
-6
-4
0
-6
-2
-4
-8
-4
-4
-3
-5
-4
-6
-4
5
2
6
1
4
-1
-3
-4
-6
1
2
2
4
6
2
2
0
1
-2
0
-5
-1
-3
-1
-2
1
-1
3
0
0
2
-4
7
1
2
0
4
4
5
3
4
1
3
0
0
-2
2
2
1
3
4
14
9
9
7
5
5
1
2
9
7
11
7
7
6
6
9
3
4
5
3
5
-1
-3
-4
-6
-6
-4
-3
-10
-4
-5
-10
-4
-2
0
0
0
0
1
5
-3
-2
-10
-10
-8
-8
-2
-5
-3
-3
-1
-9
-9
-11
-6
-7
-9
-1
-2
5
2
2
2
-3
0
0
5
-2
-3
-2
-3
-1
-1
-5
-3
-6
-3
-3
-4
-3
-6
-3
-4
-6
-5
-7
-11
-7
-4
-6
-3
-3
-2
-3
-8
-6
-5
-5
-12
-8
-6
-12
-6
-5
-4
-4
-6
-1
-11
-9
-7
-6
-5
0
-2
-4
-5
-6
-6
-4
3
1
-1
-3
0
-3
-2
-4
4
0
-1
0
5
6
4
4
3
8
2
3
3
4
9
10
12
10
9
3
4
7
-3
-1
1
-3
0
2
8
2
3
6
6
2
8
14
10
15
11
15
17
18
19
16
16
16
16
16
16
13
12
8
9
14
6
9
7
2
-3
1
-1
-2
-5
-9
-4
-8
-7
-7
-6
-10
-10
-6
1
-3
-4
-7
-5
-8
-2
3
2
6
0
0
2
2
-3
-5
-9
-10
-4
-3
-4
-1
-2
-1
0
0
-2
1
3
2
-2
-6
-3
-2
-1
3
0
-1
1
3
3
6
5
10
10
3
9
6
7
3
7
10
9
12
4
0
-3
3
1
1
-1
1
-5
-6
0
0
-1
-4
2
0
2
5
4
5
4
6
5
8
9
11
13
12
8
0
1
2
3
4
8
1
-3
-2
3
3
2
-1
-2
-2
-1
5
6
2
2
-1
-1
0
2
1
-2
0
2
3
2
3
-3
-4
-2
-4
-5
-7
-9
-12
-13
-13
-9
-12
-6
-7
-9
-10
-13
-12
-10
-3
-1
2
-1
5
6
5
3
-1
3
-3
-1
1
-2
1
3
-5
-2
-4
-11
-5
-6
-7
-7
-7
-1
0
1
2
-1
4
5
-2
-3
-2
-3
-3
-3
-1
0
6
6
2
-1
-3
-3
-8
-5
-2
-2
-3
1
-6
-6
-7
-5
-7
0
-3
-6
0
3
1
-2
2
-2
-1
0
4
1
-1
-2
-1
6
3
5
6
4
1
1
5
1
8
3
3
7
7
1
0
6
4
-1
0
-8
-7
-5
-11
-9
-11
-13
-19
-16
-17
-16
-10
-6
-5
-3
-2
-2
0
1
0
0
5
0
6
7
13
15
14
9
3
6
2
5
3
2
6
2
-2
-5
-12
-16
-16
-11
-7
-3
0
-2
1
-5
1
-1
2
4
6
11
12
12
12
16
14
16
15
14
11
14
16
15
12
11
11
11
10
8
6
-3
-2
-2
-4
-5
1
5
1
2
-4
2
0
0
-2
-5
-4
-10
-8
-11
-8
-7
-9
-10
-8
-13
-14
-8
-8
-7
-6
-4
-4
-3
-7
-12
-11
-14
-15
-13
-16
-15
-15
-15
-8
-6
-10
-13
-12
-15
-12
-11
-8
-2
-1
0
3
6
1
5
4
2
-2
0
6
2
5
-1
-4
-1
-4
-3
-2
-2
2
0
4
5
0
1
2
5
5
4
6
9
9
13
14
9
13
16
12
13
16
16
12
12
15
11
9
6
1
2
6
1
3
1
5
5
9
7
8
6
4
6
8
-1
0
6
7
14
10
10
7
4
6
8
14
11
11
6
4
4
-7
-3
-5
-7
-6
-5
-3
-4
-4
-3
-6
-7
-3
-3
-1
-4
-3
-4
-5
-1
-5
-3
-7
-8
-11
-3
-7
-8
-2
-7
-1
-5
-5
-5
-7
-9
-10
-15
-11
-13
-10
-8
-5
-4
-7
-8
-10
-8
-8
-3
-7
-7
-1
0
0
-1
-2
-2
1
4
3
4
3
3
-1
3
1
-1
-5
-2
-4
-3
1
1
-2
-4
-4
-5
-11
-11
-5
-6
3
2
3
3
-3
0
1
1
2
-1
3
0
10
7
8
11
3
4
1
0
-5
-2
4
3
2
4
2
1
1
1
-1
-4
0
-3
-4
-9
-7
-4
-5
-1
1
4
3
11
6
11
13
7
11
9
12
7
9
12
10
9
8
6
2
-2
-3
-4
-2
2
1
-2
2
-7
-5
-6
-12
-11
-14
-12
-12
-9
-6
-1
0
-1
-5
-4
-5
-8
-4
-6
-8
-5
1
-1
3
1
-2
0
-4
-3
2
1
-2
2
5
0
-2
-5
-8
-7
-5
-9
-10
-7
-7
-4
-5
-4
2
2
7
5
6
6
5
4
-2
1
-4
2
4
-4
-6
-5
-9
-12
-9
-1
-4
-4
3
0
-5
0
-3
-1
4
4
5
8
7
8
6
3
1
-4
1
-4
-4
-5
-5
-4
-10
-14
-11
-6
-7
-3
-1
0
-3
-6
-7
-10
-4
-2
-3
-6
3
8
11
14
5
6
4
2
2
7
8
12
9
4
8
7
9
8
6
1
7
11
6
3
4
10
4
2
1
1
2
-4
1
1
5
4
7
9
9
10
7
5
6
6
8
2
0
6
11
4
5
1
4
0
-4
-5
-6
-5
-5
-3
-9
-9
-13
-9
-13
-4
-2
-4
-6
-7
-3
-10
-7
-8
-7
-2
-1
-8
-5
-7
-9
-9
-5
-6
-2
0
5
2
0
-2
-6
-5
-13
-7
-5
-10
-12
-12
-5
-9
-11
-7
-11
-8
-2
2
4
7
4
3
6
9
9
6
7
3
5
1
4
9
9
11
8
8
9
8
9
8
7
5
6
7
-1
-7
-7
-8
-7
-4
0
5
4
4
4
2
2
5
2
-2
-1
2
5
6
4
3
5
7
10
12
10
12
11
7
7
4
1
3
5
3
1
6
2
-2
3
-3
-1
-3
0
-1
0
-2
-2
0
-4
2
2
3
2
3
8
3
0
2
2
7
4
5
6
7
4
3
-4
-3
-3
-6
-3
1
6
2
-1
-3
-4
-8
-6
-2
4
-1
-5
-6
0
-2
-6
0
1
-1
-9
-5
0
-3
-4
-2
1
-2
-4
-6
-6
-7
-7
-6
2
5
4
-1
0
4
4
8
5
4
13
18
15
10
11
5
1
0
-2
-4
-6
-2
-3
-4
-4
-3
-6
-3
-3
-5
-8
-5
-8
-3
4
2
2
4
1
1
2
3
4
4
7
6
8
5
7
1
-1
1
0
-4
-4
0
-6
-3
-5
-6
-9
-9
-8
-11
-9
-13
-15
-9
-5
0
-2
0
-1
-1
2
-1
8
4
6
6
9
10
10
8
5
5
6
7
6
5
6
2
2
-1
-2
3
-1
-5
-2
2
1
2
7
7
7
7
1
3
0
-4
-6
-3
1
3
3
3
5
5
4
2
7
9
5
7
3
2
-3
-7
-3
-8
-8
-6
-7
0
-3
1
-2
-4
-1
-7
-12
-16
-6
-9
-8
-8
-6
1
5
5
5
6
1
1
5
5
4
11
2
-2
-1
-5
-2
-4
-8
-8
-4
0
-1
-3
-6
-2
-2
-4
-5
-9
-11
-12
-7
-5
-1
-2
-3
4
3
4
3
2
2
-1
-7
-8
-8
-3
2
0
-5
-9
-8
-3
-2
-3
-4
-9
1
3
0
5
6
10
13
10
8
1
-2
0
-1
3
5
5
-1
2
7
1
4
7
2
4
6
4
9
6
6
0
-2
3
4
-1
3
5
4
5
3
7
4
1
-6
-7
-2
-5
-6
-1
-4
-10
-9
-11
-9
-11
-14
-11
-9
-10
-9
-7
1
5
4
3
1
2
3
1
3
5
10
9
9
11
7
10
2
4
6
10
11
6
3
-2
-1
7
5
8
10
-2
-4
-4
3
0
-7
-5
-4
-3
-6
0
-1
-1
-5
-2
3
-4
2
2
-1
2
-4
0
-3
-5
-5
0
-4
0
-1
4
-3
-2
0
-9
-6
-8
-5
-9
-8
-12
-11
-8
-5
-7
-4
-3
-6
-6
-11
-12
-7
-3
-5
-3
0
-1
0
1
0
1
-5
-11
-4
-4
0
-2
-3
0
0
6
1
5
3
3
3
-3
3
6
6
0
5
3
0
2
0
-3
-6
-12
-5
0
-6
-12
-4
-9
-11
-3
-10
-8
-10
-16
-20
-14
-15
-17
-11
-7
-4
-7
-1
-9
-9
-7
-9
0
-5
-6
-1
3
-1
-3
-3
-10
-11
-9
-5
2
5
-2
-7
-5
3
-3
-6
-7
-8
-6
-4
-1
-2
1
7
4
-1
-1
-4
-6
-5
-7
-9
-1
1
5
4
3
7
13
13
8
11
5
10
10
10
11
16
14
13
1
0
2
-4
-1
-2
2
-3
-8
-6
-7
-13
-8
-4
-3
-2
0
0
1
-3
4
-1
1
-1
2
6
8
6
0
1
-1
1
3
-2
2
4
-2
-4
-6
-3
-4
-8
-17
-14
-10
-9
-2
6
5
12
16
15
16
14
18
18
16
15
22
22
20
24
25
16
20
23
20
18
19
18
18
16
8
12
9
6
11
13
15
24
17
22
30
25
25
20
21
11
18
20
21
23
15
16
17
17
13
17
6
6
7
2
12
14
18
17
16
7
2
0
-4
-12
-7
-7
-13
-6
-6
-4
5
15
5
1
6
-4
-3
-3
-10
-11
-8
-16
-10
-5
-14
-13
-21
-21
-16
-13
-18
-18
-17
-10
-8
-13
-17
-27
-25
-29
-40
-37
-37
-39
-36
-27
-16
-13
-18
-19
-8
-1
-3
0
3
6
9
13
11
13
9
3
2
1
1
-8
-10
-13
-19
-16
-9
-8
-17
-16
-14
-15
-16
-23
-22
-25
-26
-27
-32
-30
-25
-37
-28
-28
-30
-12
-17
-25
-22
-21
-23
-18
-21
-21
-17
-14
-22
-19
-22
-29
-25
-26
-26
-31
-27
-23
-14
-24
-19
-11
-14
-9
-8
-9
-11
-8
-6
1
-4
2
5
4
2
7
10
1
5
8
9
9
11
5
10
14
4
0
5
2
-2
1
2
3
1
7
14
11
0
6
10
13
10
17
22
17
18
13
18
17
14
13
11
15
10
8
11
11
12
7
4
3
9
14
15
8
15
24
22
30
30
30
24
23
21
25
28
15
19
28
32
33
29
30
34
35
34
31
34
36
34
30
36
40
42
30
27
40
32
35
44
44
45
49
51
49
47
54
54
48
47
52
56
63
64
65
74
69
67
73
72
70
79
76
64
75
66
68
71
67
66
71
68
59
63
67
63
68
66
65
70
58
60
53
58
53
49
56
49
52
54
46
47
53
49
43
38
32
13
15
10
14
7
-14
-17
-14
-13
-9
-15
-35
-36
-26
-16
-18
-23
-32
-32
-40
-49
-63
-64
-62
-61
-62
-60
-59
-63
-70
-82
-85
-107
-109
-108
-111
-109
-100
-107
-118
-112
-108
-123
-133
-124
-129
-134
-134
-126
-126
-125
-129
-135
-136
-136
-143
-139
-132
-125
-123
-120
-114
-103
-104
-108
-107
-111
-103
-95
-96
-93
-84
-99
-92
-87
-83
-88
-93
-85
-87
-87
-90
-91
-92
-87
-74
-62
-66
-60
-60
-51
-46
-42
-39
-39
-30
-34
-42
-45
-39
-36
-28
-5
-3
-12
-14
-17
-13
4
-8
-28
-22
-26
-24
-9
-4
-3
0
-3
12
16
4
20
34
35
44
34
32
46
63
67
63
52
50
61
48
64
76
64
73
89
88
90
84
50
54
70
55
31
35
40
40
81
107
98
97
94
83
94
95
108
106
90
77
64
69
78
113
92
75
85
63
55
74
90
89
99
87
62
55
47
35
36
29
23
34
30
55
84
71
72
60
29
14
25
40
46
58
46
54
55
81
66
38
25
19
10
1
16
19
23
30
39
26
5
18
24
28
12
-5
-25
-25
9
25
37
8
-26
-30
-17
-3
7
21
23
27
31
25
21
28
38
19
-7
-8
-40
-30
11
5
4
-1
-5
2
6
7
15
6
-13
-12
7
7
3
-19
-45
-30
-23
-32
-36
-22
-11
-2
20
6
-18
-6
-4
14
8
-7
7
27
16
-4
-20
-56
-42
-21
-31
-34
-41
-69
-50
-39
-67
-65
-61
-44
-25
-31
-48
-68
-81
-106
-95
-72
-87
-94
-97
-86
-60
-28
-38
-59
-53
-28
-21
-22
-39
-55
-49
-54
-67
-46
-14
-8
10
5
-13
-18
-7
-6
-10
-11
-34
-51
-69
-76
-53
-46
-56
-48
-51
-57
-42
-54
-50
-13
7
24
15
11
8
-9
9
-1
-10
-37
-19
28
35
67
65
46
62
35
29
16
34
41
46
71
41
31
18
12
11
-15
-14
-17
7
15
43
49
52
53
46
57
52
44
33
25
28
54
60
56
66
67
58
55
38
62
60
80
117
114
121
107
101
89
70
56
34
28
17
33
46
2
-7
19
12
0
-1
5
0
-1
21
26
30
28
5
-15
-42
-74
-84
-63
-35
-17
10
32
38
29
16
3
-10
-35
-40
-38
-15
0
0
18
14
11
2
-29
-45
-49
-4
20
31
45
15
-1
-24
-7
-23
-40
-58
-71
-45
-35
-7
-29
-10
-6
-33
-58
-66
-33
-54
-47
-50
-75
-59
-41
-14
-12
-11
1
-35
-42
-64
-53
-31
-17
3
-31
-19
-1
7
-1
-23
-12
-21
-10
-7
-4
19
38
38
-1
-15
-13
0
5
5
5
2
33
66
89
92
86
87
42
42
43
33
10
-4
31
48
88
93
93
94
39
47
61
107
108
105
88
80
66
28
11
-18
-33
-58
-43
-15
14
37
39
18
27
34
44
23
18
-9
-3
-2
-18
-34
-59
-36
-44
-17
-37
-44
-53
-54
-15
-36
-41
-26
0
24
-10
-13
-30
-4
-40
-102
-126
-107
-105
-134
-120
-50
-12
-58
-121
-150
-125
-83
-51
-68
-84
-88
-76
-92
-94
-110
-131
-182
-186
-144
-95
-37
-62
-96
-111
-72
-57
-86
-64
-81
-90
-100
-43
-10
15
12
8
-14
-51
-67
-57
-17
-15
-4
-26
18
55
71
27
23
-4
-17
5
36
58
51
69
67
98
116
109
77
71
72
55
78
120
135
140
140
124
118
135
159
159
153
165
154
157
143
167
154
158
144
136
137
131
118
95
119
117
128
108
118
86
102
102
111
70
76
65
62
74
69
80
58
60
9
-27
-79
-91
-110
-62
-39
1
-46
-33
-56
-73
-100
-111
-112
-133
-138
-148
-162
-143
-148
-166
-185
-194
-203
-265
-247
-239
-190
-128
-140
-201
-224
-226
-189
-224
-207
-247
-258
-272
-245
-251
-248
-251
-239
-247
-254
-225
-175
-146
-155
-192
-151
-98
-72
-109
-106
-71
-65
-56
-86
-113
-86
-78
-5
11
56
10
63
87
79
70
110
111
134
140
175
180
186
144
91
108
128
162
140
168
176
220
204
232
212
266
320
340
289
239
223
261
303
301
284
276
314
324
322
316
307
287
334
372
397
370
357
338
348
381
365
344
315
273
294
342
404
427
428
413
380
326
286
256
262
274
249
207
218
285
284
215
100
60
25
87
57
16
-94
-127
-195
-205
-255
-363
-467
-525
-513
-584
-597
-615
-677
-759
-842
-847
-867
-937
-961
-985
-961
-996
-1052
-1118
-1021
-940
-948
-1037
-1027
-976
-937
-924
-923
-939
-907
-822
-784
-720
-669
-588
-589
-515
-458
-386
-338
-323
-303
-256
-129
-91
-123
-95
39
164
146
120
159
275
408
410
386
399
507
548
582
620
640
641
675
732
792
816
839
798
813
877
953
947
917
955
953
980
994
1001
1005
1053
1113
1105
1086
1108
1112
1146
1171
1203
1183
1197
1235
1243
1249
1234
1155
1022
958
943
948
914
826
739
702
688
712
674
619
549
580
601
626
607
521
467
421
441
422
396
343
255
155
90
-30
-167
-451
-730
-890
-1055
-1227
-1552
-1821
-2104
-2388
-2629
-2762
-2968
-3141
-3291
-3313
-3309
-3395
-3380
-3398
-3293
-3176
-3122
-3010
-2864
-2626
-2393
-2257
-2026
-1765
-1483
-1236
-1015
-720
-444
-161
48
272
523
750
898
1018
1117
1231
1348
1367
1408
1363
1386
1344
1319
1299
1199
1078
980
941
831
708
616
513
406
286
200
119
66
73
27
-33
-73
61
148
186
219
269
410
498
563
585
651
774
815
814
864
963
977
932
927
957
971
950
937
888
891
899
890
862
810
794
764
750
763
716
716
712
712
658
593
585
599
681
738
743
761
814
935
999
1026
1017
1039
1113
1227
1318
1364
1413
1399
1386
1351
1398
1412
1328
1231
1154
1168
1126
1069
988
809
710
612
557
343
195
126
72
-74
-181
-367
-477
-709
-1230
-1897
-2392
-2409
-2684
-3104
-3536
-3651
-3740
-3834
-3940
-3958
-3972
-3972
-3993
-3980
-3766
-3419
-3311
-3272
-3084
-2693
-2453
-2333
-2070
-1820
-1522
-1131
-780
-557
-364
85
474
625
672
697
844
1014
1161
1083
1003
1049
1218
1200
1114
1059
944
804
680
630
549
406
380
248
171
179
186
39
-134
-47
17
51
33
49
131
306
526
591
596
713
871
984
1046
1162
1181
1234
1311
1414
1415
1316
1322
1268
1220
1145
1090
1025
980
1017
1003
1028
1004
948
880
889
946
931
835
776
764
842
936
1042
1052
1049
1124
1214
1343
1412
1548
1605
1655
1603
1593
1725
1857
1882
1672
1541
1497
1588
1547
1393
1209
1123
1025
971
866
812
684
402
249
9
-198
-483
-877
-1430
-2093
-2480
-2663
-3058
-3572
-4001
-4126
-4197
-4358
-4525
-4618
-4553
-4357
-4388
-4315
-4156
-3714
-3560
-3477
-3231
-2791
-2567
-2283
-2038
-1551
-1228
-839
-586
-335
15
362
574
680
788
934
1050
1170
1196
1127
1084
1064
984
882
773
689
490
292
92
-52
-119
-137
-232
-369
-435
-372
-388
-405
-385
-303
-239
-127
40
173
344
579
804
909
1058
1284
1464
1576
1694
1820
1918
1984
1991
1951
1930
1917
1857
1732
1618
1574
1570
1550
1486
1432
1443
1487
1586
1649
1710
1724
1756
1753
1752
1734
1735
1817
1871
1925
1922
1992
2097
2183
2250
2290
2423
2478
2507
2436
2397
2488
2543
2570
2503
2605
2762
2743
2709
2664
2619
1954
1147
170
-472
-1786
-3070
-4197
-4986
-5617
-6616
-7225
-7953
-8115
-8279
-8316
-8481
-8222
-7828
-7403
-7224
-6576
-5760
-5139
-4903
-4337
-3536
-2775
-2213
-1602
-982
-410
378
1007
1364
1545
1945
2411
2382
2434
2414
2530
2446
2483
2466
2223
2039
1945
1757
1289
970
757
383
-53
-292
-429
-689
-920
-818
-984
-965
-934
-584
-548
-309
50
295
561
869
1248
1371
1593
1853
1897
1854
2068
2212
2102
1742
1655
1550
1493
1336
958
600
343
299
12
-223
-391
-427
-585
-663
-591
-568
-526
-558
-445
-403
-236
-33
77
183
423
713
885
955
1213
1428
1677
1883
1989
2028
2096
2346
2369
2309
2149
2070
1944
1808
1652
1443
1254
1112
978
782
670
627
630
581
566
591
722
770
874
880
977
1211
1377
1433
1301
1433
1538
1478
1295
1325
1378
1438
1122
998
892
1055
984
708
656
576
586
247
-181
-819
-1578
-2268
-2887
-3502
-4166
-4736
-5296
-5750
-6050
-6263
-6366
-6379
-6294
-5939
-5691
-5144
-4688
-4059
-3690
-3052
-2396
-1886
-1551
-1197
-672
-267
59
241
357
512
664
778
709
641
544
422
333
232
196
3
-74
-106
-212
-237
-494
-488
-720
-730
-831
-933
-959
-1154
-1062
-958
-719
-626
-594
-417
-86
306
688
870
1200
1445
1837
2085
2299
2451
2581
2659
2610
2635
2581
2546
2331
2250
2088
1923
1704
1471
1325
1183
1134
1057
969
1005
1114
1332
1565
1781
2096
2356
2655
2749
2774
2782
2945
3176
3218
3076
2891
2939
2984
3077
3114
3080
3054
3061
3145
3183
3371
3633
3732
3595
3530
3645
3759
3971
4116
4461
4179
3181
1857
531
-377
-2048
-3742
-5723
-7180
-8384
-9678
-10475
-11077
-11126
-11291
-11211
-10528
-9424
-8090
-7043
-6031
-4796
-3229
-1918
-1215
-649
181
1069
1281
1250
1268
1504
1633
1421
1283
1016
968
959
841
800
678
872
752
691
756
870
893
433
160
-225
-449
-646
-1004
-1220
-1512
-1130
-887
-637
-516
-192
456
979
1488
1692
2033
2449
2851
2999
2978
3054
3084
3013
2744
2364
1987
1653
1339
945
485
304
35
-353
-874
-1001
-1037
-1227
-1482
-1657
-1567
-1374
-1060
-912
-784
-429
67
446
577
825
1104
1337
1486
1684
1914
1982
2017
2016
2000
2026
2031
1965
1792
1668
1691
1646
1516
1337
1199
1069
943
837
686
599
642
765
822
858
1068
1295
1544
1779
1996
2351
2602
2836
2869
3025
3205
3263
3119
2853
2856
2703
2575
2069
1971
2011
1956
1787
1704
1955
2139
2297
2571
2907
3355
3726
4465
3299
276
-2726
-3866
-3870
-6186
-8857
-10874
-11536
-12210
-12489
-12192
-11293
-10194
-8694
-7393
-5976
-3307
-400
1224
1293
1970
3864
4640
3389
2063
1788
1747
381
-1297
-2563
-2831
-2088
-2177
-2637
-3149
-2102
-783
-264
68
494
1503
1777
1664
1323
1425
1287
489
-581
-1196
-968
-720
-813
-1059
-878
250
1150
1532
1498
1892
2635
2938
2610
2152
2071
2379
2116
1569
1043
883
1052
1038
765
432
691
867
776
438
589
538
206
-257
-642
-693
-812
-898
-1099
-1079
-610
-5
435
722
1185
2023
2582
2845
2861
3037
3296
3263
3077
2729
2533
2441
2312
2013
1684
1583
1589
1504
1365
1366
1535
1736
1823
1848
2141
2474
2525
2374
2523
2817
3038
3012
2873
2943
3046
3249
3067
2920
3091
3358
3477
3405
3411
3781
4038
4451
4529
5158
4068
1587
-1701
-3650
-4685
-6958
-9580
-12196
-13145
-13767
-13902
-13702
-12207
-10412
-8116
-6131
-3717
-1068
1840
4023
4929
5258
5928
5906
4502
2285
515
-563
-2599
-4737
-6486
-6637
-5879
-5339
-4570
-3975
-2132
-268
1398
2186
2856
3618
4129
3587
2804
2001
1650
605
-755
-1711
-1839
-1559
-1587
-1478
-999
170
1057
1664
1744
2125
2579
2860
2425
1585
1170
1143
1008
680
350
509
729
1013
1159
1223
1490
1586
1540
1256
915
538
-8
-620
-1287
-1697
-1723
-1746
-1757
-1470
-753
92
864
1541
2167
2860
3399
3631
3467
3244
3052
2771
2287
1623
1159
910
761
576
510
683
940
1181
1451
1750
2076
2363
2537
2511
2548
2688
2840
2736
2657
2698
2900
3104
3160
3159
3147
3511
3727
3592
3404
3632
4041
4023
3645
3400
3507
3549
3677
3740
4364
4122
2496
670
-1289
-3161
-6092
-8347
-10215
-12151
-13695
-14425
-13999
-13142
-11458
-9271
-6650
-3943
-1059
1629
4065
5822
6694
6941
6203
4677
2479
346
-2069
-4743
-6949
-8046
-8674
-8598
-7820
-5873
-3941
-2005
219
2288
4006
5010
5649
5652
4939
3928
2703
1347
-43
-1169
-1958
-2584
-2823
-2631
-1854
-909
-29
608
1363
2111
2472
2450
2287
2055
1441
1126
889
854
595
784
1100
1354
1748
2090
2281
2164
1987
1569
998
275
-388
-1246
-1775
-2165
-2405
-2418
-2033
-1446
-720
180
1088
1885
2519
3178
3474
3654
3539
3175
2646
2075
1566
1017
623
353
348
491
805
1201
1628
1967
2242
2440
2557
2567
2526
2438
2301
2273
2354
2452
2625
2889
3118
3294
3563
3758
3620
3489
3522
3676
3629
3336
3168
3387
3484
3347
3240
3681
4068
3996
3941
4383
3921
2946
1485
48
-1883
-5648
-8294
-10737
-11746
-13798
-15118
-14817
-13469
-11458
-9557
-6420
-3192
148
2625
4993
6463
7312
7116
5939
3808
981
-1555
-4161
-6922
-9092
-9879
-9434
-8712
-7794
-5157
-2314
583
2224
4033
5634
6149
6148
5084
4313
2639
1236
-442
-1583
-2462
-2703
-2461
-2200
-1606
-842
371
1100
1352
1633
1981
1976
1315
648
657
485
325
302
924
1625
2345
3141
3573
3818
3604
3393
2460
1486
114
-1005
-2065
-2987
-3534
-3714
-3291
-2907
-2103
-824
544
1517
2354
3217
3804
3812
3492
2972
2438
1791
1146
503
-54
-273
-260
118
420
860
1310
1831
2154
2353
2532
2571
2440
2201
2113
2114
2136
2137
2344
2690
3074
3386
3604
3828
4066
4223
3825
3374
2869
2853
2505
2247
1847
1889
2331
2767
3230
3512
4146
4421
4760
4895
4852
4791
4751
3624
2289
312
-848
-3172
-6695
-10003
-11940
-12608
-14066
-15231
-14542
-12082
-9853
-7692
-4889
-978
2210
4277
5706
6759
7169
6071
3967
1467
-1158
-3862
-6367
-8579
-9787
-9825
-8444
-7180
-5818
-3359
-248
2320
3370
4337
5417
5697
4858
3517
2476
1657
335
-695
-1224
-1151
-1045
-806
-365
-88
238
561
589
118
-384
-433
-508
-877
-1142
-501
579
1334
2042
3230
4614
5172
5223
4974
4461
3571
2080
187
-1425
-2755
-3575
-4369
-4591
-4356
-3388
-1927
-802
380
1669
3212
3686
3785
3669
3674
2870
1808
1010
549
390
-179
-424
-307
387
847
1164
1528
2125
2472
2657
2542
2385
2330
2249
2083
1677
1734
1876
2066
2095
2361
2904
3283
3557
3608
3976
4059
3794
3359
3132
2951
2442
2353
2288
2680
2553
2819
3363
3887
4267
4365
4581
4725
4661
4656
4890
3838
2945
1166
595
-1243
-3709
-7254
-10478
-12159
-13466
-14250
-15415
-14218
-12340
-9287
-7090
-3624
-275
3197
5222
6210
6844
6753
5589
2625
-186
-2817
-5110
-7971
-9641
-10286
-9100
-7874
-6108
-4420
-1777
1261
3131
4146
4473
5181
4878
3876
2398
1587
938
337
-746
-943
-422
288
251
74
292
349
50
-765
-1276
-1758
-1584
-1626
-1302
-887
482
1982
3292
4292
5301
6079
6002
5516
4517
3475
1850
-11
-1996
-3125
-3868
-4590
-4850
-4241
-3118
-2091
-931
465
1671
2613
3151
3419
3427
3129
2623
1874
1488
989
602
239
128
70
182
411
496
656
1050
1577
1848
2075
2448
2881
3110
3093
3160
3240
3249
3016
2826
2808
2909
2836
2825
3016
3198
3294
3251
3391
3428
3559
3391
3304
3103
3210
3188
3073
3225
3621
4379
4398
4454
4429
4803
4878
4850
4248
2751
1586
6
-911
-3742
-6026
-9805
-12181
-13523
-14181
-14491
-14816
-12321
-9825
-6536
-3979
-211
2598
5324
6123
6679
6159
5045
2316
-884
-3349
-5863
-8110
-9968
-10016
-9545
-7557
-5726
-3313
-1702
1010
3228
4319
4383
4086
4258
3379
2303
1192
880
760
439
-150
203
700
1144
134
-302
-762
-939
-1883
-2782
-2943
-2720
-1745
-1134
86
1349
3479
4926
5764
6191
6725
6484
5337
3980
2528
873
-950
-2589
-3906
-4165
-4304
-4249
-4142
-2756
-1421
-368
624
1414
2232
2703
3331
3052
2660
2393
2236
1640
1080
774
510
293
-66
-324
-359
-104
-82
-76
646
1588
2156
2562
3255
3979
4299
4333
4168
3807
3481
3050
2437
2014
1963
2031
1952
1968
2458
3043
3363
3503
3974
4530
4530
4024
3688
3678
3733
3417
2994
3285
3661
3919
4362
4697
5097
4799
4795
4450
3605
2538
629
-1269
-3780
-5864
-9117
-12597
-14799
-14984
-14375
-14360
-13046
-10248
-6067
-3102
-164
2803
5810
6902
6270
5413
4370
2212
-1502
-4628
-6963
-8229
-9605
-9665
-9173
-7240
-4703
-2541
-1007
267
2429
3607
3604
2681
2673
2831
2297
1372
1374
2290
2380
1610
1279
1562
1389
114
-1273
-2260
-3173
-3706
-4187
-3922
-3451
-1923
-147
1739
3408
4933
6473
7196
7049
6412
5791
4637
2791
930
-292
-1477
-2513
-3363
-3437
-3538
-3215
-2519
-2151
-1606
-1267
-326
430
779
1238
1776
2705
2809
2788
2914
3137
2662
1784
1389
939
85
-875
-1306
-1232
-967
-566
192
1156
2474
3468
4366
4803
4907
4767
4342
3731
2930
2384
1942
1760
1838
2425
2910
2898
3360
3891
4130
3953
3720
3701
3332
3123
2918
2984
3241
3144
3081
3803
4542
5029
5044
5048
5722
5549
5521
4089
2709
2170
616
-1194
-4611
-6435
-8917
-12337
-14593
-15635
-14237
-13621
-12582
-10022
-6246
-2214
608
2736
5510
6684
6646
5047
3252
1231
-2184
-4740
-7641
-9056
-9680
-9155
-8300
-7105
-4609
-2206
-453
286
1361
2522
3092
2512
1935
2225
2825
2644
2529
2972
3485
3005
2134
1385
140
-1032
-2778
-3903
-5071
-5086
-4616
-3751
-2485
-817
1619
3653
5356
5985
6985
7473
6725
5422
4128
3122
1416
-114
-1136
-1638
-1884
-2119
-2327
-2114
-1742
-1620
-1935
-1856
-1469
-1349
-963
-421
431
1254
2247
2908
3366
3763
3707
3093
2432
1826
727
-345
-1265
-1617
-1595
-993
-152
695
2008
3160
4042
4458
4834
4707
4131
3450
2861
2440
2180
2144
2529
3161
3685
3733
3494
4298
4498
3990
3074
2526
2599
2271
2260
2684
3116
3928
3955
4506
5668
6036
6211
5497
5589
5352
4473
4114
3689
2465
862
-1261
-2248
-4053
-6833
-10852
-14208
-14869
-15265
-14870
-14447
-11917
-8535
-4819
-1086
2362
5206
6983
7133
6153
4720
2520
-578
-4774
-7516
-9268
-9586
-9902
-9576
-7990
-5042
-2431
-1226
-61
1212
2330
2083
2252
2124
2508
2585
2827
3328
4152
4772
4145
2810
1733
625
-1111
-3177
-5236
-6317
-6660
-5845
-4786
-2852
-382
1903
4082
5917
7450
7711
7515
6557
5351
3949
2402
891
-449
-1033
-1494
-1627
-1661
-1736
-1942
-2101
-2136
-2236
-2430
-2232
-1975
-1043
31
1404
2708
3501
4344
4565
4580
3740
2357
1095
-191
-1266
-2012
-2333
-2119
-1585
-424
1001
2362
3597
4132
4532
4523
4317
3777
3107
2416
1853
1856
2210
2711
3336
4112
4569
4582
4066
3619
3447
2835
2187
1703
1895
2506
2980
3613
4380
5012
5226
5421
5790
5754
4926
4570
4324
4156
3331
2916
3419
3173
2188
631
-310
-2351
-4931
-8131
-11183
-13839
-15759
-15357
-14200
-12327
-9973
-6311
-1872
1514
4014
6161
7219
6639
4213
2108
-207
-3517
-6660
-8827
-8921
-8944
-8206
-6827
-5133
-3231
-1890
-907
-545
-309
17
489
1009
1744
3000
4640
5532
5723
6151
6150
4685
1857
-635
-2694
-4821
-6575
-7713
-7267
-6242
-4198
-1605
1036
3626
5263
6215
6733
6565
6016
4823
3361
2278
1523
1684
1225
927
707
452
-143
-1140
-1693
-2535
-3488
-4378
-4497
-3402
-1904
-554
853
2346
3946
4597
4667
4317
3350
2141
361
-689
-1280
-1376
-1236
-1091
-242
850
1752
2339
2582
2967
3025
2741
2424
2075
2278
2385
2477
2734
3207
3815
3984
4090
4055
4190
3881
3287
2685
2273
2678
2803
2839
3051
3883
4495
4530
4535
4536
3939
3065
2427
2477
2873
3220
4127
5260
6096
6175
6014
5676
4805
2635
18
-2511
-5978
-8976
-13168
-15692
-16746
-16133
-14285
-12897
-9215
-5020
-1317
1548
3594
5844
6063
4827
3096
1177
-191
-2984
-5320
-6680
-7098
-6711
-7112
-6643
-6267
-5344
-4882
-4888
-4367
-2994
-1223
-6
1898
4286
6880
7825
8066
7968
7426
5753
2740
-332
-2477
-4625
-6339
-7488
-6638
-5320
-4253
-2553
-564
1715
2770
3337
3836
4147
4275
4086
4302
4651
4748
4820
4406
3967
2895
1536
79
-1940
-3563
-4723
-5195
-5292
-5099
-3857
-2000
-253
1300
2655
3941
4333
4142
3673
2846
2084
958
264
-319
-448
-161
-22
210
278
560
805
764
777
1080
1630
2069
2436
3263
4021
4310
4249
4130
4015
3636
3145
2813
2749
2915
3126
3046
2977
2946
3822
3699
3308
2919
3316
3858
3152
3144
3480
3923
3639
3567
4536
5125
5057
4878
5399
5512
4859
4237
4215
4062
1977
-532
-2417
-4231
-6557
-10024
-13562
-15379
-15880
-14353
-13044
-10573
-6773
-2995
14
2055
4785
6412
5277
3166
1244
82
-2333
-4922
-6219
-6903
-6938
-7001
-6398
-5573
-5202
-4741
-4730
-4493
-3481
-1804
107
1326
3470
5933
7984
8211
7654
6863
5340
2761
-219
-2492
-4463
-5925
-6467
-5633
-4467
-3376
-1997
-550
899
1715
2426
2837
2739
3040
3520
4690
5358
5264
5482
4908
4565
3067
1424
-306
-2335
-3757
-4932
-4920
-4545
-3729
-2607
-1298
323
1493
2468
2628
2496
2589
1920
1783
1209
1195
1076
802
1212
1274
1314
846
380
381
157
345
601
911
1516
2132
3201
3934
4352
4433
4238
3838
3415
2897
2629
2293
2327
2869
3317
3466
3483
3888
4263
4130
4053
3849
3409
3075
2929
3382
3211
3265
3459
3705
4021
4727
5544
6033
5389
4614
4216
4402
4231
3128
1610
-259
-2547
-5550
-8115
-11148
-14304
-16503
-16122
-14239
-12260
-9772
-5649
-1907
617
2453
4361
4851
3336
1623
211
-1227
-2901
-3792
-4470
-5196
-5417
-4743
-4870
-5751
-6366
-6320
-6121
-5955
-4220
-1761
662
2708
5052
7429
8740
8330
7162
5291
3097
832
-1165
-2654
-4198
-4731
-4347
-3262
-2518
-1892
-1380
-1013
-875
-158
827
1672
2302
3234
4731
5674
6521
6688
6387
5209
3623
2139
546
-1315
-3176
-4435
-4448
-3884
-3022
-2450
-1773
-990
-314
214
284
562
793
1172
1477
2025
2712
3005
2783
2538
2470
2235
1236
304
-489
-639
-722
-339
467
1185
2192
2821
3602
4030
4245
4114
3574
3182
3119
3424
3671
3718
3906
3876
3591
3295
3278
3189
2507
2305
2777
3549
3285
2983
3566
4479
4576
4491
4644
4768
4581
4520
5255
5173
4851
4401
4190
4022
3580
2668
507
-1735
-4306
-6186
-9195
-12646
-15359
-15726
-14307
-12492
-10156
-6768
-3378
-1259
738
2085
3702
2657
1736
-42
-477
-1210
-1845
-1924
-3181
-3630
-4940
-5068
-6331
-7145
-7471
-7630
-7068
-5275
-2103
916
2906
4884
6387
7326
7566
6311
5150
2582
1134
-186
-730
-1357
-2581
-2436
-2681
-2718
-2909
-2308
-2076
-2433
-2230
-477
867
2262
3189
4889
5782
5940
6427
6125
5501
3179
2058
1191
246
-1097
-1839
-2375
-3025
-3467
-2607
-2003
-2280
-2095
-2153
-1404
-1100
816
2026
2402
2255
2519
3505
3348
3042
2519
2202
1256
341
138
573
63
58
26
762
1393
2219
3229
3144
3466
3435
3868
3747
3461
3350
3484
3823
3978
3990
4220
3686
3126
2821
3056
3352
3370
3444
3323
3259
3381
3631
3616
3726
3734
4282
4798
5467
5890
6333
5922
5520
4501
4269
3171
2244
241
-1811
-4406
-6759
-8539
-11616
-14008
-16349
-14284
-12297
-9608
-8221
-4928
-2063
76
750
1883
2560
1647
681
-925
-45
-1089
-543
-2245
-2945
-4346
-5190
-5495
-7029
-7401
-7762
-6446
-4975
-2798
-15
2596
4064
4965
5170
6218
5654
4443
2656
1626
1492
451
231
-604
-749
-1867
-2919
-3196
-3205
-2992
-3112
-2482
-1072
453
2171
3511
4444
4955
5207
5547
5221
4659
4019
2980
1992
829
383
-300
-1392
-2639
-3344
-3182
-3039
-2615
-2275
-1784
-1434
-604
565
1305
1673
2124
2603
2888
2763
2959
3049
2746
1866
1112
832
871
723
470
516
807
1387
1911
2378
2645
2968
2979
3045
3240
3654
3794
3711
3837
4035
4077
3799
3445
2999
2805
2759
3065
3482
3949
3954
3840
3853
3641
3471
3189
3917
4059
4357
4464
5119
5972
5676
5430
4219
3808
2944
1689
545
-1394
-2718
-5571
-7316
-10690
-13113
-15535
-14818
-12635
-10940
-8865
-7476
-4150
-2630
-543
-355
631
183
-1
-551
-676
3
223
-54
-1696
-3128
-3817
-4377
-5413
-6352
-6593
-5926
-5084
-3051
-1177
1311
2152
2972
2992
3432
3542
3425
3146
2511
1855
1517
1663
1447
438
-864
-1539
-2199
-2663
-3128
-2380
-1657
-664
-44
1000
1826
2790
3577
3864
3915
3808
4214
4025
3764
3096
2647
1940
591
-729
-1707
-1811
-2009
-2407
-2611
-2554
-2029
-1601
-1008
-961
-577
-44
729
1251
1763
2712
3552
3883
3512
3037
2607
2346
1710
1177
766
736
967
1324
1599
1856
1945
2198
2228
2197
2414
2893
3500
3759
4285
4644
5087
4683
4242
3584
3181
3120
3121
3398
3279
3472
3372
3420
3198
3465
3601
3977
4019
4442
4891
5179
5747
5049
4919
3840
3954
3290
2471
850
-1210
-2591
-4646
-6122
-9848
-12434
-14931
-14126
-12678
-10893
-8850
-7133
-5220
-4531
-3262
-2811
-2133
-1884
-826
-419
-322
-107
985
1270
754
-1355
-3006
-4417
-5164
-4996
-4925
-4243
-3873
-2385
-804
454
798
1026
1219
1426
1067
1370
1732
2633
2969
3153
2593
1528
481
-58
-492
-1282
-1758
-1834
-1036
-693
2
253
796
937
1125
1584
1862
2467
2807
3738
3912
3856
3479
3003
2407
1085
199
-677
-1190
-1404
-1478
-1337
-1693
-1839
-1647
-1277
-987
-1295
-1076
-707
415
1264
2334
3049
3328
3278
2948
2683
2063
1945
1873
1975
1748
1650
1683
1731
1673
1607
1475
1580
1495
1979
2479
3088
3463
3765
4238
4350
4192
3712
3167
2695
2419
2510
2931
3187
3404
3531
3993
4053
3959
3498
3046
2820
2939
3344
3383
3709
4369
5335
5688
5069
3456
2143
855
-35
-1650
-3349
-4961
-7091
-9529
-12278
-13106
-12425
-11010
-10077
-9172
-7574
-6754
-5984
-5681
-4792
-3602
-2966
-1711
-1223
-547
-133
-131
-194
-738
-1114
-1282
-1925
-2361
-2883
-2347
-1605
-967
-831
-583
-155
-36
-331
-296
117
697
948
1003
1074
1015
1123
870
872
649
738
297
274
107
229
314
454
525
603
1072
1307
1403
1338
1867
2189
2421
2370
2544
2514
2392
1963
1613
1268
1052
677
491
211
-77
-509
-842
-1017
-1295
-1315
-1288
-1187
-1107
-611
110
715
844
1101
1460
1786
1882
1948
2029
2284
2305
2427
2445
2495
2516
2208
2148
1969
1733
1675
1754
1991
2166
2374
2664
2724
2810
2864
2978
2779
2519
2231
2101
2247
2420
2625
2677
2456
2197
2006
2107
2251
2230
2232
2319
2803
3327
3853
3886
3758
3517
3440
3626
3623
3695
3087
2196
1080
-312
-1565
-3408
-5575
-7646
-9219
-9488
-9122
-8900
-8585
-8518
-8427
-8176
-8466
-8255
-8397
-8087
-7151
-5964
-4580
-3484
-2960
-2966
-3174
-3371
-3133
-2893
-2181
-1263
-82
838
1575
1392
1044
698
442
412
446
612
857
1153
1344
1278
797
223
-291
-443
-284
127
100
340
320
330
270
94
-44
-131
19
503
934
1316
1549
1432
1294
1330
1490
1461
1564
1463
1698
1724
1941
1657
1229
833
690
514
604
508
535
207
130
-102
-217
-215
-211
-238
-173
75
316
453
518
486
427
435
658
789
1029
1300
1477
1561
1489
1489
1398
1411
1620
1800
2057
2308
2565
2724
2795
2825
2726
2530
2475
2453
2624
2793
2836
2638
2465
2312
2216
2028
1951
1902
2021
2219
2419
2427
2528
2567
2775
2883
3269
3636
3754
3831
3701
3764
3537
3393
2821
2430
1343
765
-580
-1656
-2906
-3933
-4301
-4775
-4961
-5081
-5251
-5326
-5590
-6494
-6911
-7986
-8124
-8434
-8006
-7853
-7363
-7557
-7214
-7444
-7134
-6943
-6744
-6146
-5428
-4409
-3419
-2669
-2121
-1977
-1766
-1416
-1071
-478
-79
502
774
1142
1379
1192
1106
972
1050
1242
1529
1855
2049
2185
2392
2183
1902
1536
1330
1173
1298
1453
1567
1446
1512
1458
1387
1406
1262
1120
961
1016
1193
1171
1157
1004
661
661
675
822
827
775
577
475
477
850
754
737
532
456
554
779
864
760
530
623
729
969
1144
1113
1002
1014
1104
1179
1274
1219
1385
1480
1893
2150
2250
2289
2313
2409
2528
2531
2589
2501
2708
2891
3053
2976
2733
2496
2424
2514
2605
2517
2396
2359
2546
2790
3045
3195
3142
3204
3170
3644
3687
3736
3392
3261
3035
2824
2115
1260
118
-559
-1080
-1660
-1939
-2786
-3455
-4402
-4781
-5183
-5663
-6509
-7140
-7974
-7851
-7904
-7769
-8234
-8372
-8589
-8301
-8236
-7892
-7765
-7531
-6927
-6289
-5398
-4646
-4079
-3465
-3030
-2209
-1592
-1261
-913
-638
158
587
1125
1267
1322
1515
1714
1991
2078
2187
2242
2394
2801
2996
3061
2654
2374
2175
2066
2210
1856
1843
1613
1756
1851
1751
1621
1125
931
852
888
1013
778
763
549
720
706
627
531
260
303
207
390
458
564
628
576
619
557
599
560
512
649
644
868
773
898
957
976
1035
885
968
930
993
1129
1225
1426
1470
1555
1653
1812
2007
2094
2225
2243
2384
2371
2471
2497
2563
2645
2587
2606
2507
2454
2403
2388
2493
2512
2534
2502
2539
2809
3076
3222
3182
3149
3044
3256
3202
3337
3054
2852
2380
1878
1436
944
99
-874
-1793
-2371
-2667
-3123
-3798
-4603
-5378
-5901
-6304
-6817
-7083
-7983
-8068
-8461
-8094
-8030
-7919
-8104
-8226
-8103
-7648
-7363
-7002
-6716
-6029
-5337
-4370
-3690
-3068
-2652
-2320
-1643
-1290
-557
-357
16
313
689
1242
1339
1533
1517
1583
1890
2090
2466
2449
2421
2469
2373
2549
2281
2196
1771
1830
1864
1995
1907
1723
1529
1278
1234
1215
1075
976
694
732
783
950
883
603
545
474
640
675
627
499
515
685
878
998
989
835
744
846
991
1104
1064
977
965
1138
1313
1371
1273
1193
1088
1165
1180
1274
1250
1314
1414
1618
1755
1861
1870
1915
2029
2186
2283
2313
2252
2342
2390
2513
2517
2323
2226
2143
2300
2455
2538
2469
2323
2285
2438
2533
2798
2796
2669
2561
2697
2972
3310
3193
2890
2338
2312
2417
2287
1936
1167
528
-457
-1006
-1628
-1991
-2667
-3420
-4262
-4977
-5400
-5436
-5943
-6402
-7197
-7404
-7785
-7554
-7384
-7249
-7428
-7708
-7655
-7498
-6931
-6471
-6354
-5845
-5457
-4553
-3876
-3150
-2606
-2410
-1889
-1498
-854
-408
92
420
673
1118
1290
1500
1607
1794
2060
2067
2369
2369
2467
2590
2626
2599
2283
2244
1934
1842
1831
1875
1763
1506
1520
1376
1224
1159
805
779
541
804
602
650
643
472
555
462
568
484
411
528
421
674
787
909
908
864
940
872
1055
990
1206
1116
1220
1293
1249
1409
1229
1216
1149
1071
1264
1145
1346
1315
1399
1507
1539
1687
1665
1803
1851
1965
2072
2085
2102
1964
2086
2150
2250
2057
1912
2049
2092
2237
2059
2066
1855
1902
2165
2129
2235
2135
2180
2273
2296
2637
2310
2329
2156
2290
2333
2268
2107
1673
1278
769
277
-285
-1063
-1790
-2555
-2955
-3498
-3977
-4550
-5247
-5535
-6071
-6206
-6683
-6932
-7073
-7272
-7222
-7214
-7132
-7116
-7295
-7114
-6894
-6451
-6178
-5605
-5199
-4506
-3999
-3453
-2927
-2397
-1824
-1380
-997
-451
-184
312
606
940
1151
1360
1552
1630
1965
2240
2278
2326
2389
2474
2370
2464
2356
2221
2030
1879
1727
1503
1686
1542
1423
1202
948
848
756
859
846
606
605
419
608
589
744
627
553
504
529
626
738
830
908
962
1158
1153
1248
1227
1371
1390
1374
1450
1339
1421
1414
1452
1426
1305
1293
1199
1258
1375
1374
1387
1326
1407
1534
1737
1840
1826
1806
1789
1873
1955
2089
2019
1888
1822
1887
2038
2118
2169
2038
1975
1875
2140
2144
2242
1955
1819
1762
1853
2054
1946
1836
1706
1828
1971
2113
2115
1899
1641
1647
1473
1544
702
243
-610
-1044
-1306
-2180
-2602
-3599
-4015
-4305
-4737
-4990
-5700
-6113
-6448
-6690
-6518
-6850
-6870
-7349
-7000
-7050
-6813
-6833
-7002
-6721
-6583
-5913
-5389
-5029
-4276
-4142
-3277
-2797
-2156
-1672
-1634
-893
-721
1
328
544
789
793
1285
1383
1610
1803
1767
1972
1933
2381
2307
2353
2234
1998
2029
1803
1908
1598
1440
1451
1228
1448
1240
1128
885
719
953
802
904
772
641
675
740
961
947
917
793
756
913
1120
1326
1260
1288
1326
1403
1567
1505
1561
1400
1463
1534
1571
1695
1562
1513
1419
1406
1484
1330
1347
1312
1351
1466
1505
1560
1530
1543
1606
1652
1730
1718
1713
1671
1800
1884
2009
2061
1906
1879
1780
1995
2068
2166
2058
1931
1910
2031
2103
2110
1904
1702
1603
1823
2073
2159
2224
1961
2073
2039
2360
2185
1855
1612
1069
798
498
152
-288
-1307
-1816
-2511
-2831
-3169
-3659
-4082
-4753
-5022
-5271
-5499
-5763
-6040
-6134
-6475
-6458
-6378
-6396
-6375
-6619
-6215
-6313
-5852
-5593
-5251
-4660
-4257
-3535
-3125
-2649
-2068
-1892
-1267
-974
-431
-183
73
447
568
827
988
1152
1354
1446
1772
1726
1945
1935
2051
1983
1862
1890
1595
1508
1410
1309
1279
1017
996
841
736
746
496
513
344
409
338
347
377
328
375
420
547
607
618
724
713
836
884
1016
1083
1107
1265
1228
1374
1370
1387
1348
1269
1343
1304
1357
1365
1327
1371
1306
1333
1278
1275
1263
1197
1282
1314
1443
1430
1501
1517
1565
1599
1571
1599
1594
1688
1794
1869
1930
1863
1846
1822
1792
1813
1794
1898
1880
1870
1756
1766
1865
2005
2019
1797
1633
1560
1836
2127
2345
2155
1832
1748
1758
1851
1625
1062
447
-199
-159
-540
-888
-1611
-2364
-2914
-3305
-3313
-3737
-4355
-4975
-5317
-5411
-5402
-5520
-5836
-6274
-6320
-6290
-6049
-6113
-5978
-6058
-5983
-5580
-5105
-4570
-4336
-3917
-3421
-3003
-2322
-1988
-1563
-1297
-896
-443
-311
130
322
620
780
1092
1298
1361
1450
1685
1786
1980
2003
2078
1833
1887
1939
1870
1684
1483
1265
1050
994
1118
967
818
735
652
590
622
684
536
506
521
585
590
675
742
659
747
879
840
877
888
1036
1050
1207
1344
1284
1286
1318
1366
1359
1370
1380
1272
1308
1402
1429
1389
1301
1270
1148
1215
1241
1274
1248
1281
1357
1418
1567
1638
1608
1580
1576
1642
1682
1752
1780
1740
1745
1685
1708
1662
1751
1768
1837
1839
1849
1909
1845
1869
1771
1733
1618
1616
1756
1853
1868
1876
1771
1921
1769
1817
1472
1459
1304
1085
778
339
-90
-639
-1073
-1541
-2024
-2517
-3046
-3522
-3860
-4128
-4331
-4912
-5026
-5649
-5486
-5807
-5668
-5832
-5894
-5927
-5991
-5929
-5611
-5580
-5239
-5198
-4685
-4371
-3846
-3421
-3033
-2614
-2277
-1734
-1440
-939
-659
-378
-86
116
476
625
791
1059
1098
1450
1441
1638
1652
1746
1799
1761
1671
1637
1469
1458
1351
1216
1126
929
874
845
759
733
553
480
501
525
628
564
477
420
444
494
652
579
566
558
546
761
806
916
907
842
1025
1028
1188
1217
1204
1250
1213
1304
1263
1261
1235
1197
1177
1135
1115
1061
1079
1094
1147
1202
1206
1292
1321
1487
1555
1566
1565
1477
1546
1578
1667
1701
1625
1626
1594
1665
1711
1692
1625
1644
1699
1757
1750
1702
1644
1616
1722
1809
1753
1798
1701
1739
1682
1780
1774
1797
1872
1899
1714
1505
1261
996
689
355
-99
-637
-1210
-1661
-2012
-2324
-2706
-3256
-3868
-4353
-4654
-4730
-4893
-5100
-5272
-5438
-5573
-5582
-5587
-5550
-5694
-5642
-5538
-5340
-4972
-4686
-4355
-4091
-3643
-3272
-2893
-2498
-1995
-1647
-1214
-850
-457
-320
98
243
542
591
884
998
1057
1372
1485
1537
1541
1587
1727
1572
1722
1612
1467
1379
1330
1360
1169
1136
977
799
822
857
864
645
662
577
582
649
666
665
503
648
677
716
860
807
828
801
944
1053
967
1104
1083
1136
1184
1305
1269
1203
1204
1200
1173
1191
1199
1148
1114
1209
1171
1175
1127
1105
1064
1021
1101
1082
1134
1233
1347
1441
1479
1506
1462
1414
1510
1555
1634
1587
1576
1489
1493
1611
1625
1577
1433
1353
1346
1437
1566
1510
1358
1252
1220
1284
1390
1469
1389
1338
1395
1537
1685
1713
1661
1333
1149
939
826
597
290
-125
-711
-1114
-1551
-1885
-2355
-2733
-3142
-3517
-3705
-3886
-4218
-4593
-4862
-4990
-5117
-5213
-5246
-5473
-5495
-5401
-5168
-5206
-5109
-5071
-4882
-4642
-4021
-3595
-3321
-3001
-2504
-2135
-1678
-1274
-1067
-899
-629
-104
82
342
552
548
606
869
1090
1186
1141
1408
1350
1510
1599
1661
1425
1401
1400
1259
1128
1136
954
843
798
957
728
695
659
537
571
641
778
601
612
710
666
790
886
853
741
763
931
943
1072
1114
1114
1079
1248
1368
1325
1393
1356
1343
1369
1442
1483
1311
1319
1274
1217
1233
1204
1202
1138
1213
1264
1258
1329
1372
1384
1428
1528
1554
1525
1498
1513
1525
1582
1643
1599
1527
1563
1550
1575
1525
1516
1508
1470
1597
1605
1575
1493
1404
1393
1395
1387
1342
1269
1341
1481
1558
1575
1499
1454
1494
1505
1308
987
612
328
175
-117
-322
-973
-1563
-1952
-2317
-2326
-2836
-3197
-3822
-4202
-4238
-4348
-4346
-4746
-5008
-5257
-5260
-5084
-5157
-5113
-5355
-5257
-5055
-4819
-4394
-4399
-4091
-3872
-3406
-2901
-2586
-2098
-1979
-1588
-1198
-906
-544
-498
-100
-99
268
500
664
793
880
1026
1032
1173
1212
1153
1184
1254
1362
1259
1198
1082
842
909
837
821
654
627
578
580
683
726
609
502
540
567
652
780
732
678
686
852
918
927
967
881
921
1086
1309
1356
1353
1350
1291
1341
1426
1415
1317
1245
1280
1298
1370
1391
1294
1191
1189
1251
1242
1252
1232
1228
1311
1445
1543
1524
1509
1488
1495
1540
1542
1510
1517
1627
1686
1661
1613
1544
1512
1507
1546
1522
1444
1413
1372
1398
1404
1378
1176
1037
966
988
1038
1025
1027
1002
1142
1178
1261
1293
1362
1291
1048
935
605
428
139
-136
-518
-956
-1385
-1573
-2092
-2072
-2688
-2966
-3627
-3724
-3845
-3858
-4099
-4146
-4524
-4705
-4757
-4697
-4763
-4732
-4869
-4819
-4820
-4541
-4051
-4205
-3718
-3810
-3348
-3113
-2580
-2116
-1817
-1574
-1133
-1000
-626
-474
-145
-130
116
325
488
579
749
955
915
1026
1056
1051
1023
1179
1315
1169
1132
1071
894
915
876
848
614
562
673
546
667
706
637
526
573
633
635
646
798
766
847
972
1015
908
986
1016
1047
1073
1180
1239
1214
1372
1447
1417
1430
1363
1306
1239
1314
1344
1265
1272
1242
1203
1205
1242
1207
1104
1108
1136
1204
1292
1346
1350
1280
1329
1310
1343
1361
1359
1406
1410
1477
1462
1446
1439
1383
1361
1303
1242
1189
1181
1199
1160
1137
1044
996
919
903
933
912
938
875
875
942
1075
1192
1296
1204
1123
830
662
436
286
72
-330
-730
-1110
-1237
-1448
-1665
-2132
-2553
-2978
-3137
-3214
-3346
-3561
-3865
-4096
-4235
-4212
-4174
-4417
-4562
-4635
-4547
-4401
-4264
-4127
-4173
-3943
-3603
-3367
-3111
-2856
-2416
-2208
-1702
-1391
-1188
-1106
-817
-450
-274
-42
143
161
352
521
780
715
814
891
917
1065
1207
1209
1078
1024
1133
990
1091
920
817
607
714
799
698
743
657
591
626
745
801
673
684
725
727
920
975
995
870
1020
1052
1138
1194
1184
1163
1157
1338
1413
1425
1457
1354
1354
1340
1386
1354
1245
1280
1194
1220
1194
1160
1093
1033
1103
1133
1171
1197
1195
1234
1288
1400
1343
1305
1253
1288
1375
1446
1494
1349
1308
1276
1312
1323
1261
1200
1081
1082
1114
1148
1130
1083
974
939
919
931
872
783
717
708
750
772
765
686
769
845
938
885
565
304
-55
-82
-108
-397
-732
-1408
-1604
-1820
-1734
-1916
-2381
-3027
-3399
-3454
-3279
-3304
-3411
-3902
-4108
-4312
-3983
-3978
-4136
-4167
-4471
-4242
-4102
-3744
-3589
-3722
-3449
-3219
-2875
-2493
-2296
-2012
-1866
-1370
-1041
-862
-705
-593
-328
-184
256
331
295
379
496
760
785
975
828
694
913
1065
1204
1075
1014
830
669
947
962
862
693
622
629
731
960
906
695
656
742
841
956
1054
877
845
980
1190
1238
1208
1192
1068
1182
1402
1440
1383
1305
1358
1384
1512
1580
1417
1265
1254
1334
1356
1375
1282
1143
1127
1203
1264
1186
1133
1087
1085
1246
1332
1343
1264
1236
1271
1291
1378
1335
1267
1266
1366
1443
1400
1316
1171
1104
1183
1271
1236
1069
1006
975
1061
1185
1108
889
647
615
698
782
805
611
445
467
604
803
740
673
410
490
533
497
226
-173
-444
-791
-749
-961
-1259
-1713
-2046
-2202
-2302
-2442
-2647
-3173
-3226
-3440
-3347
-3474
-3576
-3816
-4081
-3904
-3922
-3880
-3974
-3961
-4007
-3859
-3485
-3278
-3357
-3154
-2961
-2590
-2350
-1852
-1803
-1681
-1483
-1078
-810
-629
-387
-405
-342
52
311
366
334
411
481
534
845
852
744
697
886
825
896
897
792
584
667
850
760
697
685
606
616
755
856
659
635
738
756
877
984
956
822
877
1057
1043
1104
1122
1083
1058
1257
1362
1289
1277
1269
1287
1327
1426
1398
1222
1236
1272
1280
1322
1278
1185
1081
1158
1240
1258
1264
1252
1232
1302
1471
1523
1466
1434
1414
1433
1458
1481
1377
1303
1339
1375
1377
1313
1225
1107
1077
1149
1174
1112
1010
890
858
893
914
843
690
550
481
459
518
482
421
291
260
268
366
457
492
479
461
506
302
20
-331
-433
-637
-803
-943
-1157
-1506
-1745
-1820
-1959
-2267
-2450
-2748
-3017
-3054
-2998
-3075
-3377
-3425
-3508
-3702
-3690
-3670
-3671
-3665
-3556
-3376
-3401
-3236
-3079
-2979
-2861
-2474
-2295
-2134
-1883
-1548
-1312
-1154
-941
-752
-743
-397
-204
-18
84
225
264
249
412
601
574
633
684
725
687
765
817
743
748
786
738
625
703
714
721
763
799
724
651
775
886
904
978
929
855
885
1004
1099
1065
1100
1080
1078
1179
1286
1266
1195
1208
1236
1274
1331
1339
1277
1213
1255
1250
1225
1210
1153
1104
1122
1183
1181
1119
1116
1093
1125
1182
1206
1193
1185
1205
1213
1221
1214
1168
1134
1167
1192
1198
1145
1092
1063
1086
1109
1072
1008
926
919
902
908
865
769
703
647
668
675
621
562
484
500
502
483
505
423
501
451
599
544
520
382
58
-168
-435
-350
-682
-970
-1313
-1566
-1637
-1710
-1781
-2172
-2643
-2764
-2964
-2850
-2878
-2981
-3250
-3592
-3339
-3419
-3223
-3497
-3619
-3719
-3627
-3159
-3070
-3001
-2985
-2887
-2599
-2401
-1949
-1920
-1838
-1669
-1311
-888
-784
-505
-627
-551
-237
11
263
135
281
289
319
623
691
696
468
574
607
710
897
861
731
597
731
780
696
805
631
591
604
841
850
762
834
758
814
919
1020
928
825
1021
1043
1139
1218
1181
1088
1088
1285
1283
1263
1248
1199
1220
1315
1440
1286
1186
1149
1122
1161
1185
1189
1050
1021
1130
1150
1174
1144
1098
1051
1134
1243
1241
1234
1232
1211
1184
1206
1206
1127
1116
1140
1114
1075
1051
1005
928
944
940
863
782
784
743
719
675
628
511
439
447
371
384
351
372
247
261
282
211
231
177
268
219
325
296
184
-21
-212
-563
-625
-827
-909
-1206
-1390
-1642
-1880
-1909
-2003
-2194
-2542
-2588
-2900
-2890
-2894
-2814
-2974
-3220
-3224
-3271
-3319
-3099
-3124
-3130
-3140
-2978
-2776
-2703
-2426
-2351
-2299
-2157
-1800
-1578
-1376
-1145
-1020
-884
-679
-387
-301
-240
-16
42
125
239
375
401
400
605
597
524
579
602
689
700
819
714
617
674
784
731
715
694
637
632
783
837
826
771
859
864
922
1020
975
930
947
1095
1154
1178
1201
1149
1124
1192
1261
1249
1215
1254
1238
1269
1311
1314
1203
1160
1177
1133
1120
1115
1085
1049
1081
1156
1129
1128
1145
1141
1172
1232
1265
1206
1183
1202
1197
1192
1187
1174
1128
1133
1134
1113
1083
1014
955
922
922
951
842
786
691
680
684
671
602
451
388
307
322
292
292
203
126
104
158
142
184
55
98
18
118
-59
-325
-540
-804
-777
-1052
-1079
-1524
-1802
-2015
-1991
-2039
-2135
-2482
-2626
-2971
-2743
-2772
-2750
-2971
-3160
-3134
-3191
-2975
-3018
-3028
-3109
-3000
-2822
-2620
-2571
-2377
-2355
-2013
-1869
-1511
-1485
-1269
-1142
-898
-728
-544
-390
-302
-174
108
188
273
206
261
399
430
569
462
492
529
585
670
654
555
487
399
560
635
705
634
560
530
640
720
731
639
601
675
778
905
966
924
832
837
933
1035
1039
1045
1009
1052
1142
1210
1191
1100
1056
1076
1120
1169
1162
1103
1085
1099
1149
1133
1080
1015
985
1022
1090
1101
1086
1065
1076
1129
1200
1218
1176
1115
1134
1188
1263
1280
1219
1150
1117
1131
1152
1124
1066
963
888
850
868
843
789
688
602
578
547
555
465
426
395
404
360
308
222
155
90
62
117
50
44
-119
-164
-179
-307
-402
-760
-834
-1084
-1211
-1388
-1574
-1800
-1951
-1966
-2043
-2257
-2452
-2557
-2643
-2631
-2583
-2635
-2913
-2849
-2831
-2573
-2656
-2605
-2724
-2741
-2543
-2257
-2133
-2069
-2025
-1809
-1612
-1326
-1119
-1126
-1063
-937
-613
-484
-286
-237
-158
-101
141
258
252
188
195
238
385
574
571
396
398
481
544
610
591
467
311
495
645
693
657
640
535
550
768
831
736
703
748
811
920
1068
984
862
911
987
1056
1054
1088
993
995
1123
1157
1111
1048
1022
996
1043
1122
1041
951
932
962
986
994
971
853
847
943
1026
1061
1070
1055
1033
1105
1190
1169
1096
1051
1074
1133
1214
1234
1147
1044
1032
1059
1064
1041
953
853
811
850
831
766
648
546
491
510
547
440
384
269
275
232
218
100
-49
-108
-87
-55
-42
-116
-239
-299
-324
-369
-589
-792
-1007
-1030
-1070
-1080
-1384
-1635
-1944
-1881
-1930
-1882
-2081
-2316
-2437
-2463
-2286
-2256
-2299
-2476
-2603
-2609
-2382
-2305
-2222
-2345
-2267
-2252
-1984
-1873
-1699
-1731
-1629
-1467
-1260
-1032
-954
-862
-799
-663
-473
-328
-258
-186
-154
10
48
140
134
140
205
288
383
411
330
347
349
466
529
509
439
410
472
591
652
669
580
563
604
729
769
785
751
742
823
910
963
901
845
869
910
1010
1023
957
900
909
982
1006
996
934
862
879
948
1000
976
917
869
874
931
973
976
940
952
1004
1079
1122
1060
988
949
1003
1082
1116
1077
1001
973
1039
1105
1103
1023
904
864
902
949
926
801
692
638
627
657
614
503
426
387
399
401
374
339
227
172
164
146
132
137
75
2
-118
-182
-199
-268
-276
-595
-761
-1014
-1058
-1269
-1322
-1401
-1633
-1776
-1841
-1833
-1970
-2074
-2078
-2274
-2316
-2205
-2202
-2296
-2454
-2237
-2253
-2179
-2221
-2208
-2226
-2144
-1823
-1644
-1566
-1502
-1476
-1278
-1114
-792
-731
-790
-726
-573
-274
-126
-14
-82
-160
-2
105
258
236
255
143
165
365
481
465
421
397
359
400
527
500
424
440
537
547
557
621
549
527
580
691
641
638
724
742
792
863
882
760
725
799
812
854
877
870
806
834
929
892
843
768
734
734
798
875
835
805
781
770
802
818
810
758
800
886
947
984
956
947
928
986
1008
961
941
959
1022
1049
1040
972
873
840
867
884
856
817
776
694
699
676
660
564
470
417
341
380
382
384
248
105
-34
-107
-158
-169
-220
-302
-383
-434
-500
-555
-644
-744
-872
-951
-1033
-1164
-1281
-1325
-1406
-1465
-1622
-1761
-1879
-1853
-1789
-1759
-1785
-1832
-1929
-1891
-1777
-1708
-1767
-1834
-1808
-1790
-1650
-1470
-1396
-1449
-1387
-1249
-1122
-1055
-949
-928
-909
-749
-528
-453
-396
-350
-328
-296
-184
-121
-149
-125
5
58
196
250
246
175
235
292
263
291
318
315
392
545
604
519
498
500
494
566
639
657
625
725
788
829
833
793
750
726
807
839
836
845
844
877
873
874
822
745
737
750
793
797
790
780
786
800
782
765
725
708
733
779
824
814
803
792
782
775
755
728
696
701
731
763
758
728
692
653
663
691
705
673
618
542
514
514
558
525
435
322
252
307
340
325
231
106
59
51
106
106
29
-42
-137
-156
-179
-233
-296
-404
-457
-514
-547
-600
-814
-975
-1179
-1140
-1218
-1216
-1359
-1475
-1532
-1560
-1493
-1555
-1667
-1771
-1826
-1753
-1664
-1648
-1666
-1729
-1681
-1687
-1536
-1511
-1495
-1501
-1367
-1193
-1076
-954
-936
-935
-852
-686
-536
-506
-446
-402
-326
-174
-86
-19
-54
9
74
169
265
257
232
258
346
429
461
467
422
432
504
577
578
563
565
561
629
696
725
680
667
685
701
736
758
732
719
742
782
776
762
742
712
700
724
718
681
660
646
637
641
642
604
563
563
578
592
600
581
549
541
564
593
589
580
562
558
587
612
607
587
567
559
573
589
590
552
537
539
535
522
512
496
490
466
468
426
321
272
223
252
220
207
129
83
81
82
35
-48
-102
-174
-165
-175
-130
-250
-303
-400
-428
-463
-478
-531
-636
-713
-716
-698
-686
-749
-860
-937
-1009
-947
-988
-933
-1050
-1114
-1172
-1118
-1036
-1083
-1130
-1170
-1210
-1180
-1169
-1096
-1127
-1109
-1050
-1043
-1020
-1034
-952
-903
-796
-705
-696
-677
-652
-488
-407
-345
-329
-381
-325
-257
-120
-71
-62
-28
-12
95
169
200
184
183
278
327
420
445
457
426
474
537
539
535
523
549
603
667
694
636
636
649
684
705
696
668
625
670
723
729
705
652
625
623
657
648
605
568
558
588
594
589
543
489
492
514
540
518
500
479
469
503
506
491
450
431
419
430
441
431
410
380
383
375
359
337
300
294
302
305
287
252
219
196
175
146
107
56
35
25
38
26
-27
-78
-109
-80
-88
-135
-215
-314
-349
-339
-250
-254
-323
-404
-474
-455
-459
-456
-529
-614
-600
-576
-506
-533
-586
-661
-684
-636
-629
-640
-691
-671
-658
-629
-615
-654
-724
-768
-767
-745
-766
-734
-757
-734
-698
-628
-621
-680
-710
-720
-638
-546
-444
-439
-480
-479
-428
-364
-314
-330
-353
-372
-277
-154
-73
-31
-41
-59
-24
58
99
87
102
168
237
306
354
337
305
327
383
408
420
426
423
466
553
579
531
502
505
522
571
610
587
566
602
653
666
661
633
586
571
621
634
608
582
574
572
579
575
528
484
473
484
493
495
484
460
447
457
448
410
363
331
325
339
354
328
296
263
252
244
221
183
120
95
101
115
106
82
33
-13
-23
-19
-27
-52
-74
-101
-110
-126
-145
-193
-231
-245
-244
-242
-251
-265
-267
-265
-259
-281
-321
-356
-366
-332
-329
-330
-368
-402
-431
-443
-434
-455
-452
-427
-421
-401
-443
-464
-513
-533
-503
-508
-493
-545
-552
-529
-487
-464
-508
-523
-582
-593
-566
-542
-519
-548
-507
-523
-518
-500
-522
-528
-541
-485
-442
-403
-357
-374
-361
-355
-303
-300
-304
-279
-272
-212
-155
-104
-88
-77
-51
-44
-15
7
22
51
87
148
170
206
215
222
238
264
301
313
345
386
413
449
485
501
498
515
527
527
537
557
568
560
576
581
577
581
576
568
566
570
567
550
555
554
539
532
521
516
501
507
501
485
471
463
466
463
456
445
420
408
403
389
379
361
350
350
341
334
320
289
263
242
229
208
201
174
140
126
108
76
45
16
-2
-8
-14
-30
-52
-60
-63
-59
-65
-91
-131
-165
-190
-183
-176
-184
-232
-261
-262
-229
-206
-209
-232
-282
-303
-308
-312
-341
-367
-399
-404
-364
-325
-316
-363
-414
-463
-480
-472
-479
-502
-493
-434
-374
-347
-385
-455
-512
-529
-510
-471
-425
-393
-387
-364
-336
-350
-381
-439
-484
-492
-442
-374
-303
-264
-248
-244
-262
-289
-320
-337
-313
-272
-209
-144
-104
-84
-88
-93
-113
-126
-147
-133
-76
2
66
105
117
119
124
134
119
95
103
140
208
275
317
329
314
303
293
280
259
260
275
320
383
412
421
408
387
366
353
326
317
314
348
392
408
412
389
357
332
327
299
284
283
309
345
386
383
347
313
295
285
269
257
216
202
217
241
251
231
184
138
124
124
128
113
91
73
85
101
90
57
3
-29
-27
-12
-4
-21
-36
-38
-27
-23
-48
-89
-133
-149
-143
-144
-152
-152
-160
-151
-136
-144
-186
-219
-239
-243
-217
-215
-231
-242
-231
-216
-213
-233
-271
-305
-312
-302
-285
-275
-285
-294
-296
-290
-301
-332
-361
-371
-348
-314
-285
-279
-291
-300
-297
-308
-321
-352
-376
-364
-317
-251
-211
-209
-219
-219
-221
-218
-230
-232
-224
-188
-142
-110
-94
-98
-113
-110
-117
-120
-106
-81
-38
4
40
41
22
10
7
4
4
2
12
48
96
146
170
170
159
151
153
162
176
189
205
231
264
284
272
252
230
224
223
231
245
271
302
330
342
333
326
306
288
287
286
282
287
302
325
330
325
301
258
235
236
237
253
256
254
258
264
262
253
233
198
178
170
189
195
203
194
178
171
164
156
133
117
105
97
89
93
90
79
69
48
34
30
37
33
21
9
-11
-18
-23
-42
-44
-62
-75
-91
-82
-91
-95
-85
-92
-98
-102
-106
-121
-137
-156
-180
-199
-197
-197
-182
-172
-169
-168
-180
-183
-196
-215
-215
-213
-196
-184
-170
-171
-178
-185
-197
-201
-213
-209
-210
-208
-192
-172
-164
-168
-187
-192
-196
-190
-180
-185
-172
-156
-142
-151
-166
-189
-206
-206
-199
-181
-172
-162
-149
-143
-138
-140
-155
-156
-141
-127
-99
-79
-61
-47
-45
-46
-51
-60
-63
-51
-30
-19
-11
-8
-9
-10
-1
4
-7
-2
23
52
77
101
107
98
95
99
95
99
108
118
113
127
134
128
124
126
129
136
156
162
171
175
177
177
171
175
172
170
172
177
174
173
162
149
144
141
144
150
151
161
157
146
138
123
109
105
104
96
99
99
89
82
81
65
61
54
47
57
48
49
43
33
27
11
10
10
2
8
8
0
-9
-13
-28
-33
-38
-47
-43
-47
-50
-58
-57
-62
-63
-66
-68
-54
-54
-49
-43
-57
-58
-75
-88
-94
-95
-99
-97
-87
-85
-77
-80
-84
-93
-94
-92
-83
-83
-73
-70
-76
-72
-80
-79
-82
-76
-77
-65
-56
-54
-44
-39
-28
-27
-25
-12
-8
-11
-4
2
8
10
13
20
14
16
9
17
19
16
20
9
6
8
-3
1
9
18
21
16
21
20
26
30
32
34
33
36
40
37
23
21
23
17
13
21
19
12
15
9
9
5
-1
-2
-12
5
16
18
21
20
16
1
0
-4
2
5
11
11
18
24
17
14
11
1
-3
0
12
20
30
45
37
47
47
40
24
44
49
44
51
46
47
40
48
43
28
24
23
24
24
22
29
35
42
36
36
36
23
26
30
28
28
33
36
37
43
34
18
13
7
3
3
3
13
16
13
20
16
1
-2
0
-8
-15
-13
-20
-30
-15
-17
-15
-20
-25
-28
-33
-18
-14
-3
-8
-2
-6
-4
-6
-19
-15
-13
-6
1
6
6
10
2
10
1
-5
-1
-13
-13
-5
-5
-15
-9
-1
-6
-12
-6
-23
-26
-13
-23
-13
-16
-18
-23
-20
-20
-20
-18
-27
-31
-28
-21
-22
-19
-26
-37
-29
-28
-27
-30
-34
-37
-37
-37
-33
-31
-43
-44
-38
-32
-42
-42
-47
-55
-46
-49
-51
-63
-64
-61
-59
-64
-61
-68
-70
-69
-61
-50
-67
-63
-61
-60
-53
-54
-48
-43
-40
-40
-41
-31
-34
-30
-25
-18
-14
-12
-7
-10
-4
1
-10
-16
-9
-11
-10
1
8
12
9
7
12
17
11
11
10
7
12
16
18
16
19
20
19
29
36
38
42
42
57
61
64
65
60
59
60
57
54
46
38
42
46
48
38
44
42
35
48
48
49
47
48
48
38
38
35
30
35
35
32
29
32
38
30
39
33
24
29
35
42
52
56
54
50
55
56
52
43
29
34
24
28
25
19
18
14
10
-3
-1
0
-7
-2
-3
-6
-8
-4
-4
-6
-6
-9
-5
-4
-7
1
1
-1
-3
1
4
8
8
7
5
3
8
10
17
13
9
13
2
-3
-14
-8
-9
-10
2
-5
-6
-11
-12
-15
-15
-15
-17
-18
-23
-24
-28
-26
-22
-24
-20
-20
-19
-14
-16
-10
-8
-7
-7
-4
-10
-12
-7
-10
-7
-13
-19
-27
-25
-28
-33
-27
-25
-23
-21
-13
-19
-15
-19
-21
-28
-33
-37
-28
-18
-13
-9
-11
-6
-5
-12
-13
-7
-12
-11
2
1
5
10
19
23
27
24
23
18
11
9
8
4
-3
-5
4
0
10
13
7
12
5
-1
0
6
-1
-2
5
2
4
4
8
4
1
4
6
14
20
26
19
13
12
13
5
3
1
1
4
11
-1
-6
-7
-6
-9
-10
-10
-11
-5
1
5
1
1
-6
-10
-11
-13
-18
-12
-16
-16
-12
-14
-13
-15
-21
-14
-8
-13
-11
-9
-14
-15
-14
-12
-16
-23
-24
-23
-21
-24
-20
-27
-28
-29
-33
-32
-23
-30
-30
-31
-28
-30
-25
-20
-21
-21
-21
-22
-18
-13
-19
-15
-15
-18
-13
-13
-13
-5
-2
-6
2
9
8
6
2
7
9
4
7
16
16
16
11
19
30
27
25
29
27
24
22
27
26
23
31
29
32
36
34
33
33
31
24
27
27
31
26
27
32
33
45
39
34
36
30
31
27
27
19
15
12
16
14
13
9
8
8
15
13
6
10
4
4
2
1
-3
-8
-12
-9
-14
-16
-20
-21
-26
-27
-36
-45
-46
-45
-50
-48
-50
-53
-55
-58
-48
-52
-48
-53
-56
-59
-56
-55
-66
-60
-60
-62
-59
-66
-60
-58
-58
-55
-54
-54
-55
-57
-52
-52
-52
-43
-40
-36
-35
-37
-29
-23
-21
-23
-14
-19
-12
-3
-4
-3
-5
-2
-3
-4
-1
1
9
6
7
12
9
11
13
21
31
28
35
40
33
47
42
42
47
42
45
51
59
52
53
53
55
61
52
48
52
54
51
51
54
52
44
38
44
46
42
35
35
37
30
29
34
38
42
45
47
49
41
45
40
53
51
42
46
49
45
37
36
32
29
30
29
30
25
31
37
41
41
34
32
28
30
25
29
29
25
24
22
31
24
23
15
15
20
21
28
22
20
26
18
16
19
16
19
10
10
10
5
-1
-7
-5
-10
-4
-9
-3
-10
-10
-13
-15
-13
-23
-17
-24
-23
-20
-24
-21
-29
-21
-22
-25
-20
-14
-18
-21
-15
-10
-11
-15
-21
-20
-14
-21
-20
-16
-14
-20
-19
-20
-20
-24
-31
-20
-20
-26
-18
-14
-17
-12
-14
-18
-23
-27
-24
-23
-21
-17
-15
-7
-10
-3
-2
-5
-6
-5
-3
-2
3
5
10
5
8
5
6
3
0
-3
-3
-5
-10
-8
-15
-11
-1
-3
-8
-11
-8
-5
-2
-4
-5
-8
-7
-6
-10
-10
-11
-14
-7
-9
-4
-1
-8
-10
-19
-15
-14
-18
-15
-19
-21
-19
-18
-27
-23
-22
-26
-25
-25
-24
-25
-29
-32
-35
-27
-22
-19
-15
-15
-15
-12
-12
-13
-12
-7
-7
-8
2
-2
-5
-2
1
-6
-2
-6
-3
2
-4
4
7
6
1
-3
-5
-13
-11
-14
-13
-11
-10
-3
-2
-7
-3
-2
-8
-9
-13
-14
-17
-10
-18
-13
-17
-17
-13
-21
-15
-20
-18
-18
-17
-18
-17
-9
-12
-2
-4
-2
-9
-13
-10
-14
-14
-16
-13
-10
-2
0
-1
-2
-2
-5
-7
2
-1
0
-1
0
0
-3
5
5
7
-1
1
4
7
8
6
10
11
11
10
6
6
6
5
-3
0
0
1
1
3
8
5
9
3
9
11
10
13
14
20
16
20
15
20
16
18
23
20
27
25
30
29
31
25
26
25
24
28
28
28
24
24
30
22
20
21
19
14
21
10
5
12
10
10
4
19
12
16
17
14
19
14
16
7
3
2
3
-4
2
2
8
8
4
6
4
5
2
-1
-1
-3
-4
0
-5
-1
-2
-5
-9
-4
-11
-11
-10
-8
-8
-5
-14
-12
-13
-15
-21
-21
-12
-12
-14
-15
-8
-5
1
5
9
3
3
-1
5
8
-3
-1
-2
-10
-3
-8
-12
-6
-4
-5
2
0
5
3
9
11
12
9
3
1
-9
-3
2
3
2
5
7
6
9
5
8
2
0
5
0
4
6
9
4
8
12
7
8
5
-1
-2
-1
-2
6
11
10
4
7
5
1
-1
4
1
-4
-5
-5
-10
-6
-9
-8
-9
-14
-13
-14
-10
-15
-9
-14
-15
-10
-7
-5
-6
-12
-6
-8
-8
-16
-14
-8
-16
-12
-10
-12
-7
-10
-13
-6
-7
-6
-11
-8
-8
-1
4
-6
-3
1
-3
-6
-9
2
2
4
6
9
6
3
11
9
-3
-1
-2
1
12
10
13
6
9
10
7
2
5
0
3
9
5
6
5
1
-2
-3
-2
-5
-4
-5
-6
-6
-2
-3
-1
-2
1
-1
-5
0
-5
0
-9
-5
-2
-3
2
-3
-2
-4
1
1
1
2
1
4
9
8
0
1
8
5
-1
-5
-5
2
-5
-1
0
6
7
1
3
-1
-1
-8
-1
-1
-2
-3
-5
-15
-16
-16
-19
-24
-17
-12
-13
-16
-21
-19
-14
-23
-24
-16
-19
-12
-14
-12
-4
-3
-2
-2
0
7
7
1
3
2
1
10
8
9
12
13
4
7
4
6
10
9
10
7
6
5
15
20
21
26
27
26
22
21
24
23
23
20
22
21
28
20
26
14
17
21
14
11
13
10
-2
4
-2
2
6
5
5
11
7
3
4
-3
-3
-5
-10
-7
2
3
5
5
-3
-1
4
-1
2
-1
-9
-9
-11
-6
-14
-13
-11
-15
-12
-5
-8
-12
-4
-5
-1
2
7
-4
-1
4
1
0
-9
-8
-12
-6
-12
-13
-8
-8
-4
-5
-8
-13
-6
-1
-3
2
1
-7
-4
-3
-4
-4
-6
-3
2
-1
-7
-7
-13
-6
-1
1
0
2
0
3
6
9
8
-4
3
-2
0
-1
-1
2
-2
8
6
3
6
10
10
18
15
11
20
15
14
17
9
2
3
9
0
-9
-5
-10
-15
-10
-11
-11
-10
-6
-3
1
-7
-4
-7
-11
-2
2
1
-8
-5
-6
-7
-12
-10
-4
-6
7
1
-2
1
-2
0
-3
0
-1
-4
1
2
-1
9
1
2
4
5
10
-1
5
2
10
10
8
9
0
6
0
2
5
2
3
3
8
8
12
10
8
6
9
9
11
6
12
14
11
15
11
12
15
19
14
17
17
14
11
13
15
12
9
9
8
8
6
8
3
3
4
-2
-1
-5
0
-3
-3
1
-3
-4
1
-1
-3
-4
-4
-1
-4
-3
-2
-7
-10
-12
-15
-15
-19
-25
-24
-17
-24
-15
-11
-17
-17
-20
-18
-13
-9
-15
-17
-16
-18
-18
-15
-19
-17
-21
-21
-16
-6
-7
-2
-3
-3
-3
-9
-13
-14
-15
-13
-8
-9
-9
-12
-4
-9
-13
-8
-8
-9
-4
-11
-11
-9
-5
-3
-1
2
8
9
2
3
3
6
4
3
6
9
6
8
6
8
12
9
12
6
9
11
14
17
20
28
18
25
28
27
17
15
16
16
16
20
23
25
23
20
22
17
23
20
22
18
14
17
17
14
14
14
17
10
12
13
10
9
8
13
10
4
4
4
3
4
7
8
5
3
1
-1
-1
8
6
9
8
13
7
6
2
4
1
-2
-2
-1
-2
-3
3
-6
-2
-2
0
2
5
6
-4
-12
-14
-10
-8
-12
-17
-17
-21
-15
-17
-20
-12
-14
-18
-23
-18
-16
-17
-27
-28
-28
-25
-28
-31
-32
-38
-37
-38
-32
-22
-30
-30
-27
-23
-19
-15
-17
-18
-17
-17
-20
-20
-26
-26
-26
-25
-28
-32
-32
-32
-26
-23
-17
-18
-23
-25
-26
-23
-25
-20
-20
-13
-23
-18
-15
-14
-6
-9
-2
-6
1
-1
2
7
10
7
9
10
11
19
11
10
6
5
8
5
10
7
18
10
14
16
15
15
16
18
13
20
18
16
27
18
19
22
16
14
12
19
11
10
14
19
20
28
24
26
27
21
27
23
29
29
29
32
28
20
20
20
16
18
15
20
16
19
20
20
18
21
16
14
12
8
11
4
-1
-4
-4
-4
-2
-3
-1
3
2
5
4
9
7
5
7
0
0
2
2
-1
-7
0
-4
-19
-12
-19
-17
-18
-17
-14
-18
-14
-15
-17
-19
-12
-19
-21
-18
-23
-16
-15
-18
-18
-14
-14
-15
-20
-22
-17
-18
-11
-12
-8
-9
-10
-7
-2
-1
-3
5
6
0
-2
3
-3
-2
-1
-4
-6
-3
2
-2
3
-2
-2
3
3
4
0
1
2
2
6
10
13
18
9
0
10
12
16
13
23
28
31
34
29
32
32
31
28
31
29
27
25
25
21
24
26
23
29
28
31
35
31
32
28
28
26
33
34
34
30
31
29
24
27
24
22
22
19
13
11
12
16
17
20
15
14
13
13
13
11
9
7
12
9
12
8
10
11
8
2
6
-3
-2
2
-7
-1
0
0
1
-2
-4
-3
-10
-10
-15
-12
-12
-16
-12
-15
-19
-20
-21
-23
-28
-23
-30
-25
-24
-26
-26
-32
-29
-29
-26
-29
-34
-37
-35
-38
-34
-34
-27
-29
-36
-34
-30
-33
-37
-31
-30
-28
-36
-29
-31
-31
-27
-35
-24
-21
-24
-32
-35
-39
-44
-47
-46
-41
-42
-40
-35
-41
-40
-42
-42
-32
-35
-34
-37
-42
-42
-47
-41
-41
-41
-42
-41
-43
-41
-41
-40
-36
-37
-40
-38
-34
-42
-36
-35
-37
-34
-27
-31
-31
-30
-28
-25
-23
-18
-17
-17
-17
-12
-12
-12
-5
-4
2
4
4
5
3
10
9
7
12
12
13
26
22
25
29
34
39
41
46
39
44
41
49
41
45
50
53
55
53
57
59
58
57
55
54
58
61
60
57
64
65
65
65
62
61
62
63
70
72
71
73
76
68
66
64
61
61
61
57
56
56
57
48
52
58
54
55
52
51
51
45
45
43
40
37
38
40
37
37
31
31
23
27
23
20
24
16
15
9
9
7
7
14
10
4
2
-6
-12
-11
-11
-11
-21
-18
-17
-15
-13
-19
-18
-24
-34
-34
-33
-32
-27
-26
-27
-27
-20
-19
-23
-27
-29
-29
-26
-25
