SAMPLES:	15991
BITSPERSAMPLE:	16
CHANNELS:	1
SAMPLERATE:	16000
NORMALIZED:	FALSE
-2
-5
-4
0
0
-1
1
0
2
2
2
-1
2
4
1
4
6
5
4
7
3
6
8
5
4
7
4
1
2
4
3
4
4
4
7
6
8
10
9
10
11
9
8
11
12
8
7
9
10
10
11
10
9
10
10
11
11
9
8
10
9
13
9
6
7
7
6
5
2
2
3
4
2
2
2
1
0
1
1
0
1
-1
-3
-4
-2
-4
-5
-6
-7
-5
-5
-4
-6
-3
-4
-8
-5
-7
-8
-4
-3
-4
-3
-4
-5
-5
-8
-6
-6
-8
-7
-9
-5
-4
-7
-3
-2
-2
-4
-4
-3
-3
-7
-8
-7
-9
-9
-7
-7
-6
-7
-5
-5
-3
0
-1
-1
-3
-3
-3
-3
-2
-3
-4
-4
-4
-6
-3
-5
-3
-3
-1
-2
-2
4
4
2
4
5
3
-1
0
0
2
2
0
1
2
3
3
3
4
6
4
7
7
2
3
4
4
3
6
5
4
5
3
4
3
6
4
7
9
7
8
8
9
9
7
7
5
3
4
3
1
-3
-4
-5
-6
-3
-6
-7
-6
-4
-2
-5
-7
-4
-4
-5
-5
-8
-10
-5
-4
-9
-11
-10
-9
-10
-9
-12
-5
-6
-4
-2
-3
-2
-3
-1
1
2
2
4
6
6
5
5
6
3
1
6
5
7
6
6
11
11
9
9
11
6
8
6
2
3
4
5
4
7
4
3
3
4
3
1
4
7
6
10
7
5
8
6
6
7
10
7
5
3
6
5
1
4
0
1
3
2
3
4
3
3
4
2
-5
-5
-5
-6
-4
-7
-6
-3
-7
-6
-9
-8
-6
-10
-10
-10
-11
-9
-10
-6
-6
-5
-2
-1
-3
-3
0
-2
2
-1
-3
-5
-2
-2
-2
0
-4
-1
-2
-8
-3
-4
-2
-5
-4
-3
-5
-5
-3
-4
-4
-6
-6
-5
-6
-5
-6
-4
-4
-6
-5
-4
-6
-7
-5
-1
0
-2
-1
2
-2
0
2
0
0
0
1
4
-1
1
1
1
0
2
2
3
1
3
0
1
2
-2
0
-3
-1
-2
-4
-5
-6
-4
-4
-4
-2
-2
-1
-1
-1
0
2
2
1
2
5
2
2
6
3
5
5
3
3
7
6
8
5
3
6
3
2
5
3
4
4
4
1
0
1
1
2
-2
-2
-1
-1
-7
-5
-2
-2
-5
-1
-2
-4
0
-2
-1
-6
-5
-5
-6
-5
-1
-3
-3
0
-2
-1
0
2
-1
-3
3
3
3
4
2
2
1
0
1
3
0
1
5
2
1
0
5
3
2
4
5
5
8
6
7
5
2
2
2
5
0
0
2
3
3
3
4
5
10
10
9
8
8
7
5
5
6
6
9
6
5
3
2
4
5
9
7
10
6
7
8
6
6
7
8
7
8
8
9
6
6
7
4
4
0
-1
-2
0
-2
0
0
1
2
1
1
3
3
1
2
3
1
-1
2
3
-1
-2
-3
-2
-7
-7
-3
-7
-6
-5
-3
-4
-4
-4
-3
-6
-7
-8
-9
-11
-11
-8
-8
-10
-10
-10
-11
-7
-7
-6
-3
-2
-7
-3
-3
-7
-4
-4
-1
-2
-5
-2
-1
-3
-4
-7
-7
-5
-7
-8
-5
-5
-2
-1
-2
-2
-3
-7
-5
-3
-4
-7
-6
-7
-8
-7
-10
-10
-6
-6
-4
-3
-7
-5
-7
-7
-4
-8
-9
-8
-10
-6
-6
-7
-8
-6
-5
-5
-3
-5
-6
-6
-7
-9
-7
-4
-5
-3
-2
-5
-2
-1
0
2
0
3
5
6
7
7
7
5
4
5
6
7
7
9
9
10
8
6
7
5
7
6
8
10
9
11
10
10
11
8
8
7
5
6
4
3
4
4
4
3
5
7
9
7
5
9
6
6
6
6
0
-2
0
-3
-4
-8
-8
-6
-8
-7
-5
-4
-3
-3
-1
3
4
4
1
2
3
0
3
3
0
1
3
3
6
8
6
6
7
6
4
3
3
5
7
8
7
6
8
9
8
10
7
8
9
5
3
5
4
6
6
6
8
7
9
6
6
10
5
5
1
2
2
1
0
-1
-2
-5
-4
-3
-5
-5
-6
-7
-6
-9
-10
-11
-14
-16
-14
-15
-16
-14
-13
-12
-13
-11
-9
-8
-8
-6
-4
-6
-5
-6
-3
-1
-1
1
2
2
-1
-1
3
3
5
6
3
2
3
1
-2
0
-4
-7
-2
-2
-1
-2
-2
0
1
2
3
3
2
2
4
4
5
1
1
-1
-1
3
1
1
0
1
-1
0
2
0
0
1
0
-2
-2
-3
-3
0
-3
-2
-1
-4
-4
-4
-4
-2
-1
-2
-5
-6
-3
-2
-4
-2
-1
-3
-2
0
-3
-4
-5
-5
-3
-2
-4
-1
1
1
4
0
-2
-3
1
0
-2
-1
-3
-3
-5
-2
-1
-2
3
4
5
5
7
7
6
7
9
9
8
9
5
6
6
3
4
0
2
1
3
-1
0
6
1
2
-1
-3
0
-2
0
-5
-9
-5
-6
-5
-6
-5
-5
-5
-5
-5
-2
-3
-1
-3
-5
-4
-5
-2
-3
-3
-3
-2
-2
1
1
2
-2
-2
2
1
1
-2
-2
1
0
1
1
0
4
3
3
3
6
5
5
4
3
3
2
4
3
3
1
2
4
2
1
2
7
6
3
7
6
7
11
8
4
6
7
10
3
5
5
2
4
2
4
3
3
-1
3
3
1
3
3
3
0
3
0
1
-2
-2
-3
-1
-3
1
1
-4
-4
-3
-2
-3
-4
-6
-2
-2
-4
-5
-6
-6
-5
-4
-8
-5
-8
-10
-4
-6
-5
-2
-2
-5
-7
-1
-1
-2
-3
-2
-1
-3
-3
3
1
0
1
3
0
-1
-3
-2
-4
-5
2
-1
0
4
2
1
3
3
2
3
4
2
-1
1
1
-1
-1
-2
-1
0
-6
-5
-5
-4
-8
-7
-1
-4
0
-2
-2
0
-4
-3
-1
-1
2
1
1
0
0
-1
-2
-2
-3
-1
-3
-1
0
0
1
0
4
-1
-1
0
-1
1
1
2
0
3
4
6
8
7
8
8
8
9
11
9
10
9
11
12
10
10
8
6
4
1
-1
-2
-2
-4
-4
-4
-5
-4
-4
-1
-2
-2
2
2
4
4
3
2
0
2
1
3
-1
-2
-2
-4
-2
-4
-1
-3
-4
-4
-4
-1
3
2
3
6
5
4
3
2
1
3
-2
-1
0
-2
-2
-4
-1
-2
-3
0
2
-2
0
2
-2
-1
0
-4
-5
-2
-5
0
-3
-4
-5
-5
-3
-7
-3
-5
-5
-4
-5
-4
-5
-4
-3
-4
-6
-6
-6
-6
-7
-7
-6
-5
-4
-4
1
-4
-1
-1
-1
6
4
2
5
4
6
7
6
1
1
3
0
2
-2
-1
-2
-6
-6
-9
-7
-7
-5
-4
-5
-4
-4
-2
-1
-1
-2
-2
-2
-3
-2
0
-3
-2
0
3
5
2
-1
0
-4
-3
-5
0
-1
-2
2
2
4
7
7
8
10
9
11
9
8
9
8
8
8
8
5
2
3
3
3
2
4
4
5
7
1
0
-4
-3
-2
-1
-1
-3
-2
-3
-4
-5
-2
-4
-2
-3
-1
1
-3
-3
-3
1
-3
-3
-1
0
-5
-6
-5
-6
-4
-6
-4
-1
3
4
6
7
5
8
5
7
7
10
11
10
10
5
1
2
1
-2
5
5
-1
-2
-3
-10
-8
-3
-3
1
-1
-1
-3
-2
-1
-1
3
0
-1
0
0
-3
-5
-4
-1
3
3
0
1
0
-4
-4
-2
1
1
0
0
1
-1
0
-2
-1
-1
2
1
2
0
-3
-2
4
5
2
2
-1
-1
-2
1
1
3
8
9
10
13
11
7
7
8
13
13
14
14
14
14
11
7
7
8
7
7
7
7
7
8
6
5
2
0
1
-3
-6
-5
-5
-3
1
1
4
8
3
0
1
-1
-2
0
1
2
0
2
-1
-5
-6
-12
-11
-14
-14
-17
-19
-19
-20
-20
-23
-19
-19
-22
-21
-21
-17
-16
-15
-11
-9
-5
-6
-6
-7
-11
-12
-13
-12
-12
-9
-10
-10
-12
-17
-10
-20
-21
-19
-20
-18
-15
-12
-10
-11
-8
-4
-6
-7
-4
-6
-3
-1
3
1
0
4
6
6
5
1
0
4
4
6
4
6
6
3
3
3
4
0
1
2
2
6
7
10
14
11
12
12
9
11
9
12
17
16
17
16
18
17
18
14
12
15
9
12
13
9
10
7
11
12
8
9
9
9
12
12
11
16
17
16
18
14
14
12
11
10
9
6
5
7
8
11
11
13
11
10
11
12
12
13
14
11
9
7
7
3
5
6
0
0
1
-2
-3
-5
-5
-9
-12
-11
-16
-21
-20
-20
-22
-19
-20
-21
-17
-17
-16
-14
-13
-11
-11
-10
-9
-8
-13
-12
-9
-13
-12
-11
-13
-12
-9
-10
-5
-3
-7
-5
-5
-3
-3
2
4
4
5
5
9
8
8
8
10
14
15
14
10
9
9
11
8
6
3
1
-5
-10
-10
-7
-7
-8
-8
-10
-8
-11
-12
-14
-15
-13
-14
-15
-11
-9
-11
-7
-6
-5
-4
-3
-1
4
4
6
3
1
1
0
1
-1
-1
0
-4
-4
-2
0
2
-1
2
4
5
3
3
6
8
5
5
5
6
4
2
1
-3
-5
-4
-4
-6
-6
-8
-4
-3
1
0
0
1
-2
0
-2
-2
-2
-2
0
-4
-3
-8
-7
-5
-4
-2
-1
4
5
6
10
10
8
8
7
6
5
7
9
11
11
12
9
7
10
10
11
13
8
9
9
6
-1
2
0
2
0
-3
0
-3
-6
-6
-7
-9
-5
-4
-4
-4
-3
-9
-8
-7
-6
-4
-2
0
-1
3
2
-3
0
-2
-5
-4
-1
-3
0
0
-2
1
0
1
0
-3
-3
-1
1
-1
1
2
4
7
7
8
5
5
8
6
7
7
9
10
7
3
4
4
1
3
5
3
2
1
0
-2
-2
-2
-2
1
2
2
0
0
-3
0
-2
-1
1
1
0
0
0
-3
-8
-4
-1
-2
2
3
3
4
2
-1
0
1
-1
1
1
2
1
-4
-7
-10
-9
-7
-6
-6
-5
-4
-2
0
-2
0
0
-3
0
2
-2
-4
0
-3
-1
-2
-4
-1
-4
-6
-4
-2
-2
0
2
1
-5
-3
-2
-3
-3
1
2
-1
1
1
1
0
-1
0
4
6
8
5
6
7
2
1
2
-1
0
-2
-2
-2
-3
-4
-2
0
1
2
1
1
1
1
-2
-3
-1
-2
-4
-3
-4
-6
-10
-10
-9
-5
-4
-4
-1
2
1
1
0
0
3
4
6
3
1
1
1
1
-1
1
1
2
3
4
3
2
3
5
6
8
9
6
7
4
3
2
2
2
2
4
8
7
4
3
1
0
4
6
6
5
2
3
0
-3
-2
-1
-2
-2
-3
-4
-6
-6
-8
-6
-4
-2
3
-1
3
3
-1
-1
-3
-2
-1
-3
-4
-4
-6
-3
-4
-2
2
1
1
3
3
-1
0
3
-1
4
-2
-1
-1
-3
-6
-10
-10
-9
-5
-3
-1
0
4
-2
-1
-1
1
3
0
0
-2
-5
-4
-4
-4
-3
-2
-1
1
5
5
3
6
6
6
6
7
3
-1
0
-5
-3
-3
-4
-1
0
0
-2
0
2
2
4
3
5
5
4
4
4
4
3
1
-1
0
0
-7
-4
-4
-4
-1
-4
-2
-1
-3
0
2
-2
-2
-3
-4
-3
-4
-1
-2
-1
5
5
5
1
3
6
6
7
6
5
1
5
2
2
0
-1
-2
-1
-1
-2
-4
-5
1
1
1
-3
-1
1
-2
-1
-4
-4
-1
-2
0
-2
-2
-4
-3
-5
-3
0
2
4
1
4
4
2
4
4
2
3
4
5
4
5
4
5
5
4
6
8
9
3
5
0
-1
2
2
5
3
-2
-1
2
0
1
1
-1
-1
1
2
-4
-6
-5
-1
-3
-4
-4
-4
-8
-8
-8
-9
-5
-6
-2
-1
-1
2
0
3
0
0
-3
-2
-9
-8
-5
-4
-5
-5
-5
-3
1
-2
0
-2
1
2
4
6
4
1
2
2
4
7
3
3
4
5
1
0
1
0
0
1
4
1
-4
-1
2
-3
-5
-8
-9
-6
-5
-5
-2
-1
-1
1
-3
-4
0
-1
0
-2
2
0
0
2
-1
2
1
2
1
3
4
3
4
3
5
3
4
5
2
5
1
-3
4
-2
1
3
-1
1
3
5
2
0
-3
1
-1
-1
-2
-2
-1
-2
-1
-2
-4
-5
-3
-2
1
0
-1
-2
2
2
2
3
0
-4
-1
0
0
-4
-1
1
-1
-1
1
2
2
3
0
-1
-4
-2
-1
-2
-2
2
2
4
3
-1
-1
3
5
1
0
3
3
4
2
-4
-1
2
5
3
-5
-7
-3
2
4
0
-5
-10
-2
3
1
-5
-8
-5
-3
4
0
-5
-3
-2
0
-3
-1
-1
-1
1
1
5
5
8
5
2
-1
-2
-1
4
6
5
2
-2
2
3
7
5
-1
-5
-4
2
4
9
7
2
0
0
4
10
11
4
-2
-4
-3
2
6
1
-3
-5
-4
-5
-7
-6
-5
-1
5
-1
-1
1
2
5
5
-4
-5
1
5
5
-1
-6
-6
-4
-3
-4
-5
-6
0
7
14
11
3
5
5
7
11
12
13
14
9
5
4
1
-1
1
1
3
-5
-11
-7
0
6
3
-3
-8
-13
-4
7
11
5
-9
-13
-4
8
15
2
-15
-25
-22
-9
-1
-3
-11
-13
-9
-3
-3
-7
-3
-2
-1
-3
-5
-2
-3
-3
-8
-11
-4
7
8
2
-3
1
5
6
5
-4
-8
-5
1
5
2
-3
-9
-8
-3
2
3
1
-3
-14
-8
-2
-2
-6
-13
-6
7
11
1
-24
-30
-12
7
14
1
-14
-19
-4
18
28
23
15
1
-7
0
11
14
13
2
-14
-16
-8
8
15
9
1
-11
-16
-14
0
10
19
15
2
-7
-7
6
13
5
-5
-19
-23
-16
-6
9
8
4
-8
-14
2
14
16
10
6
1
-3
1
5
11
15
8
3
-4
11
25
20
2
-18
-7
19
30
19
-8
-23
-10
12
25
25
15
8
-9
-11
-1
7
18
12
-9
-20
-17
-10
-5
-2
-6
-15
-25
-31
-28
-18
-1
9
8
-7
-20
-21
-12
6
15
20
15
2
-14
-17
2
30
42
31
-7
-28
-20
8
38
39
15
-15
-34
-22
9
36
37
-2
-35
-44
-12
27
31
9
-24
-45
-41
-21
12
52
47
-18
-100
-108
8
149
178
39
-138
-181
-29
175
237
114
-75
-179
-118
37
160
163
46
-90
-164
-114
14
135
151
52
-83
-159
-113
20
137
142
43
-90
-159
-108
14
116
113
12
-106
-148
-84
34
109
88
-3
-84
-102
-45
37
78
53
-13
-73
-89
-33
38
63
21
-40
-71
-43
15
54
45
3
-35
-47
-26
24
57
46
1
-41
-42
0
49
53
22
-23
-36
-13
19
43
34
5
-22
-34
-19
6
17
5
-19
-35
-34
-18
1
10
4
-7
-15
-23
-19
-11
5
6
1
-10
-10
7
16
13
-5
-14
-5
16
32
25
7
-14
-17
-2
17
24
22
9
-8
-10
-3
9
17
13
4
-3
-7
-8
-6
5
9
7
-2
-12
-11
-4
12
17
12
3
1
7
14
23
30
25
9
-4
-4
10
22
15
-1
-19
-21
-6
2
6
-4
-17
-18
-8
8
17
4
-14
-21
-13
2
17
19
8
-8
-11
-4
12
18
8
-4
-10
-7
0
13
13
3
-9
-22
-20
-10
1
0
-13
-27
-29
-23
-11
3
3
-4
-16
-21
-13
1
10
5
-4
-17
-20
-8
5
14
11
6
3
0
6
14
21
17
10
2
1
4
7
6
2
2
-5
-7
-11
-11
-11
-4
2
-1
-1
-3
-5
-1
-2
-6
-6
-12
-11
-7
-6
-4
-7
-8
-10
-7
-3
-2
-3
-3
1
6
8
9
5
-3
-5
-2
1
2
0
2
-1
0
3
9
19
18
16
8
7
10
17
19
13
10
7
9
11
12
12
14
11
8
7
8
9
13
15
10
5
4
4
2
0
1
-7
-11
-12
-16
-15
-12
-13
-15
-11
-12
-13
-15
-17
-11
-9
-5
-6
-7
-3
-2
0
-5
-7
-10
-10
2
9
12
7
1
-4
1
7
10
10
3
-5
-6
-1
7
7
3
-5
-10
-6
-4
1
-1
-6
-12
-13
-9
-4
1
2
0
-1
1
1
4
7
1
-1
-1
3
6
8
8
1
-2
1
-2
1
3
3
-5
-2
-2
-1
2
8
9
9
3
-3
-2
0
2
4
4
0
1
1
5
2
0
5
5
3
8
8
4
4
1
-1
-3
-8
-10
-8
-8
-4
-4
-6
-3
-2
-4
-5
-2
-6
-8
-4
-6
-6
-4
-5
-5
-4
-4
0
4
11
10
9
7
5
9
16
24
21
14
8
4
6
13
12
7
3
-3
-5
-1
2
4
7
4
3
5
3
8
11
8
4
0
0
1
5
4
0
0
-5
-6
-4
-2
-1
-2
-7
-10
-12
-11
-10
-8
-5
-5
-2
0
-5
-6
-3
-4
0
-3
-8
-7
-9
-6
-7
-8
-6
-6
-3
-2
-3
-2
-3
-4
-3
-2
-1
-3
-5
-5
-4
-4
-3
-4
-6
-2
-4
-5
-5
-2
-1
0
-1
-3
-2
-8
-7
-3
-4
-6
-8
-5
-5
-3
-4
-4
-3
-5
-4
-4
-4
0
0
0
2
3
6
6
2
4
5
4
4
8
9
6
7
5
1
4
5
1
4
2
1
2
-1
-1
3
3
1
-1
-3
-2
-1
0
2
1
-1
-1
1
-1
1
3
4
6
4
3
4
2
5
10
9
7
5
6
6
9
9
7
7
3
7
8
11
7
6
6
6
5
5
6
8
9
10
12
10
9
6
9
11
8
9
4
6
4
9
8
7
8
8
3
0
3
-1
-3
-4
-5
-9
-11
-10
-13
-7
-11
-17
-15
-12
-13
-15
-13
-12
-10
-10
-13
-15
-14
-10
-5
-6
-9
-6
-6
-5
-7
-4
0
-4
-1
-2
0
2
1
1
0
-2
-2
-2
-1
2
2
-2
-1
-4
-3
2
3
1
2
-1
-2
-1
-3
-1
-1
-2
-1
-3
-10
-8
-6
-6
-4
-3
-2
-4
-2
-6
-1
0
2
0
-3
-3
-5
-9
-8
-9
-8
-5
-5
-5
-3
1
0
4
3
5
5
2
4
3
0
1
-1
-1
-1
-1
-1
-3
-1
-1
-1
0
1
5
6
7
6
7
5
6
3
3
2
2
1
-1
3
2
0
-2
2
1
2
4
4
6
7
5
4
3
1
3
1
2
1
2
3
3
7
5
4
6
8
10
7
7
6
7
6
5
4
3
3
3
5
0
3
8
5
9
6
5
9
7
5
2
1
-3
-5
-5
-4
-2
-2
0
-4
-2
-3
-2
0
-1
3
1
3
0
2
-1
-4
-3
-3
-4
-1
-1
-2
-3
-5
1
2
3
1
-1
0
-1
-2
-3
-5
-6
-7
-5
-4
-5
-9
-7
-5
-7
-4
-2
-2
-1
-2
-5
-4
0
-2
-5
-3
-3
-5
-4
-4
-4
-3
-2
-2
2
1
0
1
-3
2
1
2
2
-1
-2
-5
-7
-7
-4
-5
-4
-3
-2
-2
1
3
4
1
-1
3
2
2
2
2
1
2
0
2
2
3
3
5
2
0
5
4
5
4
6
1
1
2
-1
1
-3
-4
-4
1
2
-1
0
1
-1
2
4
1
0
4
-1
-1
1
3
4
3
5
4
3
5
3
2
5
3
2
3
1
1
-2
-2
-2
1
-1
0
-2
0
-4
1
-1
-5
0
-3
3
2
1
0
1
1
2
2
1
0
-2
-3
-5
-5
-7
-5
-4
-5
-4
-2
-5
-6
-3
-4
-4
-4
-1
-2
1
4
1
-1
0
0
1
-1
-1
0
-1
1
1
0
0
0
0
1
0
-2
-2
-3
-4
-4
-1
-2
-1
-6
-6
-4
-5
-5
-4
-1
1
1
-1
-2
-1
-2
0
1
0
-2
-3
0
2
0
1
-1
1
2
-2
-3
-1
-4
-1
0
1
1
4
4
3
4
1
3
4
5
4
6
2
0
1
-2
-3
1
1
-1
2
1
0
1
0
2
0
4
4
3
3
2
7
4
3
3
3
4
2
4
3
1
0
2
5
4
2
3
2
5
1
2
3
2
4
5
1
4
1
0
1
3
4
4
4
0
1
2
0
2
-1
-2
0
1
0
-3
0
1
-1
0
0
-1
0
-2
-4
0
3
1
3
2
-2
0
-3
-4
-3
-2
-2
-1
0
-1
-4
-2
-4
-2
-2
-5
-2
-3
-4
0
-1
-3
0
1
0
-1
-2
-1
1
-1
-3
3
5
2
0
0
-3
-1
1
1
1
-1
-1
-3
-3
-6
-2
-3
-3
-2
0
0
-3
1
2
5
3
3
0
0
-2
-1
-3
-4
-4
-3
-1
-4
-2
-2
-4
-5
-2
-1
-3
-3
-6
-4
-2
-3
-3
-3
-3
0
-1
-3
1
1
1
0
-3
2
1
-2
3
5
1
2
2
2
2
2
1
2
2
4
4
1
-1
-2
2
-2
0
2
1
-2
-3
-3
-4
-5
-5
-3
-2
1
-3
-1
0
-1
2
1
3
2
0
1
1
0
0
1
0
-1
2
-1
-1
-1
-3
-1
-1
-1
1
0
-2
1
3
2
-2
-1
0
1
3
4
3
3
1
1
3
3
8
7
4
4
2
0
-1
2
0
0
1
-4
-3
-1
-3
0
-1
2
1
0
0
3
1
-2
-1
-1
-1
1
4
-2
-1
2
1
2
1
4
4
3
5
-1
-2
0
0
-3
-1
1
-3
-1
-5
-2
-3
-2
-1
-1
-1
-3
-3
-1
0
-4
-3
-4
0
1
-4
-4
-4
-2
2
2
5
2
0
2
1
3
4
2
2
5
3
2
5
5
4
1
2
1
-1
2
2
-2
-3
0
1
1
2
3
0
0
0
-2
2
4
2
2
-1
1
2
1
0
-1
-2
0
-1
1
-1
0
-1
-3
-1
-4
1
2
-1
0
2
-1
-1
0
-2
-1
-4
-2
-2
0
0
0
4
2
3
3
2
2
4
6
2
3
4
3
3
1
2
3
-1
0
2
-3
1
3
0
-1
1
0
1
0
1
-2
1
2
-1
0
-1
2
0
-1
-2
-1
-2
-2
1
3
-1
-3
-1
-1
-2
-4
-2
-3
-4
-4
-8
-7
-2
-2
-6
-6
-5
-4
-3
-1
-3
-4
-1
-3
-2
-1
-1
-4
-2
-2
-2
-1
-2
-1
-4
-3
-2
-3
-1
-2
-2
-4
-2
-1
-6
-4
-1
-2
-1
2
1
2
1
0
-2
-1
0
2
2
2
1
-3
-2
-3
-2
-3
0
2
3
2
0
1
0
0
-2
0
2
0
0
2
-2
-2
3
-1
1
2
2
5
1
2
2
3
2
1
2
1
5
3
2
3
3
3
4
1
4
4
3
4
1
2
3
3
5
3
4
4
2
1
2
4
3
5
2
1
1
1
1
2
1
2
2
5
4
1
2
4
4
0
0
1
0
-3
-3
-2
-1
2
0
-1
-1
-3
-4
-5
-2
-4
-1
-1
-3
1
-3
-5
-4
-1
-2
1
3
-3
0
1
1
0
1
1
-3
-2
1
-1
1
2
-1
1
0
1
2
0
0
1
0
0
-1
0
2
0
0
-2
-2
-2
1
2
3
1
0
-1
0
-1
-2
1
-1
-1
-4
0
-1
-3
-5
-5
-3
-4
-7
-5
-6
-3
-4
-7
-7
-4
-5
-4
0
0
0
-6
1
1
0
0
-1
2
0
-3
-3
-2
-1
-4
-5
-1
-2
-3
0
1
2
2
3
5
3
3
3
5
6
5
5
2
7
8
6
5
2
2
4
5
6
6
5
4
1
2
1
3
3
3
4
4
1
1
5
3
0
-1
-1
1
1
2
-1
1
1
-3
-2
0
1
1
-1
-3
-5
-3
-2
1
-1
-2
-2
-2
-4
-2
-2
-4
-1
0
-4
-2
0
0
-2
-3
-4
-2
1
1
-2
-4
-2
-4
-4
0
0
-1
-1
-1
1
-3
-1
1
0
1
1
1
1
-1
0
1
-1
0
0
2
-2
-1
-1
-1
0
-4
0
0
0
-2
-2
-4
-5
-5
-7
-7
-4
-3
-7
-5
-6
-5
-4
-4
0
-1
0
0
0
0
1
1
2
5
5
4
1
1
4
6
6
3
1
2
5
5
3
6
6
5
4
6
7
6
6
4
4
5
4
1
4
8
6
4
4
2
4
4
2
2
1
1
0
-1
-2
-3
-5
-2
-2
-4
-7
-9
-6
-7
-5
-4
-7
-6
-5
-4
-8
-6
-7
-6
-7
-7
-7
-7
-7
-4
-6
-4
-2
-2
0
-1
-1
1
4
1
2
-2
0
0
1
-2
0
1
0
3
2
2
0
0
1
3
5
4
3
2
2
3
3
4
4
4
2
3
2
3
5
4
6
5
4
4
6
5
3
2
2
2
3
-1
0
2
-1
-3
1
0
-1
4
3
1
0
2
3
3
2
-1
0
0
0
1
3
3
1
0
1
1
0
0
-1
2
0
4
3
0
-1
-2
-3
-3
-2
-2
-1
-3
-3
0
-5
-3
2
0
-1
-1
2
1
0
1
2
0
2
0
0
0
-1
-1
-1
1
-3
-1
1
0
4
0
-1
-2
-1
0
-4
-1
-2
-1
-1
-1
-1
-1
0
-3
-2
-2
-1
-3
-2
-3
-2
2
-1
1
3
0
4
3
4
1
2
0
-2
-3
2
3
2
1
-3
0
-4
1
-1
2
2
0
0
-2
-3
-3
-3
-4
-4
-4
-2
-4
-3
-2
-3
0
1
3
0
2
2
0
2
2
4
1
2
2
-3
-2
-4
-1
-4
-3
0
-2
-2
-1
2
0
-1
-2
0
0
-1
-1
-2
-4
-2
1
0
-1
-2
-2
-3
-2
-3
-3
-1
-1
1
-1
-1
2
3
2
2
1
3
1
3
2
2
5
4
1
3
4
3
3
2
5
2
3
3
3
3
1
1
3
4
-1
3
-1
-1
2
4
3
2
5
2
2
3
-2
-1
0
1
-3
-3
-2
-3
-4
-1
-3
-6
-3
-1
1
-2
-4
-4
-3
-4
-4
-4
-3
-1
-4
-1
-2
-1
0
-2
-2
1
1
-1
-1
-2
-1
-2
-3
-5
-1
-1
1
1
-1
-1
0
1
0
1
3
3
3
4
-1
1
3
0
1
1
0
0
-2
-2
0
1
2
0
0
1
-2
-2
0
0
-5
-1
1
-2
-1
-3
-2
-3
-1
0
-3
-3
1
-2
-1
-3
-2
-1
-2
-1
0
-3
-2
-2
-3
-2
-3
-1
-3
-4
-1
2
-1
-1
-2
-3
-2
0
0
1
0
-4
0
3
2
7
5
4
4
5
6
8
4
0
4
4
1
3
5
0
1
3
2
4
6
4
2
5
7
4
5
5
4
2
-1
1
-1
-2
1
1
-2
-2
-5
-3
-2
-4
-4
-4
-1
2
-1
-2
0
0
-2
-3
-1
1
-2
1
1
-2
-4
0
0
-1
0
2
2
3
5
4
1
3
2
4
3
1
1
0
0
2
3
0
0
1
3
3
2
4
2
1
5
4
2
1
-1
-1
-3
0
-3
-1
-1
-3
-4
-3
-2
-6
-2
-2
-2
-2
-3
-5
-6
-5
-5
-3
-2
-2
-1
0
0
-2
-1
1
4
2
2
-1
-1
-2
2
3
1
1
3
5
3
2
2
5
4
3
1
2
5
2
4
3
4
5
5
2
3
0
-1
1
-1
2
1
-1
1
1
-2
-1
1
1
3
1
0
2
3
1
-2
-1
-2
-2
-5
-4
-5
-6
-4
-3
-3
-8
-5
-5
-5
-4
-5
-5
-3
-4
-5
-6
-6
-3
-4
-4
-5
-4
-3
-5
-3
0
-1
-1
0
-3
-3
-2
-3
-4
-4
-3
0
3
1
0
1
3
-1
0
5
4
5
2
0
1
0
1
4
2
3
2
-2
1
-2
-5
-1
1
-1
-3
-2
-2
-4
-5
-3
-8
-5
-5
-8
-7
-4
-4
-7
-2
-5
-4
-5
-2
0
-3
0
-2
-1
0
-1
-1
-2
-3
-5
-2
0
2
5
5
5
9
4
4
6
7
5
4
5
4
2
2
5
3
0
3
6
6
4
9
6
7
4
5
5
3
9
6
6
1
0
0
3
0
3
4
2
7
2
0
4
-1
-1
0
1
-2
-3
-3
0
-1
-5
0
-3
-2
-1
-2
-4
0
0
-2
1
-1
-3
-2
-4
-4
-5
-3
-1
-2
-1
2
4
2
3
6
4
9
9
10
8
4
2
1
5
-1
2
1
0
0
-8
-2
-3
-5
-3
2
5
10
3
2
8
0
1
-4
-6
-6
-5
-7
-2
-4
-3
-2
-2
4
7
18
11
6
-1
-1
-6
1
14
14
8
-14
-14
-9
-7
2
-16
-3
17
21
10
-2
-5
-9
2
-3
2
3
-4
-11
-16
-9
-3
-3
-19
0
4
12
21
12
20
-1
8
10
-3
15
-8
-12
-19
-26
-12
-8
-4
2
6
-13
0
7
-17
-11
13
10
2
12
-1
-26
-12
9
11
4
-11
-30
-17
1
-12
-11
-26
-19
2
17
37
16
-2
-38
-14
-7
-6
-5
-8
-10
-30
-20
-30
-10
-12
18
29
37
10
-20
-24
-27
23
-3
13
26
38
34
45
19
38
38
6
33
24
1
-31
-13
-46
-54
-40
-32
-37
-88
-78
-32
7
35
5
2
-15
53
33
8
30
-2
24
21
42
83
44
-11
-33
-10
-41
-14
-12
-55
-41
-63
-52
-14
11
42
28
7
43
-10
16
43
50
74
61
83
69
6
14
-47
-14
47
26
27
-37
0
-11
6
23
12
2
56
56
-5
19
-38
-12
-34
-11
-4
-52
-25
-67
-52
-50
12
22
42
24
-10
31
-8
-18
-50
-52
-32
-26
14
19
12
29
19
-11
-48
-18
6
-39
-8
45
109
60
40
36
-19
31
-69
2
-24
37
40
0
31
-34
-20
-52
-74
-42
-7
-14
93
52
-5
-81
-95
-122
-82
-67
-117
-91
-99
-16
-9
-15
-3
-24
-75
-66
-44
-15
-19
1
43
13
-6
-5
-3
8
-19
23
40
83
132
68
97
73
52
43
45
36
26
22
-24
9
-33
24
67
116
101
-9
71
41
26
-45
-124
-63
-14
17
13
10
-9
23
47
66
48
50
12
-65
29
-25
-37
-17
-4
-81
-63
-50
-63
-20
-81
-59
-114
-164
-536
-1177
-1987
-2389
-2294
-1622
-545
431
635
-235
-1510
-2726
-2766
-1880
-191
1653
2887
3678
3681
3571
3170
2694
2600
2704
3310
3495
3205
2082
624
-412
-682
-31
530
947
550
-131
-602
-860
-883
-1149
-1290
-1256
-849
-372
-267
-595
-1122
-1325
-1000
-249
365
460
-79
-955
-1453
-1416
-958
-375
2
193
132
-51
-81
-213
-276
-311
-459
-534
-817
-992
-1154
-1093
-660
-113
251
347
107
-335
-717
-1012
-1063
-1163
-1296
-1514
-1781
-1780
-1645
-1588
-1589
-1742
-1801
-1770
-1872
-1962
-2264
-2546
-2561
-2483
-2217
-2050
-2040
-2055
-1894
-1519
-977
-531
-251
-45
-20
200
550
992
1390
1623
1915
2254
2708
3200
3588
3781
3968
4172
4229
4244
4031
3847
3753
3744
3788
3674
3557
3437
3326
3223
2951
2609
2140
1681
1277
857
608
346
136
-85
-267
-417
-524
-635
-695
-680
-636
-570
-681
-891
-1151
-1328
-1440
-1371
-1222
-886
-596
-270
-122
-100
-3
-131
-78
-152
-247
-294
-382
-360
-191
-49
341
457
290
-296
-1501
-2595
-3724
-4465
-5110
-6035
-6839
-7777
-8222
-8121
-7842
-7142
-6745
-6278
-5898
-5716
-5224
-4919
-4374
-3860
-3469
-2832
-2358
-1395
-128
1251
2839
3987
5122
6014
6869
7832
8404
8921
8968
8851
8763
8605
8716
8719
8637
8526
8221
7898
7447
6952
6379
5532
4424
3179
1918
704
-328
-1386
-2254
-2996
-3619
-4047
-4525
-4795
-5070
-5400
-5588
-5868
-5942
-6016
-5979
-5843
-5684
-5429
-5151
-4728
-4217
-3505
-2775
-2035
-1243
-581
33
583
1018
1455
1740
2087
2434
2711
3048
3251
3389
3375
3254
3108
2924
2813
2626
2447
2063
1750
1424
1138
922
572
257
-102
-375
-601
-804
-928
-993
-1194
-1313
-1560
-1695
-1718
-1566
-1344
-1193
-1035
-958
-787
-538
-157
30
66
-53
-167
-205
-237
-236
-274
-491
-575
-635
-553
-492
-750
-1147
-2017
-2880
-3702
-4584
-5314
-6202
-6968
-7699
-8341
-8403
-8407
-7992
-7455
-6871
-6064
-5608
-4897
-4283
-3608
-2798
-2298
-1745
-1326
-753
179
1159
2350
3490
4603
5694
6675
7716
8547
9139
9470
9480
9380
9142
8905
8632
8268
7935
7552
7135
6801
6418
6159
5828
5270
4683
3808
2973
2101
1080
136
-950
-1839
-2611
-3311
-3675
-4022
-4107
-4164
-4226
-4152
-4143
-4008
-3932
-3899
-4004
-4187
-4314
-4259
-4060
-3769
-3385
-2932
-2257
-1495
-685
245
1033
1806
2339
2683
2997
3007
3136
3010
2796
2667
2316
2297
2185
2249
2465
2423
2483
2312
2199
2077
1719
1379
756
163
-330
-936
-1317
-1768
-2014
-2190
-2355
-2191
-2157
-1966
-1763
-1610
-1376
-1223
-986
-802
-700
-545
-461
-335
-225
-18
170
440
517
282
-249
-1201
-2085
-3093
-4075
-5043
-6248
-7148
-8134
-8758
-8976
-9087
-8697
-8429
-7927
-7378
-6931
-6125
-5572
-4801
-4198
-3758
-3194
-2811
-2003
-1127
-111
1112
2129
3380
4528
5757
7082
8042
8998
9509
9750
9866
9659
9528
9194
8722
8309
7677
7260
6877
6556
6331
5849
5427
4840
4169
3549
2696
1828
769
-341
-1364
-2456
-3265
-3985
-4528
-4836
-5162
-5147
-5084
-4827
-4455
-4289
-4062
-3984
-3944
-3918
-4069
-4046
-4082
-3970
-3652
-3335
-2766
-2189
-1394
-411
501
1510
2303
2993
3593
3856
4076
3976
3825
3590
3205
2995
2702
2576
2443
2324
2386
2386
2519
2553
2439
2366
2039
1762
1299
680
89
-688
-1212
-1678
-2055
-2275
-2469
-2409
-2201
-1914
-1538
-1246
-932
-607
-272
42
266
401
472
504
339
-31
-776
-1749
-2779
-3880
-4858
-5863
-6849
-7702
-8535
-8968
-9166
-9101
-8697
-8361
-7811
-7351
-6845
-6144
-5607
-4844
-4344
-3865
-3282
-2809
-1913
-1048
39
1271
2346
3689
4843
6090
7352
8297
9238
9702
9965
10093
9934
9868
9504
9059
8589
7969
7594
7174
6848
6593
6124
5744
5175
4567
3987
3134
2325
1226
46
-1028
-2126
-2951
-3746
-4396
-4841
-5192
-5315
-5350
-5232
-5013
-4821
-4611
-4533
-4478
-4417
-4380
-4308
-4309
-4254
-4120
-3884
-3359
-2741
-1987
-1222
-476
435
1246
2113
2836
3325
3709
3767
3777
3672
3529
3404
3088
2849
2604
2442
2425
2388
2489
2483
2421
2297
2018
1817
1469
1097
619
-29
-634
-1293
-1787
-2137
-2392
-2484
-2539
-2445
-2220
-1905
-1480
-1061
-642
-280
-21
241
428
650
662
392
-164
-1137
-2150
-3254
-4313
-5249
-6362
-7332
-8333
-9045
-9294
-9387
-9035
-8718
-8235
-7662
-7174
-6402
-5807
-5103
-4491
-4109
-3562
-3175
-2491
-1705
-849
284
1294
2492
3711
4977
6388
7575
8637
9380
9834
10191
10309
10347
10175
9758
9226
8577
8016
7562
7179
6854
6495
6125
5701
5238
4734
4149
3444
2533
1474
367
-728
-1739
-2701
-3614
-4429
-5081
-5554
-5760
-5740
-5595
-5404
-5266
-5109
-4982
-4825
-4646
-4551
-4492
-4555
-4568
-4419
-4101
-3493
-2863
-2071
-1246
-344
747
1716
2741
3529
4075
4470
4525
4574
4414
4149
3875
3413
3116
2786
2549
2460
2328
2365
2318
2275
2188
1967
1769
1346
833
166
-647
-1364
-2093
-2631
-3049
-3384
-3522
-3563
-3352
-2934
-2391
-1727
-1111
-490
42
457
762
808
593
5
-868
-1953
-3136
-4317
-5452
-6538
-7539
-8355
-8916
-9146
-9003
-8635
-8080
-7488
-6856
-6184
-5521
-4877
-4267
-3801
-3461
-3179
-2888
-2414
-1775
-983
-49
938
2062
3294
4609
5968
7205
8304
9127
9684
10021
10139
10107
9823
9382
8785
8127
7545
7034
6675
6341
6039
5746
5444
5181
4887
4514
3948
3223
2308
1250
152
-962
-1998
-3030
-3947
-4700
-5290
-5562
-5665
-5525
-5320
-5065
-4723
-4465
-4173
-4004
-3930
-3949
-4084
-4089
-4099
-3936
-3617
-3214
-2576
-1901
-986
14
1030
2082
2881
3613
4103
4419
4609
4482
4290
3879
3440
3033
2616
2398
2155
2039
1945
1853
1897
1880
1898
1764
1469
1065
425
-234
-938
-1638
-2258
-2847
-3243
-3503
-3538
-3353
-3024
-2534
-1962
-1332
-727
-191
276
552
586
315
-334
-1192
-2292
-3380
-4564
-5786
-6815
-7822
-8594
-9096
-9248
-9076
-8695
-8105
-7444
-6693
-5922
-5148
-4396
-3773
-3249
-2865
-2557
-2224
-1846
-1339
-746
-17
830
1815
2946
4211
5502
6756
7847
8722
9382
9835
10080
10083
9887
9441
8833
8137
7459
6868
6367
5921
5547
5206
4930
4701
4470
4244
3839
3354
2641
1771
827
-208
-1215
-2254
-3212
-4080
-4745
-5194
-5452
-5474
-5403
-5180
-4864
-4550
-4124
-3846
-3594
-3459
-3424
-3325
-3289
-3097
-2909
-2655
-2234
-1797
-1108
-399
460
1346
2105
2907
3447
3913
4187
4250
4249
3988
3713
3283
2795
2406
1968
1705
1435
1226
1118
988
964
872
716
494
120
-219
-653
-1111
-1552
-2073
-2469
-2802
-3027
-2989
-2880
-2541
-2144
-1755
-1225
-762
-183
262
468
455
-1
-602
-1496
-2513
-3564
-4785
-5901
-7053
-8057
-8752
-9231
-9261
-9079
-8621
-7979
-7286
-6393
-5537
-4616
-3803
-3145
-2555
-2136
-1714
-1342
-963
-497
-34
634
1397
2353
3465
4654
5911
7048
8119
9002
9668
10161
10330
10259
9915
9395
8752
7992
7241
6502
5840
5266
4800
4414
4118
3874
3664
3434
3083
2611
2002
1258
451
-485
-1489
-2480
-3457
-4269
-4970
-5482
-5781
-5862
-5767
-5567
-5271
-4942
-4538
-4130
-3736
-3376
-3098
-2814
-2606
-2325
-2003
-1619
-1138
-702
-137
418
1055
1700
2299
2931
3374
3809
4076
4185
4204
4006
3740
3358
2945
2559
2110
1748
1359
1035
743
434
187
-132
-402
-705
-1031
-1345
-1666
-1920
-2178
-2384
-2565
-2722
-2764
-2762
-2602
-2353
-2079
-1765
-1451
-1075
-725
-474
-362
-507
-876
-1487
-2261
-3147
-4124
-5127
-6154
-7134
-7937
-8528
-8839
-8866
-8651
-8195
-7555
-6793
-5896
-4995
-4111
-3281
-2518
-1904
-1396
-937
-500
-44
452
1004
1655
2396
3288
4274
5305
6383
7358
8229
8937
9502
9930
10100
10062
9779
9278
8643
7906
7159
6417
5705
5082
4526
4070
3705
3387
3082
2754
2409
1984
1463
857
182
-585
-1412
-2266
-3083
-3812
-4477
-4984
-5379
-5606
-5693
-5637
-5430
-5142
-4736
-4307
-3871
-3427
-3034
-2626
-2265
-1872
-1433
-1043
-568
-189
274
696
1152
1615
2002
2419
2716
3048
3292
3449
3508
3439
3314
3121
2883
2631
2278
1950
1560
1177
788
368
-22
-487
-888
-1245
-1521
-1727
-1904
-2070
-2197
-2276
-2273
-2211
-2093
-1949
-1788
-1631
-1471
-1283
-1070
-867
-688
-602
-738
-1030
-1578
-2234
-3058
-3979
-4938
-5920
-6835
-7644
-8273
-8633
-8818
-8727
-8448
-7982
-7309
-6531
-5611
-4709
-3843
-2991
-2320
-1643
-1043
-484
62
544
1130
1719
2390
3202
4083
5030
5988
6903
7791
8534
9156
9635
9908
10033
9890
9591
9073
8417
7709
6938
6207
5468
4773
4175
3616
3197
2849
2476
2117
1675
1248
770
246
-311
-1013
-1759
-2545
-3329
-3972
-4634
-5132
-5524
-5834
-5891
-5882
-5684
-5379
-5026
-4481
-3977
-3372
-2778
-2224
-1610
-1156
-624
-196
206
617
890
1265
1540
1808
2067
2194
2407
2530
2712
2861
2969
3076
3031
2999
2856
2589
2297
1844
1424
945
430
-84
-657
-1118
-1562
-1876
-2052
-2118
-2079
-2023
-1937
-1796
-1618
-1398
-1209
-1070
-965
-899
-867
-807
-740
-723
-797
-1039
-1417
-1980
-2626
-3347
-4141
-4929
-5778
-6599
-7363
-7964
-8286
-8508
-8438
-8218
-7841
-7189
-6518
-5646
-4770
-3909
-3038
-2318
-1524
-823
-192
433
945
1582
2141
2778
3506
4252
5116
5910
6703
7471
8159
8803
9266
9603
9772
9711
9494
9076
8565
7937
7209
6462
5670
4945
4277
3673
3186
2696
2275
1854
1472
1126
708
279
-264
-829
-1428
-2121
-2792
-3524
-4131
-4673
-5166
-5465
-5722
-5764
-5702
-5502
-5078
-4642
-4054
-3485
-2899
-2213
-1626
-993
-488
-42
383
654
1006
1241
1454
1635
1704
1857
1940
2068
2192
2260
2392
2401
2438
2425
2327
2205
1919
1621
1217
750
246
-357
-906
-1449
-1926
-2303
-2631
-2763
-2813
-2768
-2628
-2444
-2171
-1875
-1544
-1243
-973
-743
-607
-471
-362
-281
-305
-511
-823
-1318
-1908
-2585
-3340
-4150
-5011
-5869
-6697
-7376
-7870
-8142
-8224
-8119
-7796
-7322
-6654
-5851
-4999
-4093
-3242
-2423
-1672
-1007
-370
187
739
1290
1805
2368
2974
3673
4457
5249
6107
6883
7699
8422
8948
9386
9614
9644
9472
9136
8714
8160
7526
6831
6075
5365
4674
4080
3551
3094
2662
2222
1848
1471
1111
707
214
-302
-888
-1508
-2145
-2826
-3471
-4107
-4627
-5068
-5397
-5576
-5657
-5561
-5334
-4956
-4482
-3919
-3291
-2653
-1963
-1331
-727
-204
200
588
838
1097
1269
1377
1483
1530
1646
1736
1867
2035
2174
2346
2453
2531
2548
2435
2270
1935
1547
1089
544
-32
-653
-1187
-1641
-2023
-2310
-2533
-2618
-2593
-2476
-2248
-1992
-1676
-1395
-1175
-968
-834
-742
-725
-723
-756
-848
-1016
-1364
-1790
-2336
-2938
-3578
-4324
-5039
-5806
-6493
-7080
-7546
-7784
-7915
-7824
-7608
-7223
-6666
-6048
-5316
-4546
-3741
-2915
-2129
-1358
-623
81
741
1372
2003
2633
3293
3967
4644
5338
6040
6725
7411
8002
8499
8895
9134
9265
9209
9011
8715
8270
7749
7117
6445
5759
5054
4417
3774
3208
2715
2217
1778
1335
909
489
19
-454
-986
-1529
-2074
-2644
-3170
-3693
-4154
-4563
-4934
-5134
-5250
-5236
-5113
-4900
-4548
-4134
-3572
-3003
-2384
-1711
-1106
-481
30
534
939
1227
1501
1626
1747
1790
1802
1854
1822
1876
1886
1905
1980
1987
2038
1987
1905
1778
1558
1318
971
541
22
-539
-1078
-1582
-1975
-2273
-2488
-2596
-2637
-2588
-2446
-2221
-1946
-1661
-1389
-1115
-824
-540
-308
-148
-114
-186
-429
-824
-1359
-2001
-2774
-3633
-4502
-5344
-6111
-6815
-7392
-7776
-7982
-7966
-7758
-7398
-6864
-6271
-5571
-4823
-4054
-3233
-2505
-1822
-1150
-567
43
608
1171
1815
2421
3125
3850
4641
5478
6265
7055
7717
8297
8791
9109
9322
9330
9166
8865
8403
7872
7238
6558
5868
5167
4537
3907
3336
2842
2375
1993
1596
1241
902
484
60
-487
-1063
-1682
-2298
-2894
-3532
-4085
-4602
-5033
-5343
-5551
-5577
-5465
-5176
-4759
-4279
-3664
-3016
-2309
-1613
-970
-371
150
624
1007
1307
1542
1705
1803
1880
1917
1945
1964
1992
2067
2124
2186
2218
2211
2166
2062
1934
1721
1448
1102
600
61
-520
-1062
-1545
-2002
-2367
-2653
-2851
-2877
-2818
-2646
-2308
-1961
-1604
-1277
-990
-761
-574
-433
-344
-388
-536
-817
-1272
-1765
-2370
-3068
-3842
-4646
-5437
-6179
-6817
-7298
-7630
-7804
-7805
-7636
-7324
-6808
-6185
-5485
-4737
-3979
-3191
-2477
-1743
-1056
-463
141
684
1242
1810
2387
3055
3727
4485
5253
5999
6748
7436
8063
8566
8922
9124
9125
8985
8728
8322
7808
7201
6534
5857
5182
4521
3923
3395
2901
2416
1972
1570
1223
883
525
138
-346
-845
-1420
-2037
-2614
-3211
-3754
-4282
-4704
-5027
-5236
-5207
-5092
-4811
-4411
-3909
-3261
-2575
-1795
-1098
-460
156
616
1056
1318
1513
1628
1611
1630
1554
1532
1541
1551
1609
1655
1771
1896
2032
2162
2241
2270
2158
1948
1608
1105
560
-60
-668
-1264
-1837
-2314
-2699
-2920
-3011
-3028
-2942
-2776
-2556
-2249
-1930
-1594
-1311
-1028
-788
-637
-511
-500
-646
-951
-1432
-2031
-2678
-3361
-4100
-4854
-5598
-6272
-6833
-7268
-7457
-7488
-7337
-7070
-6701
-6192
-5599
-4859
-4091
-3337
-2612
-1986
-1372
-796
-219
354
872
1390
1923
2486
3119
3808
4533
5300
6053
6780
7424
7975
8454
8767
8955
8968
8806
8556
8166
7670
7104
6460
5830
5160
4479
3854
3239
2710
2253
1805
1432
1048
687
332
-91
-504
-1011
-1525
-2051
-2649
-3206
-3766
-4255
-4689
-5039
-5237
-5368
-5272
-5095
-4778
-4278
-3754
-3044
-2351
-1626
-881
-320
318
756
1179
1498
1640
1811
1774
1784
1750
1665
1683
1659
1712
1767
1866
2038
2122
2253
2241
2182
2015
1686
1299
736
152
-475
-1076
-1569
-2024
-2354
-2611
-2791
-2821
-2836
-2678
-2465
-2212
-1881
-1680
-1450
-1297
-1154
-971
-908
-843
-959
-1212
-1632
-2255
-2917
-3727
-4484
-5218
-5954
-6513
-7102
-7420
-7607
-7640
-7369
-7061
-6475
-5829
-5097
-4260
-3506
-2652
-1937
-1226
-528
11
629
1103
1646
2196
2693
3299
3881
4564
5255
5868
6567
7175
7746
8257
8582
8859
8914
8853
8637
8225
7772
7140
6450
5737
4987
4349
3683
3119
2593
2089
1710
1316
1000
717
399
97
-299
-748
-1221
-1821
-2368
-2945
-3521
-3996
-4516
-4834
-5074
-5204
-5099
-4992
-4646
-4231
-3725
-3036
-2395
-1638
-993
-409
143
523
940
1185
1420
1573
1551
1607
1553
1564
1565
1534
1614
1654
1801
1906
1986
2113
2125
2124
1992
1725
1352
809
274
-330
-954
-1527
-2070
-2498
-2787
-2951
-2974
-2941
-2744
-2428
-2071
-1612
-1226
-865
-550
-381
-251
-243
-380
-571
-948
-1401
-1983
-2648
-3366
-4137
-4905
-5665
-6330
-6867
-7258
-7433
-7441
-7312
-7026
-6616
-6084
-5464
-4749
-3979
-3230
-2495
-1819
-1215
-605
-12
602
1121
1679
2274
2827
3515
4197
4906
5657
6364
7037
7627
8150
8555
8809
8920
8861
8613
8217
7705
7104
6449
5786
5085
4358
3715
3115
2575
2097
1660
1276
909
582
260
-104
-481
-878
-1322
-1791
-2311
-2839
-3395
-3933
-4359
-4750
-5024
-5157
-5197
-5027
-4816
-4393
-3866
-3262
-2459
-1753
-966
-287
277
832
1191
1522
1707
1780
1814
1684
1640
1578
1567
1579
1589
1686
1741
1863
1995
2098
2204
2198
2110
1812
1412
925
313
-241
-801
-1263
-1680
-2074
-2348
-2555
-2624
-2568
-2448
-2216
-1934
-1660
-1389
-1132
-901
-674
-504
-329
-296
-327
-513
-862
-1307
-1897
-2510
-3237
-4002
-4754
-5539
-6202
-6737
-7168
-7382
-7497
-7349
-7133
-6736
-6198
-5616
-4929
-4187
-3490
-2726
-2051
-1345
-726
-114
468
989
1558
2106
2698
3329
3963
4671
5319
6027
6707
7264
7857
8256
8580
8776
8764
8670
8368
7972
7478
6855
6219
5496
4808
4161
3543
3014
2468
2020
1583
1212
883
554
244
-109
-550
-1009
-1505
-2016
-2486
-2994
-3473
-3937
-4415
-4699
-4923
-4936
-4808
-4631
-4186
-3788
-3152
-2525
-1871
-1124
-536
147
610
1012
1340
1496
1746
1766
1805
1774
1678
1662
1556
1628
1641
1697
1819
1872
2007
1984
1932
1752
1459
1141
657
214
-311
-778
-1220
-1654
-2053
-2395
-2658
-2766
-2754
-2594
-2430
-2205
-2008
-1775
-1555
-1299
-1030
-723
-520
-444
-519
-843
-1254
-1886
-2557
-3304
-4128
-4879
-5680
-6363
-6922
-7377
-7519
-7621
-7423
-7139
-6719
-6104
-5474
-4669
-3891
-3134
-2394
-1762
-1130
-563
-10
485
980
1476
1955
2526
3082
3735
4448
5144
5890
6606
7277
7909
8374
8759
8966
8968
8867
8535
8117
7560
6901
6172
5443
4747
4096
3488
2936
2436
1986
1606
1293
1042
775
505
171
-252
-670
-1181
-1705
-2180
-2777
-3313
-3856
-4357
-4721
-5026
-5152
-5095
-4930
-4523
-4052
-3446
-2770
-2075
-1328
-670
-12
535
989
1375
1599
1750
1792
1727
1664
1528
1443
1358
1286
1275
1291
1377
1440
1582
1735
1845
1908
1783
1565
1209
716
217
-407
-1009
-1642
-2214
-2687
-3049
-3289
-3399
-3369
-3164
-2847
-2346
-1811
-1208
-644
-154
215
381
331
126
-339
-908
-1703
-2579
-3568
-4577
-5511
-6368
-7032
-7511
-7867
-7931
-7919
-7622
-7215
-6627
-5881
-5135
-4293
-3546
-2798
-2127
-1553
-958
-487
15
493
898
1423
1927
2532
3221
3911
4700
5479
6289
7089
7811
8444
8887
9210
9327
9293
9064
8645
8110
7445
6727
5998
5231
4512
3798
3158
2620
2150
1800
1491
1221
981
690
412
82
-304
-709
-1243
-1759
-2404
-2977
-3581
-4097
-4510
-4871
-5069
-5182
-5113
-4860
-4524
-3997
-3428
-2762
-2053
-1392
-696
-103
498
960
1314
1574
1662
1760
1751
1742
1678
1551
1481
1372
1374
1400
1440
1531
1599
1735
1793
1800
1654
1374
1003
494
-10
-604
-1170
-1708
-2214
-2606
-2928
-3103
-3171
-3126
-2959
-2678
-2338
-1927
-1547
-1178
-810
-525
-294
-268
-395
-663
-1093
-1595
-2242
-2986
-3788
-4607
-5351
-6057
-6639
-7134
-7436
-7517
-7469
-7170
-6776
-6237
-5526
-4816
-3988
-3242
-2506
-1795
-1161
-545
-23
486
969
1457
1961
2499
3109
3733
4427
5154
5850
6584
7229
7825
8306
8679
8927
8982
8893
8619
8205
7657
6968
6227
5433
4654
3900
3197
2597
2059
1602
1223
882
580
293
43
-222
-520
-872
-1338
-1837
-2360
-2899
-3414
-3938
-4369
-4711
-4952
-5028
-5011
-4824
-4476
-4024
-3388
-2723
-1990
-1225
-531
178
753
1231
1599
1828
1982
2027
2016
1954
1846
1737
1627
1564
1525
1534
1585
1674
1816
1923
1974
1915
1735
1479
1124
691
226
-287
-775
-1264
-1724
-2112
-2461
-2730
-2896
-2940
-2861
-2682
-2461
-2169
-1859
-1519
-1125
-770
-443
-212
-122
-165
-381
-722
-1233
-1875
-2592
-3426
-4275
-5141
-5921
-6578
-7103
-7430
-7605
-7558
-7340
-6917
-6340
-5650
-4853
-4095
-3311
-2569
-1868
-1173
-614
-69
410
846
1345
1800
2353
2930
3528
4215
4880
5601
6310
6959
7584
8078
8452
8682
8730
8679
8439
8038
7504
6811
6085
5319
4592
3925
3270
2694
2145
1668
1263
920
650
371
129
-173
-519
-929
-1405
-1856
-2388
-2902
-3461
-3979
-4394
-4722
-4877
-4940
-4844
-4608
-4266
-3713
-3115
-2385
-1655
-953
-238
360
919
1362
1697
1931
2024
2044
1986
1930
1846
1768
1706
1650
1646
1674
1740
1819
1845
1848
1736
1555
1275
923
542
104
-328
-791
-1246
-1658
-2015
-2298
-2507
-2655
-2724
-2684
-2553
-2353
-2109
-1854
-1566
-1240
-887
-552
-354
-286
-396
-642
-1040
-1595
-2280
-3089
-3926
-4781
-5618
-6373
-7024
-7488
-7745
-7804
-7622
-7279
-6730
-6034
-5224
-4320
-3408
-2496
-1629
-842
-136
442
942
1385
1780
2177
2561
2961
3400
3880
4426
5021
5669
6358
7021
7634
8135
8506
8727
8787
8706
8413
7966
7369
6642
5874
5067
4264
3475
2741
2074
1496
1011
637
351
121
-39
-217
-409
-649
-937
-1275
-1701
-2159
-2671
-3205
-3700
-4158
-4504
-4722
-4807
-4760
-4587
-4235
-3763
-3121
-2408
-1630
-825
-74
627
1209
1652
1985
2160
2228
2197
2051
1870
1630
1387
1201
1038
962
943
987
1057
1118
1153
1136
1098
964
736
409
-5
-468
-967
-1428
-1851
-2204
-2475
-2709
-2844
-2915
-2875
-2740
-2537
-2261
-1956
-1610
-1229
-835
-446
-157
-12
-45
-256
-657
-1219
-1928
-2750
-3609
-4492
-5330
-6058
-6679
-7088
-7342
-7403
-7216
-6845
-6219
-5473
-4635
-3742
-2920
-2114
-1389
-725
-140
359
811
1189
1546
1872
2212
2625
3099
3670
4260
4908
5604
6293
6964
7556
8040
8396
8580
8604
8454
8098
7588
6932
6177
5389
4569
3774
3020
2345
1785
1298
940
649
447
303
165
59
-117
-359
-659
-1056
-1486
-1948
-2467
-2997
-3540
-4024
-4381
-4638
-4720
-4671
-4482
-4132
-3644
-3017
-2311
-1523
-733
25
717
1293
1770
2091
2264
2324
2262
2121
1903
1662
1414
1203
1036
950
938
1006
1130
1286
1478
1649
1714
1627
1369
985
486
-92
-687
-1288
-1838
-2330
-2760
-3101
-3329
-3434
-3396
-3165
-2790
-2326
-1873
-1480
-1069
-709
-387
-207
-191
-346
-681
-1195
-1880
-2716
-3628
-4561
-5430
-6215
-6863
-7398
-7764
-7913
-7843
-7527
-7037
-6384
-5587
-4723
-3807
-2902
-2050
-1282
-605
-13
517
983
1382
1744
2081
2457
2874
3340
3879
4459
5123
5824
6538
7217
7817
8334
8710
8914
8935
8766
8408
7887
7247
6479
5650
4806
3959
3188
2506
1918
1444
1027
720
496
347
245
130
-20
-237
-519
-871
-1298
-1757
-2270
-2793
-3303
-3786
-4181
-4485
-4626
-4600
-4435
-4100
-3623
-3025
-2345
-1590
-787
-47
665
1273
1759
2114
2295
2354
2260
2072
1834
1538
1259
1014
819
707
666
724
832
978
1142
1269
1351
1310
1181
940
571
90
-509
-1121
-1747
-2330
-2790
-3163
-3408
-3521
-3478
-3303
-3025
-2660
-2232
-1748
-1230
-741
-345
-96
21
-9
-209
-585
-1149
-1878
-2718
-3653
-4627
-5565
-6429
-7116
-7582
-7837
-7880
-7725
-7357
-6774
-6033
-5177
-4271
-3358
-2458
-1635
-880
-229
323
790
1169
1506
1820
2153
2540
2981
3496
4065
4672
5346
6039
6745
7399
7979
8446
8737
8864
8802
8560
8163
7592
6890
6088
5239
4392
3580
2838
2162
1577
1118
784
547
382
242
131
29
-114
-306
-611
-983
-1396
-1879
-2372
-2906
-3421
-3852
-4188
-4381
-4451
-4391
-4187
-3826
-3306
-2674
-1961
-1191
-412
318
946
1455
1844
2109
2273
2306
2212
2020
1746
1449
1140
858
655
545
516
554
609
692
825
922
994
956
783
529
165
-240
-711
-1247
-1770
-2281
-2715
-3065
-3315
-3422
-3414
-3282
-3049
-2747
-2374
-1918
-1410
-905
-483
-225
-132
-261
-553
-1007
-1603
-2304
-3099
-3926
-4782
-5639
-6413
-7045
-7423
-7563
-7467
-7162
-6694
-6045
-5276
-4388
-3457
-2535
-1635
-850
-157
386
790
1138
1427
1724
2021
2310
2645
3021
3459
3976
4550
5178
5834
6488
7116
7671
8098
8400
8529
8480
8238
7816
7250
6553
5768
4958
4139
3348
2639
1998
1450
1009
683
453
297
198
107
15
-77
-214
-431
-735
-1121
-1553
-2006
-2491
-2990
-3464
-3842
-4099
-4221
-4199
-4036
-3731
-3269
-2666
-1972
-1241
-497
215
868
1435
1877
2176
2317
2322
2202
1983
1702
1378
1033
712
460
269
184
193
268
419
590
732
793
738
605
393
119
-198
-564
-964
-1383
-1799
-2192
-2542
-2808
-2945
-2940
-2798
-2576
-2295
-1962
-1570
-1113
-625
-218
71
200
147
-67
-508
-1138
-1901
-2757
-3641
-4551
-5435
-6233
-6920
-7392
-7653
-7670
-7444
-7003
-6364
-5607
-4752
-3868
-2975
-2123
-1351
-652
-93
368
741
1037
1328
1578
1851
2160
2535
3023
3593
4248
4957
5673
6390
7090
7700
8188
8489
8605
8531
8274
7838
7213
6481
5655
4807
3974
3151
2411
1719
1135
681
334
118
-36
-122
-173
-243
-333
-499
-718
-1005
-1357
-1781
-2273
-2769
-3253
-3677
-3999
-4211
-4276
-4209
-3972
-3576
-3029
-2368
-1638
-857
-85
656
1315
1846
2254
2517
2641
2621
2471
2201
1863
1517
1187
897
640
464
403
456
595
761
944
1082
1164
1163
1039
783
410
-36
-534
-1088
-1640
-2177
-2658
-3030
-3294
-3425
-3449
-3300
-2984
-2533
-1981
-1442
-897
-383
50
350
431
322
20
-447
-1071
-1867
-2733
-3666
-4545
-5355
-6065
-6603
-6971
-7096
-6978
-6646
-6133
-5488
-4748
-3953
-3165
-2436
-1777
-1184
-660
-211
147
420
670
881
1151
1466
1846
2302
2832
3454
4143
4890
5640
6355
7010
7570
7992
8252
8334
8222
7926
7457
6852
6146
5371
4582
3794
3056
2377
1767
1256
861
584
403
278
176
88
-40
-208
-441
-751
-1123
-1542
-1998
-2500
-3016
-3495
-3897
-4179
-4327
-4344
-4209
-3908
-3443
-2856
-2201
-1500
-782
-55
606
1180
1625
1923
2118
2186
2116
1939
1666
1379
1099
815
578
378
269
255
331
476
618
755
827
834
726
506
195
-189
-584
-1021
-1451
-1856
-2226
-2541
-2786
-2916
-2927
-2819
-2598
-2310
-1946
-1505
-1061
-644
-294
-60
44
11
-162
-480
-918
-1478
-2129
-2859
-3607
-4341
-5000
-5546
-5924
-6155
-6218
-6117
-5844
-5404
-4844
-4186
-3488
-2785
-2097
-1484
-961
-508
-118
218
516
773
1009
1243
1526
1865
2275
2774
3328
3958
4622
5283
5927
6485
6957
7311
7532
7600
7495
7230
6818
6292
5684
5001
4298
3586
2915
2316
1776
1347
1014
766
602
490
396
296
174
14
-172
-419
-731
-1094
-1515
-1947
-2364
-2730
-3041
-3261
-3368
-3348
-3200
-2930
-2566
-2097
-1528
-901
-263
345
877
1342
1713
1984
2145
2167
2104
1926
1665
1357
1030
742
527
399
341
309
336
377
427
469
488
491
441
323
127
-161
-503
-861
-1225
-1563
-1893
-2194
-2454
-2648
-2783
-2845
-2823
-2710
-2494
-2178
-1802
-1404
-1044
-756
-544
-433
-392
-468
-668
-1000
-1444
-1967
-2576
-3244
-3953
-4645
-5268
-5775
-6148
-6364
-6390
-6216
-5864
-5368
-4781
-4110
-3414
-2704
-1991
-1326
-714
-185
257
623
951
1254
1568
1899
2273
2711
3186
3731
4320
4940
5551
6145
6676
7120
7459
7655
7715
7631
7419
7064
6566
5965
5298
4595
3877
3169
2514
1928
1433
1024
682
412
203
57
-75
-197
-346
-534
-731
-976
-1278
-1633
-1996
-2348
-2669
-2939
-3158
-3285
-3320
-3236
-3062
-2777
-2387
-1899
-1331
-724
-128
421
896
1294
1589
1755
1795
1725
1568
1315
1033
726
449
206
9
-119
-180
-187
-141
-50
52
145
181
162
74
-67
-282
-516
-792
-1102
-1435
-1775
-2081
-2339
-2506
-2615
-2622
-2526
-2318
-2025
-1689
-1334
-974
-607
-304
-73
37
31
-76
-304
-666
-1168
-1777
-2465
-3157
-3810
-4417
-4942
-5346
-5601
-5675
-5594
-5363
-4984
-4467
-3881
-3237
-2562
-1904
-1281
-747
-270
141
483
771
1025
1290
1563
1856
2201
2604
3059
3566
4096
4661
5228
5751
6198
6541
6797
6933
6938
6793
6531
6150
5676
5130
4498
3849
3207
2619
2091
1633
1251
964
758
613
502
408
317
222
96
-72
-290
-571
-893
-1248
-1617
-1981
-2315
-2594
-2793
-2913
-2936
-2855
-2646
-2329
-1903
-1421
-897
-361
159
627
1003
1296
1480
1566
1533
1401
1185
926
652
397
184
33
-57
-96
-95
-82
-66
-40
-7
5
-20
-100
-264
-497
-784
-1115
-1465
-1803
-2076
-2287
-2433
-2531
-2553
-2494
-2332
-2070
-1726
-1318
-907
-522
-221
11
164
210
159
9
-228
-554
-979
-1499
-2083
-2710
-3339
-3920
-4418
-4819
-5107
-5292
-5343
-5275
-5081
-4769
-4356
-3860
-3312
-2716
-2113
-1543
-1002
-526
-112
249
577
901
1221
1530
1841
2172
2557
3015
3535
4087
4656
5219
5734
6193
6561
6836
6980
7008
6921
6686
6339
5882
5331
4734
4101
3451
2839
2280
1797
1373
999
696
440
234
65
-98
-244
-412
-609
-840
-1131
-1432
-1737
-2038
-2309
-2560
-2766
-2887
-2911
-2828
-2643
-2375
-2015
-1600
-1133
-651
-157
308
719
1046
1285
1437
1486
1459
1335
1139
896
622
369
162
17
-87
-142
-148
-115
-68
-12
51
102
121
71
-73
-306
-570
-877
-1182
-1481
-1755
-1963
-2103
-2191
-2196
-2150
-2033
-1852
-1607
-1306
-981
-664
-387
-190
-87
-65
-126
-226
-391
-624
-978
-1418
-1902
-2434
-2981
-3500
-3952
-4316
-4575
-4711
-4706
-4591
-4340
-4010
-3612
-3137
-2619
-2074
-1532
-1041
-594
-204
122
392
626
854
1055
1275
1533
1832
2168
2558
3010
3506
4032
4523
4977
5381
5741
6013
6182
6232
6150
5959
5646
5207
4702
4142
3556
2978
2415
1880
1380
938
574
276
31
-182
-375
-536
-688
-829
-979
-1153
-1361
-1605
-1871
-2144
-2416
-2641
-2812
-2930
-2954
-2907
-2764
-2531
-2206
-1793
-1330
-828
-318
167
612
997
1288
1480
1583
1603
1533
1374
1169
930
700
532
397
336
337
349
370
387
406
417
397
337
231
81
-106
-335
-608
-880
-1138
-1372
-1563
-1703
-1767
-1758
-1697
-1566
-1401
-1199
-966
-720
-446
-188
31
186
271
284
232
118
-72
-333
-658
-1018
-1410
-1830
-2264
-2697
-3094
-3449
-3744
-3967
-4104
-4166
-4139
-4022
-3836
-3590
-3307
-2978
-2582
-2149
-1709
-1268
-846
-437
-57
324
721
1118
1501
1869
2230
2610
3009
3423
3820
4209
4577
4893
5173
5388
5540
5631
5610
5500
5320
5042
4706
4326
3923
3504
3048
2571
2120
1701
1340
1005
701
428
179
-50
-272
-472
-674
-881
-1100
-1344
-1571
-1779
-1976
-2121
-2237
-2321
-2378
-2380
-2305
-2150
-1936
-1673
-1393
-1094
-781
-481
-193
57
270
436
534
577
565
490
383
238
88
-68
-217
-322
-373
-382
-350
-294
-221
-145
-74
-8
-5
-80
-210
-378
-543
-699
-860
-1000
-1122
-1204
-1250
-1268
-1222
-1123
-971
-794
-617
-445
-303
-173
-53
33
82
64
-12
-151
-345
-559
-814
-1079
-1359
-1655
-1933
-2210
-2475
-2729
-2957
-3127
-3259
-3327
-3343
-3309
-3216
-3071
-2879
-2667
-2426
-2144
-1827
-1462
-1091
-719
-335
40
421
796
1169
1549
1916
2295
2670
3034
3390
3728
4058
4363
4630
4859
5023
5114
5143
5097
4964
4765
4505
4196
3831
3446
3036
2606
2185
1758
1369
1018
695
406
132
-110
-318
-522
-701
-875
-1045
-1201
-1370
-1533
-1711
-1870
-1992
-2065
-2080
-2054
-1972
-1837
-1640
-1396
-1133
-857
-582
-324
-71
146
321
443
503
524
493
436
367
281
212
167
116
59
-24
-111
-191
-257
-307
-338
-355
-364
-378
-402
-442
-496
-564
-646
-727
-809
-857
-887
-905
-909
-895
-853
-778
-648
-491
-339
-197
-92
-23
29
79
120
128
58
-73
-266
-495
-748
-1031
-1307
-1591
-1865
-2131
-2381
-2575
-2732
-2856
-2923
-2952
-2922
-2862
-2761
-2610
-2418
-2191
-1972
-1752
-1537
-1303
-1029
-745
-487
-256
-12
243
549
932
1350
1780
2210
2620
3012
3379
3720
4018
4259
4435
4540
4559
4496
4372
4173
3919
3641
3344
3041
2718
2387
2073
1769
1499
1264
1058
864
664
463
250
44
-160
-361
-547
-743
-933
-1104
-1288
-1443
-1560
-1644
-1692
-1698
-1652
-1578
-1457
-1297
-1125
-946
-765
-597
-427
-269
-142
-49
2
26
25
37
68
94
121
137
132
146
170
165
122
75
3
-89
-197
-351
-530
-716
-895
-1051
-1164
-1226
-1245
-1251
-1226
-1167
-1082
-958
-825
-670
-498
-330
-182
-61
38
110
173
232
279
323
360
377
384
372
309
199
56
-99
-276
-465
-679
-927
-1177
-1435
-1680
-1908
-2091
-2245
-2363
-2455
-2531
-2563
-2541
-2479
-2361
-2205
-2025
-1797
-1533
-1245
-936
-619
-302
15
332
661
985
1314
1657
1983
2276
2543
2799
3039
3245
3414
3541
3610
3643
3630
3571
3488
3368
3223
3033
2799
2548
2283
2000
1704
1400
1110
824
551
287
17
-242
-480
-692
-867
-1000
-1114
-1200
-1267
-1299
-1299
-1284
-1261
-1224
-1178
-1104
-1004
-889
-765
-637
-497
-356
-191
-21
152
307
461
593
688
755
778
776
745
684
592
478
353
222
86
-42
-146
-228
-295
-349
-403
-454
-498
-533
-583
-635
-679
-743
-807
-860
-909
-967
-1022
-1063
-1090
-1090
-1049
-980
-894
-800
-710
-604
-480
-356
-242
-140
-68
-28
-17
-42
-100
-192
-309
-452
-617
-800
-1009
-1227
-1430
-1603
-1746
-1873
-1978
-2053
-2098
-2111
-2084
-2015
-1910
-1784
-1636
-1470
-1293
-1093
-881
-671
-460
-244
-21
206
452
704
958
1219
1462
1686
1902
2107
2288
2437
2561
2644
2692
2721
2710
2679
2615
2538
2457
2348
2232
2103
1960
1810
1656
1498
1338
1171
999
826
648
470
299
122
-42
-186
-316
-432
-539
-604
-635
-641
-622
-586
-534
-469
-400
-334
-265
-204
-144
-82
-19
42
99
160
225
295
364
433
486
525
553
561
553
520
472
388
275
139
-13
-166
-322
-460
-586
-682
-748
-795
-812
-808
-781
-757
-734
-720
-724
-731
-763
-822
-883
-955
-1020
-1067
-1077
-1055
-993
-898
-794
-676
-551
-446
-356
-289
-261
-258
-314
-416
-552
-722
-914
-1131
-1355
-1572
-1786
-1981
-2142
-2263
-2326
-2339
-2295
-2192
-2049
-1865
-1651
-1427
-1186
-948
-719
-504
-304
-117
42
187
329
474
634
813
996
1190
1402
1623
1853
2082
2307
2531
2738
2916
3056
3154
3215
3227
3188
3096
2963
2803
2607
2394
2161
1922
1670
1409
1176
948
742
555
377
224
87
-31
-123
-201
-256
-309
-362
-413
-470
-516
-565
-608
-660
-718
-757
-778
-774
-742
-691
-624
-540
-452
-345
-234
-114
9
110
194
246
268
258
195
109
1
-137
-279
-426
-559
-683
-781
-855
-908
-934
-932
-899
-840
-769
-701
-641
-592
-558
-548
-557
-578
-596
-608
-618
-611
-602
-581
-539
-485
-413
-328
-231
-129
-29
66
120
161
170
157
98
-2
-106
-240
-385
-565
-766
-966
-1171
-1354
-1490
-1596
-1667
-1697
-1685
-1639
-1568
-1472
-1351
-1225
-1082
-931
-775
-603
-438
-266
-78
96
282
469
638
837
1042
1235
1427
1631
1846
2056
2244
2402
2535
2644
2717
2763
2783
2753
2687
2568
2414
2218
1987
1736
1464
1205
951
714
497
287
106
-60
-214
-332
-425
-504
-583
-658
-743
-835
-930
-1029
-1118
-1178
-1202
-1186
-1160
-1125
-1071
-995
-888
-753
-613
-467
-302
-146
-4
102
181
242
280
307
303
294
266
228
193
121
52
-21
-96
-153
-198
-226
-250
-289
-325
-385
-461
-521
-586
-618
-628
-624
-610
-588
-555
-512
-464
-423
-393
-374
-357
-362
-359
-355
-351
-327
-305
-267
-221
-172
-92
-14
75
152
211
252
249
214
127
18
-114
-262
-430
-597
-768
-928
-1072
-1188
-1262
-1289
-1260
-1188
-1073
-948
-808
-659
-489
-331
-187
-64
35
127
194
269
322
378
457
561
670
797
947
1076
1230
1373
1500
1609
1689
1766
1811
1842
1836
1792
1721
1616
1501
1362
1222
1085
944
812
690
563
437
329
233
176
133
89
66
34
-5
-46
-97
-128
-164
-180
-196
-235
-268
-302
-335
-368
-396
-388
-368
-345
-311
-253
-193
-115
-50
4
61
82
110
101
82
49
-19
-84
-176
-259
-339
-432
-508
-595
-671
-742
-795
-826
-821
-791
-738
-676
-624
-573
-543
-513
-504
-506
-515
-528
-546
-576
-603
-621
-645
-637
-618
-588
-530
-486
-415
-346
-287
-226
-209
-172
-165
-164
-171
-226
-267
-340
-421
-496
-583
-648
-726
-788
-846
-895
-897
-901
-858
-793
-697
-563
-434
-277
-143
-3
151
291
448
582
698
809
888
971
1041
1104
1179
1229
1271
1294
1316
1343
1377
1398
1407
1420
1423
1422
1409
1383
1337
1273
1196
1114
1026
925
815
684
560
435
304
186
81
11
-37
-84
-115
-139
-154
-161
-164
-166
-154
-136
-127
-121
-107
-99
-102
-119
-136
-133
-133
-115
-115
-103
-75
-50
-27
-15
8
22
43
54
43
21
-17
-79
-159
-240
-321
-409
-507
-598
-673
-741
-780
-805
-799
-758
-714
-664
-625
-572
-529
-485
-453
-444
-428
-433
-461
-501
-559
-592
-609
-618
-613
-607
-585
-558
-525
-484
-451
-411
-370
-345
-322
-305
-299
-303
-322
-361
-403
-447
-491
-529
-567
-574
-575
-571
-549
-523
-474
-410
-341
-257
-171
-83
9
90
180
253
320
394
457
529
597
655
706
746
787
810
833
854
875
905
937
970
997
1020
1033
1046
1049
1036
1006
967
936
904
864
810
739
674
599
519
439
364
302
234
180
133
90
43
-17
-54
-74
-82
-80
-90
-76
-62
-31
11
28
42
43
49
60
60
78
103
120
147
157
159
167
171
170
153
132
107
70
17
-52
-114
-183
-242
-309
-367
-408
-444
-467
-490
-503
-504
-510
-516
-527
-546
-566
-599
-642
-692
-746
-788
-827
-855
-854
-844
-801
-736
-645
-545
-454
-370
-300
-237
-194
-183
-191
-223
-278
-336
-410
-480
-535
-581
-613
-614
-592
-540
-466
-380
-275
-182
-87
-13
50
116
159
178
169
144
108
63
16
-31
-69
-76
-54
-14
40
104
184
272
371
470
551
622
674
710
732
741
748
740
729
703
683
661
642
646
648
658
664
665
659
647
645
639
644
652
656
648
621
593
560
516
458
399
339
285
235
178
129
82
50
28
7
-12
-37
-44
-58
-68
-80
-93
-92
-92
-93
-108
-125
-123
-117
-118
-128
-142
-154
-186
-215
-247
-277
-291
-303
-320
-335
-351
-360
-358
-367
-375
-390
-403
-420
-450
-475
-497
-513
-529
-547
-558
-577
-588
-590
-598
-594
-585
-565
-542
-506
-467
-440
-409
-370
-322
-289
-258
-248
-249
-251
-246
-239
-236
-221
-197
-165
-132
-100
-63
-12
42
90
126
151
181
212
226
232
232
228
207
176
139
112
101
90
86
86
91
115
152
206
277
353
437
496
541
583
602
606
591
562
518
461
409
361
306
262
234
226
216
223
242
274
315
344
373
385
386
378
352
316
262
199
131
60
0
-63
-124
-158
-170
-163
-156
-157
-147
-130
-114
-101
-96
-91
-91
-94
-102
-119
-137
-151
-157
-170
-179
-184
-172
-143
-117
-92
-70
-50
-26
-10
1
12
13
17
13
-5
-26
-51
-78
-104
-138
-165
-189
-214
-244
-272
-282
-274
-253
-241
-239
-232
-225
-213
-216
-219
-226
-249
-269
-285
-290
-298
-290
-263
-230
-183
-152
-117
-65
-6
65
104
134
150
166
183
166
148
120
100
69
21
-14
-36
-40
-38
-21
-7
20
54
91
140
198
244
273
285
295
299
288
277
250
224
185
153
132
110
97
93
109
127
137
155
182
218
239
255
250
231
208
171
121
57
-21
-94
-151
-202
-251
-289
-298
-286
-256
-223
-185
-146
-103
-47
-11
0
-1
-8
-20
-39
-70
-98
-113
-121
-119
-115
-103
-78
-48
-29
-5
23
32
40
52
62
57
48
42
28
13
-3
-21
-41
-56
-66
-68
-66
-75
-78
-73
-62
-46
-31
-17
-16
-14
-3
1
13
8
-4
-13
-18
-10
-16
-29
-28
-33
-25
-32
-43
-40
-37
-13
2
14
12
17
30
40
61
73
75
68
73
71
70
62
50
45
49
52
43
38
43
53
67
82
86
97
120
146
164
165
162
163
162
159
140
116
93
77
73
65
52
28
19
19
19
35
48
65
83
104
120
122
115
111
113
115
100
86
61
24
-7
-38
-53
-72
-97
-113
-115
-116
-129
-133
-125
-123
-119
-124
-137
-141
-142
-146
-154
-175
-201
-229
-244
-252
-264
-272
-271
-265
-257
-245
-230
-215
-193
-166
-136
-109
-91
-82
-80
-78
-72
-65
-63
-61
-67
-74
-76
-70
-69
-62
-67
-75
-70
-60
-54
-54
-60
-66
-59
-54
-46
-40
-33
-35
-48
-59
-61
-64
-65
-60
-52
-36
-25
-14
0
21
37
54
68
75
92
109
128
144
156
165
181
195
208
219
239
264
275
283
283
279
283
290
295
303
298
293
291
283
266
232
198
187
187
184
175
160
152
144
148
156
155
154
152
147
142
130
115
96
76
53
29
11
-5
-17
-30
-40
-51
-60
-68
-64
-55
-60
-56
-49
-42
-46
-66
-85
-105
-118
-132
-143
-161
-184
-203
-207
-209
-214
-217
-213
-196
-176
-156
-138
-130
-118
-107
-102
-89
-80
-71
-63
-62
-69
-77
-82
-91
-94
-101
-106
-115
-116
-115
-108
-108
-106
-94
-79
-63
-55
-46
-46
-44
-40
-32
-35
-44
-51
-52
-55
-59
-65
-73
-81
-81
-79
-68
-53
-40
-24
-17
-5
-7
-8
-5
0
3
-8
-16
-24
-29
-28
-35
-35
-26
-13
5
22
40
63
80
99
123
134
133
126
123
122
117
108
100
94
86
75
71
71
75
84
88
96
106
113
118
123
113
93
79
71
59
51
35
11
-9
-28
-31
-34
-40
-39
-36
-28
-21
-11
-6
-5
-5
-1
6
15
23
25
27
28
27
29
32
31
27
26
22
23
29
26
18
10
6
19
35
44
45
37
36
34
35
36
29
22
9
-4
-14
-24
-30
-44
-43
-40
-38
-24
-13
-10
-4
-2
-2
2
8
12
16
13
2
-12
-21
-30
-42
-48
-44
-43
-41
-35
-29
-29
-31
-28
-22
-17
-18
-30
-41
-52
-62
-69
-75
-76
-71
-68
-64
-54
-45
-28
-10
0
13
28
39
46
50
52
44
35
28
22
21
19
15
10
7
11
7
13
20
24
29
29
31
30
25
19
13
10
6
-3
-10
-18
-29
-32
-35
-39
-36
-35
-35
-38
-41
-42
-38
-36
-37
-37
-36
-32
-31
-29
-29
-31
-30
-27
-21
-13
-6
-1
0
-3
-2
-3
-1
0
4
0
-4
-3
1
3
13
24
32
39
46
53
51
55
56
57
61
59
57
51
44
37
32
28
25
15
9
4
-4
-11
-22
-30
-35
-36
-33
-27
-26
-26
-29
-28
-22
-20
-20
-19
-19
-17
-16
-16
-21
-27
-27
-32
-33
-30
-35
-35
-34
-31
-27
-21
-17
-13
-7
0
9
13
19
23
23
29
33
36
43
50
50
53
55
60
61
58
58
53
52
46
38
37
33
28
29
25
23
16
12
3
-3
-4
-7
-4
-7
-12
-20
-31
-36
-39
-43
-45
-49
-51
-50
-47
-46
-47
-42
-38
-28
-24
-17
-7
-5
3
7
6
6
10
9
15
18
18
23
26
27
26
25
25
25
28
32
28
23
22
22
20
17
10
7
2
-2
-6
-12
-15
-20
-26
-24
-26
-27
-24
-22
-21
-20
-19
-22
-18
-22
-27
-28
-29
-34
-34
-34
-32
-26
-28
-31
-27
-30
-29
-29
-28
-24
-21
-20
-19
-16
-8
-7
-6
0
3
7
11
18
19
16
18
18
20
21
24
28
32
36
36
36
33
28
29
29
27
26
23
20
15
9
9
7
4
3
2
-2
-5
-6
-2
-7
-6
-8
-10
-8
-12
-11
-10
-13
-16
-16
-14
-14
-9
-7
-3
3
8
14
17
20
22
27
33
35
37
40
43
45
43
44
44
41
37
35
36
32
28
25
21
15
14
8
3
0
-4
-8
-12
-10
-13
-13
-10
-10
-13
-14
-15
-13
-15
-14
-17
-18
-16
-16
-16
-16
-17
-16
-9
-9
-2
-1
-3
-6
-12
-11
-10
-12
-15
-18
-20
-18
-16
-18
-24
-26
-23
-21
-23
-22
-18
-20
-19
-18
-13
-10
-9
-9
-11
-11
-8
-5
-4
-3
-6
-9
-8
-4
-11
-11
-10
-9
-9
-9
-7
-6
-8
-10
-11
-8
-6
-4
-2
-3
-2
-4
-5
-2
-3
-4
-5
-2
-1
3
2
6
8
12
16
19
20
18
24
28
26
29
25
26
26
22
23
19
18
12
13
12
12
8
2
3
2
2
0
-3
-6
-6
-7
-5
-6
-7
-5
-7
-5
-3
-1
0
1
2
0
2
-1
0
-3
-6
-5
-6
-6
-7
-6
-7
-7
-4
-4
-4
-2
2
0
1
1
0
-2
-5
-5
-6
-9
-8
-6
-9
-6
-8
-9
-5
-5
-4
-1
1
-1
-1
1
-2
-4
0
-2
-3
-3
-3
-4
-1
1
1
4
3
4
8
6
3
4
5
3
3
3
4
2
4
6
8
11
12
9
10
11
7
9
8
8
4
5
5
7
3
3
3
4
4
3
3
2
0
3
1
4
5
1
5
4
3
2
1
3
0
0
1
0
3
5
6
5
5
4
1
2
0
-1
0
0
3
2
4
3
-1
3
3
1
-1
-1
0
0
-3
1
1
0
0
1
3
4
0
0
2
-1
-4
-2
-3
-7
-6
-7
-8
-7
-13
-12
-12
-13
-11
-12
-12
-12
-7
-6
-9
-7
-5
-5
-6
-5
-2
-4
-4
-3
-5
-5
-5
-5
-2
-3
-5
-3
-4
-3
-5
-4
-3
-3
-3
-4
-2
-1
-1
1
-2
-3
-1
-3
-3
-6
-4
-10
-9
-7
-7
-9
-9
-5
-8
-6
-6
-8
-6
-4
-6
-4
-2
0
-2
-2
-1
0
-4
-1
0
2
3
4
8
8
10
10
9
12
13
15
14
10
13
8
6
4
7
7
3
8
6
9
12
9
8
14
13
11
13
15
13
11
12
7
9
6
10
6
9
8
8
11
10
10
12
11
8
11
7
6
6
1
1
1
-3
-2
-5
-6
-5
-4
-6
-6
-7
-8
-9
-9
-9
-6
-8
-7
-7
-13
-13
-12
-10
-9
-5
-10
-8
-2
-2
-2
-2
-3
-5
-6
-10
-10
-11
-15
-14
-15
-13
-11
-13
-8
-7
-5
1
0
5
6
8
8
6
7
4
2
2
0
-2
-1
0
-2
0
1
1
2
2
3
6
4
5
6
6
3
-2
-3
-5
-6
-4
-5
-9
-6
-6
-3
-1
0
4
6
9
8
7
9
8
6
7
5
8
6
6
6
4
3
0
-1
0
2
1
-4
-4
-5
-4
-7
-7
-8
-7
-9
-11
-6
-5
-6
-5
-4
-2
0
2
5
8
6
6
6
6
2
1
2
0
2
1
3
3
1
-3
3
4
5
7
7
4
1
0
-1
-3
-5
-7
-5
-7
-7
-3
-7
-4
1
0
1
5
2
3
4
0
1
1
-2
-1
-2
-1
-1
-5
-6
-2
0
0
1
-1
1
2
-1
3
2
0
2
0
0
-1
2
1
-1
4
3
4
7
7
9
9
8
7
6
2
2
0
0
-1
-1
-6
-7
-4
-4
-3
-4
-6
-4
-5
-5
-3
-4
-3
-4
-4
-6
-5
-7
-6
-4
-1
3
4
1
1
3
2
6
6
5
1
-1
-3
-4
-2
-6
-7
-5
-4
-4
-8
-3
-4
-5
-4
-7
-2
-2
-3
-2
-2
-2
-2
-5
-5
-5
-3
-2
-6
1
0
3
6
7
6
5
6
8
6
4
1
1
1
3
-4
-4
-1
-5
-3
0
0
0
0
1
5
5
3
2
2
6
4
5
3
3
-1
3
4
4
5
7
9
8
9
7
7
5
8
5
6
4
2
2
0
-1
-2
-3
-1
-1
-2
-2
-3
2
5
5
4
3
4
4
1
-1
0
-2
0
-2
3
4
-1
2
1
0
0
0
3
3
1
1
-4
-3
1
-3
-7
-7
-5
-5
-3
-2
1
6
4
3
5
5
4
4
5
5
4
1
3
-3
-4
-2
-1
-4
-3
0
-3
-3
-1
-2
-3
-5
-2
-3
-7
-5
-6
-7
-5
-5
-7
-5
-3
-3
-2
-3
-2
-3
1
2
2
1
1
2
2
2
1
-1
-3
-5
-4
-4
-3
-3
-2
-1
-1
-1
0
0
-5
-4
-6
-6
-7
-12
-9
-10
-11
-11
-8
-8
-4
-2
-2
2
3
5
4
3
5
6
4
0
-1
0
-2
-2
-1
0
-3
0
2
0
1
2
6
6
7
6
5
1
1
-2
-6
-7
-5
-4
-4
-4
-2
3
0
2
6
4
6
4
1
2
1
-2
-2
-6
-6
-5
-6
-6
-2
-3
-1
-1
3
2
3
6
1
3
4
-1
-1
1
-1
-3
-3
1
0
2
1
1
7
10
7
9
10
7
7
8
5
5
1
0
0
-5
-2
1
2
2
4
6
6
8
7
4
2
4
2
0
-2
-4
-5
-2
-4
-4
-5
1
3
3
4
7
8
6
5
3
4
3
3
4
-2
-3
-2
-1
-2
-1
4
2
1
3
6
6
3
4
5
3
2
-2
-4
-5
-5
-5
-1
1
-2
0
4
7
7
10
5
5
7
3
3
3
1
-4
-4
-2
-7
-3
-3
-4
0
2
-4
-3
0
0
-1
-1
-4
-4
-4
-6
-8
-9
-6
-8
-6
-6
-3
0
-3
2
3
1
2
-1
-3
-4
-4
-5
-4
-3
-4
-4
0
-2
1
2
1
2
2
4
3
-1
2
-1
-7
-5
-8
-10
-6
-9
-12
-7
-6
-3
-1
1
0
1
4
1
0
-1
-2
-2
-3
-5
-2
-1
-3
-2
-3
-2
-1
2
4
2
1
4
1
2
1
0
-1
-2
-2
-3
-2
0
0
0
3
6
3
4
6
4
5
1
1
-1
-3
-3
-3
-5
-3
-4
-1
-2
0
5
2
4
3
4
6
3
2
3
1
0
-1
0
0
2
3
4
2
4
9
4
4
7
8
5
4
1
2
2
2
-1
-1
0
-3
-2
2
2
2
4
2
3
3
2
0
1
-2
-3
-4
-7
-2
-3
-4
0
0
3
2
5
6
5
4
3
4
4
3
-1
-2
-5
-3
-2
-5
-2
-1
-1
3
2
3
3
3
-1
0
-2
-4
-3
-5
-9
-7
-6
-5
-4
-7
-1
-1
2
2
-1
4
0
0
2
-1
-3
-6
-3
-5
-5
-3
-6
-3
-2
-2
1
2
5
2
5
2
3
1
2
1
-1
1
-4
0
-2
-2
-4
-1
-2
0
1
2
6
3
4
0
3
3
4
-1
-2
0
-1
-3
-1
0
0
3
1
0
1
2
3
2
0
0
-1
-1
0
-4
-4
-2
-6
-5
-2
-1
1
0
2
3
4
3
2
1
1
2
1
3
1
3
1
4
2
3
3
3
5
3
4
6
6
4
1
2
2
0
2
1
0
1
0
1
2
1
0
2
0
2
1
3
-1
-1
-1
-3
-5
-4
-3
-5
-4
-1
-3
-1
-2
-2
-1
1
-2
-4
-3
-4
-2
-2
-2
-2
-2
-4
-3
-1
-2
-5
-1
2
0
-1
-3
-2
-2
-1
-3
-3
-3
-3
-3
-5
-2
0
-1
1
1
0
-2
2
1
-1
-2
1
1
1
2
0
-1
1
5
3
1
2
1
4
5
3
4
3
1
0
-1
2
-1
1
2
0
-2
0
4
-1
0
1
1
4
0
1
-2
-1
2
-1
0
0
2
-1
-1
-1
-1
0
-1
1
2
1
2
3
2
5
3
1
2
1
-1
-3
-2
0
-1
-2
-4
-4
-2
3
0
-2
3
5
1
0
1
-2
1
0
1
-2
-1
-2
-1
2
-1
2
1
-2
2
2
3
2
2
1
1
2
0
1
-3
-3
-2
-3
-1
0
0
-1
1
1
3
1
3
1
0
1
1
0
-2
0
1
0
1
-2
0
4
1
3
1
-1
1
1
0
2
1
-1
-1
-2
1
0
1
0
-2
0
-2
-2
-1
-2
-1
-1
1
-2
-1
-3
-4
-2
-3
-2
0
2
-1
1
2
2
2
1
2
2
4
-1
0
0
-1
0
-1
1
0
3
2
2
5
1
1
1
2
2
-3
-3
-1
-3
-4
-5
-6
-1
-2
-1
0
2
-1
0
1
2
5
3
3
0
1
-1
0
1
-4
-3
1
-2
0
4
1
2
-1
0
2
-1
-5
-3
1
-1
-3
-3
-2
-6
-3
-1
-2
-1
0
2
1
0
1
5
4
2
2
2
1
2
0
-1
0
4
0
-1
2
1
0
-2
-1
3
3
0
-4
-3
0
-2
-4
-4
-6
-6
-4
-3
0
-1
0
-1
1
-1
0
-1
-3
2
2
-1
1
0
0
0
-1
0
-2
1
3
-3
0
0
-2
1
0
2
-1
-4
-3
-4
-3
0
-1
0
0
3
-1
-2
0
2
6
3
7
3
3
4
3
3
2
3
1
4
1
2
0
1
1
1
2
0
-1
1
1
0
1
0
-2
-2
1
-2
-1
-2
-4
0
0
0
1
2
0
1
2
2
1
0
0
2
1
1
1
1
0
2
3
3
-1
0
-1
-3
1
-1
0
-1
-4
-2
-4
-1
-3
0
1
0
-2
-1
1
3
4
1
1
4
4
2
1
-2
-3
-3
-5
-2
-5
-7
-3
-6
-4
0
-1
4
4
3
6
3
6
4
2
2
2
5
0
1
1
2
1
2
4
-1
5
4
2
5
5
8
5
4
1
2
-1
-3
-3
-4
-2
-5
-3
-4
-3
0
2
2
2
3
1
2
2
2
0
0
-1
-3
-4
-4
-2
-5
-3
-3
1
-1
-2
-1
1
1
-1
-1
0
-3
-2
-3
-7
-7
-11
-10
-13
-14
-11
-10
-10
-9
-5
-6
-4
-1
-1
3
3
1
3
3
1
3
4
3
-2
-1
0
0
0
1
2
4
2
4
5
3
5
8
3
2
3
1
1
-1
-2
0
-3
-3
0
1
-2
2
5
4
4
5
3
4
4
4
1
1
2
2
-1
-3
-3
-1
-2
-2
-1
1
1
5
7
5
3
5
7
4
5
3
0
1
-1
-2
-1
-1
0
2
2
1
1
2
3
3
4
3
3
2
0
-2
-1
-2
-4
-4
-6
-1
-4
-2
1
-2
1
2
1
4
6
5
1
2
0
-1
-4
-4
-3
-2
-3
-3
-5
-5
-7
-7
-5
-1
-2
-3
-2
-1
-1
-1
0
-4
-3
-4
-4
-6
-5
-7
-8
-7
-4
-4
-3
-4
3
1
1
2
3
4
5
4
2
4
1
-3
2
4
4
4
1
2
4
10
7
8
10
10
9
9
7
7
5
2
2
0
-2
-3
-1
-6
-8
-5
-9
-9
-8
-8
-8
-7
-6
-1
2
1
0
1
3
3
3
1
2
-1
1
3
0
-1
0
-1
0
2
-2
-2
0
-1
-2
-4
-1
-5
-3
-4
-6
-2
-4
0
-1
0
-2
0
2
2
3
1
3
5
1
2
1
6
7
2
4
4
2
1
0
3
3
5
4
6
1
0
4
3
1
-3
-1
-3
-1
-1
-3
-3
-3
-1
-4
-5
0
2
-1
0
3
5
2
3
5
4
4
4
2
1
1
-1
-4
-2
1
-1
1
-3
-1
-3
-4
-3
-3
-1
0
-1
0
-1
0
2
0
0
3
0
0
4
4
3
5
4
6
6
3
7
7
8
7
5
6
4
2
1
1
-3
-4
-3
-3
-3
-1
-3
-3
-2
-3
-5
-6
-4
-3
-1
0
2
2
4
-1
-3
-2
-8
-6
-4
-4
-3
-5
-5
-5
-5
-7
-6
-5
-4
-7
-7
-8
-8
-10
-11
-8
-10
-9
-9
-7
-6
-8
-6
-7
-4
-2
-2
0
1
1
-2
0
3
2
1
2
2
1
2
3
2
5
3
2
2
2
5
3
4
2
4
-2
-2
2
0
-1
-3
-2
-4
-5
-2
0
1
1
1
1
4
3
3
2
3
2
-2
4
3
4
6
4
6
5
9
9
6
6
5
7
9
7
9
7
6
5
3
6
4
4
3
0
0
1
-2
-3
-1
0
1
1
2
4
4
5
5
2
2
2
0
2
3
1
3
2
0
-2
-3
-3
-5
-3
-3
-1
-3
-3
0
0
2
2
1
1
1
1
2
3
3
1
4
0
-1
1
-1
3
6
4
4
6
4
7
7
7
4
5
4
1
3
1
1
-4
-6
-6
-6
-5
-4
-1
-1
-1
-1
0
1
1
-2
-1
-1
1
1
-1
0
-1
-5
-5
-1
-3
-4
-1
0
2
2
-1
2
2
-1
-2
0
-2
-4
-2
-6
-9
-9
-12
-15
-14
-9
-9
-8
-8
-6
-4
-6
-5
-5
-3
-4
0
-2
-2
-4
-5
-5
-8
-6
-8
-5
-3
-1
1
-2
-1
-2
-1
-1
0
1
1
-1
-2
-2
-5
-3
-5
-9
-8
-6
-8
-8
-7
-7
-3
-4
1
2
1
2
3
5
2
5
6
6
5
3
1
2
1
1
4
4
2
2
5
4
4
4
5
4
3
7
2
3
5
2
-2
1
-1
0
4
2
3
6
2
5
6
8
7
5
7
6
4
-1
2
0
-1
3
-1
-1
-3
-3
-3
-2
0
1
5
2
6
11
6
6
8
9
7
4
5
3
1
4
3
0
4
3
2
3
3
1
2
0
-2
-3
-2
2
2
4
5
5
4
2
3
6
5
7
2
5
9
5
4
4
4
2
6
1
0
0
1
1
0
-1
-2
2
0
-1
0
0
0
-1
-2
-5
-6
-3
-7
-5
-5
-8
-7
-8
-8
-7
-6
-8
-3
-5
-4
-6
-3
-4
-1
-1
-5
-3
-1
0
2
0
0
0
0
2
-1
1
1
0
1
0
-2
-3
-4
-1
-3
-2
-6
-4
-5
-8
-5
-6
-6
-3
-3
-4
-3
-5
-2
-3
-3
-5
-3
-1
0
-3
-2
-1
1
3
3
5
-1
0
-1
-4
-1
-3
-4
-4
-4
-4
-4
-1
-3
-4
-1
-3
-1
-3
-1
2
-3
3
0
2
5
5
5
5
3
2
-1
0
0
0
0
-1
0
-5
-2
-4
-3
-1
-1
-2
-4
-3
1
-2
-1
0
-3
-2
-1
2
1
0
-1
-2
-1
-2
-2
1
-1
1
5
6
7
8
7
7
5
5
1
4
2
1
2
-1
1
2
3
2
4
6
3
7
7
6
5
2
3
2
2
1
-1
-3
0
0
-2
1
3
-1
5
3
3
7
4
5
7
5
5
7
5
3
3
-1
-3
-3
-2
-7
-5
-4
-2
-1
-1
4
4
4
2
3
6
5
4
2
2
2
0
-3
-4
-3
-3
-1
0
1
2
2
1
3
2
0
3
0
0
-1
-1
-2
-4
-3
-4
-4
-7
-7
-4
-3
-3
-1
0
3
0
-1
2
2
4
6
5
1
-3
-2
-6
-6
-2
-4
-4
-3
-7
-8
-4
0
1
0
2
-1
-1
-3
-2
-4
-3
-3
-2
-4
-7
-4
-2
-1
0
0
0
1
1
4
3
4
5
3
3
2
-2
-4
-4
-3
-4
-4
-2
-7
-7
0
-1
-1
-2
1
3
1
0
-3
1
-1
-3
1
-2
-3
-2
-3
-1
0
-2
-1
-1
0
4
3
3
3
1
2
2
-1
-3
-3
-4
-7
-3
-4
-4
-4
-3
-1
-1
-1
0
2
6
3
3
3
