SAMPLES:	15959
BITSPERSAMPLE:	16
CHANNELS:	1
SAMPLERATE:	16000
NORMALIZED:	FALSE
2
1
-2
0
1
0
-2
2
10
12
18
12
2
0
1
-3
7
5
3
3
3
2
-1
-1
-3
-6
-9
-3
-3
-1
-3
-5
1
4
9
10
7
7
1
-5
-7
-12
-14
-12
-11
-9
-8
-9
-6
-7
-8
-9
-6
-7
-6
-11
-13
-13
-9
-6
-8
-9
-9
-8
-9
-6
-5
-5
-9
-13
-8
-4
-7
-5
-3
3
3
8
12
9
5
5
7
8
6
5
4
7
8
5
7
-2
-4
-6
-8
-3
-7
0
4
11
13
8
7
5
10
9
9
9
5
2
1
-1
1
3
6
7
5
6
4
0
-2
-5
-5
-3
-10
-11
-10
-5
-6
-7
-6
-3
-4
-5
-6
-2
-2
-9
2
4
5
3
3
9
5
6
4
7
11
10
10
10
10
6
0
0
1
-1
-4
-2
2
7
4
0
0
-3
-1
-7
-6
-4
-5
-7
-4
-1
-3
-4
-4
2
5
5
7
9
12
11
5
0
1
7
4
-1
1
-1
-4
-5
1
0
6
6
4
4
3
13
7
4
8
2
1
-2
-6
-8
-5
-4
-5
-4
-10
-6
-5
-3
-4
-6
-3
-1
4
8
2
1
1
5
3
7
8
3
1
-3
-3
-6
-3
-5
-4
-1
0
2
1
-2
-5
-6
-3
-1
-3
-2
-1
-1
-11
-5
-3
-1
-3
-7
-6
-3
0
-2
0
1
5
6
4
5
0
-3
-7
-11
-13
-18
-16
-15
-10
-6
-8
-9
-5
-5
-7
-5
-4
-6
-6
1
-1
-2
-1
0
2
2
7
7
4
0
-5
-4
1
9
12
15
23
22
19
17
10
7
1
-2
-2
-5
-5
-4
-3
2
10
6
8
13
14
11
11
3
-5
-7
-9
-5
-3
-3
-2
-4
-9
-9
-12
-12
-7
-3
-2
1
9
14
15
18
11
8
7
-1
1
-1
-3
-8
-13
-8
0
4
7
17
18
22
22
19
12
8
1
-7
-4
-6
-6
-8
-7
2
3
1
6
9
5
4
7
12
14
14
17
16
9
7
5
-1
-7
-13
-15
-20
-26
-25
-20
-12
-6
4
8
9
9
8
4
-1
-5
-13
-16
-17
-19
-15
-16
-18
-22
-17
-16
-16
-9
-4
3
9
16
17
14
11
6
6
3
-2
-6
-13
-17
-21
-22
-22
-27
-23
-17
-7
-1
1
9
12
12
9
6
3
0
-3
-1
0
3
2
-1
-2
-2
5
4
9
14
21
26
24
29
28
22
22
23
22
18
9
1
-1
-8
-14
-17
-14
-7
-3
3
11
16
21
22
23
29
24
15
6
-1
-10
-21
-20
-21
-30
-31
-33
-29
-22
-17
-14
-9
-3
4
9
14
10
4
4
2
-4
-12
-18
-25
-27
-28
-22
-13
-5
0
5
13
21
23
23
25
25
22
12
2
-2
-4
-13
-16
-19
-17
-17
-20
-22
-16
-11
-15
-5
2
6
6
7
17
20
12
5
2
-5
-8
-8
-14
-11
-11
-12
-9
8
13
7
8
15
22
19
18
11
3
-4
-14
-18
-19
-17
-16
-19
-21
-10
-9
-15
-11
-3
8
14
17
16
17
16
12
12
10
0
-9
-15
-17
-16
-22
-17
-9
-7
-2
5
12
16
14
14
17
11
9
2
1
2
3
4
7
8
3
6
7
8
10
7
17
25
23
24
25
26
20
8
4
-2
-8
-8
-13
-16
-19
-21
-18
-8
-5
-4
-2
5
11
8
10
6
9
10
2
4
3
0
-2
-7
-9
-10
-15
-22
-19
-21
-19
-14
-13
-12
-5
-4
-7
-1
-4
-2
2
-1
-2
-3
-7
-2
1
5
6
4
8
6
8
8
16
15
16
16
14
14
16
12
8
8
4
1
-5
-6
-10
-18
-15
-12
-10
-14
-10
-3
-3
-3
-1
3
-1
0
1
6
5
5
5
-2
-2
1
2
6
7
2
-2
-3
-2
1
3
2
-2
0
5
-2
-5
-5
-9
-6
-9
-9
-7
-10
-7
-7
-1
2
4
0
-2
4
5
8
11
14
12
10
12
10
8
7
0
4
1
-2
-2
-1
-3
-8
-8
-6
-1
-4
-6
-2
2
1
3
-1
-2
-1
-1
0
3
3
1
-4
-2
-2
0
5
5
9
7
10
9
6
1
4
4
0
-1
-5
-6
-9
-12
-7
-7
-9
-9
-8
-3
-6
-3
-6
-8
-6
-6
-3
-2
-2
1
-1
0
1
-1
1
5
4
1
1
2
3
8
7
8
6
-2
-5
-5
-6
-4
-6
-10
-10
-14
-11
-10
-11
-2
-1
2
6
11
7
3
5
4
6
5
3
4
4
0
0
0
1
1
0
3
1
6
11
11
6
2
2
-4
1
2
-6
-11
-12
-12
-5
-1
1
6
2
2
8
7
4
5
3
6
3
1
2
0
0
2
4
4
3
-3
-4
-4
-5
-2
-7
-9
-8
-7
-10
-6
-8
-9
-14
-13
-9
-7
-5
-6
0
4
-2
-4
-8
-3
2
-2
-2
-4
1
-1
-2
-1
0
3
6
5
9
-1
-3
-2
-3
3
3
0
0
5
7
12
11
7
12
10
12
13
9
7
-2
2
3
2
5
6
4
9
12
8
5
7
5
7
7
7
5
2
2
-3
-2
2
-3
0
2
-1
2
2
3
4
3
6
5
9
9
3
0
-3
-8
-10
-9
-12
-9
-7
-8
-5
-9
-14
-12
-10
-7
-4
-7
-6
-8
-7
-7
-8
-9
-7
-5
-5
1
2
0
3
0
-2
2
2
2
0
1
-1
-1
-5
-8
-6
-6
-1
1
2
3
9
8
6
7
4
1
0
2
3
0
0
4
4
8
8
7
8
15
12
13
14
10
8
8
9
5
2
-3
-1
-1
-4
-5
-4
-6
-7
-2
0
3
2
3
4
1
0
0
2
5
7
6
5
3
-1
0
0
-4
-4
-9
-6
-9
-10
-13
-11
-12
-12
-8
-9
-8
-15
-13
-14
-13
-14
-14
-13
-13
-7
-7
-6
-4
-3
-2
5
8
12
10
10
12
10
7
7
8
7
11
13
15
12
8
5
6
8
4
3
-1
1
-4
-2
0
1
1
-2
-1
-5
-7
-8
-5
-7
-9
-4
-5
-5
0
-4
-5
-4
-3
-2
-2
1
0
4
3
3
1
-3
5
6
5
5
5
6
2
2
7
8
8
6
8
11
11
7
6
3
2
3
1
-4
-6
-6
-4
1
1
-3
-4
-9
-11
-11
-13
-15
-18
-17
-18
-14
-11
-10
-12
-11
-14
-12
-7
-7
-2
-2
-1
4
4
5
10
11
9
14
18
16
14
12
11
16
12
10
16
9
7
4
5
6
5
1
-1
2
1
5
-2
0
2
-2
-1
-1
-3
-6
-9
-11
-11
-11
-10
-10
-10
-11
-6
-9
-4
-1
0
0
-1
1
5
3
-4
-4
2
0
-4
-4
-3
-5
-9
-10
-8
-9
-11
-7
-5
-1
-2
-3
-2
0
4
2
5
11
7
5
3
8
10
9
5
7
11
12
11
9
11
12
11
11
9
7
9
9
3
4
3
4
4
7
11
6
3
5
4
4
-1
-7
-2
-1
1
1
6
6
8
9
8
11
4
-1
0
2
-3
-3
-3
-2
-1
-3
3
3
0
2
1
0
-1
-1
0
-5
-10
-9
-13
-15
-10
-9
-10
-6
-5
-2
-7
-5
-4
-5
-3
-6
-7
-7
-4
-8
-9
-7
-7
-5
-5
-2
2
2
4
-2
-3
-2
-6
-5
-8
-7
-4
-6
-1
0
2
2
2
3
4
4
8
7
3
8
9
5
1
-3
-2
1
-5
-5
-3
-2
-5
-6
1
1
-3
-2
-3
-6
-5
-8
-12
-6
-4
-7
-7
-4
-3
0
-2
-1
4
-1
3
11
12
11
10
8
11
9
6
3
3
-2
-2
1
-2
-3
-5
-2
5
10
11
9
11
11
13
5
2
-2
-3
-7
-13
-10
-7
-10
-9
-10
-7
-7
-8
-7
-4
1
-3
-6
-8
-2
-4
-7
-5
-5
-8
-10
-8
-3
-3
-4
-3
3
6
3
7
10
9
13
8
6
10
6
11
9
9
8
3
3
9
8
2
4
6
9
11
9
10
10
9
12
12
10
8
6
1
-1
-3
-4
-8
-7
-3
-3
-6
-2
2
0
1
2
4
3
0
-2
-4
-2
-5
-11
-9
-6
-5
-2
-1
-1
-3
1
-1
3
7
3
5
6
8
5
6
9
5
0
-2
-7
-3
-3
-4
-4
-2
-1
-1
-3
-5
-2
-4
-3
-7
-8
-7
-7
-9
-8
-6
-8
-8
-2
-5
-5
-5
-4
-8
-4
-3
-5
1
0
2
-1
-2
-1
4
0
3
5
4
5
6
7
3
3
8
4
1
3
-1
-3
-6
-9
-10
-8
-6
-6
-4
-9
-10
-4
1
3
2
0
-3
-3
-1
-5
-4
-3
-5
-4
1
3
0
3
2
6
7
9
7
6
6
1
0
-6
-8
-8
-4
-3
-1
2
3
-1
1
-2
-2
-2
-3
-1
1
2
-1
0
-2
-3
-2
0
-1
-2
-4
-2
-3
-2
1
4
3
2
6
3
4
8
4
4
7
7
3
4
2
3
4
1
6
4
3
6
8
8
7
12
10
7
9
9
9
5
8
6
0
2
-1
1
2
2
1
1
2
6
7
6
0
3
3
1
-2
-2
-1
-1
-1
-3
-2
-1
1
-2
3
3
4
2
1
1
2
-1
-1
-3
-7
-9
-7
-4
-1
-7
-7
-8
-10
-6
-9
-4
-2
-5
-7
-5
-7
-10
-13
-9
-3
-5
-5
-6
-4
2
4
6
11
10
10
7
8
7
6
4
2
2
-1
2
1
-3
-1
-3
-3
-4
0
6
8
13
12
7
3
1
-2
1
-1
-3
-1
-3
-6
-2
-4
-6
-4
-9
-13
-11
-9
-7
-9
-10
-10
-16
-14
-11
-12
-11
-9
-10
-15
-9
-9
-3
-3
-3
-2
2
2
1
4
2
3
3
3
-1
-5
-3
-7
-4
-2
-5
-3
-3
-2
-3
2
3
6
5
0
6
4
-1
1
4
7
6
5
2
3
6
5
7
4
8
13
13
19
20
19
18
20
20
17
11
7
3
2
-1
-6
-4
1
1
2
9
7
10
5
3
3
2
4
-1
-6
-6
-5
-12
-8
-9
-17
-20
-18
-14
-8
-8
-4
-2
-3
-3
2
1
5
8
2
0
-5
-6
-8
-10
-6
-3
-5
-7
-5
0
4
8
10
5
4
8
2
2
7
1
-2
-4
-3
-7
-10
-5
-8
-10
-8
-6
-1
2
1
4
7
14
19
11
9
7
5
5
3
0
-2
-4
-4
-1
2
4
5
7
13
12
13
8
7
6
3
6
-1
-4
-9
-6
-6
-10
-16
-23
-25
-17
-13
-15
-7
-5
-3
-5
-5
-2
0
3
0
0
-6
-7
-6
-7
-5
-6
-4
2
10
18
13
14
13
15
18
16
18
15
15
12
12
7
-4
-10
-21
-18
-17
-12
0
-2
0
1
6
7
5
2
-4
-4
-9
-7
-11
-17
-20
-19
-18
-15
-14
-13
-2
3
2
4
5
6
10
9
17
20
15
13
14
11
11
7
3
8
5
5
1
4
5
-2
5
13
10
7
4
13
12
9
4
-2
-9
-10
-7
-7
-8
-11
-13
-8
-2
-1
4
2
10
14
5
3
-5
-11
-16
-10
-4
-8
-4
-9
-12
-9
-9
-6
-11
-7
0
-1
4
14
19
15
14
5
6
6
2
11
11
6
0
-6
-7
-3
1
3
5
4
4
6
13
10
3
-1
-1
0
-14
-17
-17
-22
-19
-24
-23
-27
-23
-13
-10
-8
-12
-10
-10
-5
-1
-3
-6
1
4
6
7
3
5
6
14
20
20
22
14
13
10
13
13
12
14
10
4
4
7
8
6
8
1
-14
-17
-12
-10
-11
-12
-15
-14
-18
-23
-22
-19
-20
-20
-16
-13
-10
-15
-20
-16
-15
-5
1
6
9
9
19
24
24
20
14
9
7
15
14
11
14
12
11
10
10
10
13
19
19
21
22
21
23
19
13
0
-7
-7
-2
1
1
-3
-8
-8
-9
-11
-15
-22
-25
-17
-12
-5
-10
-24
-29
-30
-26
-27
-31
-33
-30
-27
-18
-8
-7
-1
5
8
16
26
40
43
41
40
33
32
34
37
36
24
15
19
21
21
17
10
6
-2
-6
-5
-1
6
2
-7
-20
-29
-37
-43
-31
-28
-33
-30
-17
-13
-11
-2
5
8
7
13
23
42
44
33
22
2
-6
-17
-11
3
14
13
10
18
27
23
10
8
7
4
0
3
-2
-12
-30
-35
-38
-43
-44
-46
-36
-41
-42
-35
-35
-21
-18
-18
-16
-14
-20
-26
-12
-12
10
24
24
15
2
-1
-8
-9
-10
-11
-13
3
9
14
17
13
14
9
10
17
12
-7
-26
-14
-7
-7
-2
-8
-11
-14
1
28
41
38
37
31
30
50
54
57
55
39
31
34
45
66
84
84
66
37
28
31
38
37
31
24
15
22
21
6
-25
-57
-75
-83
-66
-55
-51
-48
-43
-49
-57
-60
-63
-53
-51
-42
-29
-30
-31
-21
-15
-25
-24
-31
-22
-10
5
28
42
32
9
-8
-11
-10
-24
-36
-25
-13
6
12
-9
-45
-67
-65
-54
-38
-26
-5
9
12
0
-3
-8
-13
-4
8
31
33
40
41
41
37
9
-10
-17
-18
1
14
18
23
18
17
9
0
-11
-10
8
8
11
7
5
8
19
29
33
27
35
44
45
32
6
-23
-40
-36
-16
19
23
24
4
-2
-10
-17
-10
-8
-12
-10
-5
15
42
36
29
20
20
23
34
50
75
95
88
66
43
18
18
19
11
23
53
69
60
44
17
-3
-8
5
17
12
18
32
57
65
46
31
3
-23
-36
-42
-46
-50
-41
-29
-12
-15
-43
-56
-20
-13
-26
-42
-33
-26
-23
-12
5
-1
-7
-28
-10
14
19
13
-16
-15
-32
-42
-50
-26
-9
-43
-94
-122
-101
-72
-48
-26
-41
-98
-124
-101
-89
-92
-101
-99
-111
-115
-93
-54
-37
-46
-59
-60
-33
-37
-34
-32
-60
-55
-49
-3
1
-51
-67
-45
-24
-13
-22
-23
13
0
-7
-41
-33
-16
25
52
17
18
3
39
49
54
32
18
21
50
133
137
105
49
44
54
71
93
83
73
29
71
137
104
110
95
133
175
212
239
220
172
133
115
115
153
132
117
121
130
99
51
55
57
106
55
57
117
138
164
112
151
104
51
47
98
99
7
-1
-14
-12
-17
27
101
41
-5
-25
-1
24
24
37
54
87
81
34
45
14
16
-7
20
13
-44
-9
-37
-24
-86
-122
-125
-144
-153
-216
-234
-300
-333
-329
-347
-316
-384
-386
-362
-324
-240
-235
-260
-306
-319
-278
-261
-269
-281
-298
-319
-305
-280
-298
-406
-427
-478
-489
-486
-479
-453
-452
-503
-529
-472
-509
-525
-532
-523
-427
-385
-390
-417
-384
-309
-248
-245
-189
-88
3
63
107
151
238
298
395
474
507
592
642
683
771
848
833
798
908
1022
1100
1141
1198
1202
1130
1126
1153
1156
1206
1212
1218
1239
1228
1180
1124
1109
1035
1021
952
963
884
864
776
703
673
590
570
469
450
282
213
173
59
-96
-159
-166
-243
-336
-385
-386
-478
-528
-554
-475
-444
-485
-575
-678
-757
-850
-913
-942
-830
-732
-746
-875
-1029
-1055
-1158
-1217
-1168
-1146
-1059
-1004
-929
-906
-848
-815
-749
-664
-617
-553
-479
-369
-317
-432
-756
-1217
-1681
-2033
-2343
-2542
-2617
-2669
-2692
-2761
-2753
-2858
-3055
-3113
-3012
-2798
-2490
-2107
-1608
-1246
-898
-559
-222
109
426
900
1384
1863
2349
2737
3103
3278
3440
3613
3734
3784
3936
4026
4057
4044
3873
3681
3397
3124
2816
2481
2149
1961
1817
1580
1362
1005
734
440
191
36
-36
-50
-119
-152
-238
-329
-376
-382
-361
-326
-245
-163
-91
-92
-54
54
30
19
-30
64
17
-29
-83
-148
-136
-198
-208
-328
-445
-584
-689
-780
-904
-1010
-1156
-1130
-1152
-1120
-1133
-1114
-1134
-1059
-1013
-929
-900
-830
-760
-661
-455
-343
-328
-309
-213
-104
-143
-222
-127
-148
-290
-279
-162
-55
-175
-595
-788
-643
-399
-621
-1062
-1051
-466
-268
-917
-1290
-909
-403
-905
-1380
-933
-198
-195
-782
-622
34
200
-168
-687
-819
-1099
-1436
-1579
-1606
-1530
-1656
-1659
-1689
-1775
-1926
-2158
-2306
-2335
-2145
-1856
-1609
-1348
-1301
-1124
-830
-669
-479
-253
130
638
1025
1516
1967
2152
2284
2580
2966
3055
3138
3371
3633
3776
3922
3943
3833
3611
3387
3317
3193
3056
2856
2615
2438
2147
1970
1698
1137
845
604
505
467
330
-32
-352
-441
-560
-623
-710
-907
-877
-755
-616
-499
-565
-558
-615
-610
-456
-298
-266
-273
-167
-66
-42
-19
-144
-233
-327
-329
-333
-507
-671
-810
-707
-680
-668
-798
-1007
-1402
-1068
-862
-1105
-1679
-1077
1
-903
-1429
-1484
25
-465
-1696
-1588
-587
331
-735
-764
-1000
-592
307
-281
-728
-1575
-260
528
-663
-823
-1167
309
-145
-1050
-950
-453
618
-685
-1434
-827
-157
110
-317
-132
-185
-227
13
-898
-892
-1272
-1511
-1458
-1522
-1367
-1962
-1875
-1794
-1758
-1846
-2243
-2202
-2303
-2002
-1703
-1671
-1441
-1442
-1175
-977
-825
-417
-239
128
365
848
1338
1656
1876
1995
2268
2502
2846
3240
3360
3549
3704
3763
3741
3637
3627
3516
3397
3430
3362
3181
2865
2576
2348
2014
1677
1492
1188
906
670
519
425
36
-264
-455
-698
-852
-1010
-1136
-1144
-1109
-1033
-943
-922
-974
-954
-781
-724
-736
-565
-256
-82
-63
-72
18
79
8
-230
-400
-300
-253
10
5
-82
-336
-616
-282
-720
-1229
-1264
-332
-300
-1149
-948
-401
-624
-1497
-1560
-138
-581
-1059
-1561
-284
145
-1115
-1035
-901
-11
-374
-1089
-1150
142
-43
-1136
-1358
-222
389
-890
-1476
-591
175
-596
-1235
-1268
206
-159
-981
-792
9
430
-764
-204
390
-411
-1099
-1399
-752
-973
-1253
-1449
-1577
-1438
-1632
-1621
-1617
-1790
-2182
-2189
-1840
-1673
-1570
-1531
-1423
-1293
-1182
-709
-440
-529
-375
70
746
925
1157
1355
1742
2031
2190
2648
3001
3041
3106
3410
3764
3794
3689
3731
3646
3695
3672
3728
3525
3184
2978
2608
2463
2213
1845
1386
978
812
660
176
-215
-456
-704
-879
-998
-995
-1163
-1404
-1287
-1227
-1153
-1010
-890
-1057
-1062
-674
-428
-205
-265
-508
-137
-52
-126
-357
-251
-149
50
-176
-257
-89
-388
-225
-1153
66
-405
-559
-1671
85
-374
-1222
-1437
101
-481
-894
-2055
-537
435
-1535
-1528
-810
555
-1475
-1520
193
19
-1156
-1913
-176
159
-1141
-1340
-1025
368
-605
-1249
-883
-39
-138
-1403
-978
68
-601
-640
-978
357
206
-389
-590
-166
528
-268
-178
-390
-906
-1061
-1147
-877
-1117
-1260
-1433
-1711
-1629
-1647
-1604
-1930
-2040
-1864
-1725
-1482
-1519
-1584
-1463
-1279
-886
-680
-490
-304
16
348
588
1107
1428
1456
1562
2064
2695
2845
2955
3129
3415
3597
3682
3951
3983
3686
3512
3712
3742
3580
3220
2851
2660
2333
2014
1710
1324
937
577
425
302
-107
-471
-877
-859
-658
-792
-884
-1241
-1022
-657
-928
-1239
-850
-337
-744
-851
-604
93
-116
-514
-529
-100
149
-197
-325
59
-510
-342
160
-363
-356
-791
-191
-961
118
-908
-1214
-18
-486
-1389
-1081
-268
-361
-1653
-1047
-385
-908
-752
-630
-1095
-924
-576
-562
-1587
-752
-558
-924
-875
-1048
16
-1122
-373
-1389
-601
-232
-1053
-738
-1153
-319
-598
-645
-639
-711
-403
-768
-195
-303
-226
-676
-428
681
30
114
-640
157
-416
-1330
-1223
-777
-879
-1356
-1554
-946
-709
-1440
-1663
-1582
-1583
-1801
-1809
-1421
-1154
-1013
-857
-808
-682
-505
-577
-254
92
478
819
1120
1511
1594
1848
2061
2305
2648
2766
3071
3375
3509
3562
3733
3502
3389
3418
3245
3087
2840
2667
2491
2233
1902
1744
1514
1036
872
751
389
-68
-129
-205
-185
47
-549
-558
-464
-588
-1261
-788
-170
-560
-849
-564
373
-191
-573
-262
-211
-616
-489
181
-272
-701
210
-771
-135
-237
-178
-1129
110
-138
-1714
268
-846
-650
-1180
-365
-725
-1427
-78
-1385
-868
-1415
-894
-893
-908
-938
-867
-581
-1027
-610
-1042
-1663
-400
-722
-1810
-329
-618
-1082
-982
-372
-746
-913
-1408
-453
204
-1551
-481
480
-645
-1387
-876
504
-404
-678
-708
782
496
-1022
-368
872
-3
-693
-429
87
-895
-1551
-1061
-429
-761
-1234
-1535
-856
-1094
-1744
-2036
-1589
-1261
-1566
-1464
-760
-805
-1265
-1144
-632
-405
-560
-231
334
640
663
963
1631
1622
1469
1974
2550
2692
2799
3130
3354
3334
3483
3514
3311
3034
2994
2959
2923
2729
2633
2487
1982
1644
1375
1609
987
586
383
501
992
244
-279
-80
76
-711
-409
275
-292
-1036
50
206
-542
-624
67
149
-1042
-569
593
-487
-578
-335
133
-246
-1101
-387
-332
356
-1806
-686
709
-1095
-1027
-319
-472
-1890
-153
-699
-787
-1282
-368
-615
-1415
-290
-943
-695
-1562
-159
-703
-1427
-141
-1569
-1365
-90
-498
-1250
-1354
80
-1204
-1352
-1122
-270
-1047
-980
-546
-1315
245
-1297
-927
353
-1189
-992
-642
146
-1222
-334
20
-269
-339
-403
54
-147
-605
258
829
-799
-813
-588
-407
-916
-1125
-421
-527
-1113
-1342
-846
-643
-1267
-1433
-1279
-1045
-978
-905
-990
-967
-782
-802
-579
-138
-202
-145
207
467
690
915
1339
1443
1485
1745
2378
2585
2329
2651
2980
3051
3067
2978
3005
2823
2774
3034
2867
2714
2264
2028
2090
1850
1386
1396
1757
819
751
1340
468
30
301
47
-89
-131
668
-337
-599
-189
427
-529
-1034
663
-535
-923
245
-178
-441
-345
-285
-897
-59
-226
-1129
-92
-538
-637
-498
-563
-288
-754
-716
-794
-863
-740
-1002
-960
-862
-718
-869
-923
-576
-1815
-931
-256
-1334
-537
-1315
-208
-1053
-1314
114
-1723
-539
-271
-1329
-791
-1169
-17
-1648
-893
277
-1503
-773
-124
-964
-1205
-621
-386
-184
-877
-1095
-798
-25
-333
-805
-378
68
-358
-308
61
-62
-330
314
144
-771
-338
-428
-1062
-842
-247
-616
-1232
-1011
-596
-1103
-1051
-1216
-1003
-955
-918
-786
-963
-644
-888
-824
-513
-377
-112
200
174
378
959
1137
1062
1132
1570
1637
1857
2424
2479
2400
2507
2636
2932
2857
2956
2480
2553
2863
2593
2467
1995
2503
2137
1290
1647
1776
1650
820
875
1050
901
651
-67
477
362
192
-74
21
152
-195
-386
162
-346
-472
-360
-463
-5
-176
-413
-553
-288
-140
-1237
-458
-480
-743
-529
-552
56
-910
-1029
-273
-1274
-431
-378
-1871
177
-1419
374
-1269
-1309
-537
-1424
-87
-1707
-731
-275
-743
-823
-691
-1095
-1134
-995
-243
-1396
-775
-930
-494
-908
-1269
-575
-1387
-227
-1274
-884
-529
27
-727
-857
-85
-174
-1032
-530
-61
-470
-871
-481
246
-206
8
-798
-54
62
-177
-21
2
-104
-547
-477
-434
-407
-439
-1223
-526
-720
-788
-629
-1194
-998
-1191
-1174
-872
-654
-676
-944
-576
-404
-636
-467
-429
-222
57
262
699
717
780
1028
1253
1442
1676
1935
2029
2006
2217
2372
2346
2619
2276
2244
2496
2409
2639
2168
2048
1918
2053
2197
1251
1600
1687
1467
875
1023
1003
822
564
464
132
227
218
463
-238
-202
314
-25
186
-771
-315
-367
332
-725
-668
-104
-419
-303
-835
-542
-200
-284
-1059
-451
-53
-311
-671
-899
143
-1273
-449
-255
-618
-749
-450
-150
-1159
-527
-479
-599
-1200
-484
-358
-890
-578
-929
-457
-859
-997
-678
-593
-843
-978
-1080
-272
-1322
-738
-465
-1499
-108
-941
-670
-597
-1009
-390
-1216
-525
-647
-611
-336
-1144
-400
-155
-604
-799
-317
304
-485
-308
-46
-187
-552
-92
223
-184
-351
-583
-675
-501
-323
-397
-696
-589
-526
-892
-665
-802
-865
-774
-665
-302
-454
-593
-520
-596
-574
-399
28
190
-18
193
592
1005
804
673
1111
1174
1316
1487
1936
2026
1976
2137
1994
1995
2079
2317
1682
2034
2152
2315
2261
1656
1488
1738
2057
1403
1179
1339
1347
1178
886
845
786
447
341
306
278
248
363
-150
-44
-30
-30
-258
-361
-489
-358
-67
-616
-296
-730
-468
-467
-820
-437
-431
-335
-242
-522
-567
-746
-564
-692
-200
-903
-347
309
-343
-802
-505
-159
-953
-1028
-378
-103
-819
-472
-680
-1056
-643
-516
-786
-1218
-466
-519
-1035
-308
-588
-1026
-1060
-365
-1184
-715
-459
-1170
-416
-745
-565
-1257
-238
-606
-589
-159
-580
-159
-537
-339
-688
-273
-327
-471
-187
67
-323
-306
-122
241
-302
-537
-149
-314
-553
-617
-302
-64
-344
-613
-548
-249
-503
-731
-796
-594
-489
-563
-583
-535
-316
-575
-671
-261
-336
-152
-77
85
406
382
504
358
800
1046
888
1321
1427
1519
1426
1746
1803
1556
2146
1665
1753
1925
2056
1675
1897
2264
1538
1517
1713
1536
1387
1364
1416
1058
883
1091
850
633
500
356
548
306
210
0
384
40
-493
184
224
-341
-656
390
-170
-1263
-174
-280
-220
-940
-186
-323
-814
-234
-599
-259
-573
-95
-72
-1090
191
-410
-419
-576
-163
401
-1364
-295
-327
-696
-727
-255
58
-1387
-406
-239
-543
-881
-984
-237
-1051
-564
-978
-375
-716
-1002
-515
-879
-701
-859
-1003
-524
-741
-610
-882
-606
-831
-757
-425
-782
-498
-382
-664
-398
-141
-316
-931
-142
65
-405
-557
-361
283
-76
-21
-60
-5
-85
-258
-287
-670
-124
-35
-388
-69
-341
-210
-552
-744
-523
-778
-588
-563
-274
-414
-529
-395
-397
-461
-600
-180
46
-93
93
215
478
620
538
481
781
1254
995
1157
1483
1590
1437
1450
1749
1584
1814
1957
1485
1852
1777
1588
1701
1691
1597
1712
1369
1301
1061
1197
1161
968
1011
649
519
412
781
513
243
421
253
-15
188
-98
-171
-91
-35
-56
96
15
-142
-486
-426
-201
-683
-255
-329
170
-453
-699
-96
-19
-630
-772
-380
188
-781
-337
-156
-305
-585
-591
-407
-470
-441
-658
-942
-644
-173
-792
-458
-526
-868
-989
-729
-838
-994
-665
-608
-841
-684
-600
-1163
-831
-1048
-599
-889
-639
-462
-1033
-721
-559
-638
-748
-374
-309
-681
-164
-730
-316
41
-311
-155
-601
207
-224
-223
14
-192
-131
42
181
-52
-191
-229
-381
-684
-367
-254
-763
-514
-313
-500
-774
-814
-395
-914
-764
-568
-409
-284
-703
-388
-410
-320
-102
-272
223
315
129
508
674
815
622
883
1109
1021
1410
1673
1728
1509
1391
1481
2034
1828
1882
1761
1723
1839
1805
1917
1570
1651
1284
1277
1723
1327
1031
800
781
996
809
558
838
404
329
588
314
263
51
-79
16
-101
267
-53
-221
-150
-236
-353
-315
-378
-242
-234
-207
-400
-104
-555
-446
-230
-509
-308
-305
40
-467
-762
-610
-328
-741
-613
30
-517
-1009
-1177
-667
46
-949
-312
-1054
-360
-549
-1661
-600
-1265
-534
-672
-1401
-207
-918
-348
-988
-1476
-102
-1404
-491
-1011
-411
-389
-1107
-428
-1038
96
-574
-993
80
-672
-412
-555
-238
-600
-276
209
-255
-159
-396
18
-17
-125
8
-324
243
-395
-626
-317
-496
-248
-719
-582
-316
-731
-321
-597
-713
-596
-800
-575
-533
-593
-633
-814
-327
-291
-382
-174
-71
-46
14
480
491
590
676
856
900
1087
1520
1652
1499
1699
1832
1979
1985
2009
1885
2064
2456
1950
1803
1985
1913
1770
1935
1668
1454
1550
1300
1473
573
993
1159
474
1337
370
413
227
255
421
-187
437
-92
-351
-324
-51
-221
85
-356
-670
-315
-285
-445
-816
-403
-339
-490
-166
-622
-275
-283
-577
-297
-833
-333
-456
-447
-110
-782
-447
-430
-1022
-415
-686
-431
-559
-721
-557
-1127
-692
-1104
-788
-1071
-868
-658
-965
-798
-1066
-882
-756
-851
-579
-395
-1334
-1109
-458
-932
-356
-222
-792
-607
-766
-300
-377
-168
-309
-359
56
-430
-360
-372
-394
-131
107
-163
120
-197
-254
81
-83
-52
-733
-720
-133
-655
-895
-842
-877
-659
-727
-930
-831
-1083
-1448
-1432
-1157
-855
-801
-928
-820
-790
-687
-495
-185
-199
-57
-181
300
870
766
699
734
1379
1643
1647
1739
2201
2184
1894
2124
2550
2270
2519
2605
2476
2533
2502
2137
1870
2163
2173
1851
1940
1876
1786
1181
1148
1270
749
1029
735
1081
249
-182
356
-430
374
-10
-148
197
-684
-177
-920
-78
-301
-757
-113
-469
-356
-978
-92
-270
-695
-731
-505
-478
-669
-365
-659
42
-529
-665
-554
-1320
170
-283
-574
-63
-998
-803
-373
-574
-1112
-816
167
-1015
-753
-547
-1031
-1053
-1056
-549
-766
-566
-506
-1512
-717
-944
-1469
-1749
-806
167
-1075
-1241
189
-351
-1469
-1096
-356
-332
-52
176
-1062
-523
-727
-482
-81
-95
147
149
370
197
-52
-547
-725
-1147
-1064
-310
-224
-547
-864
-1454
-1580
-1468
-1401
-1381
-1532
-1330
-1434
-1268
-1307
-1522
-1662
-1615
-1067
-694
-483
-379
-550
-447
-383
144
705
1185
1419
1239
1472
1864
2153
2246
2357
2893
3035
3088
3161
3234
3177
2851
2830
3015
3328
3269
2914
2583
2193
1990
2012
2084
1932
1625
1403
1161
965
631
288
684
215
138
149
25
-202
-422
-431
-877
-1028
-732
-144
-97
-745
-1016
-971
-909
-710
-901
-1015
-634
-401
-358
-751
-1047
-1379
-586
483
-890
150
-387
-431
-1113
-767
-364
-1173
219
-871
-72
-1007
-403
-871
-751
-186
-1017
-945
-919
-39
-227
-527
-1324
-1710
-513
-282
-612
-1625
-533
-1050
-1027
-797
-1145
-217
-1318
-1326
-860
-176
-413
-1131
-1082
80
-483
534
-783
-809
-307
-904
-15
169
998
380
-1049
-1415
-1311
-1232
-523
-559
-1006
-1186
-1690
-1930
-1694
-2253
-2024
-2141
-1810
-1575
-1767
-1706
-2242
-2268
-2126
-1547
-788
-493
-411
-621
-723
-167
305
911
1279
1500
1778
2104
2654
2857
2760
2705
3133
3840
4248
4177
3914
3594
3710
3704
3878
3897
3558
3391
2926
2622
2675
2616
2123
1749
1466
1633
1135
980
676
121
-231
-475
-274
-111
-171
-833
-1324
-1301
-887
-792
-983
-961
-1351
-989
-868
-1018
-761
-1526
-753
-333
-368
-47
-724
-276
-780
-671
37
-100
72
-265
-329
-285
-49
-385
-667
-791
-8
-257
-537
-316
-1127
-510
-1085
-1268
-863
-1118
-979
-882
-1306
-1587
-2120
-1737
-953
-1376
-1451
-1372
-2057
-999
-1395
-795
-689
-1639
-409
-1317
-327
98
-346
7
-806
-414
543
309
521
-24
221
480
402
677
319
-558
-1024
-1235
-1018
-842
-1046
-1544
-2171
-2234
-2267
-2470
-2336
-2389
-3122
-3181
-2986
-2497
-2291
-2634
-2736
-2711
-2267
-1522
-1257
-1026
-948
-890
-245
502
1090
1392
1607
1893
2355
2969
3574
3991
3986
3957
4313
4710
5190
5300
5110
4953
4833
4768
4813
4826
4410
3929
3445
3380
3325
2979
2510
1885
1669
1198
903
662
268
-345
-781
-694
-778
-1241
-1709
-2090
-2361
-2155
-2139
-2039
-2234
-2417
-2193
-2328
-1950
-1917
-1894
-1744
-1519
-1211
-1242
-996
-366
-306
-452
-506
-71
164
189
7
186
716
540
488
562
-103
-616
184
182
598
-250
-290
-913
-135
298
-870
-738
-1463
-205
-208
-1187
-985
-977
-1324
-1177
-865
-776
-1044
-1153
-528
346
-430
-1133
-1938
-1479
-220
-2
541
-601
-866
-796
-768
133
919
717
-982
-2352
-2355
-1981
-1889
-1316
-1855
-2788
-3468
-4152
-3774
-3816
-3675
-3575
-3868
-3576
-3665
-3899
-3929
-4163
-3643
-2675
-1764
-989
-1140
-1563
-1818
-1122
280
1297
2086
2266
2305
2286
2804
3782
4311
4786
5182
5516
5681
5716
5781
5800
5817
6145
6435
6578
6120
5218
4509
4169
4428
4466
4354
3940
3120
2198
1349
1053
998
1089
677
171
-535
-1418
-2186
-2589
-2371
-2429
-2855
-2749
-2751
-3177
-3725
-4080
-3646
-3062
-2494
-2259
-2571
-3062
-3130
-2539
-1444
-582
-580
-728
-970
-962
-363
-18
754
816
743
896
743
1352
748
595
1063
809
1255
1290
1289
-98
-769
271
377
665
-253
-588
-607
-1160
-1259
-1189
-881
-1121
-1098
-852
-1289
-1600
-1876
-1587
-672
-874
-882
-1177
-725
-50
-472
-422
-378
-46
357
275
917
297
-1941
-3281
-2932
-1539
-1080
-1608
-2507
-3761
-5037
-4945
-4275
-3329
-3489
-4816
-5118
-5145
-4630
-4441
-4373
-3620
-3518
-3254
-2710
-2100
-1749
-1986
-1385
83
1396
1901
1853
2224
2613
2997
4066
5259
5936
5550
5423
5911
6536
7048
7246
7564
7441
6986
6778
6729
6692
6189
5612
5487
5295
4686
3654
2830
2197
1596
1209
1234
1177
255
-948
-1568
-1534
-1502
-1610
-1802
-2286
-3019
-3599
-3565
-3092
-3148
-3548
-3808
-3796
-3671
-3854
-3869
-3808
-3484
-3088
-2459
-1870
-2118
-2720
-2808
-1831
-647
-59
14
-35
-91
-114
479
1473
1838
1477
947
1571
1683
1220
905
985
1567
1302
1219
584
-161
-654
-853
-165
555
-124
-1101
-1759
-1843
-1889
-2039
-1000
-1006
-1232
-1522
-1647
-952
-878
-829
-738
-764
-187
-96
297
623
-167
-1441
-3096
-3471
-3119
-2170
-1094
-1751
-3539
-6057
-6477
-5060
-3935
-3167
-4070
-5002
-6094
-6388
-5211
-4167
-3450
-3699
-3792
-3082
-2521
-1937
-1526
-768
187
1041
2136
2780
3096
3044
3458
4867
6272
7043
6797
6387
6483
6862
7675
8500
8662
7921
7039
6872
7156
7441
7270
6709
5984
5106
4549
4381
4218
3636
2779
2224
1745
1084
370
-500
-1106
-1702
-2058
-2204
-2781
-3523
-4507
-4826
-4591
-4510
-4603
-5058
-5420
-5586
-5377
-4954
-4443
-4141
-4102
-3913
-3396
-2903
-2517
-2221
-1730
-1080
-511
-12
260
622
597
959
1710
2357
2636
2404
2211
2064
2243
2644
2720
2330
1855
1567
1419
1604
1532
929
81
-773
-1108
-1062
-349
-177
-822
-1687
-2202
-2073
-1739
-1401
-1483
-1501
-1416
-946
-758
-1166
-1407
-1027
82
664
-115
-1755
-4113
-4971
-4188
-2001
-590
-1837
-4447
-7350
-7598
-5812
-4103
-3277
-4558
-6381
-7626
-7186
-5086
-3708
-3627
-4474
-4804
-4103
-3023
-1890
-1112
-647
-193
621
1907
2736
2941
2979
3695
5313
6521
7120
6800
6346
6531
7205
8627
9349
8831
7595
6632
6922
7715
8237
7968
6786
5489
4608
4572
4891
4781
3958
2778
1990
1494
1116
593
-196
-900
-1531
-1870
-2156
-2935
-3947
-4730
-4697
-4248
-4293
-4702
-5516
-6057
-5929
-5278
-4467
-4010
-4306
-4736
-4523
-3609
-2599
-1998
-1797
-1788
-1684
-1035
23
809
1222
1147
1169
1686
2279
2767
2853
2861
3022
3094
3298
3213
2804
2486
2283
2523
2553
2078
1307
306
-73
262
757
600
-355
-1561
-2076
-1611
-1129
-1189
-1886
-2201
-1692
-998
-499
-727
-1048
-1188
-827
-566
-1086
-2999
-5168
-5749
-3664
-1178
-1513
-4302
-7962
-8501
-6772
-4578
-3124
-4500
-6611
-8584
-8254
-5414
-3481
-3210
-4730
-5660
-4987
-3594
-1868
-727
-459
-623
-210
1387
2866
3520
3293
3676
5130
6365
7290
7159
6849
6897
7449
8926
9585
9011
7570
6727
7438
8556
9040
8247
6682
5120
4556
5190
6038
5697
4041
2329
1598
1601
1635
1343
501
-643
-1878
-2441
-2556
-2860
-3556
-4407
-4617
-4659
-4887
-5522
-6030
-6124
-5848
-5143
-4698
-4665
-5229
-5609
-4770
-3445
-2366
-2143
-2432
-2392
-2028
-962
178
949
1140
735
915
1459
2360
3014
3193
3187
2924
2845
2993
3153
3199
3011
2758
2557
2218
1907
1483
1124
850
587
336
-62
-547
-868
-1076
-1018
-1155
-1215
-1384
-1453
-1295
-1339
-919
-545
-330
-517
-1626
-2711
-4376
-5299
-4812
-3246
-1641
-2900
-5727
-8434
-8346
-6113
-4515
-4015
-5644
-7456
-8405
-7730
-5171
-3801
-3866
-5178
-5688
-4606
-3246
-1909
-1057
-680
-393
168
1387
2607
3280
3431
4218
5561
6485
6856
6775
7109
7820
8509
9153
9026
8289
7571
7680
8733
9305
8719
7309
5978
5430
5649
6196
6165
5118
3392
2136
1948
2224
2041
1113
-74
-1094
-1887
-2299
-2584
-2950
-3596
-4325
-4630
-5044
-5503
-5943
-5965
-5432
-5196
-5244
-5504
-5760
-5462
-4831
-3804
-2950
-3006
-3189
-3056
-2143
-843
-59
324
268
233
677
1485
2526
3104
2991
2727
2861
3152
3513
3553
3540
3400
3063
2810
2550
2258
1784
1609
1491
1276
670
-196
-671
-661
-450
-560
-1020
-1499
-1559
-1170
-784
-625
-1085
-1402
-1347
-842
-817
-1662
-3295
-5206
-5721
-4695
-2341
-2105
-4302
-7526
-9129
-7326
-5361
-4128
-5089
-7374
-8578
-8540
-6120
-3957
-3695
-5050
-6266
-5437
-3531
-1899
-1068
-862
-788
-253
984
2463
3420
3447
3739
4992
6309
6999
6936
6925
7649
8456
9157
9237
8603
7826
7661
8642
9497
9178
7693
6192
5709
5928
6435
6438
5377
3805
2423
2227
2643
2549
1516
67
-901
-1477
-1850
-2140
-2675
-3396
-4349
-4857
-5028
-5385
-5778
-6218
-5901
-5506
-5613
-5797
-6158
-5874
-5254
-4345
-3457
-3403
-3621
-3675
-2811
-1339
-339
6
-213
-238
304
1305
2496
3001
2959
2599
2535
3202
3692
3947
3744
3438
3223
2919
2873
2676
2441
2059
1685
1539
1007
434
-196
-306
-119
-227
-649
-1409
-1689
-1292
-612
-204
-770
-1255
-1308
-1034
-1086
-2139
-3309
-4926
-5535
-4691
-2942
-2503
-4578
-7758
-9093
-7510
-5529
-4748
-5894
-7646
-8519
-8322
-6300
-4573
-4420
-5703
-6440
-5267
-3265
-2013
-1673
-1356
-837
157
1333
2526
3238
3269
3883
5330
6766
7173
6853
6987
7909
8878
9334
9195
8661
8177
8326
9182
9674
8929
7346
6355
6314
6779
6800
6118
5008
3722
2924
2763
2938
2352
1107
-116
-827
-1074
-1782
-2432
-3084
-3515
-4001
-4781
-5277
-5800
-5972
-5873
-5660
-5662
-6195
-6552
-6320
-5419
-4691
-4317
-4250
-4319
-3935
-3274
-2126
-1204
-942
-882
-797
-5
947
1679
2211
2284
2368
2492
2923
3518
3699
3647
3483
3544
3414
3162
2878
2708
2615
2277
1842
1240
874
588
379
245
-75
-523
-845
-1075
-923
-733
-629
-625
-1110
-1205
-1000
-429
-554
-1752
-3625
-5475
-5428
-4079
-1906
-2376
-5135
-8156
-9261
-6876
-5172
-4569
-6139
-8295
-8774
-8291
-5939
-4737
-4944
-6106
-6587
-5259
-3631
-2395
-2120
-1623
-998
-47
1226
2141
2839
3137
3923
5430
6483
6769
6786
7238
8276
8966
9123
8823
8370
8356
8839
9685
9735
8691
7189
6449
6736
7161
7093
6192
4895
3668
3098
3207
3242
2516
1213
30
-607
-1044
-1670
-2226
-2770
-3298
-4057
-4876
-5441
-5807
-5862
-5718
-5455
-5866
-6508
-6918
-6490
-5356
-4700
-4434
-4735
-4779
-4340
-3319
-2080
-1448
-1317
-1520
-1148
-128
895
1679
1899
2023
2121
2463
3088
3592
3815
3707
3537
3558
3570
3493
3367
3238
2976
2563
2068
1629
1270
1058
969
787
376
-503
-1040
-1142
-663
-232
-406
-790
-1415
-1465
-881
-285
-208
-1510
-2774
-3821
-4789
-4905
-4479
-2890
-3134
-5399
-8125
-8882
-6900
-5672
-5408
-6599
-7856
-8379
-8406
-6504
-5134
-4934
-6039
-6494
-5131
-3689
-2679
-2100
-1258
-493
-33
776
2007
3184
3639
4208
5393
6348
6777
6865
7579
8719
9112
9119
8841
8719
8887
9131
9669
9617
8662
7340
6835
7164
7384
6903
5788
4866
3914
3374
3290
3097
2437
891
-264
-881
-1127
-1622
-2262
-2904
-3798
-4455
-5325
-5504
-5685
-5779
-5719
-5975
-6126
-6721
-6756
-6137
-5237
-4648
-4763
-4810
-4564
-4017
-2964
-2025
-1309
-1199
-1333
-783
124
1149
1832
1954
2194
2180
2472
3094
3609
3885
3616
3342
3352
3366
3326
3235
3005
2696
2155
1604
1319
1259
1081
792
231
-362
-684
-739
-537
-522
-780
-1127
-1280
-965
-634
-277
-268
-1077
-2220
-3339
-4103
-4580
-4620
-3691
-2939
-4027
-6391
-8684
-8092
-6274
-5377
-5660
-7390
-8336
-8558
-7692
-5649
-4804
-5251
-6501
-6393
-4701
-3069
-2151
-1778
-1093
-497
287
1269
2373
3329
3787
4618
5757
6533
6873
7180
7967
8801
8977
8811
8744
8890
9142
9471
9598
9070
7996
7074
7059
7364
7309
6509
5299
4330
3702
3479
3416
2916
1681
314
-669
-920
-1109
-1622
-2387
-3344
-4224
-4960
-5289
-5374
-5335
-5554
-5903
-6231
-6686
-6510
-6150
-5320
-4731
-4959
-4961
-4899
-4134
-3059
-2242
-1599
-1549
-1537
-1151
-262
856
1571
1758
1727
1875
2246
2889
3428
3609
3527
3158
3074
3131
3241
3246
2995
2745
2106
1655
1390
1325
1347
866
274
-378
-587
-591
-328
-358
-663
-1023
-1194
-958
-927
-613
-458
-245
-933
-1941
-2793
-3835
-4562
-4967
-3775
-2473
-3484
-5931
-8693
-8169
-6455
-5255
-5423
-6904
-8006
-8615
-7676
-5647
-4499
-5090
-6442
-6199
-4585
-2805
-2012
-1686
-1243
-801
-17
1368
2762
3491
3538
4139
5484
6575
7052
7299
7985
8634
8802
8780
8861
8983
8983
9238
9458
9203
8168
7121
7040
7304
7286
6464
5342
4430
3696
3413
3274
2931
1858
382
-679
-966
-1026
-1447
-2292
-3351
-4292
-5036
-5119
-4984
-5083
-5605
-6397
-6542
-6352
-6115
-5752
-5552
-5203
-5039
-4829
-4329
-3805
-3151
-2537
-1964
-1433
-1173
-822
-229
692
1434
1796
1940
2033
2309
2679
3162
3554
3490
3098
2816
3003
3239
3259
2875
2315
1879
1424
1314
1259
906
361
-275
-447
-415
-573
-853
-1102
-1067
-878
-846
-985
-1156
-1224
-831
-314
-166
-990
-2513
-3769
-4742
-4694
-3884
-2614
-2862
-5103
-7765
-8666
-6797
-5268
-5042
-6355
-8016
-8274
-7965
-6146
-4756
-4743
-5712
-6441
-5272
-3444
-2152
-1695
-1279
-637
73
1044
2173
3302
3803
4309
5268
6338
6908
7110
7696
8529
8984
8813
8593
8646
8926
9307
9497
9285
8352
7249
6823
7136
7358
6768
5557
4398
3708
3348
3316
2959
2063
652
-554
-1002
-1138
-1429
-2266
-3126
-3976
-4730
-5098
-5167
-5200
-5471
-5868
-6148
-6107
-6130
-5959
-5530
-5014
-4506
-4463
-4400
-3956
-3360
-2527
-1782
-1262
-999
-881
-494
405
1340
1880
1884
1790
2058
2414
2908
3359
3435
3036
2592
2510
2811
3087
2831
2320
1713
1303
955
909
920
663
116
-516
-658
-630
-635
-823
-1015
-1062
-1112
-944
-920
-756
-670
-433
-264
-992
-2130
-3565
-4559
-4591
-4001
-2549
-2737
-4743
-7476
-8795
-6959
-5255
-4718
-6042
-8064
-8450
-8089
-6213
-4705
-4669
-5795
-6677
-5559
-3497
-1940
-1609
-1476
-1047
-200
935
2210
3324
3819
4122
5022
6255
7074
7401
7725
8393
8840
8823
8738
8774
9100
9352
9501
9221
8388
7333
6813
7125
7338
6837
5598
4375
3722
3381
3259
2887
2067
738
-488
-1106
-1137
-1453
-2167
-3125
-4016
-4612
-5179
-5377
-5381
-5512
-5694
-6048
-6285
-6293
-6040
-5458
-4777
-4504
-4580
-4562
-4087
-3083
-2110
-1469
-1252
-1182
-902
-227
800
1700
1982
1854
1755
2078
2720
3264
3531
3391
3021
2810
2767
3063
3078
2791
2259
1629
1305
1063
1006
804
422
-71
-535
-711
-826
-850
-787
-880
-861
-1023
-1187
-1332
-1339
-858
-194
78
-417
-2158
-4103
-5408
-5101
-3330
-1872
-2533
-5302
-8118
-8826
-6815
-4890
-4643
-6153
-8271
-8686
-7822
-5958
-4542
-4876
-5864
-6510
-5482
-3596
-2135
-1539
-1382
-1000
-163
1179
2439
3375
3852
4260
5252
6335
7144
7579
7981
8527
8940
8966
8818
8801
9065
9406
9693
9375
8437
7325
6687
6843
7144
6937
5796
4386
3224
2749
2907
2854
2241
689
-774
-1683
-1907
-1790
-2286
-2895
-4116
-5117
-5653
-5751
-5286
-5425
-5688
-6216
-6481
-6205
-5925
-5233
-4768
-4549
-4421
-4277
-3750
-2978
-2148
-1416
-1002
-825
-588
-137
773
1589
2070
2162
1954
2134
2428
2996
3493
3530
3277
2712
2539
2661
2884
2870
2412
1808
1193
871
810
871
731
181
-459
-946
-1020
-899
-688
-628
-755
-914
-1103
-1184
-873
-363
211
102
-1001
-2287
-3611
-4650
-4708
-4156
-2596
-2778
-4932
-7545
-8948
-7456
-5924
-5296
-5932
-7767
-8725
-8737
-6914
-4893
-4520
-5643
-6544
-5829
-4065
-2288
-1253
-698
-624
-425
692
2591
4215
4723
4667
5199
6345
7364
8203
8750
9132
9170
8958
9120
9359
9576
9565
9576
9409
8628
7580
6813
6705
6750
6482
5732
4616
3317
2352
2046
2158
1784
552
-792
-1892
-2369
-2700
-3020
-3378
-4287
-5317
-6156
-6074
-5696
-5586
-5801
-6215
-6261
-6234
-5689
-4997
-4246
-3909
-3982
-3654
-3242
-2336
-1596
-953
-273
-99
217
585
1297
2048
2448
2738
2817
2800
2832
2991
3359
3639
3526
3186
2824
2499
2353
2265
2174
1776
1082
392
156
176
135
-123
-673
-1085
-1382
-1319
-842
-457
-370
-861
-1299
-1309
-728
-51
58
-716
-2389
-4440
-5731
-5600
-3707
-2112
-3001
-5714
-8898
-9254
-7574
-5839
-4924
-6460
-8086
-9366
-8799
-6259
-4569
-4239
-5757
-6472
-5616
-3603
-1513
-498
-101
-461
-64
1419
3374
5008
5191
5260
5769
6752
7897
8696
9307
9533
9447
9401
9433
9460
9352
9418
9563
9432
8613
7293
6188
5752
5819
5904
5415
4107
2478
1267
1086
1224
1044
-23
-1479
-2671
-3378
-3265
-3188
-3412
-4375
-5664
-6290
-6253
-5615
-5379
-5360
-5582
-5852
-5686
-5297
-4323
-3596
-3193
-3017
-2863
-2238
-1626
-877
-134
364
701
777
1115
1638
2163
2638
2943
3151
3005
2803
2784
2947
3238
3186
2856
2390
1896
1656
1652
1648
1369
685
-84
-471
-495
-363
-359
-536
-932
-1356
-1481
-1192
-482
-105
-298
-757
-851
-299
231
11
-1076
-2547
-4235
-5406
-5448
-3824
-2475
-3371
-6126
-8962
-9102
-7825
-6464
-5851
-6859
-8176
-9482
-8910
-6512
-4716
-4613
-5875
-6372
-5299
-3465
-1494
-68
524
265
450
1865
3952
5479
5741
6001
6641
7470
8506
9268
9877
9929
9587
9628
9842
9860
9436
9042
8980
8855
8309
7277
6161
5226
4640
4555
4486
3898
2362
697
-270
-441
-222
-501
-1452
-2976
-4402
-5120
-4886
-4288
-4295
-5164
-6504
-7068
-6679
-5688
-4789
-4709
-5038
-5453
-4948
-3767
-2574
-1790
-1782
-1651
-1307
-532
363
954
1390
1521
1833
2272
2664
2912
2919
3003
3193
3298
3332
3054
2605
2292
2227
2444
2314
1829
1050
358
115
127
183
-73
-656
-1151
-1409
-1451
-1359
-1104
-902
-723
-955
-893
-679
-463
87
254
714
203
-976
-2314
-4441
-5333
-5624
-3903
-2485
-3597
-5838
-9054
-9412
-8525
-7248
-5945
-6897
-8083
-9713
-9390
-7004
-5110
-4425
-5359
-6022
-5418
-3841
-1575
379
1251
988
899
2099
4052
5806
6447
6807
7265
7812
8791
9600
10264
10209
9753
9732
9937
9956
9349
8651
8298
8159
7920
7293
6208
4665
3349
2818
3071
3113
2268
643
-959
-1912
-2179
-1965
-2131
-2813
-4076
-5148
-5339
-5171
-4804
-4968
-5491
-5583
-5696
-5147
-4622
-4307
-3937
-3881
-3163
-2489
-1809
-1249
-1109
-482
160
888
1428
1486
1597
1636
2043
2658
2990
2936
2541
2330
2320
2479
2689
2545
2132
1597
1136
1009
1031
1016
720
265
-223
-645
-931
-991
-859
-800
-789
-942
-1166
-1295
-1280
-908
-462
-86
244
369
630
876
1104
1066
229
-1127
-3579
-5447
-5997
-4423
-2569
-2910
-5101
-8330
-9657
-9497
-8652
-7235
-7318
-7985
-9434
-9680
-7914
-6295
-5389
-5686
-5910
-5273
-4079
-2139
-197
1011
1450
1689
2809
4350
5662
6256
6604
7435
8444
9634
10456
10673
10261
9414
9283
9757
10225
9941
8992
8062
7322
6904
6594
6063
4999
3414
2036
1462
1616
1581
845
-441
-1816
-2793
-3318
-3415
-3533
-4026
-4761
-5290
-5151
-4896
-4949
-5291
-5535
-5271
-4659
-3877
-3300
-3040
-2945
-2756
-1943
-941
-178
166
179
381
766
1539
2291
2563
2475
2169
2141
2369
2576
2699
2456
2193
1897
1798
1839
1632
1212
679
311
203
100
-18
-297
-754
-1067
-1217
-1257
-1130
-1070
-1160
-1369
-1676
-1553
-1125
-589
-402
-394
-220
21
330
633
976
1342
1210
491
-993
-3163
-4991
-6049
-5196
-3602
-2837
-3803
-6369
-8125
-8975
-9018
-8433
-8088
-7363
-7279
-7266
-6768
-6182
-5601
-5780
-5904
-4913
-3177
-1215
191
879
1353
1705
2459
3676
4975
6008
6379
6659
7196
8247
9397
9950
9865
9169
8563
8386
8399
8598
8590
8283
7699
6945
6248
5467
4426
3372
2426
2062
2031
1966
1442
286
-876
-1850
-2377
-2615
-2710
-2615
-2716
-3080
-3538
-3917
-3833
-3730
-3729
-3663
-3443
-2777
-2347
-2114
-1959
-1826
-1305
-904
-586
-256
-60
131
137
422
809
726
328
22
158
407
42
-255
-264
-13
-32
-563
-666
-577
-594
-629
-489
-141
-490
-968
-1184
-1321
-1245
-820
-612
-1036
-1175
-455
-145
-821
-1867
-2047
-1152
-727
-1246
-1813
-1260
-34
51
-1220
-2069
-1549
-438
-492
-1368
-1480
-227
956
509
-876
-1329
-755
-167
-551
-1458
-1588
-655
115
-40
-751
-917
-538
-388
-663
-1222
-1482
-1248
-883
-718
-945
-1153
-973
-778
-874
-1338
-1637
-1346
-792
-337
-217
-106
202
556
724
664
714
986
1387
1832
2222
2612
3014
3361
3551
3430
3180
3036
3019
3093
3182
3227
3368
3406
3204
2971
2640
2415
2244
2076
2049
1972
1963
1928
1684
1376
1036
807
604
428
239
40
-178
-307
-333
-449
-715
-987
-1188
-1304
-1447
-1557
-1555
-1540
-1534
-1602
-1644
-1755
-1778
-1795
-1734
-1703
-1738
-1690
-1554
-1393
-1236
-1212
-1264
-1227
-1035
-884
-809
-879
-939
-806
-523
-330
-344
-509
-550
-470
-342
-234
-253
-230
-108
-68
-22
-144
-177
-54
-4
130
65
148
210
195
113
-95
-75
27
186
263
160
44
-26
-90
-139
-90
52
148
178
199
157
-46
-353
-664
-871
-927
-827
-841
-816
-825
-810
-903
-1151
-1411
-1729
-1923
-1965
-1856
-1638
-1463
-1277
-1156
-1184
-1255
-1366
-1350
-1202
-1033
-611
-103
355
811
1082
1319
1440
1592
1925
2295
2676
2962
3004
2923
2764
2668
2503
2288
2138
2166
2385
2497
2416
2058
1694
1475
1419
1477
1391
1298
1278
1274
1210
897
550
326
306
367
313
151
65
141
116
-105
-567
-847
-784
-690
-736
-804
-794
-646
-620
-784
-883
-1027
-1072
-1128
-1082
-847
-719
-604
-589
-577
-582
-629
-669
-794
-729
-680
-540
-403
-343
-209
-235
-301
-349
-402
-363
-317
-367
-375
-305
-84
157
171
-204
-525
-359
-76
1
-94
-184
-101
83
32
-385
-627
-455
32
195
-156
-610
-632
-211
-44
-282
-661
-565
-143
43
-41
-347
-425
-407
-628
-939
-1352
-1499
-1198
-683
-395
-570
-820
-976
-948
-998
-1375
-1647
-1636
-1155
-536
-276
-295
-459
-523
-446
-526
-518
-410
-22
443
870
1168
1254
1274
1268
1175
1043
1174
1411
1788
2138
2227
2002
1415
1076
1172
1393
1501
1341
1276
1490
1772
1641
962
337
146
438
922
1077
951
826
802
764
409
110
-6
79
-10
-148
24
179
292
24
-369
-491
-226
-89
-346
-757
-720
-434
-160
-257
-685
-1045
-1692
-2485
-2744
-1440
697
1874
1605
651
508
740
369
-548
-1031
202
2034
2975
2595
1025
-1068
-2866
-3013
-1745
-437
657
1420
2384
2247
153
-2305
-3516
-2696
-1729
-1619
-1637
-1006
381
918
1192
1108
284
-1155
-3142
-3431
-2536
-888
1144
2380
3028
2207
757
-655
-2659
-3747
-3561
-1796
672
2667
3892
3960
2932
1211
-492
-1982
-2971
-3133
-1906
260
1712
2045
1440
460
-582
-1987
-3553
-4460
-4160
-2938
-1510
-631
-206
-266
-663
-1102
-1929
-2828
-3238
-2698
-1295
3
772
1308
1790
2167
2094
1490
767
285
526
1373
2558
3587
4051
4122
3809
3247
2274
940
158
590
1943
2791
2486
1939
1985
2355
1723
-28
-1404
-1114
175
806
645
247
414
805
582
-151
-1259
-1497
-1050
-562
-478
-824
-309
497
730
107
-760
-918
-808
-894
-977
-618
318
1310
1761
1089
-103
-629
-454
-367
-765
-588
510
1586
1313
-23
-772
-391
163
-252
-919
-822
-227
-46
-558
-1184
-1108
-435
116
-348
-951
-880
-611
-355
-1029
-1873
-1593
-519
630
634
-312
-933
-723
-202
-243
-555
-400
-117
166
296
406
668
489
171
49
481
907
1060
1442
1493
581
-1033
-2223
-2693
-2829
-3108
-3608
-3350
-2693
-2085
-2245
-3126
-3927
-4912
-5182
-4763
-4002
-2923
-2381
-1767
-1371
-1168
-986
-1059
-610
-19
624
1269
1889
2829
3710
4290
4561
4570
4674
4795
4774
4479
4180
4254
4710
5140
5069
4612
4120
3706
3026
2325
1768
1453
1503
1387
1272
1016
582
272
-131
-398
-694
-819
-698
-680
-612
-777
-980
-935
-847
-828
-1093
-1430
-1553
-1348
-844
-381
-67
-35
-276
-602
-768
-713
-507
-268
-70
205
371
281
107
-202
-561
-799
-667
-281
90
298
44
-464
-883
-1031
-793
-407
-347
-564
-723
-561
-115
175
214
-241
-772
-960
-643
-74
-128
-371
-282
298
1229
1237
537
-455
-1145
-820
-171
495
728
915
1332
1425
1428
1189
978
844
540
613
929
1115
421
-1523
-3677
-5462
-6289
-6699
-7133
-7484
-7892
-7634
-6989
-6425
-6352
-7126
-7762
-7943
-7566
-6633
-5763
-4600
-3240
-1858
-244
1185
2496
3412
3735
3926
4133
5020
6419
7692
8549
8780
8911
9220
9481
9483
8941
8099
7356
6681
6173
5560
4766
4013
3209
2526
1882
1108
274
-639
-1584
-2351
-2897
-3011
-3091
-3245
-3430
-3614
-3445
-3047
-2528
-2206
-2247
-2312
-2406
-2141
-1511
-860
-139
481
1158
1782
2165
2350
2270
2100
1823
1611
1581
1580
1596
1373
1137
979
870
683
211
-414
-1044
-1513
-1636
-1517
-1387
-1305
-1369
-1479
-1461
-1402
-1292
-1225
-1207
-1086
-840
-445
-8
316
531
587
697
844
1000
1090
1036
1008
1112
1355
1470
1470
1353
1149
1038
1137
1391
1572
1523
1328
1359
1136
-72
-2852
-6418
-9089
-10071
-9934
-9994
-10550
-10817
-10390
-9522
-8997
-9065
-9407
-9538
-9282
-8763
-7972
-6661
-4823
-2777
-910
1085
3330
5561
7078
7512
7450
7655
8534
9569
10096
10183
10199
10612
11310
11688
11503
10660
9413
7866
6128
4558
3336
2386
1441
422
-311
-685
-913
-1468
-2534
-3730
-4721
-5280
-5644
-6001
-6172
-5980
-5268
-4183
-3071
-1970
-1135
-547
-190
85
580
1126
1667
2021
2333
2987
3855
4733
5238
5119
4737
4055
3357
2546
1688
931
133
-545
-994
-1124
-959
-967
-1245
-1799
-2404
-2788
-3084
-3328
-3481
-3397
-2924
-2150
-1354
-570
-44
388
781
1072
1300
1418
1500
1574
1559
1584
1664
1858
1951
1873
1730
1655
1643
1510
1188
767
325
-62
-251
-202
153
684
975
275
-1979
-5299
-8295
-9927
-10445
-11066
-12133
-12888
-12389
-10762
-9164
-8192
-7747
-7316
-6874
-6680
-6427
-5821
-4620
-3156
-1595
470
3189
6191
8429
9562
10197
10935
11706
11940
11283
10241
9527
9402
9705
10051
10246
10201
9653
8657
7336
5953
4479
2565
232
-1988
-3358
-3794
-3853
-4031
-4234
-4240
-4000
-3771
-3771
-3949
-4229
-4529
-4720
-4569
-3812
-2621
-1328
-180
982
2313
3613
4482
4718
4461
4163
3941
3697
3375
3055
2788
2638
2559
2530
2425
2084
1404
354
-689
-1585
-2335
-3020
-3753
-4172
-4193
-3831
-3206
-2666
-2166
-1754
-1432
-1129
-884
-615
-346
-245
-52
341
1004
1711
2282
2707
2994
3153
3084
2784
2294
1760
1070
406
-56
-341
-495
-636
-654
-543
-419
-225
-81
-56
-168
-224
-185
-665
-2424
-5466
-8515
-10268
-10814
-11230
-12052
-12674
-12292
-10996
-9708
-8630
-7710
-6798
-6038
-5751
-5422
-4686
-3542
-2270
-1121
516
2782
5298
7414
8816
10039
11217
12088
12205
11590
10712
9899
9272
8822
8587
8501
8341
7913
7289
6787
6271
5280
3545
1314
-713
-2185
-3248
-4171
-4874
-5227
-5210
-4913
-4333
-3472
-2632
-2230
-2271
-2413
-2246
-1825
-1546
-1371
-1005
-161
1030
2070
2977
3850
4636
5091
5089
4787
4305
3639
2744
1778
1074
652
336
-112
-533
-658
-586
-617
-1056
-1763
-2415
-2915
-3293
-3598
-3725
-3586
-3300
-2831
-2039
-966
96
888
1318
1599
1883
2080
2085
1950
1780
1648
1647
1736
1848
1974
1985
1924
1670
1273
830
283
-304
-870
-1239
-1392
-1439
-1282
-938
-527
-88
477
901
473
-1353
-4313
-6981
-8685
-9785
-11128
-12688
-13366
-12801
-11491
-10058
-8714
-7151
-5723
-4742
-4213
-3786
-3186
-2681
-2296
-1595
-258
1644
3500
5244
7139
9291
11274
12412
12640
12331
11773
11001
9964
8879
7835
6848
5975
5450
5473
5701
5595
4808
3653
2529
1476
167
-1500
-3222
-4728
-5878
-6526
-6494
-5804
-4840
-3883
-2937
-1861
-773
58
414
419
357
280
208
130
319
934
1754
2671
3479
4220
4826
5041
4944
4444
3635
2427
1003
-371
-1368
-2026
-2428
-2675
-2734
-2602
-2259
-1842
-1538
-1490
-1692
-2055
-2392
-2573
-2574
-2427
-2148
-1728
-988
-61
1067
2028
2682
3164
3291
3230
3046
2674
2236
1596
1020
566
246
40
-111
-30
55
114
-23
-244
-467
-755
-978
-1173
-1238
-1185
-967
-400
-222
-1018
-3026
-5262
-6880
-8075
-9365
-11044
-12272
-12660
-12406
-11697
-10790
-9201
-7453
-5921
-4683
-3792
-2668
-1779
-1012
-269
447
1433
2258
3359
4982
6967
8971
10291
11159
11664
12016
12057
11592
10835
9639
8218
6829
5754
5241
4752
4124
3348
2666
2269
1815
1231
446
-576
-1695
-2979
-4045
-4772
-5143
-5177
-5048
-4515
-3686
-2731
-1598
-479
604
1369
1754
1778
1679
1712
1747
1770
1733
1732
1915
2262
2750
3208
3473
3397
3075
2549
1906
1167
58
-1031
-2004
-2809
-3254
-3540
-3522
-3292
-2952
-2503
-2110
-1691
-1282
-986
-813
-719
-646
-569
-438
-181
280
838
1351
1781
2114
2476
2832
2991
2914
2571
2011
1366
685
113
-432
-931
-1275
-1493
-1497
-1319
-1110
-955
-787
-487
-187
86
244
591
708
-189
-2171
-4671
-6527
-7881
-9317
-10877
-12165
-12398
-12161
-11631
-10701
-9254
-7403
-5983
-4861
-4010
-3119
-2246
-1677
-875
-113
716
1453
2399
4134
6188
8103
9356
10282
11152
11768
11973
11581
10924
9898
8561
7195
6046
5364
4679
3957
3348
2892
2574
2067
1493
890
213
-695
-1938
-3132
-4045
-4570
-4848
-4942
-4646
-4138
-3372
-2383
-1191
174
1135
1665
1807
1910
2087
2079
1911
1668
1523
1583
1755
2100
2515
2893
3031
2927
2625
2136
1473
577
-259
-1137
-2061
-2914
-3553
-3690
-3501
-3198
-2887
-2618
-2141
-1660
-1129
-670
-406
-232
-261
-269
-54
218
634
931
1198
1550
1952
2425
2747
2907
2849
2504
2022
1426
814
282
-265
-789
-1254
-1635
-1778
-1687
-1437
-1083
-672
-251
51
327
670
1186
1218
160
-1926
-4280
-6064
-7624
-9216
-10909
-12045
-12269
-12266
-11820
-10946
-9328
-7267
-5788
-4553
-3752
-2855
-1893
-1194
-367
135
539
1021
1927
3646
5583
7293
8504
9623
10712
11508
11878
11738
11285
10292
8923
7460
6192
5311
4431
3665
3065
2521
2058
1612
1424
1309
902
9
-1241
-2347
-3106
-3671
-4135
-4548
-4689
-4502
-3927
-2938
-1697
-404
705
1538
2168
2533
2690
2704
2620
2402
1945
1420
1127
1193
1461
1704
1781
1795
1732
1605
1362
1027
474
-417
-1506
-2508
-3222
-3514
-3687
-3794
-3682
-3362
-2785
-2099
-1328
-567
-1
300
425
514
646
743
693
635
645
796
1035
1391
1868
2233
2460
2438
2313
2065
1685
1165
431
-365
-1085
-1722
-2077
-2206
-2070
-1796
-1566
-1173
-659
-36
536
1004
1700
1987
1205
-762
-3209
-5061
-6759
-8516
-10381
-11759
-12273
-12515
-12133
-11160
-9362
-7246
-5678
-4301
-3233
-2078
-1118
-494
50
236
294
360
1130
2647
4322
5837
7015
8478
9954
11132
11805
11927
11803
10937
9543
7995
6614
5556
4414
3372
2414
1730
1294
1116
1318
1430
1250
516
-420
-1172
-1895
-2578
-3437
-4150
-4585
-4784
-4557
-3870
-2697
-1303
-132
890
1777
2575
3185
3483
3538
3103
2416
1664
1172
1037
893
794
644
718
952
1081
1174
1053
804
198
-747
-1615
-2368
-2918
-3435
-3875
-4078
-4011
-3614
-2864
-1943
-992
-258
286
768
1117
1411
1464
1325
1027
703
570
595
770
1054
1371
1679
1843
1943
2001
1915
1640
1072
322
-531
-1337
-1937
-2220
-2318
-2289
-2121
-1694
-981
-185
683
1500
2306
2671
2011
387
-1809
-3781
-5763
-7815
-9858
-11478
-12286
-12800
-12615
-11711
-9961
-7802
-6108
-4539
-3262
-1939
-851
-250
149
178
151
158
673
1769
3061
4519
5905
7607
9209
10592
11543
12074
12237
11531
10278
8674
7220
5959
4580
3283
2042
1260
834
714
862
1012
1052
747
193
-443
-1123
-1896
-2788
-3627
-4346
-4819
-4859
-4425
-3379
-2148
-979
180
1285
2478
3351
3873
4035
3779
3230
2434
1732
1238
852
470
222
193
329
595
816
1040
978
446
-202
-949
-1587
-2207
-2908
-3478
-3956
-4109
-3899
-3403
-2603
-1693
-861
-50
580
1216
1673
1865
1903
1692
1376
1016
778
755
837
928
1041
1255
1456
1608
1620
1471
1129
469
-174
-774
-1295
-1626
-1928
-2018
-2031
-1882
-1292
-570
352
1086
1811
2454
2159
925
-1209
-3138
-4936
-7057
-9147
-11059
-12061
-12684
-12941
-12240
-10748
-8584
-6700
-5097
-3503
-1971
-576
278
748
965
1024
946
1094
1761
2836
4121
5305
6812
8429
9825
11028
11767
12239
11904
10765
9348
7861
6571
5027
3371
1914
789
70
-298
-357
-134
123
8
-256
-599
-890
-1290
-1985
-2747
-3528
-4093
-4376
-4190
-3576
-2709
-1738
-706
547
1788
2866
3672
4090
4246
3854
3128
2464
1803
1234
501
-136
-447
-588
-459
-267
-28
128
-68
-372
-728
-1064
-1534
-2121
-2704
-3273
-3581
-3685
-3377
-2788
-2084
-1334
-655
221
1110
1897
2409
2612
2589
2372
2049
1706
1370
1076
860
686
618
660
749
872
869
710
428
56
-284
-656
-1078
-1454
-1743
-1804
-1700
-1425
-935
-289
389
1249
1750
1504
332
-1449
-3025
-4831
-6732
-8691
-10448
-11518
-12519
-12747
-12103
-10619
-8618
-7013
-5241
-3516
-1758
-198
780
1541
1858
1886
1784
1917
2508
3336
4220
5194
6478
7804
9163
10375
11376
11897
11531
10692
9568
8392
6977
5255
3571
2024
759
-269
-795
-867
-734
-657
-742
-719
-716
-706
-931
-1432
-2064
-2764
-3304
-3618
-3570
-3187
-2630
-1958
-1110
-36
1188
2370
3291
3877
4023
3772
3359
2851
2268
1499
640
-84
-624
-926
-1016
-901
-714
-633
-703
-813
-862
-958
-1199
-1708
-2294
-2809
-3155
-3251
-3082
-2728
-2236
-1622
-881
12
930
1846
2557
2871
2914
2748
2521
2247
1868
1408
881
449
209
156
211
293
370
289
145
-40
-213
-357
-678
-986
-1279
-1475
-1441
-1250
-787
-205
424
1143
1386
857
-474
-2034
-3518
-5219
-7072
-8953
-10482
-11662
-12505
-12534
-11703
-10203
-8614
-7098
-5349
-3478
-1673
-227
835
1650
2078
2178
2239
2568
3155
3869
4506
5366
6450
7701
9030
10159
11064
11359
11094
10438
9555
8497
7073
5431
3684
2093
694
-374
-1023
-1284
-1308
-1384
-1403
-1292
-1050
-917
-1059
-1409
-1874
-2372
-2849
-3130
-3082
-2840
-2491
-2045
-1265
-185
947
2014
2891
3529
3805
3767
3585
3274
2729
1909
1061
288
-348
-814
-1049
-1062
-1051
-1064
-1065
-986
-850
-837
-1013
-1352
-1756
-2165
-2452
-2576
-2495
-2240
-1922
-1467
-841
-9
854
1597
2199
2635
2884
2877
2745
2528
2158
1612
1003
526
194
1
-101
-185
-246
-335
-408
-391
-415
-552
-761
-999
-1139
-1206
-1105
-853
-532
-68
590
1176
1111
191
-1250
-2609
-4107
-5828
-7615
-9294
-10544
-11727
-12353
-12156
-11234
-9754
-8360
-6753
-4998
-3204
-1483
-141
991
1768
2160
2274
2484
2953
3564
4172
4779
5677
6721
7909
9053
10104
10877
11037
10745
10150
9428
8417
7002
5357
3711
2154
708
-367
-1022
-1265
-1507
-1732
-1754
-1553
-1266
-1182
-1181
-1354
-1689
-2165
-2560
-2651
-2602
-2434
-2284
-1880
-1122
-186
877
1825
2720
3324
3573
3596
3524
3345
2840
2059
1157
350
-298
-748
-1031
-1182
-1281
-1386
-1382
-1249
-1089
-1082
-1225
-1471
-1748
-2035
-2265
-2312
-2263
-2153
-1939
-1521
-895
-118
696
1434
2034
2404
2634
2744
2766
2590
2198
1685
1175
786
475
273
103
-31
-110
-233
-323
-377
-406
-469
-659
-832
-959
-967
-865
-672
-391
-9
672
1195
978
-115
-1737
-3177
-4708
-6345
-8028
-9634
-10866
-12006
-12528
-12121
-11007
-9417
-7981
-6426
-4669
-2876
-1147
264
1412
2168
2438
2473
2719
3261
3918
4463
4973
5793
6809
7937
9094
10133
10828
10873
10461
9845
9065
8027
6630
5001
3309
1632
235
-725
-1270
-1548
-1822
-2030
-2030
-1828
-1493
-1268
-1253
-1431
-1760
-2115
-2361
-2401
-2299
-2139
-1953
-1574
-888
11
1078
2092
2928
3428
3634
3715
3667
3453
2894
2078
1129
277
-402
-858
-1134
-1336
-1461
-1603
-1617
-1527
-1363
-1242
-1267
-1405
-1655
-1916
-2069
-2038
-1928
-1785
-1632
-1302
-707
21
814
1514
2087
2484
2715
2852
2912
2786
2381
1836
1304
901
578
299
140
-90
-289
-395
-455
-396
-442
-552
-708
-925
-1119
-1225
-1076
-835
-567
-233
322
929
784
-184
-1686
-3097
-4461
-6145
-7810
-9329
-10494
-11549
-12219
-11904
-10824
-9382
-8034
-6539
-4769
-2947
-1285
107
1350
2183
2534
2548
2747
3259
3827
4304
4767
5552
6456
7515
8642
9682
10431
10559
10353
9886
9211
8213
6847
5310
3648
2001
509
-564
-1216
-1648
-1991
-2211
-2150
-1930
-1604
-1328
-1154
-1122
-1384
-1734
-1986
-2051
-1994
-1999
-1915
-1587
-1047
-252
704
1688
2535
3041
3384
3589
3631
3455
2943
2245
1392
514
-233
-810
-1208
-1465
-1700
-1840
-1858
-1690
-1400
-1227
-1171
-1232
-1400
-1556
-1652
-1658
-1648
-1641
-1593
-1359
-892
-217
496
1172
1823
2258
2539
2733
2882
2867
2571
2054
1462
899
470
126
-185
-438
-714
-862
-869
-779
-630
-699
-814
-1000
-1100
-1083
-1000
-719
-538
-356
-17
549
919
451
-798
-2265
-3603
-5099
-6712
-8251
-9524
-10602
-11619
-11920
-11312
-10041
-8618
-7304
-5703
-3951
-2274
-716
616
1752
2385
2466
2633
3006
3570
4101
4476
5137
5910
6778
7818
8885
9880
10341
10299
10005
9465
8777
7735
6325
4746
3072
1434
127
-779
-1354
-1738
-2140
-2274
-2160
-1862
-1501
-1292
-1137
-1207
-1436
-1636
-1750
-1711
-1727
-1790
-1706
-1395
-839
-46
829
1691
2397
2789
3063
3266
3392
3240
2655
1903
1092
340
-311
-846
-1245
-1553
-1835
-1976
-1894
-1704
-1453
-1301
-1239
-1266
-1389
-1421
-1423
-1422
-1456
-1472
-1331
-1026
-528
68
658
1198
1680
2059
2390
2647
2745
2690
2330
1832
1341
909
570
226
-122
-480
-787
-1015
-1105
-1049
-1038
-1169
-1306
-1318
-1169
-956
-730
-476
-246
49
528
1130
1242
457
-951
-2401
-3753
-5310
-6895
-8415
-9678
-10783
-11650
-11619
-10794
-9470
-8150
-6818
-5207
-3533
-1888
-439
800
1708
2138
2227
2448
2977
3545
4048
4469
5159
6039
6988
8087
9117
9990
10345
10234
9902
9373
8594
7460
6008
4413
2798
1234
40
-733
-1185
-1635
-2059
-2200
-2064
-1746
-1459
-1251
-1204
-1324
-1576
-1745
-1761
-1778
-1832
-1905
-1752
-1355
-757
52
931
1742
2341
2704
3018
3273
3292
3062
2518
1823
1067
362
-192
-696
-1108
-1508
-1813
-1883
-1774
-1525
-1356
-1294
-1272
-1350
-1487
-1546
-1504
-1488
-1534
-1543
-1338
-969
-447
150
733
1230
1634
2039
2382
2582
2643
2421
2030
1580
1132
767
394
33
-311
-696
-967
-1114
-1169
-1152
-1190
-1209
-1318
-1356
-1223
-1020
-762
-598
-485
-262
177
811
1127
656
-590
-2060
-3461
-4887
-6294
-7732
-9067
-10266
-11231
-11448
-10852
-9659
-8287
-7009
-5563
-4033
-2357
-761
570
1617
2103
2243
2411
2837
3430
3958
4339
4847
5584
6507
7639
8765
9735
10215
10186
9922
9468
8865
7886
6529
4957
3237
1657
369
-532
-1121
-1619
-2018
-2213
-2092
-1793
-1435
-1146
-1041
-1160
-1447
-1624
-1665
-1708
-1814
-1928
-1878
-1565
-980
-179
646
1355
1964
2419
2835
3155
3240
3132
2661
1974
1214
501
-58
-581
-1048
-1462
-1784
-1895
-1801
-1607
-1363
-1226
-1212
-1256
-1330
-1314
-1337
-1361
-1443
-1518
-1401
-1123
-650
-139
376
894
1381
1823
2172
2457
2590
2512
2141
1652
1251
844
435
57
-322
-697
-994
-1102
-1019
-929
-940
-1019
-1082
-977
-877
-721
-532
-392
-251
-150
224
769
886
210
-1015
-2307
-3518
-4893
-6361
-7730
-8976
-10060
-10924
-11109
-10502
-9440
-8273
-7049
-5653
-4071
-2460
-966
373
1435
2047
2281
2554
3039
3609
4114
4566
5130
5817
6625
7604
8630
9477
9932
9951
9712
9275
8638
7712
6424
4950
3382
1868
648
-278
-944
-1528
-2009
-2207
-2171
-1942
-1640
-1373
-1199
-1252
-1438
-1573
-1612
-1618
-1691
-1805
-1725
-1444
-1005
-372
317
1066
1691
2139
2513
2853
3051
2958
2635
2104
1498
804
133
-391
-890
-1373
-1757
-1940
-1939
-1825
-1707
-1581
-1467
-1385
-1328
-1269
-1196
-1151
-1140
-1183
-1101
-893
-535
-101
303
734
1119
1470
1790
2045
2211
2212
2013
1726
1410
1072
704
325
-61
-449
-756
-982
-1064
-1083
-1122
-1177
-1298
-1288
-1147
-983
-743
-523
-296
-23
343
892
1199
801
-306
-1715
-3062
-4428
-5857
-7333
-8696
-9844
-10767
-11096
-10644
-9615
-8379
-7203
-5871
-4322
-2678
-1164
92
1138
1754
1980
2142
2519
3139
3713
4147
4687
5417
6310
7337
8397
9340
9891
9981
9783
9379
8837
7978
6718
5250
3673
2164
895
-62
-742
-1298
-1776
-2018
-1972
-1752
-1449
-1166
-988
-1023
-1238
-1445
-1564
-1619
-1708
-1854
-1870
-1715
-1324
-681
30
783
1397
1905
2386
2744
3050
3091
2815
2321
1661
1007
396
-173
-638
-1122
-1543
-1770
-1782
-1606
-1457
-1304
-1209
-1189
-1182
-1169
-1098
-1031
-1077
-1156
-1166
-1017
-674
-290
113
554
962
1320
1640
1946
2187
2175
1934
1574
1208
837
413
5
-385
-738
-1089
-1295
-1344
-1326
-1255
-1295
-1333
-1292
-1177
-954
-737
-484
-296
-114
204
606
956
733
-126
-1357
-2650
-3929
-5272
-6609
-7916
-9056
-10039
-10574
-10374
-9595
-8509
-7392
-6188
-4813
-3328
-1820
-427
725
1500
1829
2060
2536
3140
3748
4184
4636
5318
6077
6977
7940
8838
9446
9607
9457
9174
8737
8049
7033
5704
4253
2698
1299
272
-477
-1062
-1602
-1979
-2052
-1898
-1618
-1324
-1114
-1079
-1230
-1391
-1469
-1517
-1604
-1719
-1753
-1614
-1303
-791
-113
612
1267
1749
2162
2596
2918
3027
2829
2372
1801
1170
571
26
-513
-985
-1406
-1688
-1779
-1712
-1505
-1362
-1310
-1276
-1242
-1188
-1154
-1169
-1170
-1203
-1196
-1091
-855
-444
-18
406
800
1172
1545
1847
2041
2104
1977
1678
1348
1049
745
379
-32
-437
-783
-1016
-1148
-1201
-1226
-1283
-1308
-1284
-1177
-1017
-834
-622
-451
-240
92
522
848
681
-120
-1281
-2483
-3709
-4981
-6332
-7656
-8784
-9774
-10306
-10143
-9435
-8407
-7388
-6175
-4748
-3257
-1722
-374
785
1578
1941
2230
2618
3121
3632
4026
4460
5063
5853
6793
7755
8626
9189
9348
9276
9032
8636
7966
6875
5534
4050
2558
1306
274
-480
-1065
-1627
-1973
-2051
-1849
-1542
-1293
-1130
-1144
-1271
-1411
-1528
-1584
-1684
-1814
-1876
-1760
-1384
-823
-173
481
1074
1603
2106
2574
2900
2979
2761
2281
1709
1160
673
164
-372
-863
-1284
-1529
-1588
-1505
-1369
-1268
-1229
-1225
-1214
-1202
-1165
-1154
-1206
-1264
-1244
-1040
-701
-325
96
487
846
1193
1496
1784
1956
1925
1722
1464
1244
985
672
296
-24
-335
-632
-859
-960
-962
-1009
-1117
-1214
-1195
-1125
-1023
-890
-729
-588
-480
-196
260
553
354
-451
-1570
-2685
-3854
-5123
-6444
-7672
-8747
-9642
-10042
-9813
-9038
-8019
-6932
-5670
-4241
-2714
-1260
27
1100
1769
2105
2375
2748
3228
3650
4010
4436
5029
5772
6673
7600
8380
8877
9053
8989
8721
8299
7563
6494
5160
3722
2352
1137
187
-545
-1089
-1505
-1790
-1828
-1674
-1411
-1148
-1013
-1018
-1142
-1285
-1369
-1466
-1565
-1701
-1748
-1582
-1220
-642
30
692
1235
1684
2109
2500
2745
2746
2482
2034
1466
869
324
-163
-630
-1103
-1480
-1653
-1655
-1498
-1375
-1320
-1233
-1217
-1176
-1141
-1124
-1130
-1215
-1266
-1211
-1011
-719
-373
44
468
866
1239
1582
1874
2071
2076
1859
1579
1270
946
571
134
-289
-649
-922
-1105
-1229
-1278
-1306
-1356
-1379
-1334
-1236
-1128
-1007
-880
-753
-575
-321
34
349
345
-160
-988
-1983
-3083
-4255
-5491
-6659
-7725
-8690
-9281
-9322
-8840
-8047
-7127
-6009
-4766
-3397
-2022
-771
388
1237
1777
2144
2523
2983
3408
3785
4165
4689
5340
6107
6937
7758
8360
8637
8705
8586
8277
7678
6782
5703
4496
3204
1987
965
140
-512
-1041
-1379
-1493
-1445
-1352
-1205
-1061
-990
-1011
-1093
-1181
-1296
-1425
-1548
-1588
-1503
-1278
-913
-415
153
680
1182
1651
2077
2384
2454
2378
2128
1741
1324
830
320
-187
-683
-1065
-1296
-1418
-1460
-1447
-1381
-1306
-1285
-1291
-1270
-1191
-1135
-1121
-1127
-1078
-929
-691
-385
-51
272
567
873
1143
1412
1575
1580
1517
1392
1234
983
709
405
61
-261
-574
-797
-932
-1045
-1179
-1303
-1380
-1376
-1332
-1260
-1167
-1043
-912
-755
-431
-18
266
163
-375
-1174
-2090
-3137
-4255
-5469
-6646
-7654
-8511
-8978
-8989
-8540
-7773
-6870
-5750
-4464
-3113
-1800
-642
361
1122
1590
1945
2314
2694
3086
3446
3897
4494
5165
5945
6795
7561
8138
8445
8520
8390
8016
7390
6499
5412
4226
3004
1889
950
208
-391
-865
-1145
-1262
-1195
-1041
-914
-824
-830
-941
-1045
-1151
-1256
-1381
-1524
-1541
-1380
-1102
-762
-322
209
732
1222
1652
2037
2315
2367
2237
1960
1545
1078
602
168
-259
-704
-1071
-1292
-1376
-1398
-1419
-1404
-1325
-1248
-1205
-1229
-1244
-1253
-1271
-1257
-1191
-1001
-773
-503
-164
224
619
939
1198
1446
1593
1605
1506
1369
1188
933
627
281
-43
-363
-624
-763
-877
-976
-1064
-1110
-1080
-1044
-1012
-949
-882
-825
-755
-669
-468
-189
5
-100
-584
-1342
-2211
-3141
-4100
-5128
-6223
-7243
-8088
-8566
-8607
-8240
-7604
-6806
-5826
-4676
-3428
-2119
-905
118
908
1449
1923
2395
2832
3235
3557
3932
4398
4980
5721
6470
7119
7573
7833
7956
7875
7604
7102
6334
5372
4279
3182
2167
1278
514
-146
-716
-1065
-1220
-1202
-1077
-949
-888
-908
-930
-981
-1047
-1096
-1148
-1200
-1208
-1170
-990
-632
-184
285
713
1120
1532
1907
2126
2201
2134
1920
1606
1208
769
379
2
-387
-778
-1104
-1258
-1304
-1309
-1281
-1253
-1201
-1190
-1215
-1198
-1164
-1133
-1097
-1046
-915
-690
-424
-110
177
437
689
956
1185
1340
1365
1302
1159
968
792
584
324
37
-245
-505
-691
-833
-912
-990
-1105
-1164
-1229
-1270
-1245
-1197
-1110
-1059
-1000
-864
-648
-355
-195
-342
-808
-1497
-2232
-3014
-3883
-4822
-5789
-6654
-7300
-7634
-7607
-7228
-6642
-5911
-5019
-3971
-2809
-1687
-676
222
927
1435
1843
2218
2642
3052
3413
3776
4220
4800
5429
6073
6650
7060
7270
7330
7246
6954
6473
5778
4927
3976
2974
2079
1310
640
46
-441
-753
-925
-954
-880
-806
-743
-808
-898
-968
-1041
-1085
-1160
-1276
-1311
-1204
-933
-558
-186
202
567
994
1380
1685
1882
1911
1811
1584
1292
958
620
262
-130
-486
-809
-1046
-1139
-1176
-1151
-1115
-1130
-1168
-1196
-1173
-1162
-1180
-1204
-1199
-1116
-977
-773
-496
-214
65
349
600
870
1103
1238
1253
1182
1019
805
591
382
155
-129
-355
-558
-683
-750
-826
-882
-992
-1072
-1111
-1109
-1105
-1118
-1127
-1118
-1074
-974
-785
-610
-512
-636
-991
-1499
-2082
-2709
-3407
-4189
-4994
-5724
-6298
-6609
-6604
-6319
-5891
-5336
-4619
-3753
-2729
-1704
-779
22
660
1202
1668
2129
2606
2970
3262
3600
4023
4545
5068
5601
6091
6460
6712
6796
6743
6563
6194
5635
4894
4036
3201
2416
1696
1034
395
-143
-534
-740
-819
-852
-826
-851
-860
-855
-928
-992
-1059
-1112
-1134
-1153
-1079
-905
-628
-287
17
347
710
1086
1446
1682
1806
1782
1654
1485
1219
883
514
108
-306
-674
-932
-1118
-1233
-1340
-1394
-1389
-1383
-1322
-1256
-1194
-1139
-1125
-1081
-986
-839
-642
-489
-302
-139
45
287
489
703
834
865
861
822
762
665
488
290
28
-202
-400
-592
-730
-851
-949
-1078
-1189
-1269
-1317
-1336
-1363
-1367
-1333
-1277
-1189
-1036
-805
-527
-436
-556
-819
-1211
-1673
-2271
-2950
-3625
-4320
-4952
-5425
-5661
-5617
-5447
-5138
-4635
-3965
-3201
-2368
-1498
-716
-49
470
924
1384
1793
2143
2482
2841
3228
3624
4070
4532
5046
5536
5858
6093
6194
6162
5989
5633
5169
4588
3881
3176
2462
1798
1193
656
239
-119
-339
-464
-561
-637
-749
-866
-960
-1046
-1100
-1143
-1194
-1248
-1178
-1047
-890
-623
-324
-9
293
592
926
1193
1361
1452
1439
1358
1195
995
764
495
231
-43
-292
-493
-650
-781
-862
-933
-967
-987
-1018
-1044
-1050
-1024
-1023
-998
-948
-864
-737
-618
-445
-260
-79
96
269
444
575
661
692
660
591
531
433
274
96
-104
-298
-444
-587
-738
-897
-1021
-1129
-1208
-1273
-1361
-1415
-1461
-1462
-1390
-1265
-1105
-887
-684
-613
-736
-1012
-1373
-1767
-2255
-2869
-3501
-4115
-4598
-4918
-5085
-5028
-4825
-4470
-3987
-3367
-2610
-1847
-1108
-465
118
643
1077
1467
1819
2122
2431
2737
3073
3462
3862
4296
4714
5067
5333
5506
5607
5607
5411
5089
4643
4103
3504
2905
2346
1766
1213
710
320
33
-209
-384
-533
-664
-772
-854
-899
-970
-1003
-1052
-1102
-1091
-1035
-879
-653
-444
-190
70
318
635
903
1149
1309
1338
1312
1214
1098
940
704
447
161
-105
-343
-568
-738
-862
-974
-1064
-1146
-1177
-1186
-1201
-1172
-1159
-1140
-1068
-993
-870
-758
-648
-526
-408
-240
-48
133
264
377
461
507
502
463
403
326
189
27
-114
-236
-394
-553
-672
-808
-950
-1104
-1218
-1291
-1313
-1323
-1295
-1254
-1200
-1049
-896
-731
-565
-498
-524
-690
-978
-1353
-1782
-2256
-2748
-3204
-3590
-3878
-4033
-3979
-3766
-3442
-3027
-2552
-2021
-1421
-837
-342
63
405
698
960
1209
1477
1743
2012
2296
2652
3051
3456
3873
4207
4451
4622
4707
4703
4618
4409
4092
3669
3177
2699
2229
1796
1383
977
631
340
98
-103
-228
-316
-432
-543
-682
-791
-842
-867
-897
-918
-893
-811
-635
-439
-198
38
232
452
688
892
1036
1093
1049
955
819
649
468
255
32
-189
-363
-488
-600
-680
-780
-856
-903
-912
-874
-858
-882
-912
-945
-913
-866
-830
-761
-690
-559
-413
-266
-115
40
188
295
360
399
380
330
249
140
30
-121
-288
-427
-558
-665
-784
-878
-941
-1011
-1070
-1101
-1090
-1067
-1040
-1010
-949
-836
-689
-493
-345
-303
-375
-611
-958
-1387
-1850
-2345
-2864
-3337
-3746
-4063
-4207
-4167
-3942
-3575
-3131
-2616
-2004
-1325
-656
-34
497
906
1244
1532
1776
1989
2184
2382
2610
2875
3157
3469
3786
4114
4376
4527
4589
4591
4482
4227
3836
3349
2821
2279
1753
1269
824
430
121
-105
-238
-321
-360
-366
-361
-367
-388
-417
-457
-468
-465
-457
-420
-359
-231
-72
122
341
539
697
831
928
954
928
827
687
499
248
-7
-250
-446
-614
-775
-919
-1009
-1048
-1057
-1053
-1051
-1039
-1011
-969
-945
-918
-874
-816
-747
-664
-561
-440
-285
-97
61
160
223
285
339
359
327
241
108
-33
-192
-348
-513
-664
-793
-913
-1010
-1111
-1172
-1221
-1259
-1254
-1251
-1275
-1286
-1278
-1236
-1138
-1011
-837
-676
-559
-455
-409
-430
-572
-818
-1100
-1424
-1754
-2042
-2293
-2464
-2600
-2654
-2541
-2321
-1992
-1630
-1280
-916
-550
-189
127
366
555
700
815
965
1145
1351
1612
1914
2228
2518
2806
3111
3407
3622
3725
3715
3620
3462
3235
2973
2641
2281
1937
1628
1378
1127
896
742
631
541
448
333
230
112
-3
-142
-258
-331
-380
-413
-390
-298
-166
-1
170
352
542
686
803
888
885
824
696
547
371
161
-51
-231
-385
-496
-596
-660
-701
-727
-726
-740
-764
-800
-830
-852
-875
-886
-887
-896
-871
-794
-684
-532
-389
-280
-197
-126
-40
53
107
107
36
-69
-188
-334
-433
-535
-635
-725
-847
-907
-944
-952
-942
-965
-965
-970
-950
-878
-795
-694
-620
-545
-434
-323
-292
-399
-631
-915
-1274
-1719
-2164
-2583
-2978
-3342
-3612
-3726
-3677
-3481
-3193
-2809
-2309
-1804
-1295
-767
-248
237
609
858
1096
1315
1523
1746
1977
2252
2524
2794
3080
3378
3667
3874
3976
3972
3873
3711
3452
3109
2720
2305
1892
1508
1197
937
709
502
357
289
242
196
139
78
17
-41
-76
-95
-95
-82
-31
48
165
335
517
691
845
975
1084
1115
1087
1009
862
653
406
141
-120
-332
-533
-705
-833
-922
-948
-958
-934
-891
-871
-892
-916
-897
-878
-850
-828
-788
-744
-683
-561
-417
-226
-57
88
218
305
354
363
331
255
120
-60
-230
-400
-548
-704
-851
-959
-1056
-1125
-1169
-1189
-1190
-1230
-1264
-1270
-1259
-1226
-1194
-1155
-1117
-1039
-921
-791
-641
-490
-342
-207
-78
32
73
58
-25
-177
-383
-619
-879
-1136
-1364
-1566
-1711
-1788
-1786
-1711
-1609
-1468
-1278
-1055
-826
-604
-408
-267
-154
-44
111
296
505
729
957
1210
1485
1768
2049
2309
2532
2679
2743
2746
2678
2584
2425
2228
2016
1758
1535
1343
1194
1062
938
838
748
686
637
572
496
379
278
213
159
156
173
197
250
348
464
586
733
851
931
957
930
918
859
739
580
410
276
130
-4
-124
-208
-282
-366
-425
-450
-460
-494
-549
-599
-664
-736
-789
-838
-849
-834
-806
-774
-702
-582
-455
-360
-293
-220
-199
-196
-205
-238
-322
-457
-569
-700
-812
-903
-988
-1030
-1036
-1042
-1069
-1052
-996
-959
-980
-1004
-999
-972
-930
-880
-809
-733
-653
-569
-464
-357
-314
-421
-607
-797
-1022
-1291
-1573
-1817
-2015
-2189
-2307
-2301
-2177
-1983
-1753
-1497
-1190
-852
-541
-263
0
202
341
444
577
762
945
1097
1272
1497
1753
2006
2250
2481
2671
2769
2742
2656
2573
2459
2272
2039
1776
1534
1318
1161
1071
1000
921
830
787
786
792
767
708
649
611
557
501
496
505
526
565
639
745
866
954
1013
1031
991
910
771
610
429
225
-6
-211
-352
-450
-516
-563
-579
-572
-565
-570
-572
-568
-589
-653
-711
-762
-793
-777
-744
-687
-624
-547
-429
-286
-126
2
64
84
79
44
-16
-110
-245
-416
-607
-750
-854
-932
-986
-1057
-1112
-1137
-1106
-1059
-1047
-1037
-1030
-1019
-1012
-1003
-966
-923
-870
-816
-748
-652
-575
-486
-406
-349
-315
-303
-298
-313
-337
-364
-395
-439
-491
-514
-543
-575
-609
-641
-673
-720
-743
-739
-733
-704
-648
-566
-487
-420
-312
-188
-33
120
241
358
503
672
812
910
986
1075
1144
1201
1269
1319
1350
1351
1348
1361
1339
1286
1230
1161
1098
1031
952
885
824
778
734
688
669
657
652
625
613
615
622
631
654
693
714
712
694
706
720
702
686
651
611
566
531
492
431
368
286
216
157
110
56
-31
-119
-177
-220
-269
-324
-367
-402
-430
-435
-428
-431
-420
-393
-367
-336
-329
-319
-329
-360
-375
-397
-421
-475
-525
-565
-620
-665
-729
-785
-833
-876
-908
-933
-927
-915
-904
-885
-850
-820
-765
-708
-670
-648
-629
-598
-580
-571
-567
-563
-558
-549
-532
-510
-470
-430
-388
-369
-375
-381
-409
-444
-488
-549
-628
-721
-807
-850
-865
-846
-824
-783
-697
-607
-498
-377
-237
-77
79
238
392
519
627
725
822
892
933
959
990
1033
1083
1124
1145
1172
1203
1228
1225
1217
1220
1182
1116
1065
1021
975
915
857
808
750
690
657
646
649
638
629
635
651
669
671
671
666
654
638
626
609
586
535
463
391
329
273
193
113
40
-25
-91
-136
-175
-225
-257
-280
-311
-327
-366
-409
-443
-444
-430
-433
-420
-419
-404
-389
-383
-377
-379
-388
-415
-433
-443
-457
-485
-518
-533
-556
-585
-652
-708
-746
-788
-811
-834
-861
-866
-860
-834
-796
-769
-727
-678
-628
-577
-531
-496
-471
-445
-410
-379
-351
-329
-322
-277
-248
-220
-192
-186
-180
-185
-186
-195
-202
-215
-216
-197
-197
-208
-211
-208
-204
-191
-170
-136
-94
-50
-6
44
100
146
193
245
305
372
400
418
450
498
545
561
575
592
604
615
620
630
641
632
619
613
614
628
635
646
646
633
618
611
624
643
661
644
601
551
506
495
484
473
454
417
398
400
438
463
447
425
397
391
383
363
332
288
230
161
114
87
53
13
-32
-80
-102
-107
-99
-96
-112
-132
-163
-195
-212
-243
-279
-323
-361
-379
-391
-390
-395
-405
-434
-478
-492
-497
-519
-543
-560
-561
-561
-557
-538
-521
-502
-482
-465
-432
-409
-380
-369
-367
-361
-374
-369
-359
-337
-319
-332
-321
-308
-301
-286
-278
-270
-264
-261
-268
-274
-278
-275
-279
-276
-254
-235
-213
-196
-168
-147
-119
-80
-46
-10
10
24
42
50
57
60
54
63
85
100
113
120
137
149
158
185
192
196
193
190
202
214
229
251
282
324
354
380
391
400
404
391
380
369
359
351
339
345
350
354
365
378
398
403
388
373
369
361
346
328
316
292
269
249
229
225
224
213
192
165
153
127
102
103
94
79
67
66
72
68
56
32
13
1
-16
-40
-63
-89
-116
-133
-143
-152
-164
-188
-212
-237
-255
-265
-274
-286
-297
-307
-315
-318
-318
-300
-297
-303
-311
-303
-287
-270
-265
-263
-253
-239
-228
-224
-210
-205
-198
-188
-170
-141
-127
-116
-106
-93
-84
-82
-76
-61
-48
-40
-36
-35
-28
-11
-2
1
14
20
19
16
15
22
10
-4
-16
-29
-28
-24
-16
-19
-22
-21
-2
28
52
52
52
51
44
43
56
75
83
86
83
99
119
136
150
152
160
157
152
153
157
157
137
113
95
84
73
65
56
64
71
59
52
59
69
68
61
54
51
45
45
48
55
61
60
60
75
97
107
101
99
103
85
76
72
71
69
60
52
43
35
14
5
-10
-33
-61
-89
-115
-131
-143
-166
-191
-207
-208
-202
-190
-175
-167
-155
-146
-135
-111
-95
-92
-90
-88
-90
-85
-77
-75
-72
-65
-61
-50
-33
-14
3
9
9
7
-1
2
11
17
23
15
7
4
10
16
18
25
35
43
57
70
82
83
85
89
89
91
89
95
95
88
79
66
60
53
38
28
10
9
10
5
7
-2
-14
-22
-21
-8
-13
-16
-20
-22
-6
2
9
28
42
46
51
53
43
49
49
46
41
27
28
27
23
21
17
17
14
18
27
16
12
11
11
4
-10
-23
-21
-22
-25
-20
-8
0
-2
10
28
54
60
62
62
59
57
48
42
34
22
7
-13
-12
-17
-29
-32
-41
-52
-65
-66
-69
-73
-71
-69
-68
-68
-60
-52
-45
-41
-33
-28
-18
-10
-3
-12
-26
-29
-17
-7
-15
-19
-23
-23
-24
-20
-28
-28
-34
-45
-37
-41
-40
-47
-52
-49
-49
-43
-41
-31
-17
-1
1
12
28
37
50
56
70
66
63
63
66
75
60
54
53
43
34
25
21
15
6
-2
-9
-21
-32
-46
-54
-59
-71
-82
-77
-62
-57
-52
-52
-52
-41
-37
-23
-19
-20
-16
-6
5
8
12
2
7
11
11
13
9
8
4
4
9
10
4
-7
-3
5
8
7
5
3
11
23
32
33
33
26
30
47
52
54
45
45
47
45
43
27
22
15
13
11
-1
-2
-7
-13
-15
-25
-32
-44
-53
-58
-58
-61
-59
-53
-53
-57
-53
-41
-34
-35
-33
-26
-24
-20
-12
4
15
19
13
4
11
9
14
10
14
19
12
13
14
13
8
8
11
7
9
8
5
11
15
25
29
36
56
62
71
86
91
96
94
99
99
102
97
93
83
70
67
53
53
49
46
33
18
5
-16
-34
-42
-48
-49
-49
-52
-51
-48
-48
-47
-35
-32
-27
-26
-29
-31
-25
-24
-29
-24
-12
-4
-4
-7
-6
-3
-2
0
-7
-6
-9
-13
-20
-25
-18
-19
-18
-16
-15
-12
-11
-9
-5
2
6
7
13
16
21
23
21
18
12
10
5
2
4
-6
-14
-18
-22
-18
-23
-26
-18
-17
-24
-31
-28
-27
-35
-38
-35
-34
-41
-38
-37
-29
-22
-15
-10
-12
-5
-1
-3
-3
-3
-3
-1
-1
1
-1
-1
-6
-10
-5
-7
-4
-2
2
2
-5
-8
-5
-10
-14
-19
-24
-30
-31
-24
-18
-17
-15
-11
-4
4
20
30
34
45
54
58
63
62
57
45
37
38
28
15
9
8
7
4
0
-1
7
11
13
15
17
25
26
25
33
33
31
23
25
28
31
30
24
23
18
15
15
21
20
9
-4
-14
-19
-23
-30
-28
-34
-43
-46
-47
-48
-51
-53
-49
-41
-30
-20
-13
-6
0
4
4
13
18
20
24
23
27
29
27
24
25
23
17
8
2
-5
-12
-20
-25
-26
-29
-32
-34
-35
-37
-38
-41
-37
-40
-43
-41
-45
-37
-40
-40
-36
-31
-28
-21
-14
-9
-11
-11
-7
-14
-6
-4
-3
-6
-12
-9
-10
-6
-5
-7
-8
-4
-1
7
18
22
27
29
35
41
44
48
46
40
35
42
43
43
42
39
41
44
49
49
50
48
38
36
31
27
23
7
-1
-3
-8
-10
-11
-11
-15
-16
-21
-22
-19
-12
-13
-13
-7
-1
5
13
10
6
15
20
18
19
17
12
8
6
5
3
1
-4
-9
-14
-19
-26
-29
-28
-22
-21
-22
-22
-24
-23
-25
-23
-18
-11
-5
-1
4
5
8
6
4
2
-3
-8
-16
-23
-26
-27
-27
-27
-21
-19
-18
-17
-17
-9
-3
1
1
8
12
13
15
10
8
9
8
5
4
13
15
16
21
19
20
19
18
20
21
23
13
17
15
13
10
6
8
4
4
1
2
0
-2
-1
-3
-5
-4
-4
-4
-5
-3
1
0
5
4
10
11
12
11
9
14
12
12
13
7
6
2
3
1
-1
-2
-1
0
-9
-13
-14
-14
-10
-14
-15
-12
-12
-9
-7
-6
-6
-9
-11
-10
-3
-4
-8
-11
-15
-14
-13
-15
-19
-20
-21
-22
-24
-26
-28
-26
-20
-18
-15
-15
-17
-9
-10
-10
-5
2
6
9
13
17
15
17
22
23
26
27
25
29
23
16
12
9
6
1
-4
-4
-8
-7
-6
-6
-3
3
2
1
5
2
8
4
-2
-7
-8
-7
-6
-1
-2
1
-2
-2
-5
-7
-3
0
2
6
8
9
11
11
11
12
10
4
8
8
5
6
5
5
3
0
-4
-8
-11
-10
-6
-9
-13
-12
-12
-13
-8
-6
-5
-7
-5
-3
0
3
6
10
9
6
2
9
11
10
11
11
14
11
14
18
18
20
20
20
19
14
13
13
6
6
3
3
-1
-1
-3
-6
-5
-9
-10
-11
-13
-15
-17
-20
-17
-21
-18
-16
-18
-13
-10
-10
-11
-9
-7
-8
-9
-7
-2
1
2
4
8
9
8
10
12
9
4
-3
-4
-8
-14
-21
-17
-19
-15
-17
-17
-14
-14
-12
-10
-4
-1
2
4
9
15
17
18
19
19
17
23
18
16
15
8
8
1
-4
-4
-8
-9
-10
-8
-8
-12
-9
-8
-3
-3
0
3
5
9
6
7
11
9
11
10
13
13
16
18
17
21
21
20
20
19
15
11
6
3
-1
-5
-8
-9
-9
-9
-5
-6
-8
-9
-10
-13
-13
-14
-18
-14
-18
-14
-11
-11
-8
-8
-7
-6
-6
-7
-2
2
2
0
4
4
5
4
1
0
-2
0
0
2
-1
-3
-4
-1
-1
-8
-8
-3
-1
-2
-2
-3
1
1
0
5
11
14
15
18
13
4
-1
-8
-17
-18
-20
-24
-26
-27
-27
-24
-23
-22
-22
-25
-21
-17
-10
-6
-5
0
2
6
15
16
16
20
26
30
33
33
29
22
17
13
8
6
5
-1
2
1
-5
-2
-8
-9
-5
-6
1
6
11
11
10
6
0
-1
0
1
-2
2
3
6
3
-2
-4
-4
1
-1
-3
-3
-2
-9
-17
-21
-23
-22
-21
-18
-11
-5
2
4
8
12
7
12
15
22
25
26
31
31
32
30
24
20
17
15
13
16
19
11
8
4
3
-1
-3
-7
-10
-10
-16
-19
-21
-24
-27
-29
-29
-26
-23
-23
-19
-13
-12
-7
-7
-8
-6
-6
-6
-5
-8
-7
-4
-3
-6
-5
0
4
5
11
15
16
15
8
6
6
4
6
2
3
2
-2
-4
-1
1
1
3
4
5
9
6
6
11
8
10
7
9
8
8
6
0
7
5
1
4
5
10
11
9
5
6
6
3
4
3
-3
-7
-9
-7
-7
-7
-7
-2
-2
0
3
-2
-5
-7
-10
-11
-14
-15
-13
-15
-11
-15
-12
-11
-9
-11
-9
-10
-9
-6
-8
-2
2
3
5
3
3
2
1
0
-1
-3
-2
-4
-1
-2
-3
-6
-10
-11
-8
-9
-9
-5
-5
-1
-1
-2
-3
2
10
10
9
10
10
2
9
15
