SAMPLES:	16002
BITSPERSAMPLE:	16
CHANNELS:	1
SAMPLERATE:	16000
NORMALIZED:	FALSE
-7
-11
-12
-4
2
-3
4
9
12
19
12
15
18
7
4
1
-9
-14
-21
-28
-34
-39
-40
-38
-38
-31
-22
-12
-11
-9
-12
-8
-3
-4
6
12
25
24
21
25
20
13
9
6
1
6
11
15
20
14
23
30
30
31
19
11
9
6
4
9
16
11
7
12
21
22
19
17
10
6
1
-1
-5
-6
-4
-13
-10
-10
-10
-10
-14
-15
-17
-26
-29
-35
-32
-27
-28
-23
-18
-14
-16
-5
-2
6
9
6
7
8
9
-4
-9
-12
-15
-12
-8
3
6
1
-5
-15
-22
-28
-37
-38
-31
-34
-29
-23
-19
-22
-23
-26
-20
-20
-17
-8
-11
-5
-4
1
7
11
9
14
15
9
14
11
15
16
16
27
21
26
25
26
38
28
29
21
21
27
26
37
39
39
32
27
19
19
38
36
35
29
27
30
9
8
0
-9
-13
-19
-14
-10
-3
-8
-6
-11
-18
-13
-23
-24
-31
-37
-36
-32
-23
-24
-21
-20
-21
-17
-6
4
11
19
21
26
26
22
23
16
20
20
13
12
10
12
6
-2
-8
-14
-12
-14
-12
-11
-6
1
9
13
17
18
14
9
-5
-14
-16
-17
-22
-17
-16
-23
-26
-34
-28
-17
-17
-16
-12
-7
-3
-7
5
10
12
8
-3
-3
-11
-4
-6
-7
-4
-10
-11
-1
5
14
11
0
-4
-7
-6
-7
0
-2
-4
1
9
15
15
6
0
1
1
0
-4
-11
-15
-12
-16
-13
-9
-1
-2
-6
-2
-3
1
-4
-3
-5
-15
-13
-22
-12
-13
-10
-5
-11
-9
-6
0
4
11
11
11
12
8
4
4
5
5
3
7
11
10
13
15
20
18
17
11
5
2
-2
0
-2
-4
-7
-4
3
13
14
21
22
29
32
24
34
32
33
27
12
14
12
13
11
4
11
9
0
-2
-5
1
-5
-10
-6
-12
-6
-14
-22
-24
-20
-21
-15
-6
3
8
5
9
3
-3
-10
-9
-6
-6
-8
-6
-10
-12
-14
-24
-23
-20
-17
-9
3
16
15
13
14
10
8
1
-1
6
2
-2
3
7
13
11
21
21
19
24
20
16
13
16
10
7
3
-3
-6
-9
-9
-3
-8
-10
-12
-10
-7
1
0
3
2
-11
-8
-8
1
5
-5
-6
-7
-1
0
-2
-7
-15
-16
-25
-18
-20
-19
-11
-18
-9
0
-9
-17
-18
-18
-18
-14
-10
0
-5
-4
1
6
7
4
3
4
9
0
-12
-19
-32
-36
-39
-31
-24
-27
-24
-17
-19
-5
1
6
18
17
23
30
38
46
38
27
17
12
4
6
16
13
17
18
22
21
23
30
33
28
33
33
23
27
13
5
9
6
7
1
2
2
-1
-9
-8
-5
-1
1
0
10
1
-1
-14
-4
2
1
2
-13
3
2
2
-12
-18
-20
-32
-24
-24
-23
-12
-12
-10
-14
-17
-19
-27
-31
-31
-27
-23
-15
-9
-2
1
6
14
5
5
1
0
11
7
2
4
-2
0
-7
-8
-2
1
-3
-12
-9
-12
-6
-11
-14
-12
-9
-12
-21
-25
-21
-26
-35
-29
-22
-20
-12
-16
-13
-12
-11
-11
3
21
23
19
18
21
27
25
20
13
7
16
25
37
43
40
41
38
37
41
30
22
25
15
4
10
10
9
14
0
-4
-9
-16
-22
-31
-24
-18
-27
-26
-12
-6
3
5
-8
-14
-14
-20
-18
-22
-15
-22
-15
-4
-8
-11
-17
1
27
32
49
55
55
45
23
19
9
-7
-16
-2
3
6
6
-1
2
-5
-7
-8
-16
-6
0
5
12
16
20
8
13
16
18
16
18
29
18
21
17
6
3
1
6
-3
-1
13
2
0
5
-1
-12
-19
-12
-6
8
-3
-4
-1
3
2
-5
-7
-9
-6
-22
-22
-22
-21
-17
-17
2
2
-7
-4
-8
4
21
12
12
13
10
16
15
11
9
3
1
1
0
5
10
10
14
15
0
1
-15
-26
-22
-17
-15
-14
-21
-23
-20
-17
-19
-20
-20
-22
-22
-15
-10
-7
-3
1
12
21
25
21
9
10
-1
-4
-11
-8
-3
-7
5
9
6
-6
-13
2
-4
-6
-4
0
11
-5
-7
-17
-21
-21
-24
-21
-15
-13
-19
-16
-1
3
-3
5
11
14
15
13
0
-12
-19
-25
-24
-28
-29
-25
-30
-24
-11
-9
6
6
13
22
22
38
40
39
33
16
6
0
-2
-13
-15
-10
-13
-18
-17
-12
-2
10
9
-2
-12
-22
-17
-10
-12
-5
3
9
15
9
8
10
8
5
-4
-2
-5
-10
-10
0
3
1
-6
-13
-7
-11
-13
-20
-30
-29
-35
-39
-39
-37
-34
-31
-17
10
24
26
29
15
12
18
7
10
29
41
44
38
31
25
6
-7
-2
12
12
17
24
24
35
28
22
14
15
15
14
21
19
10
14
11
14
23
33
46
49
41
36
43
37
40
45
39
46
41
40
39
31
24
11
1
-11
-11
-24
-32
-29
-27
-13
-1
2
-5
-23
-44
-61
-52
-44
-32
-29
-18
0
-7
-19
-28
-11
1
9
19
26
37
30
23
18
7
13
14
7
8
5
0
-9
-7
-19
-23
-31
-45
-41
-43
-49
-46
-46
-39
-23
-21
-17
-14
-19
-31
-23
-6
12
32
36
61
73
73
60
43
25
-6
-17
-27
-30
-26
-27
-19
-24
-30
-24
-21
-15
-12
-12
-14
-44
-64
-58
-52
-41
-25
-11
0
-3
-6
-9
-12
-6
-19
-22
-26
-20
-28
-30
-27
-29
-22
-26
-22
-19
-22
-23
-19
-23
-6
9
18
16
5
12
9
8
15
21
30
32
40
58
65
71
59
55
48
45
40
40
48
30
23
13
11
20
11
24
31
34
16
-6
-7
-7
-11
-28
-29
-38
-33
-22
-19
-12
-15
-13
-4
-2
14
20
24
19
13
-4
-7
-6
-5
13
26
40
49
37
31
22
21
17
4
-14
-27
-30
-47
-50
-61
-39
-35
-48
-55
-47
-26
-38
-30
-20
-7
11
17
14
1
0
4
-6
-5
5
21
22
31
55
61
77
72
48
38
25
22
1
-8
-25
-36
-46
-62
-35
-27
-23
-11
-15
-21
-39
-40
-32
-24
-7
-3
8
-5
-8
-1
-11
-19
-52
-67
-51
-31
-23
-25
-18
-5
3
7
12
23
29
52
52
45
31
8
-5
-22
-22
-2
8
31
57
65
79
68
51
40
34
25
17
19
25
27
20
23
32
8
-12
-4
-3
9
10
5
12
21
48
36
38
46
35
21
7
6
-18
-31
-26
-34
-22
-41
-60
-55
-61
-60
-41
-24
-53
-72
-85
-83
-56
-50
-19
-14
-2
11
-7
-4
31
44
37
27
16
45
82
96
94
91
78
57
29
10
2
-23
-46
-57
-48
-48
-40
-33
-28
-2
3
6
-6
-32
-23
-10
3
38
55
76
68
60
24
12
42
33
45
43
25
-9
-54
-71
-60
-33
-4
23
59
51
16
-6
-26
-34
-20
-7
-3
-9
-6
-1
6
16
11
16
0
-23
-25
-51
-67
-95
-106
-104
-106
-104
-123
-113
-136
-134
-129
-104
-70
-44
-24
-6
8
6
29
48
75
84
67
23
-17
-40
-31
-19
-25
-10
-8
-5
5
3
7
29
53
78
114
112
84
46
30
36
42
35
27
14
-28
-38
-52
-54
-44
-57
-44
-18
7
27
48
54
54
89
118
127
98
55
8
-28
-26
-5
38
29
-5
-22
-18
1
19
21
-6
-53
-69
-60
-39
-22
-16
-16
-15
17
39
37
44
64
73
85
103
77
62
61
53
52
42
10
5
-9
-42
-82
-90
-81
-68
-33
-11
1
-7
-25
-16
21
76
95
79
59
65
80
65
63
62
35
-1
-48
-79
-93
-95
-76
-47
-42
-47
-53
-47
-51
-27
-23
-24
-30
-35
4
10
12
16
-15
-32
-48
-45
-8
23
41
14
11
-3
7
-3
-7
8
-6
-14
-20
-24
-35
-36
-35
-26
-18
11
32
12
-28
-77
-67
-17
14
35
44
57
58
60
63
56
29
0
-5
2
17
29
33
20
9
-14
-10
1
-20
-29
-56
-77
-84
-77
-21
8
21
41
1
-68
-108
-91
-46
-8
1
-17
-28
-17
37
86
110
100
64
63
62
48
26
3
-40
-40
-34
-56
-61
-88
-86
-89
-77
-64
-51
-15
13
3
-23
-34
6
32
17
3
-10
28
73
115
110
63
13
-20
6
48
85
74
22
3
9
38
39
42
38
13
11
-10
-5
-16
-51
-87
-69
-1
47
65
51
14
-2
-30
-37
-39
-32
12
49
57
5
-47
-70
-57
-18
36
68
55
2
-36
-36
-24
-17
-28
-45
-63
-81
-126
-113
-72
-34
-8
-25
-5
50
119
160
134
84
26
-5
1
34
63
63
67
43
-27
-91
-129
-105
-24
6
-13
-37
-44
-27
2
23
12
15
19
6
9
-22
-55
-56
-49
-12
44
74
73
62
77
79
60
37
7
25
17
30
23
-2
5
-69
-116
-135
-92
-15
14
38
18
14
46
78
73
36
13
29
33
13
-28
-34
-23
35
73
47
32
1
6
9
20
39
67
98
67
41
10
-12
-30
-68
-86
-85
-46
-34
-19
-7
-14
-33
-27
-50
-23
17
42
58
-26
-71
-64
-33
-28
-43
-79
-114
-100
-58
-6
27
45
63
81
88
111
93
56
-11
-59
-47
-9
44
40
-21
-45
-35
-42
-25
-32
-60
-76
-32
14
52
44
4
-32
-65
-61
-28
-5
-12
-43
-101
-80
-20
25
33
7
-19
-21
11
69
99
78
24
-26
-24
-5
8
24
33
24
-5
-39
-36
-16
33
66
84
47
14
18
21
48
24
-3
-34
-43
5
14
12
-41
-83
-92
-84
-17
30
38
46
12
-7
9
12
24
8
6
-20
-9
18
32
42
-17
-13
-40
-25
-7
-24
-3
-24
4
-30
-23
-12
0
16
-24
-6
-64
-46
1
27
76
45
41
19
-11
-31
-83
-93
-59
-5
34
74
106
114
108
66
22
20
25
9
-17
-6
3
12
13
16
73
55
40
-15
-67
-51
-69
18
33
43
66
11
25
4
-2
20
-9
-16
-54
-55
-38
-12
-10
-61
-45
-41
13
47
25
22
40
28
27
26
-14
10
-25
-16
-49
-25
-5
-13
7
-7
5
53
83
60
-10
-75
-91
-76
-36
-59
-52
-18
-8
-16
-48
-17
-13
-43
-40
-20
23
59
69
90
174
169
83
-18
-61
-68
-57
-18
39
76
15
-12
-23
-5
-4
-40
-43
-88
-74
-54
-40
-34
-11
-5
2
40
21
0
-42
-54
-35
-44
-64
-40
-11
18
50
87
89
67
38
-12
43
56
81
64
19
44
-28
-31
-59
-23
-8
-45
-12
-63
-27
-49
-70
-77
-65
25
54
85
51
35
33
47
56
41
33
39
32
-9
-40
-38
12
23
42
37
5
23
1
2
-29
-46
-39
-44
-6
15
27
31
13
18
-10
-61
-18
-5
20
-4
7
35
10
36
-22
-12
-10
-24
-38
0
34
-3
-33
-49
-11
4
15
-32
-61
-86
-55
-2
2
29
20
-16
-33
-48
-80
-100
-48
16
52
68
42
33
-3
-6
18
3
54
89
87
58
3
15
-11
-47
-61
-72
-84
-35
-7
34
67
37
26
-23
-58
-63
-62
-23
-4
-4
-5
-20
40
78
42
35
38
30
47
-14
-1
-10
44
113
77
121
69
111
57
31
79
32
53
24
4
-9
-59
-58
-117
-66
-17
-22
28
-80
-58
-90
-32
53
38
49
-4
-17
-39
-66
-66
-73
-36
22
-40
19
-26
-24
-19
-62
-9
-71
-23
-15
-22
40
1
9
-50
-60
-53
-38
3
-35
-21
-74
-41
-4
0
11
-19
29
10
30
16
-15
-21
-38
-40
-29
-35
-6
19
3
35
-51
4
6
48
76
70
69
32
36
37
69
88
55
-9
-22
-21
2
42
-40
-58
-77
-47
18
12
28
12
80
140
109
59
55
24
40
21
-4
-31
-31
30
22
27
3
-34
-30
11
58
22
-27
-13
-61
-11
-5
-28
7
-35
-45
-61
-53
-5
48
46
34
37
24
4
-48
-58
-44
-15
32
19
-8
11
39
38
20
-20
-34
24
32
32
-20
-10
37
51
5
-47
-28
21
55
25
29
26
27
28
12
17
44
2
9
-17
-53
-55
-42
-14
-26
-23
-63
-43
-59
-17
-46
-49
-24
-44
8
-31
2
-35
-34
-29
-73
-59
-69
-46
-13
0
8
-24
-3
-29
-18
14
-4
44
-39
-16
-32
-20
36
-8
-25
-2
-2
28
5
-6
1
-8
42
1
95
32
83
-10
3
63
49
81
49
48
34
58
-30
27
-61
59
50
79
88
-31
40
-96
-21
-71
-72
-7
-11
57
3
-6
-26
-69
-12
8
12
50
10
7
-24
0
11
-4
32
12
24
6
7
32
39
19
50
54
12
21
4
30
-25
-72
-42
-79
31
-14
-2
-11
-31
-17
-49
12
9
23
51
49
49
-12
-15
-17
41
72
34
48
-31
63
18
-13
-9
-97
-15
-49
29
-14
-19
0
-65
15
-5
23
19
-66
30
9
17
26
-9
10
18
0
4
6
-44
58
-62
-21
-130
-84
-55
-13
119
4
166
16
-43
-86
-100
9
2
8
-6
42
44
1
-80
-85
-84
-69
-56
-48
30
17
51
-27
-29
-51
-73
33
22
42
-61
-29
-65
-10
26
0
15
-16
12
79
28
56
-44
-50
-8
-4
67
-38
30
11
63
-13
6
-26
-13
31
8
41
-25
-40
1
-11
32
-43
-96
-80
-115
-21
-39
-39
-16
-26
-3
-21
24
85
76
95
31
20
1
30
39
-7
18
8
58
55
30
-39
45
78
59
13
-16
24
-50
-57
-63
7
38
60
11
39
55
32
20
-8
27
50
86
28
34
31
74
30
29
-44
-97
-68
-4
119
-14
48
-159
-65
-28
-4
-11
-182
-78
-70
48
53
18
-16
48
44
-33
-34
-15
24
104
49
87
89
-7
44
-108
134
1
155
14
-163
-74
-156
109
23
40
6
-103
134
28
143
22
-67
47
-116
94
-46
-14
15
-9
25
-67
93
19
-31
-89
-101
-30
15
-80
-36
-138
-20
-57
-21
-75
-93
30
-38
37
-75
89
27
80
-53
2
-123
11
-65
22
94
-51
35
-100
-35
-179
-94
-69
-96
23
32
180
205
77
-5
-43
-73
120
28
131
-48
17
20
-151
-72
-127
115
85
83
-25
-72
71
219
87
71
-61
-182
44
50
159
60
-108
52
-32
122
-55
9
86
-41
92
28
-14
17
19
-12
-63
-128
-6
-21
217
46
-18
-122
-63
38
-9
-4
-58
-5
30
80
124
-3
61
-32
-150
-49
-87
7
61
-30
-14
-126
-22
170
16
99
-91
38
-83
46
-68
-43
-98
-166
-28
-71
87
-24
145
-65
-33
-100
-96
103
11
53
6
-46
110
45
18
16
96
138
84
24
1
-19
-102
-177
-37
1
2
-95
-121
41
148
110
-68
-140
-135
-55
107
163
157
-20
-91
-228
-141
43
-11
196
9
-17
-17
-153
-28
-146
-63
-84
-171
-82
-89
71
64
-138
45
-134
25
-110
46
145
153
243
8
158
-23
70
43
-140
-211
-153
-19
161
68
26
-152
-126
95
29
36
-81
-10
49
248
235
122
-32
-95
-45
-14
127
108
118
-67
27
131
257
214
263
-91
-56
-148
-116
40
72
202
-51
-123
-116
72
72
185
233
165
77
86
-127
-265
-272
-249
32
205
367
199
-24
-16
-148
-22
-183
-23
-83
-123
-11
-149
47
-161
-67
-229
-36
92
-126
-12
-337
-102
-122
-58
159
96
223
-130
-83
2
-49
-23
-153
12
35
230
252
35
-45
4
106
81
-103
-77
-312
-263
-176
-185
195
295
558
119
-65
-291
-256
102
33
-87
-204
41
645
699
307
-109
-430
-135
25
225
84
-102
-137
-334
-70
256
247
142
-185
-174
-230
-20
181
-61
-77
-467
-139
61
410
473
69
-166
-373
-171
-257
-109
125
179
331
117
140
1
-89
-59
-141
-175
-221
-90
-45
232
54
-32
-65
-119
236
126
151
-250
-322
-250
-54
260
317
26
-370
-396
-42
375
257
-14
-156
-108
26
315
286
250
-97
-262
-295
-290
105
306
113
-157
-366
-191
-35
160
216
-172
-153
-156
28
104
244
324
251
96
9
161
209
170
-162
-201
-53
-26
247
137
192
-97
-49
49
-34
202
-234
-289
-217
-33
203
-30
-79
-226
-191
-81
62
281
254
99
-200
-35
-74
40
-16
58
70
74
253
190
228
-110
-270
-440
-256
27
243
471
310
185
182
89
150
-45
-106
54
195
650
313
63
-441
-438
-89
-147
11
-422
-191
-224
-178
-105
-252
-267
-431
-534
-516
-336
-123
65
-50
-168
-108
-75
-81
-164
13
156
266
207
154
428
427
410
39
-191
-252
-307
-43
38
216
18
-193
-51
12
348
383
264
26
-256
-239
-148
-38
57
-55
-103
64
277
359
106
-53
-272
-58
27
216
292
219
286
215
242
176
54
-241
-338
-287
-105
73
149
171
85
60
120
22
-82
-325
-307
-183
-125
3
32
11
88
90
198
400
213
88
-184
-89
51
118
82
-93
-96
-48
85
160
164
-66
-153
-102
8
-75
-253
-361
-261
-152
-162
-65
53
157
176
192
182
26
-212
-235
-232
-54
74
-45
-126
-189
-49
133
104
86
-127
-170
-95
-114
110
176
351
365
347
488
415
206
-48
-252
-174
-149
-108
-18
-87
45
31
98
84
50
39
-33
-16
-57
7
-29
5
40
42
-59
-118
-51
39
252
121
-27
-112
-40
49
-28
-62
-130
-80
-96
-25
-25
-58
-97
-53
51
118
110
-36
-126
-96
-49
-81
-89
8
199
216
178
49
0
-125
-175
-91
-11
122
54
82
57
36
109
117
171
123
44
-94
-256
-283
-153
-153
-210
-385
-311
-270
-359
-422
-505
-284
-235
-57
-43
31
137
115
164
106
95
104
38
91
113
96
72
22
69
90
251
255
237
43
3
96
180
316
360
499
441
521
618
757
689
523
397
230
116
-104
-135
-211
-308
-335
-445
-382
-339
-288
-190
-312
-243
-210
-232
-284
-490
-600
-841
-1298
-1581
-1991
-2258
-2734
-3160
-3382
-3638
-3533
-3575
-3169
-2715
-2101
-1462
-980
-196
446
1270
1728
2161
2526
2818
3217
3276
3616
3638
3700
3561
3264
3202
2862
2688
2266
1979
1701
1520
1430
1297
1452
1424
1509
1488
1513
1577
1432
1446
1265
1237
1188
1145
1211
1156
1332
1282
1328
1280
1073
907
568
337
3
-334
-606
-919
-1121
-1215
-1215
-1228
-1327
-1468
-1559
-1624
-1818
-1864
-1900
-1915
-1875
-1822
-1535
-1270
-998
-934
-827
-561
-354
-55
-28
42
-80
-144
-199
-154
71
82
237
160
490
782
1205
1847
2543
2886
1290
-1992
-6483
-10120
-12749
-14328
-15016
-15207
-14030
-12429
-9294
-5437
-902
3369
6033
7701
7846
8229
8476
8627
8511
7711
7198
6369
6121
6643
7545
8122
6858
4648
1887
-489
-2194
-3714
-4492
-5376
-5849
-5708
-4598
-1940
1183
4085
5770
6378
6525
6490
6712
6900
6925
6478
5433
4468
3863
4070
4496
4400
3406
1472
-418
-2196
-3314
-3993
-4438
-4716
-5342
-5455
-4884
-3340
-1531
-294
466
482
534
486
631
968
991
914
564
790
1315
2161
2812
2782
2289
923
-143
-1485
-2432
-2957
-3544
-3670
-4113
-3883
-3275
-2215
-1149
-423
63
-1
56
30
372
898
1350
1623
1444
1462
1549
1619
1411
731
-154
-1332
-2511
-3447
-3766
-3735
-3444
-3061
-2716
-2113
-1472
-690
-75
245
367
288
137
81
360
910
1513
1848
2047
2044
1923
1713
1482
1740
1718
1008
-936
-3954
-6875
-9766
-12024
-13782
-14929
-14763
-13775
-11542
-8506
-4661
-249
3615
6836
8869
10218
10908
10817
10312
9121
7770
6097
4482
3271
2356
2013
1543
735
-277
-1450
-2198
-2830
-3206
-3144
-2844
-1936
-821
902
3129
5414
7543
8796
9391
9262
8645
7813
6573
5282
3815
2329
915
-314
-959
-1357
-1538
-1901
-2372
-2727
-3197
-3184
-2961
-2345
-1506
-895
61
897
2056
3140
3721
4000
3380
2617
1566
504
-349
-1174
-1748
-2405
-3153
-3769
-3927
-3362
-2469
-1790
-1338
-1384
-1141
-881
-608
4
284
690
521
304
222
239
347
66
-312
-1067
-1382
-1632
-1431
-978
-415
248
316
370
113
-27
-253
-733
-1186
-1881
-2355
-2695
-2683
-2318
-1815
-1305
-967
-699
-544
-275
-69
-17
-113
-310
-354
-314
-35
285
668
1065
1100
1238
1311
1470
1597
1462
1826
2476
2664
1319
-2124
-6404
-10398
-13681
-15639
-16502
-15807
-13664
-10905
-7004
-2631
2409
7273
10548
12288
12048
11147
9737
7852
6024
4027
2479
834
-538
-969
-758
11
161
-407
-1336
-2517
-3059
-3095
-2208
-623
1033
2974
4580
6660
8782
10352
11024
10060
8397
5972
3504
1392
-187
-959
-1707
-2216
-2548
-2442
-1692
-919
-151
-50
-168
-389
-587
-202
527
1991
3110
3593
3577
3288
3132
2678
1876
456
-1207
-3004
-4211
-4713
-4302
-3212
-2177
-1501
-1586
-1644
-1555
-903
-221
155
344
-40
-87
-64
308
989
1266
1331
588
-380
-1074
-1382
-1350
-1400
-1461
-1588
-1568
-1295
-486
510
1343
1536
861
76
-713
-1135
-1447
-1620
-1577
-1706
-1704
-1553
-1039
-201
360
594
393
-169
-620
-931
-941
-747
-576
-622
-769
-881
-616
-255
15
275
130
44
-127
78
624
1107
1642
2025
2484
3231
3899
3003
-117
-5580
-10974
-15033
-17437
-17359
-16128
-12901
-9276
-5265
-153
4682
9892
13157
14305
13432
10458
7791
4814
2674
981
-714
-1761
-3213
-3411
-2699
-1327
204
63
-481
-1820
-2557
-1749
-287
2613
5112
7281
8723
9399
10457
10775
10476
8506
5364
2004
-1485
-3539
-4474
-3966
-2861
-2301
-1598
-1080
189
1613
2503
3074
2497
1906
908
446
1023
2038
3357
3333
2651
1523
403
-335
-1265
-2037
-3088
-4016
-4413
-4103
-2670
-801
940
1709
1291
212
-893
-1246
-1246
-1159
-1094
-1336
-1375
-1413
-914
187
954
1145
390
-489
-1202
-1557
-1413
-1066
-647
-509
-452
-326
276
947
1331
1276
444
-600
-1724
-2284
-2275
-1935
-1471
-1178
-987
-927
-670
-433
-61
-25
-408
-966
-1566
-1566
-1221
-575
26
324
378
434
593
482
63
-634
-949
-1024
-937
-664
-207
483
1129
1726
1789
1857
1779
2305
3024
1819
-1130
-6580
-11480
-15056
-17163
-16253
-14714
-10932
-7115
-3085
2136
6470
11273
13753
14154
12806
9282
6218
2778
348
-1237
-2933
-3613
-4617
-4187
-2816
-1095
1033
1590
1735
1125
734
1729
3180
5540
7464
8715
9492
9240
9171
8638
7527
5383
1991
-1181
-4099
-5642
-5852
-4843
-2845
-1376
139
1193
2455
3944
4393
4533
3649
2547
1356
230
365
991
1726
1553
706
-280
-1192
-1674
-1931
-1889
-1785
-1936
-2083
-1801
-1058
-8
331
230
-400
-1093
-1256
-1295
-847
-683
-534
-558
-665
-609
-333
157
535
714
352
-79
-607
-735
-758
-751
-611
-606
-596
-565
-342
-52
-12
-348
-713
-1181
-1425
-1515
-1482
-1213
-1116
-951
-885
-689
-522
-408
-286
-362
-413
-725
-935
-1157
-1297
-1231
-1166
-863
-524
-161
133
255
313
154
-149
-244
-361
-335
-253
74
683
1143
1398
1711
2227
3154
3921
3085
505
-4276
-9314
-13549
-16641
-16977
-15983
-12841
-8852
-4742
719
5453
10125
13133
13848
13214
10130
6829
3439
528
-1102
-2937
-3776
-4330
-4202
-2763
-1423
751
2009
2244
2041
1164
1841
2970
4866
6922
8203
9318
9110
8708
7882
6551
4755
1662
-1257
-4077
-5713
-5864
-5102
-2862
-951
884
2192
3015
4224
4498
4676
4005
2761
1721
385
278
517
1128
1457
791
29
-1296
-2240
-2786
-2873
-2673
-2604
-2274
-1774
-550
589
1446
1733
1069
372
-519
-1111
-1142
-1232
-1106
-1130
-1296
-996
-754
-157
385
614
380
-190
-653
-945
-789
-691
-300
-84
-110
-24
-93
116
166
-47
-417
-955
-1453
-1766
-1673
-1329
-722
-464
-486
-611
-763
-888
-1009
-1073
-1070
-1002
-1210
-1269
-1252
-944
-549
-211
44
-18
-213
-742
-865
-739
-379
34
-69
-139
-464
-402
129
991
1854
1903
1693
1477
2248
3064
2440
-142
-5025
-9922
-14232
-16924
-16871
-15190
-11344
-7149
-2947
2187
6650
11081
13747
14209
13096
9474
5624
1791
-1073
-2503
-3815
-4172
-4416
-3895
-2314
-687
1612
2955
3530
3225
2199
2560
3529
5386
7403
8728
9499
8945
8064
6968
5384
3277
214
-2764
-5222
-6433
-5875
-4182
-1472
981
2805
4175
4880
5626
5621
5055
4078
2301
692
-831
-1304
-976
-717
-476
-852
-1198
-1637
-1878
-1706
-1308
-835
-833
-796
-589
209
1090
1629
1481
502
-823
-2121
-2612
-2612
-2013
-1672
-1274
-900
-597
98
485
1040
974
565
-224
-1035
-1272
-1247
-866
-609
-289
-77
94
339
639
876
797
292
-503
-1174
-1682
-1871
-1676
-1430
-1236
-1328
-1594
-1549
-1377
-1026
-930
-904
-955
-895
-591
-432
-85
-157
-304
-563
-818
-781
-718
-530
-389
-598
-953
-898
-398
606
1212
1306
1134
692
328
232
876
2524
3717
2547
-1341
-7150
-12182
-15836
-17380
-16542
-14215
-10015
-5845
-949
4431
9368
13816
15463
14762
11862
7539
3737
290
-1954
-3209
-4255
-4627
-4816
-3836
-1827
250
2199
2583
2293
1499
1038
2223
4154
6980
9105
10038
10125
9172
8157
6660
4471
1718
-1578
-4463
-6443
-6899
-5491
-3039
-190
2047
3481
4394
4736
4903
4393
3486
2332
924
-68
-543
59
951
1330
1131
190
-738
-1853
-2685
-2722
-2512
-1715
-1289
-760
-40
503
1011
896
787
321
-228
-1066
-1701
-1970
-2079
-1850
-1755
-1255
-917
-570
-237
-24
321
354
380
347
405
509
622
805
808
687
247
-286
-830
-1307
-1691
-1935
-2114
-2080
-1928
-1763
-1286
-754
-195
133
138
-55
-471
-859
-935
-735
-643
-719
-926
-1238
-1221
-949
-204
570
736
240
-615
-1262
-1258
-734
-47
502
689
697
416
402
540
1237
2228
3232
3088
415
-4195
-9819
-14144
-17104
-17343
-15468
-11887
-7006
-2713
2455
6923
10940
13796
13986
12664
9386
5555
2309
-658
-2098
-3047
-3730
-3875
-4053
-2954
-1704
-239
950
1201
1482
1371
2345
4246
6608
9219
10433
10769
9954
8315
6489
4093
1772
-772
-3432
-5386
-6274
-5684
-3841
-1436
985
2739
3739
4080
4057
3856
3462
3128
2541
2012
1494
1327
1421
1346
1044
-39
-1341
-2936
-3895
-3968
-3261
-1707
-665
509
951
1149
1001
105
-265
-1247
-1685
-2302
-2737
-2183
-1662
-424
443
1151
1536
1411
1069
475
77
-439
-688
-1160
-1371
-1235
-879
-306
-86
200
76
-134
-421
-691
-633
-685
-586
-571
-558
-562
-588
-503
-482
-517
-808
-1249
-1623
-1637
-1202
-598
-34
228
129
-366
-917
-1220
-1183
-910
-718
-562
-570
-748
-671
-262
782
1961
2384
2212
1183
325
192
636
2085
2951
1733
-1915
-7934
-13328
-17083
-18559
-16855
-13972
-9251
-4455
162
5567
9641
13370
14783
13596
11030
6564
3032
171
-1600
-2030
-2717
-2779
-3282
-3426
-2546
-1724
-485
-309
-546
-326
215
2661
5632
8974
11638
12335
11896
9752
7540
5117
2547
275
-2466
-4210
-5468
-5327
-3791
-1971
458
1643
2241
2190
1846
2241
2588
3416
3910
4226
4175
3699
3349
2282
1138
-652
-2513
-3922
-5021
-4727
-3946
-2322
-788
412
1167
820
464
-184
-278
-207
-405
-517
-949
-1127
-1097
-744
-304
128
333
189
-9
-354
-313
-210
-57
43
-39
-6
24
40
76
-138
-498
-940
-1415
-1553
-1370
-986
-523
-213
-107
29
12
185
342
305
97
-409
-894
-1344
-1570
-1560
-1645
-1651
-1683
-1367
-865
-542
-305
-254
-99
113
219
445
657
776
983
970
800
769
588
756
1155
1966
2671
1244
-2323
-8277
-13626
-17502
-19025
-17210
-14022
-8294
-3077
1660
6292
9354
12500
13460
12448
10220
6211
3129
562
-788
-586
-721
-600
-1637
-2735
-3156
-3550
-2984
-2806
-2272
-1197
133
2952
6193
9829
12662
13281
12341
9708
6861
3971
1318
-486
-2037
-2834
-3405
-3271
-2195
-954
413
810
607
43
-611
-210
732
2492
4153
5298
5957
5841
5297
3932
2004
-326
-2675
-4687
-5875
-5831
-4603
-2800
-949
487
1228
1235
167
-833
-2039
-1907
-1336
-622
560
804
1629
1426
1134
543
-580
-1415
-2360
-2565
-2313
-1228
13
1112
1775
1700
1427
668
-162
-782
-1203
-1251
-1232
-1132
-864
-513
-271
-129
-151
-200
-316
-466
-484
-288
58
384
382
89
-6
-284
-674
-1291
-1830
-2096
-2202
-2022
-1553
-794
-158
470
719
901
1107
1501
1899
1772
1215
197
-123
448
2142
2517
150
-5495
-12659
-17661
-20300
-18579
-14591
-8767
-2516
1783
5859
8535
11074
12785
12052
10082
6054
2441
419
-337
1046
1933
2127
681
-2355
-4339
-5694
-5331
-4444
-3833
-2157
-530
2541
6277
10251
13871
14467
12960
9324
5550
2708
485
-166
-740
-993
-1446
-2052
-1599
-1105
-62
54
-695
-1531
-2518
-1766
-171
2618
5592
7156
7547
6009
4299
2482
859
-439
-2003
-3089
-4092
-3975
-3001
-1420
1
597
53
-1169
-2598
-3707
-3668
-2867
-946
516
1909
2469
2527
2436
1539
890
-550
-1555
-2150
-2169
-1395
-280
936
1265
997
-120
-1076
-1890
-2220
-1856
-1421
-552
66
588
957
1210
1189
476
-462
-1405
-1953
-1975
-1603
-663
292
1085
1315
1084
457
-597
-1197
-1824
-1916
-1772
-1617
-924
-511
132
428
272
16
-286
-8
696
1554
2149
2241
1879
1259
974
1090
1747
1235
-1608
-6711
-13232
-17992
-20270
-18442
-13480
-7441
-1265
2926
6334
8309
9509
10357
9703
8493
6005
3924
3069
2956
4129
4513
3678
1013
-3142
-6497
-8684
-8627
-6974
-4555
-1400
1475
4841
8191
11168
13283
13025
11155
7999
4897
2952
2003
2318
2616
2401
1411
-375
-1769
-3023
-3438
-3514
-3712
-3315
-2812
-1056
1405
4136
6795
7764
7320
5217
2725
832
-345
-551
-810
-843
-1301
-1615
-1953
-2214
-2023
-2421
-2583
-3329
-3651
-3419
-2726
-1035
495
1832
2393
2128
1467
509
-392
-912
-1238
-1192
-775
-113
584
1237
1403
1060
110
-1209
-2251
-2830
-2535
-1592
-241
951
1705
1890
1450
699
-168
-944
-1470
-1819
-1780
-1236
-511
288
864
930
637
-75
-838
-1268
-1289
-1036
-676
-445
-262
-62
8
-71
-352
-786
-948
-793
-417
528
1326
2137
2401
1998
1804
1450
1804
1523
-845
-5117
-11327
-16543
-19537
-19298
-15056
-9351
-3010
1599
4378
6330
6907
7675
7824
7582
7192
6133
6319
6713
7376
7562
5650
2352
-2846
-7510
-10176
-10539
-8281
-5229
-1645
1585
4070
6444
8389
10116
10760
10167
9001
7468
6943
6963
7361
7485
6134
4019
767
-2166
-4330
-5624
-5261
-4805
-3842
-2610
-1120
1104
2571
4012
4625
4360
3665
2508
2281
2274
2620
2739
2193
1622
370
-772
-2170
-3365
-3956
-4605
-4671
-4925
-4444
-3470
-1761
146
1547
2350
1871
1397
343
-59
66
396
1029
895
731
258
-194
-639
-1123
-1443
-1835
-1936
-1838
-1129
-42
1057
1801
1660
938
-206
-1245
-1861
-1845
-1434
-901
-495
-218
-102
35
192
255
194
-105
-385
-637
-513
-302
-4
-19
-441
-1071
-1842
-2105
-2004
-1391
-581
456
1449
2164
2464
2528
2170
1378
787
724
1545
758
-2185
-8034
-14406
-18648
-20066
-16641
-11608
-5344
-225
2442
4485
4446
5056
5868
6417
7580
7459
8237
9257
9921
10305
7999
4191
-1366
-6891
-10002
-10774
-8016
-4398
-965
1450
2246
3336
3988
5292
6221
6724
7095
7062
7987
9254
10782
11308
9930
6733
2414
-1659
-4556
-5537
-4952
-3547
-2100
-1603
-1302
-1259
-1023
-242
132
848
1137
1841
2988
4175
5283
5311
4663
2936
805
-1245
-2550
-2974
-2971
-2659
-2524
-2644
-3363
-4335
-4431
-3707
-2338
-878
44
933
1411
1580
1951
2046
2037
1565
749
20
-470
-512
-385
-190
-558
-949
-1502
-1746
-1390
-903
21
445
578
426
161
102
-113
-315
-666
-1081
-1368
-1321
-791
-146
442
816
726
482
365
635
1010
657
-176
-1158
-1623
-1478
-1180
-774
-518
-387
-94
128
200
301
242
539
776
1091
1880
2435
1391
-2189
-8218
-14278
-18060
-19071
-16008
-11124
-5655
-1014
658
1707
1560
1853
3381
4530
6708
8312
10060
12004
12337
11665
8423
3655
-1610
-6224
-7906
-7352
-4575
-1502
391
1258
446
-257
-410
-41
1667
3408
5866
8196
10143
11745
11939
11005
8253
4818
1601
-648
-1170
-776
343
798
184
-1079
-2881
-3904
-4506
-3996
-2701
-1329
415
1838
3361
4423
4757
4561
3448
2000
551
-501
-532
-130
403
484
-398
-1784
-3496
-5059
-5781
-5648
-4460
-2546
-1081
281
829
1138
1168
623
472
229
355
689
1051
1608
1794
1552
912
6
-882
-1459
-1519
-1187
-727
-416
-216
-158
-182
-286
-544
-821
-1060
-1298
-1324
-1128
-630
-5
522
902
1001
855
606
484
449
500
470
176
-291
-971
-1432
-1417
-1028
-557
-274
-163
29
136
372
324
511
843
1442
2308
1066
-2121
-7976
-14056
-17776
-18651
-15096
-9855
-4443
-596
5
-200
-1454
-1506
178
2666
6446
9396
12010
13592
13353
11578
7562
2854
-1686
-4568
-4660
-3069
-194
1530
1640
-21
-2779
-4543
-4987
-3403
-628
2611
5861
8373
10071
10699
10255
8844
6654
4504
3078
2888
3684
4686
4862
3514
880
-2334
-4829
-6061
-5863
-4488
-2727
-1085
168
734
1028
987
979
982
969
1487
2202
3370
3943
3754
2542
556
-1168
-2188
-2992
-3502
-3981
-4030
-2737
-2572
-1582
-1951
-2232
-1832
-2387
-995
-250
1098
2154
1970
1669
809
410
279
548
757
962
1078
544
528
55
-175
-217
-847
-665
-802
-520
-182
-367
-469
-1250
-1691
-2088
-1974
-1434
-789
108
434
839
848
1020
1278
1480
1570
1168
806
214
208
97
31
160
-103
82
-64
-217
91
165
921
616
-1682
-6004
-12093
-16276
-18132
-16271
-11330
-6500
-2121
-1066
-2144
-3077
-4069
-2097
766
4571
8858
11448
13559
13501
11817
8926
4794
1369
-1129
-1346
182
1963
3129
1627
-1097
-4915
-7567
-7508
-5592
-1642
1841
4629
6328
6739
7033
6615
6326
6039
5815
6525
7379
8500
8773
7589
5112
1392
-1654
-3640
-3899
-3002
-2154
-1345
-1825
-2546
-3391
-3884
-3400
-2518
-877
695
2175
3072
3259
3079
2299
1678
931
543
931
1125
1442
265
-1650
-3209
-4250
-3642
-3208
-2443
-2141
-2218
-1960
-2071
-1287
-809
-415
-148
-337
59
457
1168
1881
1992
1954
1550
1187
977
1001
1063
937
687
91
-165
-367
-538
-681
-1206
-1711
-2083
-2027
-1708
-1140
-760
-622
-577
-622
-295
179
737
1154
1399
1568
1777
1689
1481
1179
831
444
-40
-159
-22
682
1164
1650
1231
-1582
-6097
-13206
-17637
-18728
-15063
-8237
-3841
-1112
-3013
-6080
-7984
-8058
-4074
1298
6733
11183
12827
13426
12354
10246
7909
4908
3726
3353
4838
6669
6887
5576
693
-4350
-8736
-10177
-7838
-4213
26
2005
2025
1067
-62
383
1708
3899
6148
7856
9597
10386
10648
9763
7353
4864
2056
986
1255
2035
2969
1862
-132
-3097
-5493
-6424
-6199
-4787
-3449
-2328
-1667
-1413
-1063
-682
-55
392
651
1142
1910
3129
3800
3217
1610
-480
-1473
-1000
-174
971
569
-498
-1934
-3380
-3480
-3152
-2173
-1489
-1370
-1587
-1839
-1869
-1713
-1496
-1047
-326
763
2028
2980
3637
3334
2616
1652
1050
1152
1546
2065
1986
1207
-23
-1559
-2607
-3098
-2958
-2374
-1915
-1750
-1880
-1934
-1601
-879
-260
284
500
903
1244
1740
2205
2004
2155
1314
1538
1664
2443
3007
-103
-4874
-13021
-17497
-17905
-13842
-7130
-3923
-3139
-6756
-10970
-12547
-10875
-5272
1223
5960
9011
9382
9310
9013
8393
8555
7775
8156
8806
10165
11572
10300
7466
1909
-3132
-5826
-6083
-3084
-853
301
-1176
-4557
-6600
-7503
-5101
-1750
1677
4378
5367
6179
6307
6793
7049
7187
7250
7203
7554
7827
7709
6412
3977
1010
-1236
-2259
-1954
-1299
-1451
-2402
-4492
-6182
-7151
-6737
-5087
-3496
-1837
-1218
-943
-886
-976
-533
79
966
1871
2978
3846
4298
3811
2549
1209
127
-121
267
982
1115
429
-1098
-2813
-3870
-4378
-4024
-3452
-2952
-2411
-2172
-1749
-1197
-572
182
886
1678
2306
3048
3427
3548
3331
2816
2407
1877
1569
1210
963
429
-333
-1291
-2198
-2780
-3262
-3287
-3046
-2577
-1754
-1266
-901
-853
-612
56
1055
2218
3172
3916
3891
1503
-3260
-10239
-15000
-15682
-12074
-6157
-3673
-4152
-8870
-13828
-15814
-13886
-7645
-894
3961
5760
5270
4187
3987
4760
6628
8711
10430
11734
12220
12043
10301
7525
4044
1334
625
1357
2971
3491
1784
-1479
-5578
-7625
-7165
-4562
-1324
385
767
-431
-1261
-1204
376
2856
4942
6544
6941
7102
7012
6500
5982
4955
4326
4185
4239
4385
3631
2135
81
-2206
-3502
-3982
-3659
-3253
-3715
-4401
-5300
-5872
-5572
-5046
-3776
-2763
-1919
-1064
-515
652
1525
2440
2896
2985
3227
3276
3546
3462
3042
2422
1445
749
281
-128
-579
-1419
-2348
-3085
-3553
-3521
-3237
-2945
-2610
-2528
-2357
-1845
-1169
-265
631
1414
2061
2506
2675
2620
2542
2463
2745
2852
2603
1969
866
286
-398
-641
-749
-1078
-1046
-1614
-1841
-2393
-2226
-1709
-1002
88
250
-885
-4656
-10254
-14420
-14666
-10785
-5018
-2137
-3115
-7589
-12781
-14646
-12170
-6270
225
3997
4273
2688
883
1037
3034
5927
8993
10714
11447
11239
10501
9332
7692
5985
4704
4542
5028
5350
4596
2099
-1258
-4234
-5592
-4599
-2546
-761
-507
-1685
-3154
-3879
-2991
-739
1963
3893
4715
4493
4249
4328
4670
5398
5679
6047
5858
5329
4494
3241
2355
1234
784
391
45
-445
-1621
-2888
-4214
-5219
-5608
-5316
-4328
-3221
-2896
-3468
-4267
-4498
-3479
-1477
585
2228
2656
2244
1513
1333
1966
3106
3976
4123
3745
2780
1832
872
197
-252
-587
-996
-1242
-1577
-1976
-2468
-3116
-3498
-3567
-3063
-2399
-1755
-1409
-1355
-1286
-984
-245
789
1709
2421
2569
2309
2033
1953
2405
2786
2721
2103
1269
631
115
-343
-789
-1102
-1403
-913
-289
-178
-2397
-7739
-13484
-16221
-13626
-7568
-2492
-2043
-5974
-11700
-15051
-13547
-7962
-971
3560
3924
1522
-997
-1116
1530
5386
8827
10485
10398
9495
8820
8688
8670
8333
7709
7483
7461
7109
5954
3590
897
-1331
-2249
-1546
-373
35
-1173
-3705
-5847
-6349
-4875
-2187
135
1145
563
-276
-493
837
2982
5068
6284
6335
5882
5287
5156
5319
5495
5255
4597
3724
2577
1457
343
-839
-1842
-3056
-3825
-4320
-4401
-4254
-4486
-4916
-5583
-5630
-5063
-3827
-2406
-1549
-972
-874
-481
346
1449
2533
3165
3199
2898
2859
2978
3437
3561
3251
2537
1573
844
315
35
-353
-882
-1650
-2489
-2984
-3383
-3424
-3410
-3319
-3053
-2813
-2385
-2031
-1596
-1158
-710
-47
568
1460
2162
2637
2570
2326
2430
2625
2809
2101
1503
899
1404
1861
1723
950
-2168
-6012
-10979
-13230
-11903
-8696
-5330
-6139
-9106
-13147
-15557
-13781
-9843
-4390
-1107
-892
-2074
-3365
-1915
1144
4902
8098
9281
9638
8837
8787
9624
10371
11310
10881
10504
9961
8804
7703
5700
4230
2997
2052
1737
1022
113
-1771
-3897
-5168
-5335
-4187
-3218
-2886
-3254
-4120
-4270
-3588
-1782
402
1787
2444
2293
2451
3175
4259
5581
6258
6532
6068
5542
5035
4542
4294
3548
2643
1379
37
-880
-1606
-2238
-3140
-4253
-5020
-5227
-4986
-4824
-4756
-4961
-4958
-4527
-3612
-2294
-1278
-539
-173
173
813
1707
2779
3473
3816
3734
3461
3482
3397
3523
3325
2828
2135
1176
428
-305
-826
-1394
-1912
-2493
-2982
-3404
-3736
-3763
-3720
-3477
-3238
-2817
-2252
-1584
-1144
-988
-764
-32
1147
1984
2245
1947
1976
2407
3099
3697
3585
1974
-1635
-6003
-8932
-8631
-6120
-3655
-3883
-7240
-11459
-14551
-14170
-10811
-6827
-4198
-4599
-6562
-7869
-6960
-3626
600
4104
5794
5857
5525
5807
7408
9566
11335
12350
12217
11755
10965
9955
9202
8432
7759
7004
6014
4771
3136
1267
-356
-1432
-1876
-2009
-2390
-3284
-4505
-5415
-5652
-4959
-3655
-2503
-1959
-2284
-2665
-2451
-1267
641
2330
3449
3363
2990
2944
3513
4559
5195
5421
4879
4085
3307
2720
2458
2015
1506
617
-464
-1440
-2325
-2906
-3458
-3938
-4216
-4397
-4467
-4480
-4352
-4149
-3763
-3160
-2503
-1736
-1038
-466
40
603
1294
2103
2818
3251
3452
3409
3300
3297
3209
3100
2717
2082
1506
1003
715
230
-354
-1124
-1903
-2503
-3034
-3272
-3425
-3426
-3294
-3160
-2887
-2633
-2376
-1992
-1618
-1000
-306
620
1688
2294
2634
1489
-1504
-5533
-8264
-6976
-3193
103
-569
-5284
-10615
-13687
-12283
-7727
-3346
-1582
-3857
-7700
-9770
-8564
-4208
154
2639
2723
1328
741
1586
4429
7766
10057
10732
9910
9205
8981
9287
10092
10644
10894
10283
8695
7019
5329
4120
3312
2811
2554
1734
235
-1789
-3549
-4247
-4103
-3409
-2963
-3290
-4073
-4948
-5001
-3921
-2393
-868
-276
-283
-517
-457
460
1769
3239
3979
3877
3184
2322
2068
2371
3227
3851
3620
2521
938
-137
-377
4
352
89
-749
-1940
-2905
-3269
-3094
-2585
-2283
-2353
-2770
-3201
-3170
-2723
-1917
-1021
-446
-205
-149
-26
309
837
1554
2165
2667
2762
2553
2171
1960
2002
2157
2238
1948
1403
433
-375
-893
-828
-570
-715
-1255
-2197
-2665
-2695
-2295
-1708
-1528
-1606
-1746
-1720
-1057
-372
-1375
-4360
-8746
-10600
-7980
-3096
-23
-2269
-7870
-12557
-13127
-9215
-3774
-382
-802
-4706
-8432
-8624
-5040
347
3599
3789
1947
24
189
2333
5894
8762
9547
8562
7046
6666
7470
8807
9995
10446
10024
8669
6959
5731
5328
5373
5347
4793
3718
2004
-4
-1433
-2031
-1751
-1343
-1494
-2289
-3671
-4989
-5470
-4846
-3202
-1670
-1162
-1767
-2732
-2985
-2070
-233
1710
2688
2550
1662
891
1073
1956
3199
3934
3807
2962
1776
895
683
1147
1612
1687
831
-488
-1680
-2337
-2101
-1560
-1066
-1250
-1988
-2900
-3304
-2905
-2037
-1032
-663
-784
-1168
-1285
-842
-2
916
1349
1279
1016
980
1274
1752
2191
2391
2012
1437
806
521
714
983
978
654
138
-504
-867
-1147
-905
-593
-441
-726
-1502
-1839
-1597
-464
252
-1225
-5061
-9833
-11025
-7732
-2862
-961
-4252
-9915
-13607
-13074
-8750
-3763
-1510
-2738
-6528
-9119
-7992
-3917
853
3156
2859
1291
160
920
3244
6485
8865
9331
8312
7119
6772
7407
8569
9780
10487
9987
8431
6508
5375
5315
5838
6142
5625
4267
2213
371
-582
-390
259
247
-646
-2292
-3717
-4460
-4231
-3342
-2516
-2288
-2861
-3742
-4125
-3562
-2269
-956
-146
-62
-389
-643
-403
645
1663
2521
2713
2412
2030
1559
1666
2031
2535
2658
2237
1421
517
82
42
265
252
-139
-835
-1696
-2196
-2110
-1604
-1279
-1316
-1671
-1944
-1997
-1805
-1163
-467
93
210
45
-15
112
581
1104
1595
1738
1451
923
591
805
1119
1358
1150
729
291
-135
-69
312
756
792
205
-664
-1132
-718
469
1406
-147
-4695
-9795
-10807
-6375
-943
-182
-5262
-11804
-14719
-12603
-7754
-3464
-2332
-4992
-9112
-11132
-8781
-3673
549
1691
494
-1084
-1299
332
3322
6692
8800
8758
7509
6713
7291
8707
10005
11022
11432
10685
8768
6914
6287
6876
7526
7305
6209
4323
2169
467
24
684
1257
734
-1031
-2838
-4080
-4212
-3561
-2716
-2342
-2851
-3929
-4603
-4385
-3428
-2225
-1454
-1080
-1353
-1835
-1970
-1247
168
1217
1582
1273
937
844
913
1419
2141
2651
2648
2065
1379
1064
1197
1464
1531
1243
621
-112
-705
-790
-527
-372
-610
-1215
-1846
-2052
-1822
-1311
-854
-661
-931
-1278
-1336
-867
-77
568
841
725
417
156
226
705
1432
1789
1573
991
325
78
172
687
1229
1236
648
-135
-519
-137
485
1249
1339
-333
-4215
-8438
-9109
-5565
-994
-577
-5106
-11022
-13816
-11976
-7877
-4254
-3707
-6152
-9767
-11455
-9375
-5118
-1327
-363
-1466
-2761
-2795
-1052
1708
4839
6881
7184
6284
5760
6516
8203
10017
11267
11788
11028
9431
8156
8044
9049
9830
9468
7881
5700
3631
2433
2417
2909
3035
1719
-429
-2515
-3508
-3261
-2537
-2076
-2547
-3681
-4921
-5459
-5001
-3952
-2832
-2397
-2674
-3353
-3667
-3138
-1904
-695
-121
-50
-47
203
403
684
1119
1889
2496
2488
1919
1369
1202
1605
2197
2509
2224
1298
264
-268
44
767
1247
756
-356
-1372
-1770
-1353
-638
-161
-256
-1040
-1720
-1860
-1309
-568
-93
-26
-179
-411
-543
-246
232
818
1050
982
850
588
551
527
874
1205
1419
1286
697
361
-22
417
1019
1621
1082
-1646
-5664
-8570
-7274
-3193
-204
-2180
-7772
-12391
-12979
-9449
-5466
-3475
-4887
-8480
-11332
-10997
-7357
-3279
-1287
-2084
-3588
-4156
-3056
-467
2375
4825
5660
5278
4719
5114
6693
8673
10394
11197
11089
9884
8602
8303
9150
10454
10664
9622
7691
5701
4380
4163
4746
4966
3980
1765
-404
-1639
-1982
-1687
-1521
-1801
-2910
-4298
-5425
-5535
-4710
-3820
-3357
-3788
-4360
-4895
-4704
-3841
-2611
-1452
-1111
-1202
-1512
-1325
-491
599
1563
1841
1697
1272
1161
1586
2225
2906
2872
2336
1531
1010
1080
1414
1863
1780
1211
203
-669
-888
-567
104
292
-1
-742
-1427
-1719
-1360
-745
-310
-268
-673
-915
-999
-757
-352
61
463
487
263
-171
-186
372
923
1250
988
808
663
598
682
800
1291
1509
1522
743
-1192
-3687
-5888
-5648
-4006
-2045
-2588
-5809
-9420
-11580
-10284
-7580
-5287
-5485
-7855
-10343
-11095
-9043
-5927
-3400
-2874
-3859
-4735
-4472
-2374
438
3022
4364
4294
4003
4134
5529
7514
9543
10714
10687
9972
9066
9113
9856
10876
11305
10592
9137
7338
6237
6010
6338
6352
5590
3798
1748
242
-421
-210
-84
-419
-1578
-3099
-4444
-4803
-4387
-3706
-3365
-4027
-5010
-5987
-5781
-4474
-3066
-2423
-3091
-3821
-3881
-2629
-969
137
287
-322
-371
70
1075
1907
2303
2203
1859
1773
1857
2091
2113
2066
2000
1838
1642
1223
883
701
680
719
468
50
-469
-865
-1090
-908
-692
-634
-890
-1295
-1367
-1218
-860
-709
-604
-525
-409
-222
-167
-31
193
537
680
527
410
420
830
963
1035
874
871
1156
1001
570
-1062
-2843
-4504
-4730
-4030
-2870
-2832
-4887
-7496
-9719
-9304
-7501
-5775
-5603
-7232
-8970
-9797
-8725
-6558
-4551
-3738
-4308
-4890
-4704
-2995
-665
1487
2836
3115
3249
3526
4834
6545
8377
9477
9765
9587
9165
9220
9687
10521
11007
10646
9619
8257
7329
6934
6942
6883
6237
4907
3008
1678
871
858
695
214
-764
-2271
-3291
-4075
-3814
-3595
-3551
-4099
-4857
-5346
-5383
-4721
-4082
-3527
-3763
-4159
-4134
-3102
-1822
-1329
-1370
-1615
-1037
-125
611
1180
1220
1271
1253
1660
2290
2581
2541
2032
1881
1888
1997
1982
1732
1499
1134
926
671
556
395
141
-162
-416
-421
-541
-714
-882
-876
-782
-872
-1061
-1323
-1338
-1063
-579
-222
-266
-617
-834
-522
172
689
942
758
454
211
273
700
1325
1746
1575
153
-1823
-3748
-4525
-4067
-3136
-2067
-3184
-5503
-8821
-10004
-8554
-6159
-4495
-5580
-7613
-9717
-9747
-7897
-5319
-3357
-3629
-4745
-5639
-4757
-2321
185
2129
2550
2420
2185
2944
4665
6776
8645
9088
8945
8311
8256
8829
9890
10999
11208
10425
8875
7647
7228
7485
7835
7448
6445
4722
3039
1996
1698
1927
1701
853
-623
-2280
-3309
-3591
-2965
-2595
-3028
-4215
-5410
-5733
-5258
-4323
-3836
-3883
-4343
-4784
-4725
-3991
-2719
-1822
-1482
-1599
-1669
-1264
-586
273
972
1492
1534
1354
1239
1441
1924
2371
2467
2248
1811
1454
1396
1558
1724
1754
1331
742
270
0
21
-13
30
-116
-506
-880
-1063
-926
-719
-660
-829
-1123
-1191
-971
-569
-330
-406
-318
-307
-244
-178
26
494
578
348
-13
111
735
1364
1439
389
-1240
-2790
-3410
-3084
-2893
-2809
-3464
-4756
-6180
-7485
-7389
-6628
-5870
-5829
-6633
-7459
-8104
-7626
-6361
-4883
-4002
-4048
-4204
-4072
-2906
-1278
567
1934
2393
2708
2917
4023
5469
6996
8032
8233
8237
8123
8578
9145
9735
10060
9818
9199
8299
7742
7438
7344
7103
6458
5418
4129
3160
2470
2150
1680
919
56
-1075
-1990
-2606
-2798
-2911
-3098
-3645
-4290
-4770
-4991
-4695
-4495
-4350
-4619
-4593
-4154
-3557
-3067
-3015
-2710
-2125
-1346
-853
-711
-611
-345
227
970
1568
1770
1536
1125
1157
1647
2265
2549
2241
1651
1206
1089
1313
1510
1480
1021
433
-49
-194
-27
-117
-250
-612
-823
-896
-999
-985
-1133
-1209
-1196
-971
-716
-581
-621
-706
-663
-641
-196
247
674
411
10
43
358
1048
1226
989
-9
-1391
-2335
-2475
-2237
-2445
-3056
-3770
-4370
-5138
-6075
-6457
-6317
-5836
-5817
-6134
-6668
-7038
-6910
-6265
-5053
-4202
-3825
-3897
-3798
-2923
-1465
245
1401
2089
2333
2741
3572
4867
6492
7622
7969
7760
7664
8153
8836
9405
9711
9444
8828
8084
7645
7581
7426
6974
6162
5213
4291
3491
2787
2291
1669
960
76
-827
-1480
-2041
-2417
-2955
-3224
-3551
-3848
-4245
-4694
-4791
-4782
-4528
-4403
-4298
-4164
-3974
-3631
-3231
-2771
-2303
-1872
-1395
-995
-669
-276
124
677
1111
1422
1550
1563
1702
1882
2111
2296
2279
2117
1891
1624
1546
1626
1639
1472
1077
551
275
66
-31
-104
-246
-346
-649
-945
-1154
-1252
-1156
-1001
-863
-923
-1036
-1171
-1109
-915
-718
-700
-508
-250
28
16
-266
-246
148
833
1237
648
-833
-2539
-3112
-2710
-2083
-2336
-3101
-4179
-5344
-6263
-6566
-5866
-5134
-5149
-5952
-6789
-6944
-6548
-5702
-4888
-4153
-3842
-3835
-3627
-2860
-1430
-22
1011
1578
2084
2790
3534
4572
5706
6906
7473
7552
7662
7971
8517
8850
9071
9208
8952
8392
7762
7385
7135
6881
6367
5653
4712
3794
2970
2254
1703
1122
467
-313
-1082
-1791
-2391
-2872
-3143
-3282
-3482
-3856
-4399
-4795
-4938
-4644
-4276
-3998
-3942
-3993
-3883
-3599
-3100
-2417
-1729
-1352
-1184
-1057
-770
-140
442
929
1284
1384
1355
1332
1597
1971
2222
2182
1937
1784
1605
1644
1675
1622
1515
1184
806
443
256
150
40
-114
-347
-588
-751
-954
-1092
-1151
-1274
-1210
-1147
-1020
-1001
-1069
-1036
-974
-835
-773
-614
-484
-368
-167
5
187
181
238
684
838
143
-1262
-2585
-2777
-2474
-2322
-2374
-3006
-3804
-5293
-6409
-6337
-5525
-4722
-4942
-5621
-6346
-6652
-6368
-5532
-4149
-3281
-2980
-3304
-3212
-2217
-759
767
1689
2355
2760
3153
3793
4889
6340
7265
7614
7548
7721
8024
8383
8716
8932
9019
8538
7922
7316
7012
6664
6154
5582
4886
4111
3253
2401
1691
1084
545
-115
-867
-1519
-2172
-2772
-3281
-3545
-3687
-3809
-4084
-4441
-4698
-4943
-4751
-4380
-3853
-3578
-3606
-3637
-3469
-2902
-2202
-1520
-1099
-868
-720
-575
-101
385
1045
1493
1630
1541
1428
1586
1899
2215
2287
2217
1908
1594
1489
1490
1549
1417
1128
787
360
76
-111
-140
-204
-343
-541
-738
-902
-1122
-1256
-1296
-1168
-1055
-1059
-1094
-1164
-1187
-1094
-960
-719
-484
-258
-267
-251
-251
5
424
646
866
456
-425
-1658
-2755
-2982
-2627
-2297
-2351
-3140
-4217
-5471
-6353
-6276
-5529
-4683
-4588
-5352
-6245
-6726
-6177
-5027
-3769
-2870
-2730
-2944
-2888
-2112
-511
1105
2217
2780
3082
3422
4156
5107
6294
7188
7644
7762
7847
8103
8377
8605
8622
8451
8166
7772
7361
6890
6368
5708
4959
4284
3720
3087
2291
1356
541
-51
-597
-1042
-1543
-2090
-2674
-3288
-3615
-3762
-3784
-3834
-4106
-4426
-4600
-4585
-4149
-3619
-3215
-3033
-3124
-3025
-2596
-1875
-1147
-676
-423
-299
-133
134
637
1192
1622
1734
1678
1662
1716
1908
2022
2087
2055
1876
1621
1414
1327
1291
1109
867
567
264
19
-244
-387
-548
-683
-859
-956
-1152
-1212
-1367
-1558
-1641
-1535
-1289
-1055
-1002
-1044
-1058
-1161
-1021
-870
-475
-116
67
-4
-336
-503
-236
408
996
671
-538
-2184
-3159
-3203
-2690
-2221
-2226
-2991
-4297
-5669
-6350
-5903
-5029
-4458
-4591
-5251
-5799
-6046
-5655
-4759
-3632
-2861
-2591
-2505
-2212
-1337
-279
891
1832
2604
3294
3880
4565
5299
6103
6640
7089
7502
7908
8277
8276
8180
7951
7736
7550
7379
7192
6769
6156
5227
4467
3866
3436
3017
2399
1627
622
-234
-849
-1181
-1323
-1655
-2143
-2770
-3364
-3593
-3674
-3646
-3777
-3919
-3920
-3903
-3661
-3357
-3019
-2825
-2679
-2461
-2001
-1453
-1019
-659
-397
-81
163
482
836
1160
1377
1355
1441
1533
1745
1974
1995
1953
1721
1482
1272
1170
1193
1109
886
519
155
-100
-281
-412
-578
-757
-1038
-1231
-1370
-1424
-1351
-1391
-1573
-1761
-1742
-1565
-1356
-1217
-1188
-1113
-1182
-1197
-1156
-853
-521
-256
-323
-479
-488
-461
-110
208
491
177
-712
-1829
-2444
-2427
-2244
-2330
-2695
-3120
-3720
-4351
-4908
-5033
-4799
-4567
-4565
-4691
-4727
-4602
-4346
-4041
-3599
-3038
-2566
-1996
-1330
-439
339
922
1499
2150
2984
3828
4628
5357
5978
6338
6589
6892
7336
7759
7951
7901
7691
7412
7139
6750
6412
6026
5570
5046
4390
3755
3168
2563
1916
1193
565
60
-454
-879
-1288
-1724
-2135
-2609
-2929
-3112
-3242
-3241
-3395
-3531
-3557
-3480
-3106
-2851
-2696
-2552
-2397
-2033
-1645
-1257
-859
-638
-435
-281
-59
294
586
846
941
1010
1091
1128
1255
1356
1472
1374
1178
963
866
810
726
576
269
95
-161
-331
-441
-602
-808
-1097
-1287
-1355
-1266
-1209
-1282
-1458
-1713
-1813
-1681
-1410
-1198
-1151
-1162
-1257
-1231
-1116
-887
-678
-707
-718
-647
-402
-108
62
53
-80
-96
40
161
-28
-515
-1098
-1517
-1815
-2106
-2342
-2596
-2786
-3149
-3578
-3870
-4100
-4061
-4082
-4018
-3831
-3729
-3605
-3477
-3116
-2696
-2212
-1798
-1320
-666
26
691
1151
1652
2284
2992
3724
4290
4914
5375
5702
5923
6127
6486
6638
6737
6618
6464
6311
6013
5793
5513
5207
4743
4063
3415
2814
2398
1981
1521
1129
650
124
-462
-947
-1288
-1539
-1748
-1947
-2117
-2361
-2611
-2903
-2968
-2757
-2469
-2254
-2337
-2401
-2299
-2054
-1801
-1359
-940
-691
-556
-567
-442
-243
99
416
567
673
625
644
697
750
850
797
748
621
612
559
426
259
-16
-249
-376
-462
-545
-616
-896
-1092
-1319
-1525
-1629
-1690
-1577
-1338
-1255
-1374
-1579
-1685
-1525
-1234
-910
-823
-754
-680
-627
-504
-531
-577
-643
-581
-327
-156
30
211
242
174
75
55
204
184
-133
-717
-1226
-1467
-1536
-1690
-2051
-2346
-2679
-2783
-2816
-3046
-3176
-3297
-3365
-3406
-3349
-3092
-2727
-2447
-2214
-1892
-1621
-1311
-888
-300
348
863
1356
1815
2335
2930
3393
3785
4117
4471
4846
5185
5441
5635
5696
5558
5301
5115
5061
4953
4803
4532
4188
3689
3145
2672
2276
1989
1635
1213
764
265
-53
-296
-481
-664
-940
-1291
-1635
-1779
-1874
-1923
-1836
-1870
-1766
-1891
-2000
-1899
-1766
-1512
-1336
-1165
-1082
-942
-768
-601
-470
-347
-153
-27
102
232
300
360
370
444
434
366
322
224
163
14
-116
-250
-331
-505
-650
-752
-1035
-1344
-1494
-1318
-1175
-1142
-1183
-1159
-1101
-1249
-1214
-1074
-829
-759
-881
-788
-614
-361
-495
-746
-857
-748
-415
-180
68
98
-97
-341
-488
-454
-393
-188
-13
228
368
334
233
111
305
412
98
-540
-1188
-1503
-1558
-1430
-1473
-1594
-1843
-2212
-2492
-2660
-2585
-2540
-2551
-2509
-2465
-2196
-2160
-1943
-1671
-1491
-1217
-1067
-770
-291
274
838
1257
1634
1919
2269
2692
3085
3475
3812
4074
4258
4319
4460
4560
4588
4447
4293
4138
3998
3734
3458
3204
3002
2787
2352
2001
1746
1480
1250
934
692
384
77
-108
-325
-528
-666
-827
-1060
-1168
-1297
-1329
-1291
-1374
-1294
-1342
-1281
-1196
-1195
-1116
-994
-906
-920
-762
-619
-477
-519
-621
-497
-384
-202
-187
-408
-508
-525
-528
-567
-559
-567
-583
-477
-405
-605
-994
-1161
-1142
-903
-590
-615
-975
-1418
-1342
-815
-564
-651
-668
-713
-668
-582
-605
-676
-999
-1009
-478
180
486
81
-504
-698
-319
-89
-91
-235
-151
328
482
456
11
-342
-463
-371
-209
70
326
387
301
115
93
181
137
-198
-814
-1257
-1363
-1171
-1065
-1072
-1131
-1279
-1631
-1986
-2161
-2077
-1874
-1819
-1719
-1727
-1632
-1386
-1112
-940
-957
-925
-818
-496
-66
531
1137
1443
1483
1442
1636
1926
2371
2756
2982
3191
3232
3312
3439
3589
3695
3609
3366
3085
2947
2989
2983
2843
2701
2437
2061
1830
1579
1440
1094
656
359
201
98
-25
-103
-238
-340
-529
-803
-997
-1109
-1103
-1003
-988
-971
-955
-992
-963
-965
-970
-1051
-1089
-1120
-988
-709
-684
-838
-906
-718
-507
-443
-481
-737
-684
-605
-615
-717
-632
-232
-121
-417
-778
-808
-770
-808
-893
-723
-386
-175
-301
-407
-456
-491
-528
-685
-451
-154
-86
-286
-448
-293
-233
-358
-382
-187
20
196
243
146
28
-148
-371
-447
-195
64
125
-75
-265
-337
-517
-609
-533
-294
-207
-320
-508
-440
-134
5
5
-160
-302
-335
-270
-396
-625
-779
-929
-1015
-1052
-1092
-1167
-1336
-1447
-1483
-1353
-1184
-1148
-1002
-1012
-1053
-1112
-963
-679
-427
-209
-123
71
323
644
897
1092
1246
1352
1503
1758
2147
2398
2524
2652
2687
2693
2747
2857
2871
2852
2800
2668
2514
2351
2218
2135
2004
1752
1395
1149
1044
1038
879
627
347
9
-299
-456
-445
-304
-269
-483
-762
-1026
-1153
-1161
-1097
-963
-958
-999
-945
-800
-631
-562
-612
-733
-835
-760
-563
-413
-324
-251
-54
-13
-136
-310
-512
-525
-468
-355
-300
-246
-154
-29
44
-141
-449
-644
-661
-570
-562
-624
-577
-287
27
96
-340
-720
-631
-309
-160
-316
-492
-497
-255
86
262
110
-296
-659
-797
-692
-557
-499
-438
-579
-661
-562
-340
-262
-498
-774
-910
-785
-537
-355
-325
-316
-217
-72
-100
-152
-236
-331
-248
-76
84
120
9
-217
-375
-530
-611
-610
-646
-702
-670
-612
-705
-899
-1018
-907
-758
-612
-580
-625
-565
-423
-312
-217
-142
-54
13
258
547
795
1064
1223
1314
1415
1617
1776
1992
2149
2212
2139
2123
2118
2095
2178
2145
2032
1887
1732
1565
1548
1349
1076
909
726
665
568
418
278
60
-26
-35
-46
-97
-267
-308
-398
-388
-284
-240
-259
-423
-422
-310
-207
-389
-564
-414
-42
332
282
5
-320
-390
-332
-230
-106
-52
24
-10
24
27
-72
-134
-243
-282
-358
-427
-459
-222
-12
-89
-521
-953
-1019
-682
-251
-46
-254
-640
-764
-833
-691
-626
-618
-524
-587
-614
-592
-691
-864
-906
-563
-408
-443
-441
-480
-490
-548
-619
-673
-585
-409
-229
-247
-374
-519
-485
-372
-319
-273
-384
-169
92
79
-175
-590
-678
-534
-305
-16
152
133
38
91
31
-86
-182
-250
-275
-236
-32
41
106
23
-12
-9
-166
-302
-432
-422
-329
-265
-97
65
110
49
-111
-169
-167
-59
94
279
441
447
500
538
676
861
991
1070
1017
1095
1205
1171
1169
1216
1235
1210
1096
1059
1000
1005
1036
1016
992
885
772
644
398
258
196
280
409
394
389
232
234
278
241
16
-163
-138
48
232
369
315
185
190
225
314
298
352
260
234
116
58
146
217
309
312
263
-84
-333
-432
-247
-330
-513
-614
-520
-318
-320
-461
-620
-609
-578
-442
-537
-579
-605
-445
-392
-593
-790
-961
-728
-528
-394
-594
-746
-745
-665
-509
-488
-405
-535
-636
-628
-560
-396
-297
-176
-203
-576
-597
-430
-192
-40
-449
-732
-900
-637
-226
-54
-52
-316
-466
-409
-288
-191
-276
-469
-426
-94
134
142
42
8
-3
-119
-107
-252
-111
-24
39
69
-48
35
44
239
273
202
-42
-325
-373
-181
14
147
120
38
14
50
91
74
27
-139
-141
-117
-15
161
274
409
409
395
462
429
488
536
606
648
712
799
918
990
990
887
948
870
847
874
870
937
758
701
576
652
813
860
867
683
603
520
367
336
393
463
479
362
251
229
299
303
200
205
161
90
107
163
165
49
-44
-126
-78
-35
-210
-217
-285
-217
-222
-251
-231
-413
-537
-523
-370
-206
-233
-494
-623
-587
-382
-383
-535
-545
-400
-261
-328
-492
-640
-697
-613
-484
-281
-237
-301
-347
-490
-402
-527
-506
-632
-863
-725
-564
-163
-78
-181
-279
-332
-335
-549
-737
-768
-599
-299
-161
-160
-226
-183
-256
-425
-693
-737
-390
23
278
209
41
32
-7
-142
-244
-325
-276
-237
68
248
258
197
107
24
-169
-231
-279
-158
67
298
356
247
253
132
1
-121
-196
-166
-184
-71
166
387
391
191
55
-50
-117
-117
-132
-83
71
148
225
355
437
480
460
356
237
167
246
434
620
737
810
853
872
815
692
623
605
636
588
624
732
850
905
831
628
417
348
266
263
266
383
512
562
491
316
191
143
171
138
221
337
301
213
91
24
30
-42
-116
-225
-265
-174
-19
16
-64
-185
-299
-231
-312
-310
-239
-172
-55
-86
-77
-147
-291
-435
-563
-594
-495
-245
-81
-76
-174
-274
-237
-267
-235
-371
-552
-657
-701
-567
-418
-229
-197
-207
-203
-203
-262
-413
-670
-941
-914
-676
-313
-159
-228
-371
-494
-447
-451
-472
-560
-518
-358
-158
-17
-83
-52
-58
-5
-81
-346
-459
-393
-93
-24
-198
-341
-212
212
461
232
-227
-410
-245
21
175
55
-46
24
152
190
-7
-208
-275
-56
179
239
116
-56
-59
-20
115
171
126
121
84
159
307
417
348
155
-66
-77
146
315
369
311
335
436
470
352
190
132
213
510
634
513
323
254
471
633
701
580
265
192
189
336
468
550
600
429
386
390
498
406
195
178
239
421
488
446
435
356
313
220
124
13
-50
41
159
290
166
-30
-134
-110
15
21
-9
-57
-90
-83
-147
-139
-184
-189
-60
38
162
-31
-174
-261
-157
41
51
11
-252
-363
-262
-106
-204
-526
-563
-382
-62
86
-206
-543
-727
-662
-461
-447
-559
-439
-211
15
36
-199
-469
-723
-761
-773
-596
-388
-80
2
-35
-179
-364
-426
-543
-498
-559
-443
-194
42
190
153
13
14
-57
-131
-107
-56
26
87
152
72
27
-39
-37
-3
-130
-140
-235
-244
-231
-307
-314
-256
100
280
253
44
-174
-131
-269
-208
10
242
368
385
397
260
243
225
164
135
202
261
228
215
277
437
495
401
167
26
-71
-46
125
175
133
-6
153
365
397
227
-99
-242
-95
184
322
377
398
337
216
181
170
-9
-45
190
365
636
577
310
19
-95
-2
-26
-36
-95
94
327
365
206
130
241
371
503
221
-76
-193
-82
493
713
505
20
-150
220
400
257
-200
-229
-209
219
415
239
23
-69
195
229
167
-193
-162
-261
-170
-280
-428
-256
-193
65
-302
-735
-975
-819
-320
78
167
-257
-822
-813
-261
222
116
-300
-462
-188
179
-35
-451
-739
-662
-346
-210
-170
-150
-72
61
-21
-203
-334
-346
-193
89
202
218
76
-176
-191
-197
-147
-250
-326
-238
110
235
178
31
-129
-304
-430
-367
-252
93
120
190
42
-84
-153
-234
-189
-284
-315
-354
-81
248
381
233
-23
-163
-128
166
327
376
357
349
395
397
345
238
103
72
78
161
212
228
127
112
78
53
14
24
26
155
335
409
354
137
-5
-30
112
166
253
155
117
165
255
171
93
127
262
365
61
-101
-89
136
345
338
23
-131
-27
156
273
185
62
56
119
112
12
-155
-36
109
291
224
89
-65
-101
3
-51
6
-302
-352
-186
73
251
31
-28
-118
-244
-220
-133
-2
118
344
343
98
-122
-94
133
192
17
-256
-391
-442
-163
168
302
217
-184
-238
-137
-73
-87
-285
-353
-344
-137
158
245
191
-24
-108
-205
-151
-59
-124
-293
-408
-306
-116
-106
-119
-135
-229
-250
-300
-210
-379
-384
-318
-329
-209
-256
46
152
210
14
-244
-183
-262
-147
-77
-186
-175
-93
85
269
316
241
-10
-102
-82
-161
-168
-283
-203
-240
-16
123
134
177
-67
-133
-282
-174
25
121
168
-8
-29
105
338
574
535
443
272
295
200
211
143
-37
-125
-198
29
152
392
414
222
60
-11
14
-50
-76
-12
127
388
443
427
286
98
9
-79
9
50
39
277
397
429
237
-33
-154
-87
130
242
215
26
-108
-173
-232
-235
-125
-81
-70
-79
59
118
99
-8
-196
-277
-114
138
235
278
182
206
153
242
208
91
-87
-192
-147
-238
-191
-124
123
253
264
34
-107
-20
-93
-188
-205
-247
-159
-240
-323
-149
-27
35
0
-101
-28
7
-65
-222
-280
-341
-286
-89
19
142
81
48
-147
-310
-407
-372
-148
-131
-85
-95
-152
-71
19
164
118
23
-54
-148
-292
-183
-28
160
161
121
118
68
-22
-146
-199
-301
-73
127
364
258
133
-44
-81
-107
-122
-62
-20
85
218
256
136
60
-78
249
453
404
36
-252
-273
-91
98
-87
-127
-137
95
268
317
72
-250
-375
-375
-112
114
275
202
196
185
170
81
-132
-142
-234
-98
42
186
249
203
145
-7
-79
-273
-119
43
223
201
119
64
-23
85
171
259
134
-31
-208
-206
-30
70
195
112
6
-163
-146
-54
-19
-82
-92
151
340
244
-25
-213
-97
115
203
12
-164
-72
15
177
-25
-162
-257
-85
151
172
34
-119
-46
-7
79
45
-22
63
180
166
-56
-217
-265
-48
122
181
54
-198
-227
-219
-9
147
193
68
-175
-329
-247
-16
114
191
-113
-229
-240
-138
74
140
105
46
119
67
120
6
-7
-191
-172
-86
164
258
104
39
-80
-102
-228
-68
-31
26
7
-78
-277
-288
-22
188
273
60
-85
-311
-234
-117
-75
92
89
-5
-94
-36
165
202
93
-93
-251
-294
-212
-81
-49
175
148
167
25
-73
-106
-320
-278
-231
104
268
203
28
-40
34
78
84
46
117
307
343
235
108
13
126
184
219
161
88
122
124
202
111
122
57
-267
-387
-460
-223
-21
-10
12
33
8
25
-52
35
75
40
25
29
33
33
128
202
246
128
74
-29
-27
-49
-141
-211
-100
92
69
-69
-198
-77
148
193
-26
-252
-188
-31
24
-183
-427
-385
-60
162
162
90
-107
-77
110
146
183
-72
-151
-105
32
200
218
303
264
227
98
26
-89
-285
-278
-205
147
494
382
149
-88
-30
129
148
96
30
-28
-2
83
222
148
135
124
34
-30
-174
-246
-274
-117
-79
-103
-97
-167
-63
-48
-92
-116
-139
-28
32
-22
-110
-53
-56
-98
-170
-180
77
154
146
50
-136
-207
-257
-111
2
38
54
86
126
120
60
-151
-355
-450
-315
18
100
187
-12
-56
5
26
161
29
-132
-256
-252
20
279
410
349
63
-79
-136
-140
-141
-96
6
132
258
354
264
-8
-160
-175
-137
-19
6
-32
-115
-203
-36
61
103
29
-90
-198
-241
-162
-42
65
31
81
299
341
92
-162
-286
-152
127
340
273
144
60
70
82
51
49
24
16
-19
16
34
131
159
44
-166
-78
-115
-76
34
111
139
-7
-75
-179
-48
0
-22
-81
-119
10
211
321
163
-46
-159
-67
50
-9
-232
-155
283
487
335
-45
-285
-239
-69
48
-161
-317
-41
348
566
463
126
-58
55
292
160
-195
-418
-394
-120
7
92
-25
-167
-174
-50
131
96
-69
-263
-267
9
138
80
46
20
36
26
110
137
79
-44
-206
-255
-186
11
93
25
-96
-250
-243
-46
-35
-140
-211
-310
-259
-243
-126
10
176
247
179
37
-124
-103
41
191
187
123
-35
-70
28
188
167
-68
-302
-217
-41
130
232
157
65
-24
-13
19
-58
-69
14
128
321
267
96
-61
-38
3
-15
-73
-104
31
127
204
214
58
-123
-133
-66
-11
61
61
113
100
150
166
154
134
60
-110
-228
-128
91
267
208
90
-22
44
76
32
-44
-87
-133
-78
-12
-21
-26
-88
26
37
7
-39
-5
132
147
88
-77
-256
-356
-398
-138
124
270
152
-28
-17
0
28
-195
-390
-285
-145
-82
27
126
156
26
-70
-134
-23
75
52
15
-41
-62
-80
62
163
140
-70
-165
-150
-59
5
-19
-32
-58
-54
-126
-113
-128
7
33
-2
61
183
352
362
157
-100
-221
-228
-23
143
197
49
-115
-175
-99
16
56
76
95
51
-23
-88
-93
-12
1
11
-27
-16
49
80
54
5
-144
-242
-250
-262
-237
-99
106
259
297
254
173
51
-51
-130
-139
-90
-121
-32
150
198
160
47
-58
-133
-218
-213
-61
115
166
108
58
109
116
120
111
107
94
55
11
70
117
19
-78
-77
52
60
25
46
20
34
-24
19
86
98
73
-12
-27
-26
18
144
156
6
-170
-194
7
224
244
91
-103
-172
-156
-133
-120
-167
-93
44
174
164
77
10
12
128
26
-63
-161
-38
87
17
-77
-181
-143
-78
8
48
54
-46
-148
-198
-124
0
-6
-17
-25
27
84
80
26
-28
-66
-157
-226
-129
-1
146
134
129
151
71
-21
-124
-50
-74
-102
-106
32
202
292
241
-9
-147
-233
-165
-73
39
82
10
-17
-8
-2
21
22
-2
-72
-145
-168
-99
-2
-8
12
29
54
45
7
5
-22
-92
-209
-236
-36
144
188
133
56
-2
10
106
126
64
-48
-73
42
163
111
-83
-143
-83
62
224
252
96
-123
-217
-151
9
134
198
133
90
100
70
-29
-119
-106
-27
138
185
125
-13
-105
-104
-86
6
68
7
0
34
88
17
-101
-200
-190
-52
92
190
137
135
150
167
123
86
32
-73
-113
-115
-97
-84
-11
47
58
38
-12
-70
-177
-220
-234
-184
-72
-28
65
157
161
57
-51
-130
-101
-50
51
109
105
87
2
0
-3
38
68
3
-9
-14
-28
-98
-178
-262
-343
-323
-245
-59
95
128
86
33
-24
-89
-84
-31
54
82
59
46
31
59
92
112
92
36
-27
-49
-31
-13
14
-26
-84
-79
-19
12
-1
-36
-86
-79
-45
-25
-9
49
18
-129
-205
-140
84
265
331
320
239
144
56
19
2
-39
-47
-28
88
223
285
213
41
-87
-151
-145
-129
-96
-20
52
89
42
10
38
51
7
-12
32
104
123
33
-25
-39
-6
21
49
70
36
13
-51
-117
-140
-154
-127
-119
-53
74
190
204
116
5
-56
-16
64
85
6
-80
-99
-73
-49
-22
-7
-21
-9
-9
-50
-125
-192
-217
-182
-49
141
300
317
198
50
-29
-63
-108
-113
-121
-78
-3
56
135
146
72
-69
-214
-270
-201
-73
-1
71
62
113
207
246
234
83
-110
-265
-306
-168
-25
96
131
98
75
40
14
-61
-102
-181
-261
-216
-126
26
108
86
-35
-184
-198
-151
-56
17
49
96
87
8
-72
-52
80
224
316
294
198
143
96
81
44
-12
-65
-98
-96
-70
-52
-49
-62
-87
-69
-62
-75
-121
-230
-315
-334
-220
19
193
254
229
151
100
27
-46
-79
-113
-47
69
200
285
272
202
62
-42
-123
-176
-152
-92
-5
78
67
44
65
113
190
229
156
46
-38
-70
-78
-64
-6
62
90
92
80
58
7
-53
-108
-184
-166
-91
2
18
-9
3
34
90
130
135
71
-47
-114
-95
-5
85
114
138
151
133
87
18
-71
-125
-172
-204
-226
-193
-97
6
92
98
14
-106
-182
-141
-67
9
56
111
135
72
-14
-83
-114
-81
-38
37
94
66
32
-5
15
16
-35
-56
-82
-61
-27
-26
-16
-57
-93
-84
-35
15
2
-75
-123
-157
-111
-26
11
64
64
39
30
-39
-96
-138
-81
16
99
148
147
153
123
108
91
64
40
29
40
54
3
8
39
100
141
108
46
-45
-134
-164
-159
-94
-41
-37
-4
19
55
77
26
-15
0
52
98
43
14
-3
-15
0
-13
-4
-2
33
91
121
87
5
-17
-31
-70
-113
-166
-119
-50
-21
-11
-26
-25
-37
-36
-26
-26
-51
-67
-21
18
17
19
37
24
13
31
37
38
54
91
163
228
209
156
113
92
66
50
64
85
124
99
50
5
-48
-69
-79
-29
-10
-3
-7
-47
-23
4
26
18
-10
-5
-51
-149
-228
-234
-164
-99
-2
67
72
44
-55
-78
-75
-92
-103
-95
-29
20
68
119
110
81
79
69
33
-21
-40
-36
-26
-31
-17
1
11
5
-56
-95
-179
-219
-202
-154
-95
-92
-52
-35
-30
3
37
69
118
86
31
6
2
12
0
6
8
19
13
42
42
-1
-28
-53
-68
-69
-79
-49
-19
25
62
33
14
13
21
-20
-48
-54
-9
18
36
69
72
57
63
99
82
46
14
20
9
9
43
57
54
50
55
55
50
40
40
38
27
30
34
36
22
6
-27
-58
-27
-14
-17
-24
-6
-11
-31
-39
-74
-99
-101
-60
-37
-20
-30
-28
-10
0
-11
-1
17
40
67
75
86
93
106
86
55
54
73
46
-2
-38
-11
2
-18
-27
-49
-31
-39
-67
-80
-82
-71
-81
-60
-56
-56
-32
-41
-18
-5
3
18
6
-20
-17
-2
-1
-8
-27
-54
-40
-53
-48
-23
-44
-22
-24
-21
-12
-6
32
49
71
66
57
63
48
26
10
9
19
33
61
86
94
93
87
44
7
-4
30
34
51
57
48
64
57
57
7
14
-4
-34
-16
1
32
43
44
19
32
29
3
11
-22
-30
-7
4
27
34
31
1
-10
-31
-44
-50
-45
-8
6
-13
-55
-75
-50
-34
-31
-26
-22
-10
-31
-30
-19
-5
6
-2
12
3
1
-1
-9
8
-14
-14
-24
-18
-12
-16
-37
-60
-41
-2
15
-3
-37
-93
-101
-89
-72
-50
-52
-52
-27
-23
-7
-12
-20
-21
-49
-54
-46
-32
14
38
34
35
33
33
26
30
40
47
32
3
-7
-18
-1
29
32
36
9
-26
-29
-17
-4
-7
-18
-8
22
53
76
92
107
90
43
-29
-69
-62
-26
-8
3
10
10
37
66
99
84
47
0
-25
1
26
40
31
27
34
45
55
26
-17
-47
-71
-59
-28
11
46
34
-24
-73
-87
-76
-33
-5
-16
-43
-65
-38
-10
8
18
18
23
21
26
25
50
63
51
45
41
57
70
62
57
47
24
-17
-10
15
2
-33
-51
-34
-28
-22
-19
-2
4
-18
-13
-3
2
7
-13
-6
-8
0
-5
-17
-18
-21
-19
-47
-63
-56
-41
-22
-8
-9
-18
-22
-16
-19
-22
-22
-25
-34
-38
-52
-60
-57
-35
-20
-12
-2
14
24
18
7
-7
-5
-9
-18
-10
6
30
39
31
43
60
59
64
61
66
62
54
56
46
49
26
19
36
18
-20
-52
-58
-44
-39
-48
-73
-78
-55
-51
-60
-66
-50
-19
-18
-34
-43
-25
4
24
30
25
16
1
-27
-43
-33
-11
8
10
3
3
1
19
27
24
20
1
-5
3
28
42
53
56
50
38
-2
-12
13
26
38
14
-3
14
32
37
32
29
8
0
-9
0
6
2
5
5
4
-5
0
12
15
-1
-4
-5
3
16
14
14
16
16
33
33
15
13
11
19
25
28
15
-7
-28
-30
-5
7
-21
-37
-39
-51
-40
-35
-20
12
23
10
12
16
9
11
28
43
49
40
13
-2
-12
-29
-30
-14
-11
-5
-3
-19
-30
-53
-49
-41
-47
-24
-37
-10
17
27
27
-5
-10
-8
-8
4
15
21
18
14
17
29
30
23
19
0
-15
-28
-39
-50
-58
-43
-21
-12
-8
-14
-4
24
33
33
7
-24
-41
-44
-45
-28
-13
-33
-36
-22
-13
-12
-53
-54
-27
-23
-9
0
22
10
-5
-2
2
9
15
14
18
26
19
19
11
21
21
22
35
30
29
20
24
28
17
22
16
14
1
-8
-4
-4
1
-19
-14
-2
25
17
-22
-23
-28
-15
-17
3
28
27
35
17
24
9
-21
-18
-18
0
3
-13
-26
-24
-11
-5
10
21
29
37
21
36
48
44
46
33
49
32
12
13
19
25
-5
-6
-8
10
14
3
12
11
12
-1
11
7
-29
-44
-51
-36
-5
3
-2
9
-9
-14
-20
-13
-2
-10
-17
-21
6
18
2
-14
-5
-7
-19
-17
-11
-11
-17
-25
-23
-17
-7
-8
-12
-7
-10
-1
-3
-7
-7
-32
-55
-45
-30
-12
-2
2
2
-15
-22
-22
-10
-6
-23
-20
-7
2
5
-5
1
-2
17
29
17
29
19
27
42
49
58
30
18
28
8
10
-2
-3
18
8
-19
-27
-30
-27
-18
1
7
-2
5
9
33
27
10
3
11
-4
1
14
13
31
28
30
29
12
-7
-17
-26
-24
-11
-12
-16
-17
-24
-6
1
5
-1
-9
-4
-10
1
15
11
6
10
9
1
14
15
6
4
-5
-11
-15
-14
-25
-19
-5
1
6
15
7
18
3
-10
-6
1
0
-13
-19
-31
-36
-37
-32
-29
-22
-33
-26
4
7
-1
-10
5
5
4
5
-7
-3
3
-2
-1
-4
0
14
9
12
35
30
25
27
31
44
36
34
22
14
21
5
9
22
28
35
27
29
34
22
13
27
26
21
16
0
10
0
-13
-14
-21
-15
-27
-32
-28
-28
-29
-33
-37
-34
-41
-44
-31
-25
-18
-21
-16
-13
-12
-3
-2
7
8
17
6
-2
-3
-6
0
0
10
9
-17
-29
-40
-39
-27
-30
-14
-10
-5
18
20
19
2
-7
-20
-8
-2
-12
-24
-24
-13
-3
12
36
45
45
44
29
21
5
-10
-14
-14
0
7
-6
-10
0
-7
-4
-5
-11
-6
-2
20
35
26
7
11
10
9
2
-9
-8
-10
-9
2
4
18
32
40
48
48
43
25
14
4
-4
-15
-32
-37
-45
-48
-49
-46
-34
-24
-22
-17
-16
-12
-6
-12
-15
-11
-16
-16
-22
-21
-17
-21
-16
-14
-6
1
6
10
23
39
48
54
44
34
22
19
16
7
7
-9
-7
1
7
25
19
18
36
39
34
36
39
30
30
19
15
18
15
11
0
-13
-9
-12
-24
-8
2
-1
-13
-22
-24
-20
-18
-9
-2
0
-9
-19
-19
-15
-10
-5
2
6
5
5
1
6
16
27
36
38
33
26
11
-6
-11
-6
-5
-14
-7
-9
-17
-18
-27
-28
-37
-44
-37
-20
-5
-5
-6
-9
-1
14
13
13
1
-6
-10
-4
0
-5
-15
-31
-27
-19
-15
-5
-16
-18
-25
-31
-11
-22
-23
-31
-39
-36
-36
-18
-3
7
10
15
24
28
28
12
-5
-4
-4
2
1
9
29
34
29
16
21
24
6
-13
-19
-8
10
5
2
8
23
13
11
25
21
15
14
20
22
12
-7
-10
-5
-3
14
34
37
49
40
37
50
37
14
14
14
25
22
16
10
-6
-26
-28
-32
-35
-12
-13
-25
-29
-25
-3
-1
8
12
13
7
-8
-10
-20
-14
0
8
17
25
23
18
6
-4
-6
-11
3
-4
-26
-32
-57
-61
-56
-65
-50
-58
-53
-47
-37
-39
-36
-19
-28
-19
-11
-20
-14
-18
-14
-6
12
23
14
21
32
59
40
25
34
27
14
5
12
21
31
24
25
21
1
14
32
32
39
16
15
31
21
23
19
17
18
12
-4
-10
-17
-14
8
27
34
23
11
-7
-29
-54
-58
-60
-60
-40
-30
-11
-3
-22
-35
-33
-6
0
-3
-8
-3
9
2
10
22
17
34
23
11
29
25
31
36
46
73
99
98
79
65
36
23
11
-9
-12
-11
-4
0
4
-8
-16
-31
-65
-67
-77
-61
-39
-20
4
-11
-11
-16
-6
-9
-16
-9
-12
10
6
-6
-9
-16
0
16
37
25
-2
-15
-27
-3
18
21
16
7
-15
-24
-21
-23
-15
-11
-8
-4
-1
15
4
1
4
-4
-14
-20
-18
-6
10
18
24
24
10
-2
-26
-41
-48
-51
-51
-52
-40
-40
-32
-20
-35
-38
-39
-51
-56
-66
-46
-26
9
27
15
25
25
33
14
3
10
6
2
7
11
11
15
26
27
17
7
10
8
7
0
-8
-1
-3
9
5
9
2
-27
-19
-10
22
48
59
52
53
48
45
34
15
3
10
29
39
43
40
14
6
23
42
36
30
23
13
31
43
51
41
24
15
1
7
21
30
19
9
13
9
4
-1
6
15
-10
-11
-22
-40
-34
-21
-6
-5
-6
-6
-18
-25
-19
-42
-47
-52
-41
-46
-40
-36
-32
-16
-35
-29
-21
-30
-38
-49
-57
-48
-49
-35
-19
-6
3
-8
-18
-18
-2
-3
9
6
-6
-5
-13
4
17
32
33
39
37
24
13
10
8
4
16
6
10
22
22
34
37
30
26
11
23
31
43
56
26
18
9
12
13
6
17
7
10
24
12
-8
-23
-26
-25
-37
-38
-31
-46
-63
-69
-87
-83
-81
-66
-55
-59
-52
-52
-35
-23
-2
10
13
12
3
12
13
20
15
30
39
33
39
30
24
19
16
19
13
21
19
27
27
23
25
12
23
32
44
55
48
45
24
13
14
22
33
48
51
34
49
46
32
27
19
20
19
5
-3
-18
-28
-31
-32
-35
-30
-17
-23
-11
-14
-13
1
-4
10
13
-2
-8
-7
-4
-11
-8
-11
-15
-14
-29
-47
-49
-51
-47
-46
-47
-47
-42
-35
-28
-18
-10
-10
-11
-11
5
16
21
15
9
5
1
4
6
7
2
3
6
7
11
7
11
10
21
27
12
31
29
33
28
14
24
13
8
7
3
-5
-17
-23
-34
-22
-14
-12
-4
-3
-4
-19
-36
-43
-38
-47
-52
-33
-17
-17
-14
-12
-22
-18
-2
5
20
16
2
-5
-9
5
10
7
3
4
13
12
10
15
0
4
5
2
17
31
25
20
22
20
24
12
18
7
2
12
4
-3
-11
-30
-20
-11
-5
0
-5
-8
-9
-12
-20
3
20
33
20
12
19
16
17
19
40
58
52
52
56
61
56
44
48
35
24
14
0
-2
-8
-23
-24
-25
-3
-6
-7
-10
-31
-23
-22
-24
-6
-7
-7
-10
-9
-5
-11
-17
-26
-8
1
1
-11
-26
-40
-49
-56
-64
-43
-32
-24
-21
-17
-14
-18
-23
-10
-7
-3
8
14
21
18
17
14
25
30
42
30
21
25
15
10
28
32
24
12
0
-1
-6
-17
-14
-14
-16
-6
-18
-17
-19
-10
-7
-9
-3
-15
-14
-18
0
3
-8
-16
-29
-28
-20
-21
-15
-9
-25
-33
-27
-29
-37
-27
-14
5
18
10
8
-2
-9
-3
-15
-7
-5
-3
-4
-14
19
14
4
20
24
32
26
24
26
39
36
38
38
37
34
4
-9
-1
0
11
-1
-15
-11
-17
-14
5
14
18
-3
-32
-34
-28
-6
-23
-35
-35
-48
-49
-34
-28
-20
-16
-15
-4
-9
-13
-25
-13
9
20
30
32
37
47
45
40
65
62
50
62
55
65
71
61
61
56
66
74
74
63
67
48
28
20
5
12
-3
-10
-3
-4
8
1
-5
-8
-22
-33
-50
-63
-66
-84
-104
-75
-50
-43
-39
-31
-33
-47
-48
-54
-63
-55
-56
-30
-8
1
-2
-16
-10
-5
6
2
4
-5
-14
-8
-6
-6
-8
-10
-3
3
9
20
-1
-28
-32
-2
16
20
31
37
33
27
25
16
27
23
16
24
21
16
14
4
21
12
-7
-23
-27
-7
-13
-7
0
5
0
10
9
-1
13
-12
-15
-6
2
4
7
3
7
16
13
21
17
15
23
19
26
25
29
33
11
19
8
-7
-27
-44
-46
-71
-68
-57
-48
-35
-38
-41
-45
-50
-46
-18
9
22
35
23
26
20
18
24
6
23
19
9
3
-23
0
3
-4
8
-7
0
3
6
12
18
12
-4
-1
11
12
5
-2
-10
-6
0
0
-2
-6
-4
10
24
31
28
18
7
3
15
18
19
25
15
22
17
15
19
15
15
11
14
13
0
-7
-19
-9
-2
-8
-11
-32
-54
-55
-55
-40
-29
-27
-21
-14
-4
-7
5
16
25
13
22
23
21
15
-2
-3
-3
16
30
33
37
26
0
-1
-4
-4
0
9
-2
-9
1
7
1
0
2
18
19
5
21
12
12
-1
-2
14
3
20
16
7
15
9
1
7
19
18
1
-12
-27
-40
-45
-42
-40
-35
-37
-53
-48
-40
-35
-25
-25
-6
5
10
13
15
35
17
-4
-5
-11
-3
-8
-5
-5
-2
-7
1
22
5
12
-6
-14
-4
-8
-7
-11
0
1
10
17
25
28
20
15
4
-1
1
6
12
12
19
21
23
29
34
27
22
21
12
-4
-10
-10
-10
-12
-20
-16
-28
-32
-33
-31
-23
-17
-11
3
2
1
13
18
10
-4
-5
-2
7
13
6
-3
-2
-7
-6
17
24
10
0
-18
-26
-29
-33
-25
-27
-27
-27
-31
-22
-18
-28
-29
-22
-16
-2
-8
-10
-8
3
4
4
18
17
24
29
25
23
20
13
7
10
6
0
6
18
18
14
13
15
17
22
16
15
19
16
7
-1
-1
2
-7
-14
-15
-3
0
2
16
21
25
23
20
21
21
16
11
8
4
-4
-14
-21
-23
-28
-26
-15
4
15
16
11
6
13
7
3
-2
7
15
17
13
12
15
12
7
14
10
2
5
-2
-3
2
-2
-14
-10
-8
-16
-13
-7
-12
-16
-25
-23
-17
-17
-11
-4
-5
-15
-32
-36
-41
-30
-18
-17
-2
-3
1
-3
-2
6
12
23
28
34
40
32
15
1
5
5
5
3
1
13
6
-8
-12
-8
-4
-19
-28
-27
-24
-21
-22
-10
-10
-4
-5
2
24
28
29
26
10
8
-10
-22
-2
1
5
-4
0
-2
-9
-16
-12
-5
-8
2
-16
-25
-19
-18
-16
-25
-25
-28
-38
-33
-32
-6
4
2
9
6
18
14
9
21
23
29
18
26
34
23
8
-3
0
-2
-3
-10
-16
-12
-8
-3
11
19
18
16
18
24
23
24
17
6
14
3
-5
-10
-17
-17
-26
-23
-12
-10
-6
-2
-4
15
29
26
25
25
26
32
24
29
26
12
4
2
12
18
7
6
1
-1
-2
-3
0
-3
-4
-19
-15
-16
-15
-14
-18
-19
-18
-15
-6
-1
2
4
-3
-9
-9
-6
-2
-9
-10
3
6
12
9
10
9
2
7
-2
5
11
6
3
3
6
-5
-13
-13
-9
-8
-10
-6
-2
3
2
-2
-1
-6
-19
-19
-15
-8
-3
-8
2
12
8
3
-5
-4
2
13
14
12
-5
-14
-15
-11
-1
-3
-9
-14
-14
-11
-3
-13
-19
-14
-2
5
2
5
0
-1
1
0
7
0
-8
-8
8
12
15
14
9
10
5
12
14
19
16
10
5
-6
-7
-9
0
-5
-6
-6
-13
-7
-4
1
-2
5
7
5
4
-4
0
-3
-4
-5
-1
1
-9
-9
-12
-6
-3
-7
-8
-13
-4
-7
-13
-9
-11
-9
-9
-5
1
0
2
1
2
8
-1
2
4
10
20
16
20
24
28
33
43
50
42
41
50
55
59
55
48
46
42
44
40
31
15
-2
-5
-8
-12
-21
-31
-36
-34
-26
-20
-20
-26
-36
-35
-30
-16
-11
-15
-14
-9
-3
-1
-8
-17
-20
-28
-29
-29
-34
-36
-44
-49
-40
-36
-30
-23
-23
-27
-21
-19
-14
-8
-8
-3
-4
0
-1
-9
-13
-19
-14
-5
-2
-2
3
10
-1
0
-3
2
11
4
5
7
8
4
0
0
8
17
14
16
11
7
9
8
9
7
0
3
9
12
8
-6
-11
-12
-6
-3
6
12
10
8
9
12
15
6
6
11
10
9
0
-10
-5
7
19
22
22
16
12
16
26
33
30
27
25
27
30
31
18
13
14
7
-2
-4
-3
-14
-17
-12
-8
-12
-24
-26
-17
-15
3
13
15
17
16
23
25
26
22
24
9
-2
1
-14
-15
-11
-13
-12
-18
-17
-19
-25
-20
-25
-22
-21
-27
-22
-13
-3
-7
-11
-7
-15
-22
-25
-22
-15
-25
-21
-8
-9
4
1
12
14
4
8
10
11
14
3
6
14
29
30
11
5
-4
-10
-8
-1
-6
-4
0
3
11
2
-9
-19
-31
-22
-14
7
12
8
10
1
0
15
16
12
17
12
16
9
-6
-6
-14
-3
-10
-14
-14
-25
-20
-21
-18
-18
-18
-11
-6
-7
-12
-9
-5
-8
-8
-17
-9
-11
-5
13
9
14
14
5
15
16
14
11
2
4
9
26
29
37
32
32
30
29
34
28
26
18
26
24
11
8
-9
-6
-9
-15
4
4
18
19
2
3
2
14
17
9
-2
-26
-39
-44
-37
-42
-27
-15
-7
9
10
4
-13
-28
-33
-39
-25
-14
-24
-27
-23
-23
-19
-19
-9
14
31
48
53
48
39
25
17
25
19
22
15
8
8
-1
-2
-1
9
13
26
24
24
31
21
3
-9
-7
-20
-27
-33
-34
-34
-37
-34
-26
-14
-10
-2
7
15
22
32
30
24
18
0
-6
-5
-6
-2
-2
10
17
14
30
36
39
48
33
26
17
14
11
-1
-13
-13
-28
-46
-55
-55
-50
-52
-37
-14
0
1
-1
-3
14
23
27
16
8
2
-9
-18
-27
-19
-24
-32
-20
-18
-18
-10
-6
18
32
21
12
20
9
-4
-24
-37
-27
-44
-46
-44
-40
-36
-37
-32
-26
-41
-49
-53
-42
-27
-31
-23
-28
-18
-12
-5
12
10
13
-15
-9
4
-1
-14
-37
-36
-24
-10
3
3
-4
-2
8
18
22
36
49
47
57
67
65
60
59
59
50
39
25
23
25
28
33
19
24
26
29
29
15
2
-13
-1
0
13
13
-14
-15
-16
-10
-2
-14
-14
-15
4
0
-6
1
-17
-25
-34
-33
-29
-33
-27
-10
7
5
10
18
13
10
9
13
7
3
5
-6
0
6
-2
2
-5
-9
-7
-13
0
11
20
31
24
11
14
37
61
52
35
41
30
23
31
18
10
14
13
16
18
17
3
-19
-4
-16
10
7
0
19
3
14
11
25
40
34
34
37
40
27
17
3
-2
-3
-21
-35
-32
-26
-44
-51
-49
-41
-34
-31
-15
-16
1
20
10
6
-17
-32
-34
-21
-17
-20
-17
-9
-2
6
4
-10
-11
-16
-12
-9
-20
-36
-31
-14
-12
3
5
-18
-39
-45
-37
-39
-41
-34
-36
-32
-31
-35
-20
-14
-13
2
12
4
23
32
31
50
25
9
8
5
0
1
