SAMPLES:	16050
BITSPERSAMPLE:	16
CHANNELS:	1
SAMPLERATE:	16000
NORMALIZED:	FALSE
2
-2
-7
-7
-12
-19
-20
-23
-33
-25
-21
-29
-31
-33
-32
-27
-33
-32
-25
-22
-19
-21
-19
-17
-12
-16
-19
-29
-23
-16
-17
-10
-4
-1
3
-3
-3
-6
-6
-7
-11
-12
-8
0
1
9
10
5
6
12
18
18
25
21
18
20
26
25
21
24
24
24
19
5
-6
-6
-12
-16
-15
-14
-9
-10
-12
-16
-24
-24
-25
-26
-30
-24
-30
-42
-42
-36
-32
-31
-20
-18
-18
-14
-14
-22
-22
-17
-16
-9
-6
1
2
2
-2
0
0
4
7
2
0
6
13
20
22
18
18
21
22
20
17
13
9
19
30
34
35
35
42
46
47
49
43
45
40
44
37
28
31
23
17
16
11
3
10
15
4
5
4
3
6
-1
-5
-8
-18
-19
-11
-11
-16
-16
-10
-14
-8
0
-1
-4
-1
3
6
7
7
5
6
2
3
6
-4
-8
-12
-14
-11
0
3
7
14
16
13
13
20
16
16
20
17
14
4
2
4
5
1
6
11
11
7
0
3
-4
-18
-13
-13
-10
-13
-23
-28
-34
-39
-45
-52
-43
-39
-35
-44
-44
-49
-51
-44
-38
-33
-40
-42
-46
-44
-47
-44
-35
-26
-23
-18
-12
-23
-29
-27
-23
-16
-7
1
2
6
2
-4
-4
-8
-6
2
13
18
14
8
10
13
20
27
34
45
40
40
35
28
26
27
42
47
50
50
43
36
32
38
40
45
46
37
31
23
21
11
4
7
10
5
6
5
-2
-2
-1
3
0
-5
-2
-1
2
6
3
4
4
10
10
5
0
-2
-12
-18
-16
-17
-14
-7
-3
-7
-14
-19
-25
-26
-16
-9
-4
1
-6
-8
-13
-19
-20
-20
-10
-5
4
1
-6
-12
-13
-9
-4
4
18
27
27
22
14
9
7
3
2
4
6
2
-4
-3
-7
-10
-7
1
6
8
5
-8
-7
-7
-3
5
9
10
10
8
8
8
0
-6
-1
3
3
-3
-2
0
-3
-4
2
6
5
-1
-5
-3
-6
-11
-16
-14
-6
0
7
4
3
-3
-9
-8
4
16
24
26
19
7
-1
-7
-13
-5
5
12
9
4
-4
-13
-18
-23
-17
-6
5
3
2
-7
-19
-22
-25
-25
-18
-14
-19
-23
-26
-31
-31
-26
-20
-15
-11
-8
-16
-18
-21
-22
-19
-10
-5
-3
-4
-13
-18
-20
-19
-17
-15
-13
-9
-3
1
1
5
11
19
29
29
26
20
10
8
12
21
24
24
23
16
18
13
9
6
5
8
14
14
12
11
1
-2
4
12
15
17
14
13
6
0
2
-4
-3
4
7
3
3
9
7
9
4
2
1
2
0
1
5
3
6
5
3
1
4
3
-2
-8
-8
-16
-14
-7
-9
-2
5
10
9
7
9
10
11
12
11
11
12
19
23
19
17
21
16
13
11
8
0
2
5
9
8
1
-2
0
8
18
20
21
15
-1
-10
-12
-11
-11
-5
-1
-6
-12
-14
-18
-13
-12
-10
-15
-23
-27
-38
-41
-38
-30
-20
-14
-11
-10
-13
-18
-21
-22
-23
-14
-9
-5
2
11
13
11
14
9
10
14
8
6
7
7
4
8
11
12
14
16
15
11
3
-4
-3
-2
4
3
4
-3
-13
-23
-26
-22
-22
-22
-15
-15
-20
-19
-12
-12
-6
2
9
13
12
12
5
-4
-12
-18
-15
-10
-7
-6
-5
-7
-5
-1
-1
8
16
15
12
0
-5
-2
4
11
21
25
23
29
21
20
20
21
28
34
39
41
46
41
37
29
25
31
30
26
25
21
13
7
7
12
15
15
11
23
20
13
6
-2
-9
-11
-7
-9
-2
-7
-12
-19
-24
-31
-31
-25
-26
-23
-28
-35
-38
-39
-41
-46
-47
-40
-43
-54
-58
-59
-62
-59
-51
-49
-46
-37
-35
-39
-34
-25
-18
-10
-3
-4
-3
-4
-10
-3
-8
-2
10
14
15
12
7
-3
3
11
13
22
26
21
18
12
10
6
9
14
20
18
15
13
10
14
15
18
19
25
32
32
35
29
29
31
30
27
22
26
24
20
18
16
9
1
-4
3
12
10
14
12
15
17
16
12
9
10
2
0
5
6
3
8
11
14
9
3
13
19
17
20
15
13
8
-4
-7
-8
-8
-12
-11
-9
-12
-15
-20
-22
-22
-23
-23
-20
-19
-15
-14
-8
-7
-7
-5
-9
-4
-1
-5
-4
-5
-3
-5
-5
3
3
4
8
7
7
8
8
12
16
19
12
9
4
12
13
13
17
8
8
-5
-10
-10
-6
3
7
6
14
10
1
-5
-10
-7
-8
-4
0
0
-4
-12
-18
-24
-23
-19
-19
-18
-14
-27
-35
-33
-39
-37
-27
-22
-19
-16
-22
-26
-28
-29
-26
-19
-12
-9
-9
-15
-13
-9
-5
5
16
20
14
7
5
-2
-2
-4
1
-3
-10
-9
-4
-3
0
1
6
20
21
18
7
0
-3
0
2
5
15
19
18
23
19
18
20
23
28
29
34
36
27
19
17
12
10
9
7
11
11
4
1
-3
-6
-9
-5
0
-5
-2
-4
-14
-11
-12
-9
-4
4
0
2
-1
-8
-7
-13
-2
7
3
1
-6
-9
-13
-13
-9
-3
6
14
16
14
8
0
1
3
11
11
3
1
0
0
1
9
15
22
27
25
25
16
21
22
22
25
23
18
8
2
-1
-7
-5
-2
3
-2
1
-3
-11
-13
-15
-9
-8
-1
-7
-12
-12
-24
-22
-20
-21
-21
-18
-16
-23
-17
-19
-21
-15
-14
-11
-9
-9
-12
-13
-15
-18
-14
-9
-5
4
5
1
1
1
-5
2
3
7
13
9
8
7
3
4
8
14
13
8
7
1
-2
-6
-2
3
6
7
6
5
-5
-10
-11
-10
-9
-10
-11
-15
-19
-21
-25
-24
-18
-7
0
4
7
-1
-5
-6
-8
-5
-2
2
6
7
6
6
4
7
8
11
12
15
13
11
15
16
17
15
18
25
25
15
13
9
3
3
-1
7
15
12
10
8
4
5
-4
-8
-7
-8
-8
-8
-5
-16
-9
-11
-12
-6
-6
-7
-6
0
0
11
12
17
18
22
21
14
16
10
10
6
0
2
-4
-9
-9
-11
-11
-10
-5
-5
-7
-9
-10
-16
-17
-22
-29
-27
-25
-19
-17
-16
-13
-11
-10
-10
-10
-5
-4
0
2
2
4
0
0
5
5
6
11
10
1
-2
-8
-1
-1
-5
3
6
6
8
8
13
11
11
15
16
20
23
27
21
16
19
21
22
16
15
11
9
6
-1
-9
-14
-12
-17
-18
-14
-13
-13
-16
-13
-15
-17
-16
-8
-4
-4
-1
1
2
5
11
11
12
13
10
10
10
8
11
11
11
15
13
6
8
5
7
7
3
5
4
4
6
10
10
10
9
10
12
9
10
5
6
1
-4
-4
-3
-2
-6
-9
-8
-12
-15
-18
-13
-9
-14
-13
-15
-21
-24
-26
-22
-25
-22
-23
-25
-20
-24
-22
-19
-19
-18
-16
-13
-11
-6
-1
0
1
0
1
4
6
11
15
8
7
5
5
3
2
4
10
4
2
4
0
4
5
4
6
5
2
0
-4
-1
7
2
-2
-1
1
0
4
6
9
2
0
3
4
2
-7
0
-4
-10
-12
-9
-6
-7
-7
-6
-5
-12
-15
-6
-1
0
5
4
3
10
14
14
18
20
19
23
24
27
24
20
22
21
22
21
24
20
16
16
12
10
7
4
5
3
1
4
-1
-4
-11
-14
-12
-15
-11
-10
-11
-10
-11
-12
-15
-9
-9
-12
-10
-12
-17
-14
-11
-9
-12
-12
-14
-13
-12
-12
-8
-5
-6
0
1
-2
-3
-4
2
2
3
7
4
3
3
7
10
12
11
4
5
6
7
5
7
4
3
4
4
8
11
11
8
6
5
1
4
6
5
5
3
3
3
7
6
2
3
6
7
3
1
-3
0
-3
-5
-2
-2
-6
-6
-11
-11
-10
-14
-14
-7
-4
-8
-10
-7
-10
-14
-13
-9
-8
-8
-8
-16
-16
-13
-12
-9
-12
-7
1
-1
-3
0
2
2
1
1
7
0
-2
0
3
3
1
8
8
8
9
4
8
6
4
4
3
5
4
5
3
5
5
-3
-1
-3
1
3
3
7
3
0
2
7
9
14
17
14
14
13
7
8
11
14
15
14
13
13
13
12
11
11
9
5
10
2
0
1
-5
-4
-7
-3
-1
1
-1
-8
-7
-9
-12
-11
-9
-7
-4
1
-2
-5
-7
-7
0
-2
-5
-5
-10
-9
-14
-9
-9
-11
-7
-8
-8
-3
-4
-7
-8
-8
-9
-14
-14
-16
-18
-18
-16
-16
-21
-21
-19
-18
-11
-12
-10
-7
-7
-3
0
4
3
6
3
-4
-12
-11
-11
-12
-11
-3
1
3
1
0
10
7
10
17
12
13
10
9
8
7
5
6
3
2
0
-1
1
3
9
5
10
12
15
16
15
14
13
5
1
-1
-3
-2
-2
1
-8
-6
-6
-2
7
16
26
24
33
33
26
30
29
27
25
23
30
26
19
15
16
16
16
22
26
27
25
24
20
20
18
14
12
6
0
-7
-14
-20
-26
-24
-26
-21
-21
-21
-25
-24
-21
-21
-22
-15
-5
-6
-10
-17
-22
-27
-26
-23
-26
-24
-25
-25
-22
-31
-26
-22
-20
-12
-4
0
-3
-5
-13
-16
-13
-11
-14
-21
-20
-19
-24
-25
-24
-18
-7
-1
8
3
3
8
4
5
9
12
10
5
-2
-4
-8
-11
-12
-15
-11
-3
-1
4
9
9
10
16
19
26
29
25
23
18
19
16
11
8
13
13
13
15
11
12
16
24
29
34
35
33
27
22
17
12
9
7
9
5
3
-3
-6
-6
-6
1
2
11
10
11
11
11
11
5
7
1
0
-4
-8
-13
-11
-11
-9
-8
-4
-2
-5
-12
-14
-14
-16
-12
-13
-10
-13
-11
-14
-15
-20
-23
-22
-22
-21
-21
-14
-15
-14
-10
-4
-5
-1
-1
2
1
0
2
2
2
1
1
-5
-1
-3
-4
-7
-4
4
-2
-1
-3
4
5
-1
2
2
-2
-1
2
-1
0
2
-4
-2
4
2
2
7
11
7
9
15
14
13
15
14
15
14
10
8
4
4
5
4
3
6
8
2
2
4
-1
-3
-5
-10
-7
-8
-11
-14
-9
-10
-14
-9
-13
-14
-15
-12
-8
-5
1
2
2
7
5
6
4
3
3
-1
1
-1
1
-2
0
3
5
5
3
3
-3
0
1
0
0
3
2
-1
-2
-5
-7
-6
-8
-7
-9
-12
-12
-14
-16
-15
-12
-11
-5
-4
-1
-3
0
0
1
2
0
1
0
0
4
8
8
8
9
10
9
7
7
6
12
11
8
11
10
7
4
9
14
15
14
17
15
16
14
12
14
12
12
15
12
8
4
8
5
3
2
5
6
4
7
10
13
11
10
14
12
7
4
1
2
-1
0
0
4
5
4
-1
-4
-2
-2
-2
-6
-5
-9
-10
-9
-5
-5
-3
-3
-9
-7
-6
-10
-12
-11
-7
-12
-14
-12
-17
-18
-19
-16
-14
-13
-13
-12
-6
-6
-7
-6
-5
-7
-8
-6
-8
-9
-9
-9
-13
-11
-13
-9
-7
-7
-5
-3
0
-5
1
1
-2
0
7
8
3
6
6
9
8
11
18
17
15
17
17
17
17
14
10
11
13
12
13
8
4
1
4
2
-1
1
1
0
1
-2
1
-2
-3
-2
-3
-6
-6
-3
-2
-6
-7
-6
-9
-7
-9
-10
-10
-10
-7
-9
-12
-8
-10
-10
-6
-7
-7
-7
-7
-7
-9
-10
-12
-14
-17
-16
-18
-19
-15
-14
-11
-13
-10
-14
-11
-4
-5
-1
3
7
5
6
5
5
5
3
5
8
10
11
10
8
13
12
11
10
12
13
9
9
12
12
9
6
2
7
8
2
0
1
1
-5
0
-2
-3
0
1
5
1
2
3
5
4
3
7
2
3
5
9
5
3
0
2
4
2
3
-2
-1
-4
-5
-7
-6
-4
-5
-7
-7
-8
-9
-9
-8
-7
-6
-5
-3
-2
0
2
2
2
1
1
3
6
8
6
5
8
3
1
1
2
2
2
1
1
1
3
7
7
7
6
11
11
11
12
11
10
9
8
6
6
7
8
2
5
6
3
3
2
1
4
4
3
7
10
9
6
10
11
10
11
11
13
9
8
9
10
11
8
7
9
13
11
9
4
2
4
-2
-3
-3
-1
-3
4
4
-1
2
0
-3
-5
-4
-7
-11
-11
-9
-12
-11
-12
-13
-12
-7
-10
-9
-7
-13
-13
-11
-10
-10
-14
-13
-11
-14
-9
-14
-14
-15
-12
-14
-10
-7
-8
-9
-9
-8
-10
-5
-5
-7
-4
-5
-3
-2
-2
-1
-3
0
-4
-5
-3
-3
-3
-3
0
0
-5
-5
-3
-2
0
-4
-5
-8
-6
-1
0
2
1
2
2
2
2
1
2
5
4
4
3
2
-3
-5
-12
-12
-12
-11
-14
-13
-9
-16
-13
-9
-9
-9
-11
-14
-12
-11
-6
-7
-10
-7
-10
-9
-5
-6
-3
-1
2
4
6
12
12
15
18
21
20
24
23
21
17
15
17
12
12
13
13
13
8
9
12
12
9
8
7
9
9
9
8
10
9
9
8
8
11
12
13
15
13
11
12
8
9
8
9
8
5
5
1
0
4
3
-2
1
1
-5
-3
-3
-7
-6
-5
-5
-2
-3
-5
-1
0
-1
0
1
0
-1
0
0
3
0
0
0
-1
1
-6
-9
-11
-11
-12
-13
-13
-12
-13
-12
-14
-13
-17
-19
-20
-19
-18
-18
-12
-7
-7
-9
-3
-5
-2
0
0
2
1
-1
5
3
7
4
5
8
3
7
5
1
5
3
4
2
1
8
7
6
7
9
6
5
2
3
5
3
3
8
10
9
15
13
12
13
11
10
9
11
9
8
9
10
9
6
5
7
6
3
2
1
0
4
3
3
6
4
7
9
9
4
8
7
7
7
4
4
-1
-2
-1
-2
-6
-8
-11
-11
-15
-12
-16
-16
-17
-15
-14
-12
-12
-18
-19
-18
-16
-14
-16
-18
-18
-20
-16
-15
-16
-14
-13
-8
-5
-6
-8
-11
-11
-12
-8
-8
-5
-3
-3
0
0
-4
-4
-6
-7
-9
-4
-5
-5
-2
-3
1
2
3
5
7
6
7
3
6
5
2
3
6
8
6
6
2
4
1
2
2
0
3
5
3
4
0
-1
-1
-5
-1
-1
-2
-4
-1
-3
-1
0
0
3
7
7
5
7
6
4
1
-1
1
-1
-4
-3
1
-1
1
1
-1
4
2
2
3
3
9
6
9
12
7
10
10
6
9
9
12
12
12
9
11
16
11
14
15
18
14
15
14
10
10
1
4
3
9
11
8
12
10
9
10
14
15
18
23
24
25
23
22
26
22
19
25
26
25
23
19
13
5
1
1
-1
-4
-13
-15
-21
-20
-22
-23
-23
-27
-26
-21
-12
-7
-5
1
6
11
13
10
-2
-9
-6
0
-1
-4
-6
-18
-28
-30
-33
-33
-37
-45
-50
-48
-48
-45
-44
-43
-37
-38
-38
-33
-20
-14
-5
-5
-11
-16
-15
-9
-9
-14
-4
3
5
11
13
3
-5
-17
-18
-8
-11
-1
-6
-4
2
4
-2
-23
-37
-50
-44
-45
-42
-37
-26
-8
0
8
5
7
12
42
73
62
40
25
37
49
42
41
49
63
55
25
3
-3
-4
-3
1
9
-1
-23
-44
-49
-24
-7
1
17
38
64
78
69
63
76
64
59
76
74
55
31
16
15
25
13
-8
-19
-37
-40
-36
-44
-55
-62
-58
-28
-8
-20
-9
23
41
51
63
47
7
-22
-9
11
23
37
57
49
3
-44
-81
-94
-74
-39
2
6
-18
-50
-43
-17
-8
-8
-4
5
-7
3
34
21
-4
11
48
37
30
38
16
1
4
15
-3
-19
-36
-37
-12
-6
-8
-43
-44
-36
-16
24
10
-21
-52
-52
-37
-27
-36
-44
-35
-21
-4
8
0
-9
-36
-62
-44
-43
-55
-22
-18
-56
-93
-120
-132
-89
12
99
151
130
47
-69
-145
-99
21
156
225
216
121
-17
-115
-111
-12
115
190
207
157
44
-87
-167
-160
-68
72
154
151
64
-27
-90
-94
-38
43
89
73
48
-24
-77
-79
-36
38
85
76
-8
-80
-76
-21
49
110
144
113
31
-64
-138
-143
-93
-15
77
158
148
47
-75
-119
-96
-64
-12
17
-11
-68
-61
-31
-63
-103
-109
-84
-37
26
76
97
104
74
44
4
-28
-5
36
91
108
67
-10
-97
-141
-113
31
192
244
189
66
-86
-211
-253
-177
-32
90
117
63
-52
-169
-162
-51
61
140
213
218
155
121
110
102
97
47
20
29
11
-27
-36
-79
-121
-137
-134
-117
-101
-122
-148
-184
-187
-120
-56
-21
-26
-61
-99
-72
-65
-80
-2
114
136
106
57
47
-21
-92
-22
76
17
-59
-14
9
-34
-94
-57
7
15
-126
-255
-239
-157
-83
50
119
148
66
-1
22
110
103
127
229
207
224
138
45
117
235
173
-1
-12
-30
-64
-44
54
163
222
252
77
-38
-81
-199
-163
21
152
127
17
-92
-131
-65
42
64
111
186
159
54
-122
-162
-169
-182
4
184
211
1
-155
-77
-66
15
142
184
110
-26
6
-37
-90
-219
-271
-41
72
-71
-70
-5
-136
-229
-183
22
129
45
-79
-29
-39
-213
-161
-74
-27
9
-3
-48
37
32
160
241
178
-22
-25
-34
-137
-48
4
-37
33
164
75
-160
-228
-278
-240
25
144
-50
58
130
-21
-24
-24
-35
-184
-15
58
173
219
143
167
111
-8
34
226
42
-5
-40
-51
-15
-193
-124
-58
67
145
84
104
43
-97
-257
-198
-153
-9
131
151
29
28
105
-79
-490
-570
-105
187
298
296
148
-77
-212
-178
21
132
75
44
14
83
-64
-17
35
15
516
428
-64
-324
-131
-166
-33
114
20
102
138
13
-30
24
-44
-83
156
11
199
277
-247
-193
218
162
-89
190
-87
-33
-50
-60
-36
189
392
-256
-440
211
-205
-124
99
177
175
-131
177
27
29
-107
-17
274
93
32
141
275
-229
-322
-45
-105
-232
-244
-24
55
-189
-469
-225
-3
-212
-384
90
-29
-351
-189
-239
-121
-7
339
191
356
161
-203
191
82
87
-202
318
253
117
374
269
299
-162
-286
-174
32
49
-533
-26
68
-70
7
34
-96
-487
-396
-189
210
266
353
5
70
170
340
243
58
289
-603
-238
357
280
94
180
513
136
-131
17
-245
-353
-79
-68
-33
234
-105
-591
54
158
-27
3
-188
-4
3
138
163
187
167
140
446
52
-269
31
128
6
-147
213
-279
-294
569
387
221
140
-107
-240
-481
-152
-138
164
421
-7
124
-123
125
-532
-202
109
-613
71
-118
294
-110
-130
-213
-525
-62
-371
-4
571
-57
-216
302
362
55
-29
353
-403
-40
354
163
-131
563
190
57
-6
-74
-77
-461
391
-414
-133
109
97
-339
-51
-19
-459
-280
210
-132
-122
143
-284
65
-18
137
-276
88
268
24
205
-490
304
377
232
-199
79
80
-383
235
-188
-106
296
-145
-167
3
149
-67
129
289
-427
217
-113
-1091
232
128
-322
-87
593
68
-412
399
-361
-300
581
-51
438
-272
479
195
-306
-246
134
153
-405
444
273
232
330
132
-437
-165
229
125
-192
477
445
-22
-21
54
-640
-228
628
-18
-171
135
457
50
-599
-540
-140
301
-252
-75
469
-804
-624
154
56
-571
337
165
-400
468
265
-288
-139
453
-435
30
829
88
-137
230
418
-534
293
416
-237
-204
541
287
-10
317
46
-139
-187
-169
-212
-355
194
176
-51
-490
219
24
-524
588
-105
76
-34
533
-334
-52
557
-512
189
-59
251
-587
-199
232
-837
67
-19
101
-420
-172
265
-920
-63
600
44
-83
-226
54
300
742
-38
-393
731
20
-405
203
623
-279
-440
-547
-540
-319
308
-304
-44
474
-121
513
-655
285
9
348
566
69
-210
694
66
-559
-483
495
-59
-338
345
-178
-425
259
244
-892
27
68
-491
94
1026
357
1
-69
-56
-912
545
941
152
76
373
-150
-544
117
328
-485
106
764
-217
-137
603
-929
-510
708
-161
-1070
717
228
-580
405
-93
222
-812
271
-793
38
1141
-45
-11
67
201
-607
127
97
-76
55
508
338
-444
-388
244
167
296
-511
406
-209
-453
-144
-530
-28
-400
409
-108
-214
120
-6
220
-698
329
-158
-264
623
-299
815
-556
747
-336
38
200
-438
-221
-367
925
-599
714
142
-30
-596
407
-364
-87
937
-185
2
18
611
-603
-558
947
-272
186
365
-157
130
100
-634
-479
776
-232
-114
-23
11
-632
82
414
-658
707
-517
-256
165
8
-129
362
294
-189
-13
631
-457
-180
715
-39
-731
505
116
-1312
652
567
-715
429
170
-1168
180
280
157
-209
428
75
-490
186
31
-23
347
531
16
399
-186
-1
170
233
176
-425
226
212
346
388
-429
387
-36
2
-367
448
-399
-82
-146
420
474
-614
291
-777
318
-372
194
-241
-136
-499
-345
37
-105
-89
198
572
-1126
151
-329
622
-340
-391
939
174
-485
-512
1126
-615
-800
754
-460
-89
290
144
-481
180
379
-1094
628
-122
-570
-360
847
110
-700
1424
-918
421
-399
620
9
-736
1272
-819
555
-5
-32
255
-544
-614
-130
4
649
-429
548
53
-336
299
-404
53
179
-627
-334
418
-287
-301
-394
-207
-152
272
996
-806
1058
-199
232
543
306
386
-270
77
250
0
-237
620
-565
-221
-68
-584
96
-446
108
-22
376
904
-1218
-245
662
518
-833
1046
840
47
-298
485
647
-696
684
-478
-327
-284
307
-729
-35
-540
-836
-27
355
767
-668
604
509
-165
-505
-591
48
447
54
522
586
-19
-623
602
-147
137
611
-385
-165
98
764
-1119
-625
495
-774
-489
1086
206
-789
123
448
-899
-534
750
-911
123
303
430
422
-448
128
-58
-212
186
113
-18
806
-66
-74
-749
85
117
-745
1311
-17
717
-712
291
-730
-972
903
-446
-36
171
0
750
-231
-128
-95
161
232
-826
1090
-485
-201
-477
990
404
-1373
1206
-56
-300
-528
-27
286
-814
1100
-520
153
778
-415
247
-320
640
-938
-704
254
-75
180
-898
1128
-593
-406
60
495
-327
-529
1147
-1069
-147
884
-149
-672
519
1247
-1326
-197
779
-548
951
-230
840
-346
-124
71
-955
897
-1182
62
653
-95
867
616
-7
-77
492
-317
-244
-295
-69
-301
-103
599
-739
602
458
-1017
-770
190
203
-1000
726
1327
-1307
88
596
-1135
-88
-128
-3
80
808
472
-12
211
398
-55
-72
-532
114
-892
476
-234
153
-165
-353
421
-1495
-300
328
-110
-1114
969
232
-887
-70
175
292
822
301
1140
586
366
155
220
269
-698
249
-745
227
645
-517
-325
-428
298
-1393
1033
433
-249
885
368
205
-1646
835
-1600
267
255
648
-692
128
667
-717
403
303
-20
-326
624
-90
-729
1220
188
-487
548
87
-485
-526
571
-935
65
132
-358
-24
260
-882
-800
1128
573
134
1173
-205
193
-550
-503
-721
112
205
-690
159
612
-279
228
848
-573
330
271
-357
223
-131
-1275
425
674
-804
-694
568
-126
-326
944
1375
-841
1760
-417
-1176
-49
31
-135
-518
1181
-859
347
413
-1478
-432
328
266
-29
-334
623
-287
654
-577
163
-632
472
-362
55
900
-3
385
386
439
-1041
138
833
-679
718
463
-1168
-118
-316
562
-449
-667
322
-1044
-118
-292
-544
895
210
281
-746
-786
-20
-881
-206
1021
103
1061
470
73
-337
-321
-261
-209
227
723
242
482
-726
-428
1268
-1016
526
-414
907
568
-451
684
-646
481
-581
-1074
988
474
-590
62
312
305
437
-27
615
-28
-825
-379
-451
150
-1159
-184
236
-374
313
969
68
-76
467
-465
-531
371
-184
-276
156
1135
269
-101
219
-1090
450
-30
1469
-904
-136
606
-1806
-803
-169
807
-1024
477
-372
829
79
289
-644
-437
665
-713
433
147
674
493
644
148
-1053
-548
677
-740
659
907
-482
-548
550
410
-1162
587
196
-803
-234
466
-264
442
52
333
263
-577
-103
-1026
692
116
-513
591
336
137
-798
-607
1511
-373
-265
375
906
-703
-1571
798
-38
348
-415
-769
1510
-776
611
86
550
-372
-1271
-26
-560
767
107
696
-432
-111
-734
-897
-15
123
1048
781
689
-5
-233
56
-808
-1767
303
1144
45
-751
-243
484
-83
497
106
-942
-520
-293
1324
770
-283
-581
-716
119
-743
-177
161
-536
820
377
-246
1509
902
-525
293
302
-618
-750
711
400
-140
1405
565
-266
-931
-551
-560
124
1015
364
131
-1262
-430
-166
-359
-420
12
-7
681
800
627
-213
477
218
-308
424
520
261
-349
398
-457
779
298
176
-1096
-1267
-148
-869
929
300
42
-350
224
751
526
-530
-121
-520
-986
400
-293
360
-394
-137
1007
348
-269
-1398
-246
455
-60
41
-233
-306
-665
-813
-232
892
1376
73
143
-329
-478
-703
971
526
-129
190
-769
434
-226
538
632
-1208
72
-623
-46
-25
-369
-137
-1509
382
536
754
437
-561
-519
-608
-42
1026
502
-814
282
573
996
-508
-350
-372
-79
202
-51
942
493
-45
334
-204
424
625
-1023
434
1108
1091
-509
-464
867
-769
-372
-13
57
196
493
471
-635
-764
-402
989
9
-769
-511
78
-179
-157
-122
-344
13
592
625
219
271
-253
-858
-907
71
315
1181
645
71
-197
-435
350
-842
58
-638
202
778
-846
61
-299
-172
-1055
134
249
-437
-172
-507
675
130
477
-374
-569
555
-13
-490
-427
450
-242
334
808
-825
23
698
-208
371
10
-286
3
80
-785
-802
460
353
-310
920
208
-349
-169
270
-851
-820
226
-627
1263
2309
-693
-1099
384
20
-970
-519
96
-371
694
724
278
841
239
-964
-36
517
-819
24
1176
428
163
676
197
-301
-452
-890
-359
1197
279
397
255
-447
-427
-1380
317
-537
473
799
924
586
-9
-323
-893
-800
-471
496
195
1262
-428
-200
-56
513
-85
-1202
-569
-495
212
664
1549
-289
-488
-513
-163
-108
-120
-253
228
1378
710
-753
-123
-628
-1060
617
1028
164
-1373
-749
-972
-275
1026
-306
1465
184
-371
-116
787
882
-949
494
0
-35
502
629
1279
-664
-732
-646
-946
14
-1590
-574
775
597
-578
-564
58
-49
-753
-494
556
344
92
1079
1427
919
813
450
-512
-558
324
546
-167
405
395
676
457
373
-1526
-2037
-853
-1291
248
587
-220
204
-258
-415
-1525
-1410
-1658
-1570
1036
849
304
426
-495
-334
456
876
338
924
1560
51
695
1578
902
527
621
301
230
226
500
108
103
424
-47
667
-77
-884
-1553
-1121
78
-510
436
348
-217
-867
-438
-502
-800
821
611
241
-689
-777
-982
-732
-355
2
1066
1619
616
166
-748
-752
-1820
-1780
664
-40
1263
196
183
-1124
-2232
-700
-189
706
706
1187
407
897
1511
30
-1713
-2171
-268
1169
2238
1371
-124
-180
-54
931
454
174
364
456
991
218
481
-691
-2020
-1350
-38
-914
-1082
387
106
301
738
-583
-1387
-603
795
513
2072
2231
254
-220
-185
121
-529
-9
560
1057
2273
787
-765
-1318
-2175
-517
1855
1745
278
-275
-24
-481
36
161
-1169
-733
369
1372
1204
1178
-279
-2454
-1399
66
1327
1167
625
-276
-960
-616
-1162
-1383
-644
-577
-991
-1385
-706
-1151
-1284
-1368
-2167
-1446
-1498
-1503
-1364
-1575
-2360
-2025
-860
-934
-1033
-856
-1037
-1551
-656
461
252
530
223
288
684
1729
2190
2397
2248
1627
1438
2560
3311
3295
3734
3228
2100
1509
2673
2743
1964
1343
1362
1418
2910
4399
3546
1428
-95
-452
209
1126
2081
2010
857
963
-66
-603
-1334
-1156
-1503
-1188
-449
947
923
232
-833
-2504
-2472
-2429
-968
-4
-675
-630
-555
-1090
-797
-1154
-2083
-2826
-1345
-69
1360
2635
2496
598
-1318
-3954
-6418
-6432
-4407
-2010
-1342
-2386
-4182
-5727
-6204
-6779
-7080
-6716
-6969
-5716
-4027
-2694
-1733
-2848
-3706
-4527
-4112
-1907
60
2235
3106
3370
3738
3730
3915
3510
3505
4303
5475
7375
8597
8789
7785
5808
4536
3810
3982
4552
5093
5752
5215
3774
2544
1478
300
-1115
-1507
-1165
-186
872
1039
461
-1420
-2749
-3581
-3024
-1888
-674
247
1044
1583
1285
842
-90
-1697
-2140
-802
1616
3566
3843
2319
-182
-484
-843
114
313
1010
738
1682
2530
1219
231
-1254
-913
-1078
-925
-989
-1397
303
-147
-569
144
-1980
-4081
-4348
-2461
-132
873
2525
1730
308
-424
-1894
-633
702
306
-2113
-5500
-7053
-6578
-4025
-2906
-4751
-7319
-8142
-7613
-7058
-7186
-7776
-8213
-8902
-7848
-5149
-3151
-3086
-4500
-5335
-4741
-2747
44
2043
2620
2127
2378
3944
5368
6219
6354
6454
6746
7744
9421
10196
9575
8023
6937
6649
6874
7331
7549
6687
4759
2926
2109
2095
1782
860
-44
-994
-1374
-1230
-1085
-2268
-3763
-4743
-5144
-4520
-3332
-2135
-2295
-2992
-3539
-3022
-1226
-279
-21
387
858
1464
2508
4190
4150
2834
1960
2339
3015
4077
4938
4371
2689
1745
1904
2277
2124
803
-135
462
2014
854
292
-335
-2200
-3904
-3232
-1056
-874
-709
-651
-743
-541
-206
-21
577
561
183
778
2890
3651
1620
-2764
-8080
-11075
-8812
-3299
75
-887
-5380
-9519
-11682
-11759
-10574
-9363
-8216
-8124
-6728
-4224
-3022
-4291
-7357
-9007
-8051
-3741
2032
5817
5996
3001
586
764
3022
6023
8111
9041
9323
9859
10763
10714
9120
6712
5358
6143
8349
10469
10739
8388
4441
1278
383
1330
2725
3131
2154
546
-936
-1553
-2349
-3765
-5385
-5921
-4815
-3427
-2184
-3047
-5507
-7723
-7519
-5141
-1792
638
747
169
-454
244
1520
2500
2606
2454
3672
5241
6614
6680
5222
3290
1894
2911
5164
6970
6293
3748
1692
539
688
1364
1901
801
-993
-1277
-948
-1122
-1051
-1075
-1308
-831
374
1229
1534
1009
167
370
624
-2014
-7744
-11555
-9774
-4360
-395
-1166
-5662
-10414
-13366
-13338
-10993
-8260
-6904
-7632
-8097
-7270
-5978
-5857
-7322
-8169
-7256
-3547
1502
5176
5533
2706
214
238
3776
8340
11139
11532
10322
9466
9493
10043
10253
9515
8821
8818
9683
10503
9858
7416
3782
996
698
2506
4299
3849
1266
-2017
-4341
-4832
-4360
-3778
-4122
-5033
-5854
-5955
-6213
-6832
-7428
-7505
-6115
-3646
-449
961
559
-768
-1311
277
2770
5520
6992
6993
6101
5476
5779
6217
6538
6279
6200
6342
6532
6305
5535
4119
2118
1431
1913
2707
2356
1014
-1148
-2463
-1937
-1058
-283
299
405
154
226
552
1200
1208
-1279
-7805
-13497
-12294
-4895
1595
1011
-5411
-12036
-15118
-14437
-10984
-6717
-4837
-6804
-9240
-8675
-6389
-5654
-7099
-8054
-6926
-3291
1905
6033
5948
1526
-2381
-1342
4292
10197
13104
12201
8801
5922
6215
9039
11139
10835
9575
8767
8564
8424
7961
6295
3132
595
1054
4059
5796
3829
-715
-5102
-7233
-6166
-3053
-775
-1898
-5057
-7859
-9046
-8384
-6763
-4891
-4428
-4378
-3440
-1363
160
-224
-1007
-733
1424
4601
7369
8141
6342
4108
3407
5120
7562
8767
8053
6001
4215
3703
4625
5494
5139
3890
2734
2283
2209
2159
1256
-356
-1198
-462
1383
2246
1741
330
-640
-410
1041
2082
-1203
-9181
-15068
-12208
-3098
2479
-134
-7458
-13793
-16535
-14981
-9556
-4321
-3832
-7786
-10506
-9021
-6215
-5276
-5840
-5982
-4906
-1832
3242
6794
5101
-137
-2419
1227
7861
12952
14001
10957
5980
3524
6016
10733
13063
11764
9318
7160
5875
5722
6179
5350
2768
1066
2186
4223
3735
138
-4404
-7454
-7494
-4573
-1032
-442
-3774
-8156
-10461
-9833
-7512
-4527
-2902
-3169
-4028
-3207
-1028
307
574
611
2009
4243
6576
7868
7202
5328
3848
4931
7470
9366
8982
6724
4104
2717
3557
5338
6044
4787
2564
951
495
954
1206
644
-97
-239
840
2112
2573
1768
693
186
1066
1954
-1095
-8809
-14563
-11314
-2146
2929
-816
-8705
-14662
-17174
-15467
-9658
-3574
-3200
-8278
-11959
-10710
-7544
-6004
-5169
-3985
-3165
-1796
1662
5074
3985
209
-147
4588
10303
13020
12569
9234
4993
3900
8053
13516
14792
11871
8139
5212
3464
4023
6574
7354
4752
1630
999
1495
191
-2410
-4517
-5455
-5306
-3680
-1885
-2964
-7244
-10926
-10929
-8126
-4853
-2805
-2889
-5127
-6653
-4752
-328
2802
3069
2253
1988
3208
5561
8042
8626
6944
5271
5698
7689
8938
8477
6442
4136
3107
3996
5612
5602
3625
1187
43
476
1187
1139
43
-1253
-1380
81
2188
2953
2335
1044
794
1645
1067
-3923
-11539
-13446
-6349
2743
3719
-3775
-12231
-16664
-16441
-11930
-4798
-935
-4751
-11732
-14091
-10459
-6141
-3947
-2842
-2806
-3755
-3142
695
3982
2878
721
2462
7121
10364
10852
9476
6656
4309
6059
11506
15137
13383
8942
5515
4012
4225
6500
8715
7385
3053
-152
252
1313
649
-1543
-3662
-5296
-5791
-4246
-2874
-4313
-7947
-10001
-9173
-7301
-5597
-4493
-4627
-5662
-5523
-2510
819
1863
1008
770
2151
4554
7212
8530
7646
5320
4303
5783
8211
9409
8254
5806
3369
2647
3901
5575
5713
3606
1063
-374
-306
392
706
264
-669
-729
35
1029
1172
823
642
889
2125
2132
-1661
-9546
-14223
-9844
-189
4529
-213
-8814
-15150
-16857
-13819
-6944
-1187
-2588
-9349
-13743
-11824
-7203
-4017
-2370
-2376
-4110
-4903
-1741
3088
4299
2425
2161
5035
8016
9410
9629
8193
5877
5885
9885
13958
13819
10308
6700
4704
4415
6321
8983
8719
4756
567
-334
870
1322
308
-1668
-4075
-5752
-5031
-3108
-3127
-5870
-8552
-9089
-8144
-6571
-5031
-4371
-5347
-5897
-4457
-1630
-95
93
238
1248
3225
5394
7006
6628
5045
4185
5352
7628
8973
8417
6206
3801
2830
4020
6122
6859
5106
2196
58
-71
984
2000
1819
409
-1105
-1683
-832
401
1149
1143
781
754
1483
2486
684
-5659
-12811
-12947
-4551
3909
3850
-4109
-12520
-16804
-15886
-9945
-2300
526
-4844
-12388
-14325
-10154
-4849
-1675
-851
-2972
-6236
-6020
-846
4307
4729
2746
2538
4319
6363
8450
9868
8652
6217
6632
10510
13487
12761
9997
7262
5039
4476
6702
9314
8515
4549
1485
1095
1447
943
-107
-1502
-3455
-4505
-3505
-1860
-2394
-5114
-7855
-9282
-8566
-6038
-2693
-1911
-4380
-7227
-7296
-4217
-682
2079
2794
1694
-76
-57
2528
5661
7316
6798
5535
4477
4272
4911
5672
5999
5695
5310
4940
4387
3480
2510
1910
1874
2437
2827
2330
762
-878
-1455
-803
484
1497
1531
604
-329
-417
755
2178
1978
-2288
-9404
-13174
-8772
238
4143
-534
-8916
-14687
-15870
-12342
-5206
144
-1779
-9261
-14088
-12298
-7235
-2843
-562
-1291
-5171
-7723
-4731
1525
5050
4353
2922
2491
2917
4801
8129
9885
8336
6801
8262
10919
11508
10537
9165
7139
5156
5819
8851
10206
7720
3995
1994
1341
1240
1643
1725
132
-2230
-2874
-1925
-1658
-2911
-4558
-5898
-6771
-6078
-3886
-2430
-3754
-6062
-6716
-5331
-3003
-848
295
-410
-1973
-2041
95
2938
4581
4554
3278
1913
1888
3764
6007
6738
5785
4162
3207
3229
4086
4924
4765
3613
2291
1616
1449
1339
1065
458
-442
-1143
-1212
-909
-791
-1090
-1401
-1451
-956
-303
321
394
-702
-4003
-8536
-10587
-7220
-820
1896
-1226
-7451
-11609
-12500
-9896
-5052
-1547
-2604
-7461
-10741
-9860
-6330
-3009
-1308
-1921
-4544
-6014
-3864
360
3023
2969
1868
1087
1319
3257
5929
7195
6161
4861
5348
7059
8703
9501
8942
6636
4110
4089
6648
8909
8708
6626
3939
1610
680
1838
3573
3925
2308
201
-1417
-2225
-2057
-1254
-726
-1502
-2876
-3872
-4080
-3884
-3391
-2775
-2540
-2862
-3182
-2892
-2258
-1596
-967
-212
385
755
1009
1246
1521
1990
2797
3550
3775
3431
2902
2394
2148
2232
2579
2553
2008
1174
474
62
-91
-124
-584
-1371
-2219
-2353
-1847
-1128
-790
-1203
-1768
-2266
-2132
-1379
-456
92
-105
-352
-396
-80
-1053
-2948
-4722
-3731
-1072
704
44
-2821
-5069
-6580
-5814
-3587
-1292
-1215
-3738
-5884
-6452
-5215
-3341
-1802
-1424
-2922
-4517
-4499
-2797
-855
71
240
-345
-1002
-658
792
2394
2992
3084
3204
3441
3987
4947
5834
5636
4615
4402
5281
6392
6661
6109
4977
3422
2464
2681
3679
4194
3688
2395
901
-175
-116
745
1273
696
-488
-1311
-1674
-1419
-860
-359
-459
-1220
-1651
-1623
-970
-436
-124
-180
-609
-812
-706
-109
284
289
18
-350
-566
-504
-98
266
134
-326
-862
-1127
-922
-536
-248
-361
-575
-843
-913
-754
-543
-487
-676
-804
-829
-773
-698
-504
-187
-34
-169
-407
-371
-78
223
516
658
564
270
402
743
793
238
-584
-1207
-1527
-1040
-175
327
-251
-1531
-2733
-3395
-3182
-2440
-1738
-1713
-2459
-3312
-3769
-3489
-2748
-2113
-1894
-2183
-2511
-2388
-1836
-1026
-488
-275
-296
-372
-14
616
1358
1705
1839
2083
2540
3056
3359
3389
3091
2663
2458
2524
2714
2740
2595
2264
1822
1509
1442
1661
1806
1761
1474
1143
909
887
1149
1429
1514
1302
913
604
572
753
1012
1061
892
630
295
177
88
147
133
26
-92
-315
-389
-342
-193
-211
-416
-692
-907
-911
-757
-526
-451
-504
-715
-975
-1103
-1133
-919
-664
-432
-284
-231
-281
-400
-509
-534
-391
-202
-23
-1
-89
-207
-319
-368
-404
-430
-463
-461
-428
-474
-691
-923
-1086
-1126
-1152
-1194
-1061
-983
-1014
-1062
-1051
-1092
-1280
-1358
-1190
-906
-755
-805
-904
-992
-1076
-1025
-766
-568
-566
-763
-919
-913
-690
-329
-81
14
-212
-407
-382
-171
109
257
409
435
393
381
469
620
720
819
767
764
794
874
923
947
1035
1096
1089
1044
1068
1229
1407
1525
1519
1360
1260
1298
1423
1481
1455
1421
1406
1407
1378
1393
1348
1247
1123
1052
1052
1018
1038
954
786
583
440
365
316
301
303
313
188
3
-186
-269
-265
-269
-286
-385
-519
-645
-719
-714
-676
-670
-700
-779
-832
-929
-1030
-1096
-1092
-1037
-1004
-1050
-1199
-1335
-1370
-1221
-1012
-892
-934
-1098
-1219
-1154
-960
-778
-699
-618
-583
-505
-366
-263
-239
-312
-337
-343
-241
-122
-61
-33
-52
-56
-43
-17
-38
-57
-79
-67
-66
-69
-87
-124
-188
-274
-257
-178
-144
-186
-296
-420
-497
-497
-476
-472
-460
-429
-384
-325
-279
-278
-308
-296
-215
-53
145
264
314
328
384
525
693
817
804
796
848
1010
1172
1311
1387
1317
1196
1131
1298
1484
1579
1540
1486
1415
1339
1347
1419
1470
1366
1234
1196
1213
1149
1000
826
714
619
579
513
358
117
-95
-143
-166
-203
-346
-529
-731
-891
-973
-967
-976
-1070
-1175
-1283
-1333
-1336
-1290
-1266
-1306
-1339
-1269
-1131
-1030
-1015
-1027
-1054
-1024
-863
-688
-625
-624
-572
-400
-178
-70
-110
-195
-226
-96
110
354
428
300
138
118
280
454
568
492
337
214
218
302
309
246
140
58
-9
-102
-173
-257
-348
-417
-423
-366
-352
-400
-554
-694
-727
-561
-359
-292
-392
-546
-562
-470
-299
-143
-77
-116
-163
-102
36
189
272
272
254
276
368
522
665
717
687
619
612
698
844
948
975
927
826
730
727
806
897
852
691
552
503
524
533
467
299
129
25
5
56
79
-13
-187
-352
-419
-386
-313
-286
-348
-452
-531
-529
-449
-399
-387
-440
-461
-456
-383
-276
-179
-135
-182
-226
-203
-57
133
285
292
193
109
131
223
332
400
387
320
206
144
141
162
178
194
179
110
15
-38
-43
-33
-18
-62
-132
-236
-296
-344
-355
-346
-343
-356
-400
-413
-454
-539
-636
-675
-611
-483
-387
-364
-400
-434
-422
-366
-236
-61
98
155
115
59
103
240
422
562
600
516
395
401
546
752
843
785
614
483
444
496
542
524
439
296
148
23
-27
-52
-71
-116
-196
-326
-467
-568
-592
-555
-511
-538
-627
-737
-810
-787
-693
-591
-558
-587
-620
-573
-467
-347
-279
-259
-240
-198
-77
82
203
207
161
202
349
496
538
526
523
592
654
678
650
577
466
379
422
511
569
504
346
204
144
216
323
366
270
93
-50
-69
23
101
107
-12
-168
-296
-324
-239
-152
-170
-296
-421
-485
-442
-373
-344
-366
-421
-452
-396
-256
-122
-93
-149
-177
-124
15
182
300
292
212
186
306
496
651
695
606
478
376
390
479
582
602
476
302
164
102
82
66
18
-77
-194
-316
-383
-412
-430
-472
-539
-602
-646
-676
-680
-650
-620
-601
-573
-534
-496
-497
-507
-467
-362
-221
-127
-125
-162
-184
-130
-1
187
337
350
272
196
210
297
436
532
550
481
379
342
389
481
488
363
223
194
256
327
313
214
108
41
47
118
190
163
21
-100
-105
-43
7
-2
-26
-62
-94
-98
-62
-46
-96
-172
-205
-143
-71
-53
-93
-135
-130
-105
-50
22
59
23
-43
-44
50
150
172
155
125
122
129
142
183
222
217
184
154
146
132
105
66
11
-59
-122
-161
-182
-216
-261
-321
-384
-472
-553
-570
-531
-481
-502
-538
-589
-601
-569
-496
-391
-324
-285
-269
-242
-192
-115
-44
17
62
97
141
198
252
267
259
251
280
359
456
512
483
404
360
391
432
439
405
377
353
354
347
314
240
141
79
63
97
92
23
-88
-175
-187
-135
-86
-107
-182
-254
-270
-220
-104
-25
-40
-97
-126
-98
-37
28
54
52
54
109
185
243
255
221
223
243
278
326
337
300
269
301
344
369
353
270
163
139
201
276
332
282
134
-16
-104
-118
-82
-53
-124
-242
-350
-400
-432
-448
-486
-562
-656
-729
-713
-644
-574
-609
-718
-767
-711
-563
-424
-339
-336
-389
-409
-348
-225
-96
5
41
33
-1
-11
22
111
265
388
406
312
208
190
286
427
520
511
404
299
264
302
368
382
338
258
181
154
157
149
109
53
-12
-35
-47
-77
-112
-132
-132
-118
-61
-31
-73
-147
-210
-170
-75
-5
-50
-102
-88
-30
59
124
145
84
39
29
90
193
257
252
207
198
192
229
255
252
243
226
233
249
282
268
236
225
221
197
136
104
69
44
25
0
-50
-132
-189
-234
-229
-221
-283
-369
-452
-478
-470
-390
-309
-287
-344
-406
-373
-297
-193
-136
-126
-166
-168
-108
-48
5
11
-15
-42
0
107
162
114
10
-45
1
107
155
162
139
68
-19
-39
25
53
51
49
9
-35
-29
-29
-86
-144
-150
-128
-72
-30
-43
-140
-225
-242
-171
-13
109
102
-22
-107
-50
54
148
204
193
121
81
107
155
206
270
283
218
214
289
330
294
245
190
151
158
211
273
236
133
24
23
92
138
125
83
40
-23
-53
1
24
-41
-130
-193
-233
-230
-183
-175
-190
-237
-292
-303
-263
-222
-197
-202
-233
-231
-225
-196
-155
-86
-5
43
20
0
48
144
194
182
169
166
187
186
193
197
195
184
197
175
137
140
126
81
33
43
47
14
-29
-85
-104
-105
-99
-80
-68
-151
-205
-240
-253
-230
-187
-178
-280
-327
-336
-305
-235
-174
-162
-213
-198
-250
-305
-235
2
241
248
257
158
11
-159
-228
-122
5
279
485
560
446
298
191
97
86
13
-26
104
403
581
633
592
435
194
-59
-174
-231
-127
105
266
276
212
183
87
-100
-280
-392
-369
-257
-91
58
127
68
-60
-223
-308
-347
-351
-330
-265
-101
42
87
26
-90
-166
-165
-109
-52
-1
3
-4
-2
64
101
133
175
126
73
23
-10
-22
52
130
146
127
126
85
8
-51
-50
-98
-108
-82
-13
31
-3
-53
-122
-122
-154
-150
-160
-173
-122
-118
-121
-107
-51
-27
-17
-20
-46
-66
-110
-127
-109
-43
20
50
55
1
-45
3
78
99
62
42
70
124
181
168
114
46
35
72
85
52
45
23
-7
-7
31
102
125
69
21
26
-7
-46
-73
-67
-34
1
25
66
105
40
-134
-470
-589
-282
322
752
819
694
406
153
-226
-519
-587
-462
-34
377
801
928
770
386
-113
-467
-644
-436
-149
2
-22
27
318
530
572
469
230
-268
-957
-1281
-984
-198
635
1290
1439
1115
511
-203
-941
-1462
-1399
-928
-197
475
861
810
442
-59
-598
-904
-991
-881
-622
-264
119
325
440
454
313
37
-233
-413
-455
-313
-39
201
396
426
297
157
5
-131
-269
-257
-220
-75
-59
-281
-553
-527
-62
355
708
749
567
102
-329
-468
-425
-267
-14
529
797
530
-53
-353
-362
-301
-218
-158
155
280
62
-409
-575
-419
-184
94
273
480
470
255
-150
-363
-277
-58
194
371
576
671
595
381
196
44
1
63
151
211
188
145
115
167
178
157
116
-114
-518
-780
-603
-161
308
685
916
911
537
-42
-686
-1249
-1341
-1043
-393
260
705
868
667
371
-86
-597
-958
-1027
-767
-425
-5
352
561
641
539
327
31
-179
-372
-501
-442
-188
155
406
551
511
275
-23
-257
-353
-377
-286
-168
-7
128
210
169
49
-124
-317
-297
-183
-62
-86
-57
-40
-30
-28
-15
56
-26
-68
-96
-112
-168
-198
-131
-74
39
79
210
328
298
131
-93
-270
-349
-165
55
296
626
875
835
376
-73
-251
-139
34
137
253
251
100
-69
-20
343
757
842
522
-43
-520
-876
-888
-637
89
1017
1792
1700
217
-1431
-2773
-3250
-3061
-1962
-223
1336
2689
3045
2502
1238
-53
-1117
-1739
-1551
-845
170
994
1584
1634
1368
876
-59
-1171
-2076
-2297
-1899
-945
312
1471
2187
2299
1892
900
-283
-1342
-1829
-1643
-885
120
840
1277
1254
783
-89
-807
-1203
-1360
-1156
-728
-176
241
470
388
179
42
-200
-485
-696
-716
-602
-398
-51
191
337
364
236
31
-228
-303
-316
-217
-15
223
429
373
346
277
196
72
6
72
58
123
269
308
240
143
30
-45
-153
-205
-280
-166
16
175
366
470
485
359
219
54
-103
-302
-368
-253
-90
44
196
347
318
177
-104
-379
-368
-249
-124
-48
-34
-80
64
179
155
138
53
18
-177
-166
-109
38
129
139
247
270
213
37
-95
-220
-251
-121
68
217
158
5
-94
-117
-106
-64
25
-65
-29
-12
-34
-84
-112
-67
-29
84
31
-72
-136
-126
-206
-300
-286
-279
-121
61
249
255
66
-13
-80
45
199
172
2
-124
-73
42
131
91
24
63
235
192
-28
-347
-605
-751
-654
-71
515
891
958
759
617
489
399
-46
-541
-659
-461
-143
256
540
562
519
135
-329
-799
-793
-661
-495
-110
2
125
124
265
381
166
-83
-242
-179
-226
-229
-83
307
692
744
407
-159
-414
-439
-226
-145
-161
128
493
611
234
-15
137
248
296
-33
-402
-201
19
133
86
69
8
-90
70
-113
-190
-217
-288
-254
-86
199
165
-110
-64
-194
-545
-602
-265
-86
-38
75
165
235
380
302
-57
-76
-108
-523
-708
-354
-63
107
255
497
597
706
487
-107
-693
-624
-554
-48
1074
1012
406
-89
-348
-608
-884
-766
-207
418
622
452
352
-416
-1124
-1098
-644
-387
327
1346
1136
515
29
-306
-786
-789
-414
-584
173
903
996
786
787
182
-939
-668
-445
-372
-336
225
545
612
622
263
-209
-452
-734
-609
-64
242
177
316
735
595
553
88
-52
-125
-122
-125
-478
-18
-144
-358
-46
453
510
248
479
-134
-1183
-1242
-1003
-51
192
715
934
958
672
19
99
-285
-498
-350
-209
78
878
1027
903
1070
947
-51
-860
-1045
-1541
-1240
-769
580
1443
1844
1574
-95
-489
-1166
-882
-1049
-1161
-275
235
1018
623
265
-15
467
-115
-1169
-967
-125
-263
-1022
-526
287
767
938
1215
235
-203
-834
-790
-685
-600
-1
107
517
34
450
792
708
36
-1255
-1577
-1186
398
378
874
885
334
371
773
97
-1155
-963
-905
-284
653
1081
26
-15
-68
131
-148
-98
-243
-823
-829
-852
462
805
1662
1097
594
374
-467
-1354
-2198
-1564
-338
1810
1996
1474
1677
381
-1957
-2478
-630
-946
6
1399
1233
438
799
472
-2089
-1807
-1245
-559
2230
2850
588
9
34
-2228
-1959
-775
249
1488
2258
2293
1988
618
-1358
-2566
-3336
-2041
-302
2262
2538
2060
1418
97
-778
-2086
-2123
-1401
-14
1419
671
1656
1162
-32
-455
-305
-194
-638
-476
-150
-917
-24
1305
927
1242
-214
-907
-1548
-1598
387
1597
1600
418
367
-1059
-2337
-1445
934
1101
2061
1199
5
-793
-81
-538
-1786
-167
-24
1435
2114
801
-1543
-1152
-992
-701
37
799
378
-104
-1336
-729
1319
555
-524
-592
714
-667
-1061
-476
224
210
595
1947
1154
-175
-1881
-2703
-2771
-914
1586
2910
2173
1199
-311
-1567
-2189
-1626
-102
-30
1286
1568
1736
703
248
594
-1270
-1724
-1109
-445
-179
375
748
1557
1590
787
500
-688
-2157
-1253
-1065
-641
1835
2982
696
-177
124
-999
-1831
-852
-1526
-820
552
556
1736
684
-742
-343
1721
-501
-2872
-430
-424
-611
1902
1971
1008
433
475
-1675
-908
1339
-625
-51
804
874
-134
-470
-1033
-1180
1282
679
985
1107
206
-2134
-1672
-529
-1937
490
1135
637
1440
2300
683
-1249
-1650
-2581
-1031
-76
563
1683
2708
1490
-74
-1172
-1223
-1273
-1836
-333
939
1495
1279
41
-130
-1174
-847
742
196
138
-191
-292
-1321
585
999
224
36
-124
531
319
-489
-371
-500
549
855
-86
104
-40
156
467
483
-170
-828
-580
293
-939
335
1345
136
-788
-832
-1100
-2436
684
1668
1414
2362
-191
-1721
-2093
-1624
-745
833
2565
2417
522
2410
-426
-2374
-1824
-941
-1347
-731
2632
1903
1945
294
496
-951
-2243
-2145
-1802
-997
2292
3613
2349
488
-225
-1764
-2664
-1336
-1503
287
1777
1510
808
905
351
-1661
-2356
-988
45
-51
-150
313
2273
1590
-293
25
-176
-3369
-2576
1508
1621
1753
1973
-119
-1647
-534
-1409
-2263
645
898
-42
1452
2114
-673
-1124
-1000
-2152
-687
1416
-515
331
959
22
723
182
342
-853
-819
115
-136
190
-190
1235
1948
1127
1122
-1078
-1421
-1369
105
91
4
575
589
1828
-593
-1353
-164
-689
-1401
1288
1057
-948
126
96
217
-72
831
-468
-1476
406
-257
-984
432
1105
165
-179
585
-309
-1037
-360
1531
928
-352
562
1571
312
-1150
-216
-414
-1142
-10
1677
467
683
22
-401
-978
-618
-1427
-1814
681
331
421
1512
1583
1
-1917
-1036
-781
-403
-237
294
1700
888
1725
826
-184
-1694
-2023
-1460
272
2186
662
-306
-216
-79
-1112
-507
-162
-434
-635
136
-378
1035
1396
-504
279
136
-1865
-1580
1525
1083
339
654
354
-910
-30
396
-1145
144
910
50
475
1162
202
-728
57
-1179
-940
882
1228
-715
-477
502
517
-476
-749
-665
-591
306
1162
459
-852
857
-125
-2003
-758
809
-450
-628
2083
614
-642
661
338
-1194
34
182
-732
-296
1242
406
978
1200
-779
-1943
-95
904
-166
177
382
322
-278
33
588
-367
652
398
-87
470
35
-781
-566
-1617
-152
1907
1448
-118
-472
107
-647
-1401
-1502
-546
1094
541
393
1599
492
-2242
-1431
-336
80
710
857
8
-730
103
138
261
1459
607
-1155
300
-216
-1179
285
1618
-427
218
1989
-837
-935
379
120
-764
-18
-591
-43
387
928
-584
1117
-158
-1399
-114
-159
-225
-1254
1083
-482
457
-454
802
1085
39
-486
-1630
-1169
-932
479
578
584
1753
444
-70
512
-733
-1175
-1724
80
987
686
2872
491
-806
-917
-305
-438
-1343
-89
396
1710
805
-112
-138
-1196
-961
-79
246
1290
-43
-755
-1035
286
-493
-1098
904
530
760
-518
-888
-617
131
992
18
371
393
303
438
-208
-867
-112
876
31
591
324
222
-1232
-603
183
-861
367
443
374
456
1744
-1165
-2508
132
-589
-13
774
781
686
-809
754
-267
-975
336
-267
313
576
-468
225
-228
624
674
-95
-548
-1547
1082
291
349
-110
-140
-539
94
464
654
-917
-626
859
-278
525
-96
-237
-953
-371
1540
-38
870
570
-559
-1370
-691
415
-277
-499
2062
1371
-867
450
1091
-905
-1990
-804
-21
-829
1451
1075
-1067
1501
71
-673
-1108
524
-1246
-853
2146
1691
398
86
818
-1636
-1081
-1111
-286
-815
790
1743
242
350
-731
-1073
-1961
524
1208
-489
20
924
1362
130
-334
292
-1631
-518
-293
645
544
180
1423
58
264
-267
-654
-1865
-421
767
406
918
1351
225
-2381
15
110
-1773
-739
240
1384
1538
1100
-222
-636
-567
-1546
-400
-19
-263
871
909
1101
702
243
-1457
-1990
-598
-714
-181
1826
248
559
1522
199
-906
-1916
171
-1450
435
784
39
2385
704
668
-1238
-846
-667
-783
567
210
114
503
1109
540
-309
145
-477
-1119
-648
116
664
586
855
85
-456
-438
-230
-822
839
540
270
132
-725
-302
-903
905
298
225
221
-960
-2080
720
1142
-241
885
671
-1235
-1001
670
-537
117
1338
521
-1275
222
1032
-1607
-898
511
-747
-222
1068
-390
526
-71
-805
-498
254
1143
-175
594
-551
256
562
-804
231
613
168
-688
1171
536
-402
671
-737
669
-229
-864
-1778
-275
1365
26
1149
873
24
-1934
-1102
-1044
-538
1476
-162
948
1429
427
-842
-1260
-134
-296
-1003
240
927
-25
1035
1855
103
-1711
-133
-438
-1494
508
503
1006
839
625
177
-994
179
-777
-1833
156
1228
1108
-307
754
569
-930
-372
254
-1106
-1104
1415
-182
732
1034
349
-1317
-855
212
-569
853
179
116
160
204
-186
-375
304
-835
23
33
-642
124
911
-242
-1308
145
77
-336
423
292
461
647
-60
509
-723
-371
-418
751
263
421
-297
-960
453
-109
-428
-516
1073
324
-1039
490
-131
594
-741
79
1223
1033
-692
-883
695
-1149
-616
839
280
-601
854
-320
-1688
-222
16
-436
928
1089
-827
-589
549
5
-80
478
-443
-247
83
-181
1066
190
-352
-984
851
392
-893
593
829
-596
-16
707
365
332
-409
-270
830
381
-927
-574
318
-66
-309
352
238
-604
-1594
-1149
555
715
883
696
-377
-955
450
69
172
-684
298
-81
726
1161
-119
397
275
262
-1017
341
-89
-143
153
246
83
-599
-279
-17
-489
-104
-135
-231
-668
264
-439
-363
1024
545
418
-97
-156
-1084
-278
156
-467
792
238
240
25
1084
-818
-1439
753
-915
-26
995
641
-627
-948
752
111
-128
1185
236
-656
-699
-344
-72
333
336
-120
449
894
19
-108
-78
-1173
-579
97
683
1228
791
203
400
-587
41
-1115
-646
-507
-335
1226
-329
1044
544
-1031
-1308
287
308
-1038
-109
952
-97
223
1321
-6
97
-570
-776
113
1417
-280
3
1076
369
-1445
-379
467
-884
435
185
-124
-146
-287
-855
-658
1655
-747
-797
257
-802
595
-479
1752
-571
-234
1343
-581
386
-1932
466
70
374
1152
-315
676
-770
111
-462
-109
-242
-446
15
-249
441
756
6
-98
703
-673
-870
78
187
-1085
-729
1002
641
46
1283
-5
-1311
-667
-96
-796
166
1299
586
745
440
-921
179
-206
-536
53
-34
737
-430
1123
-315
-673
360
-793
-126
-272
683
-590
57
-42
57
828
-39
199
-458
-9
-405
301
350
929
-4
-32
419
32
-935
-324
456
-1174
1215
1768
-78
-1404
-537
-502
-549
866
-42
-105
793
-137
-388
-583
267
-1387
-61
1019
280
451
-387
-586
-141
188
-301
456
-674
-755
45
1079
286
171
743
-20
-366
-517
-763
-591
785
1522
427
-9
-389
-1385
-241
49
372
353
49
312
302
-42
-1068
-117
520
-87
1010
966
-413
-421
-182
-374
78
-245
409
279
98
583
-649
105
-580
-1602
-812
622
1113
-362
620
855
-309
-668
333
41
-1148
235
292
127
1652
124
93
376
-600
-1125
-796
273
-381
-421
-7
772
1020
730
27
11
-708
-1061
-364
537
732
396
597
119
521
-273
-87
544
-430
-1571
-786
215
555
648
245
924
-240
-1433
-685
-118
-305
-1023
499
1162
-107
91
562
-479
-109
-314
-1009
-205
-111
279
416
1208
638
-627
269
-540
-649
-548
1
1011
293
959
131
288
109
-1291
-567
-187
-588
123
1487
504
143
-124
-689
-1127
-394
-252
198
1296
-249
546
310
134
-346
-1041
486
-212
-292
509
218
-554
566
194
46
1017
-699
-1827
-1383
487
1259
582
278
-30
-695
225
362
-841
-278
926
741
-143
-264
-684
-276
150
-55
311
417
496
-812
-764
-318
304
189
573
722
486
-538
-510
552
-43
-1100
285
478
-606
896
634
-64
-581
184
-447
-798
1399
524
-1141
435
711
-1002
-266
672
-142
-320
91
436
12
-130
-435
164
265
73
505
-589
-416
-566
-1015
-284
839
1382
-70
-264
833
-484
-676
-231
-303
-39
-408
397
1
1059
576
-294
-337
-178
-556
-1678
99
742
849
561
1236
-25
-276
-93
-526
-287
141
-220
-54
1365
292
392
586
-31
-664
-447
-353
-526
842
197
-174
235
368
-263
-579
41
-355
-538
-365
276
-214
615
221
-29
28
-393
-253
-774
547
-98
321
497
190
-240
-586
-436
94
769
81
-20
308
192
-682
-386
-166
-204
324
318
-147
315
776
-432
-1131
-330
-378
-410
394
208
136
-201
660
-48
-940
-187
511
-660
-33
933
815
438
-241
800
-991
-83
641
46
-540
-242
607
-919
48
396
-515
-938
423
207
-479
984
385
-295
-380
534
-100
-812
698
-43
266
530
-501
-74
309
59
-1024
-666
813
213
286
835
222
-960
-180
-29
-47
627
627
-711
-292
558
-307
-370
308
399
-1365
4
900
-441
-414
802
399
-823
532
14
-3
-328
-14
-111
501
1011
-138
66
-18
-726
-425
-567
542
930
335
377
-77
-194
-1652
-34
-373
64
570
-41
1197
-571
-399
-887
-87
-450
-513
884
724
674
-432
-113
-350
-278
-597
262
725
264
847
131
-414
-123
-279
-705
-201
918
-144
158
621
-264
-580
-597
498
-149
395
263
-633
148
172
478
251
-137
-490
-752
-256
471
756
474
410
39
-450
-268
-840
-186
216
236
1088
87
-168
-514
-95
-330
-715
754
345
-113
-249
151
282
205
417
-611
-802
-313
-85
356
469
820
747
-925
-552
-552
-281
-435
465
1426
59
308
244
-466
-797
-1026
-399
700
524
346
-379
793
183
-68
-1277
-488
662
-233
105
124
692
244
322
-385
145
-226
-122
-146
-69
-157
-842
808
647
137
-412
-56
-533
-1015
216
403
254
515
-37
-475
424
-131
-115
-377
267
-22
-555
223
441
357
-227
175
8
-353
106
-407
-404
1098
410
-97
-267
49
-339
-35
25
-741
527
358
-25
-153
737
-92
-675
-80
-372
-92
659
733
-141
-422
-620
80
737
59
154
-140
-344
-200
684
464
-74
-11
14
-993
-450
542
278
-136
-61
-314
-337
145
-180
334
475
316
-469
-11
91
-119
436
380
176
102
496
-122
-445
-66
-1426
-241
579
-195
359
215
-42
-1509
-120
-174
-326
893
857
288
-357
99
-568
567
741
-244
78
-167
48
-691
-117
211
85
425
-212
436
51
-625
-394
-128
568
-486
441
551
204
-271
-754
731
265
-699
-538
486
221
-186
65
270
266
-95
-442
-30
155
317
79
409
341
138
48
-342
1
-423
-681
31
12
43
-149
259
324
58
-209
-288
-330
-362
93
758
698
-556
81
52
-61
-313
61
694
-312
233
-292
-247
401
11
-323
-285
275
-350
-866
915
3
-575
147
121
201
-767
587
641
-272
-259
-476
622
-3
-314
-210
384
457
72
-31
-26
265
-712
-348
493
481
-455
-1036
-44
199
358
114
279
174
-159
-474
-562
494
420
-52
-175
365
455
-304
-90
147
-249
-289
-541
-532
165
223
317
672
426
-280
-499
-92
-114
-177
-88
552
764
-16
187
173
217
-414
-668
-370
-237
-78
-19
595
999
435
-437
-682
-352
-327
-104
15
570
230
402
-28
-437
-594
-552
329
-35
457
186
252
-297
16
-75
-530
731
126
93
103
481
-467
-479
183
-227
143
-94
246
-132
-194
326
-197
130
271
-37
-718
-131
157
-354
176
313
75
145
226
-242
-57
332
-203
-390
579
441
-165
-123
661
85
-262
-102
-669
-83
41
24
25
947
669
-543
-98
-74
-215
-301
-486
-64
395
576
360
-158
555
-264
-885
-216
-355
383
333
443
121
342
556
-492
-456
-521
-247
-21
37
449
131
-34
-315
230
-294
-1119
128
162
-126
163
335
-86
-62
-34
-440
-443
354
285
102
190
30
-85
-335
-67
-50
-135
-368
94
292
-383
-6
627
122
-81
261
49
-218
-112
160
-75
213
402
419
-14
-291
-267
-37
-19
85
-80
-343
124
-66
-230
261
155
-172
122
360
202
-136
-237
42
-150
-213
428
557
-250
-70
61
-125
-182
-152
-501
-219
902
577
-199
-153
-39
-478
139
443
-54
-694
-330
-469
-68
882
333
-3
-43
311
-444
-320
303
-501
-171
179
539
112
652
286
-725
-165
-101
-265
-43
429
-58
-166
675
201
-356
373
-51
-251
-131
-94
-395
-343
836
635
157
488
-189
-847
-923
-698
197
990
690
-70
57
-421
-347
-355
-365
52
110
425
104
-102
181
669
-375
-483
278
-191
-383
-435
-295
-175
656
1084
-116
-551
81
-356
-896
-327
359
69
322
777
295
-227
-186
-141
-536
-657
183
498
-26
426
402
310
83
-36
-317
-146
208
-398
271
745
160
-682
-70
192
-535
-33
-68
-290
-79
331
378
-121
95
-60
-292
17
-269
-164
441
761
249
-293
236
341
-376
-544
-95
-73
-100
445
481
232
153
-440
-758
69
60
-70
146
358
143
-303
1
-133
-367
64
159
460
403
148
-154
-78
0
-491
-219
663
306
-293
-145
507
-83
-415
-129
-363
-254
-407
275
316
587
295
-180
74
-294
-712
-429
217
334
257
538
388
-253
-233
-287
-67
-28
-321
-212
98
93
-42
564
490
-73
-440
-618
-424
-620
-28
619
830
404
-114
133
-9
-343
-504
-354
136
222
191
266
223
591
-47
-64
-583
-578
-143
-284
114
491
1000
416
-195
-177
-606
-711
-154
-32
-181
339
640
222
339
169
-391
-499
-305
-209
-306
84
384
738
670
354
113
-171
-902
-621
122
-143
33
430
207
126
527
254
-393
-237
-505
-588
-419
-145
428
583
636
678
144
-512
-780
-591
-382
-250
536
627
280
202
13
-402
-523
-81
-167
-390
-53
148
263
225
170
214
169
-251
-245
-90
-339
-80
-7
259
124
167
38
-345
-87
-364
-263
-97
83
-60
-64
213
178
16
0
-14
2
162
22
44
46
79
74
388
772
431
-33
-240
-421
-471
-295
245
248
162
84
-36
-81
-98
63
-134
-61
-117
164
-232
-506
155
465
534
184
144
220
-165
-497
-363
301
117
63
287
342
448
75
-220
-227
-358
-230
-235
-124
70
230
257
451
326
-158
-688
-488
-306
-447
-115
343
625
292
216
-22
-103
-425
-471
-153
162
-86
118
364
172
126
66
3
-354
-279
-517
-395
-17
116
435
315
-44
-161
17
-164
-514
-234
-1
-90
10
411
382
10
-183
-253
-365
-381
12
144
137
399
234
74
-19
-265
-332
-129
503
420
152
100
-9
-268
-418
138
409
217
100
85
-149
-435
-316
248
336
327
205
-98
-203
-251
-82
219
345
374
29
-121
-123
-206
117
234
584
216
-5
-164
-350
-345
78
659
307
241
167
-274
-380
-236
-138
-3
295
171
94
136
-96
-147
-93
42
-262
-324
-112
-158
52
134
-90
45
148
-140
-248
-183
-193
-64
300
213
-80
-130
-145
99
189
142
73
-20
-20
-366
-158
101
105
263
108
-94
-169
-195
-165
-257
13
76
275
180
-238
-71
55
-147
-344
138
312
182
-110
-268
-234
-110
122
22
253
238
62
-8
-54
-190
-280
-10
211
203
230
169
-32
-214
-369
-82
150
-165
-164
335
214
-32
194
160
-254
-157
33
-81
235
178
-92
-116
72
-7
-256
105
116
-50
32
50
-186
-342
-42
130
83
-28
-126
-77
-76
-246
-331
11
217
-34
-146
85
228
-103
-282
-24
33
-144
-92
137
113
13
123
158
74
-37
-42
-4
50
-75
-253
15
291
250
108
310
217
-381
-506
-179
-21
171
488
604
314
-56
-209
-235
-125
-30
126
372
402
215
20
-108
-228
-10
193
29
58
123
-56
-315
-230
-21
129
305
275
94
-71
-23
-47
-66
43
129
45
12
116
26
-13
-81
68
22
-134
-60
-79
-178
-308
-4
168
51
-16
41
31
-221
-325
-232
-179
6
28
4
252
373
165
-125
-72
-242
-434
-49
286
113
-57
-19
-38
96
-2
-175
-174
-171
-218
-93
79
-169
-167
52
170
83
174
86
-265
-227
-257
-229
73
323
276
149
242
217
-201
-477
-254
-60
39
174
355
315
71
-96
-321
-289
-19
113
-26
38
122
0
-96
-174
-145
-209
56
381
189
-71
-36
-73
-310
-72
222
282
273
253
106
-86
27
-23
-165
37
297
254
186
240
88
-222
-269
-130
-42
118
20
29
291
139
-156
-222
-37
-42
-49
32
88
101
-142
-172
62
195
99
87
55
-50
-147
-142
-23
54
146
195
107
-19
-110
-154
-162
-137
-19
-1
2
-88
-250
-99
102
120
-35
2
-45
-281
-280
-119
23
101
128
21
69
229
45
-190
-160
-49
-190
-210
134
261
162
65
44
-164
-201
-103
-162
31
215
265
31
-83
-47
-58
24
58
114
101
-70
-103
-57
-88
-46
70
159
126
46
-71
-118
-82
-94
-54
132
178
35
63
113
37
56
10
-29
-60
-52
64
218
135
-26
138
155
-80
-40
98
-46
-60
63
-55
-27
150
-56
-193
11
54
-97
-3
70
-179
-216
-45
63
82
24
48
38
-78
-98
-21
32
29
-5
-133
-55
164
63
-3
82
-23
-107
-35
-101
-238
-31
173
168
97
-85
-157
-106
-66
-144
10
183
135
94
82
129
-6
-124
-111
-60
-37
14
179
119
163
211
-12
-209
-196
-211
-279
57
175
-50
-25
151
12
-245
-103
30
-84
-14
162
122
-83
-121
-38
-45
-28
140
202
79
68
-74
-221
-73
43
-148
-132
192
152
36
180
150
-54
-105
-140
-238
-84
125
161
152
176
188
121
67
-77
-275
-320
-132
64
99
166
253
125
-83
-92
51
72
68
20
-46
55
100
-38
-87
139
143
67
209
206
-61
-216
-224
-317
-253
-37
163
243
202
155
12
-248
-412
-399
-316
-85
199
244
179
249
108
-162
-235
-215
-261
-199
168
332
92
26
52
-170
-165
59
39
-6
75
-18
-194
-130
-30
-43
25
147
136
91
79
78
-22
-148
-84
-27
-167
-140
189
347
232
238
268
37
-249
-264
-186
-206
-77
144
298
342
291
27
-208
-196
-216
-214
-106
54
123
168
270
161
8
48
61
-106
-287
-176
-4
11
-17
37
94
144
258
157
-103
-143
-94
-234
-208
65
177
133
182
163
-28
-146
-161
-186
-120
58
104
-20
-25
86
113
6
-19
65
-68
-204
-160
-60
72
126
30
-112
-66
-114
-150
30
100
-52
-121
-38
-146
-207
-161
-115
-5
135
234
226
117
-113
-351
-333
-135
31
209
308
274
133
72
-14
-215
-250
-181
-102
9
154
229
236
216
-29
-324
-343
-242
-172
31
248
250
130
59
9
-89
-126
-61
-10
-36
42
210
272
195
63
-98
-202
-119
-18
36
102
143
111
88
119
103
38
-88
-78
-44
-26
110
237
209
114
117
32
-130
-167
-135
-90
-1
105
91
86
55
-34
-75
-132
-118
-54
-56
-110
-36
24
-6
20
36
36
59
37
-122
-209
-129
-67
8
81
126
180
163
64
14
-14
-101
-130
-130
-111
-51
19
42
115
221
94
-100
-191
-154
-85
-59
2
82
88
41
50
73
70
23
-6
-6
47
78
31
-25
-45
29
81
49
-8
-12
21
-47
-77
-62
-69
-35
1
-10
-89
-117
-41
15
84
112
54
36
14
-103
-222
-195
-172
-110
75
233
300
282
181
11
-224
-419
-395
-177
11
131
283
354
372
301
51
-263
-403
-316
-193
-30
178
332
409
323
100
-165
-312
-379
-368
-198
10
193
293
298
189
-27
-205
-299
-297
-134
53
145
85
-5
-37
-24
34
142
193
137
63
-91
-248
-291
-170
32
176
232
151
75
18
-174
-356
-322
-225
-114
19
171
255
208
135
3
-104
-165
-176
-193
-125
113
183
176
242
231
122
97
70
-46
-42
-27
-83
-74
5
103
217
221
120
72
-28
-183
-156
-98
-99
-118
-119
-106
-10
177
246
227
171
15
-233
-346
-262
-93
44
140
238
292
306
180
-79
-281
-366
-342
-241
-67
108
221
284
308
260
38
-187
-371
-463
-416
-273
-72
157
373
420
320
135
-90
-270
-330
-284
-157
39
207
335
417
391
209
-20
-199
-319
-361
-310
-184
-13
151
258
297
253
153
21
-158
-324
-377
-313
-168
66
307
402
370
314
192
-48
-233
-342
-424
-381
-197
72
340
511
461
265
88
-92
-266
-416
-403
-234
-15
200
364
448
389
291
89
-166
-284
-347
-356
-220
22
181
260
329
348
247
18
-202
-325
-377
-390
-323
-172
23
177
230
223
186
46
-165
-303
-344
-351
-308
-152
49
232
332
305
161
17
-116
-284
-372
-335
-235
-128
24
185
257
235
179
113
35
-83
-214
-278
-263
-198
-45
164
305
348
279
159
43
-78
-210
-245
-183
-94
12
94
168
222
266
245
143
24
-93
-208
-295
-259
-155
-30
123
253
290
250
152
12
-111
-213
-264
-251
-165
-45
89
210
278
328
316
166
-45
-200
-253
-220
-131
12
191
328
330
225
98
10
-38
-59
-78
-102
-100
-51
-14
-2
3
24
97
182
213
161
97
36
-57
-168
-223
-173
-38
121
214
246
248
198
90
-67
-206
-245
-199
-119
-51
3
64
108
123
109
46
-18
-99
-186
-250
-263
-200
-83
44
143
166
138
105
35
-44
-111
-164
-191
-170
-141
-90
16
93
118
97
85
34
-35
-68
-74
-56
-50
-40
-13
34
60
44
38
26
-10
-51
-80
-125
-132
-89
-47
-19
-2
-16
-52
-48
-38
-47
-34
17
61
56
8
-70
-89
-83
-55
6
75
142
163
145
98
36
-52
-133
-153
-134
-61
57
148
186
186
141
57
-30
-108
-156
-134
-73
14
76
106
113
107
64
-18
-89
-130
-126
-81
-15
25
55
89
116
115
67
-6
-85
-129
-124
-85
-37
6
64
120
153
152
92
13
-60
-105
-133
-118
-71
-21
42
92
127
95
28
-35
-95
-131
-140
-118
-79
23
117
166
189
153
67
-29
-131
-192
-167
-104
-13
99
188
204
165
83
-7
-88
-140
-166
-159
-132
-67
18
91
147
157
136
77
-8
-97
-148
-150
-128
-49
40
108
161
192
171
117
35
-69
-147
-177
-154
-90
3
97
171
188
153
67
-21
-98
-176
-217
-199
-160
-96
0
81
144
174
135
55
-36
-130
-199
-204
-147
-49
67
167
211
210
163
83
-16
-98
-155
-156
-113
-53
-3
54
120
157
162
114
22
-73
-146
-192
-206
-171
-88
30
134
194
211
169
108
29
-53
-115
-144
-125
-81
-16
47
110
178
207
172
101
16
-70
-134
-172
-160
-89
-7
68
118
156
160
103
41
-9
-48
-82
-95
-79
-22
34
76
113
143
145
115
74
16
-46
-99
-136
-131
-98
-57
-17
45
94
94
66
30
-14
-76
-121
-143
-142
-104
-53
-6
40
69
86
79
41
-9
-56
-98
-121
-125
-111
-89
-49
-2
37
70
86
80
42
-19
-88
-120
-129
-117
-83
-37
16
63
100
105
90
54
1
-61
-105
-115
-105
-62
-10
45
102
133
126
91
47
0
-47
-72
-76
-65
-33
-2
40
81
103
93
66
44
19
-10
-23
-22
-19
-7
19
42
67
80
78
64
50
24
-13
-35
-47
-41
-33
-27
-15
4
15
11
11
-5
-35
-58
-77
-83
-70
-57
-40
-16
-4
-8
-15
-15
-8
-6
-8
-14
-30
-39
-44
-37
-17
-1
-4
-19
-21
-13
-18
-24
-19
1
6
-6
-20
-27
-17
-6
18
51
64
57
39
20
2
-4
-4
-9
1
12
22
29
34
37
34
25
19
11
-5
-16
-8
9
20
28
30
39
36
24
17
5
6
5
-3
-2
9
13
21
39
44
44
35
24
8
0
-3
1
9
9
11
12
13
15
22
23
19
21
17
7
-12
-21
-22
-5
12
15
22
25
13
-4
-21
-28
-35
-40
-31
-18
-13
-5
-7
-17
-17
-21
-28
-36
-27
-29
-21
-17
-15
-10
-7
-1
-17
-27
-29
-20
-12
-6
3
8
14
11
10
8
0
2
4
-2
-11
-9
-12
-25
-24
-16
-8
9
20
10
6
-7
-20
-28
-21
-14
-6
2
7
14
11
3
8
6
-6
-10
-10
-12
-15
-10
-6
11
25
25
20
12
5
10
15
14
6
5
1
-6
-6
3
10
7
15
16
7
-1
1
0
9
17
22
27
22
12
4
2
7
14
22
25
20
9
-3
0
2
3
12
11
14
10
4
-6
-15
-20
-18
-10
-1
6
12
17
14
2
1
-2
-11
-13
-14
-3
-4
-18
-20
-22
-24
-12
-11
-2
-3
-12
-16
-23
-32
-37
-31
-18
-6
1
-4
-17
-27
-27
-23
-17
-19
-10
-5
-2
-1
-10
-13
-6
6
14
13
12
8
8
10
11
8
8
17
20
21
15
13
9
4
-5
-12
-14
-16
-15
-18
-15
-17
-13
-17
-17
-13
-7
-3
-6
-4
-1
-6
-7
-1
0
3
10
15
21
17
15
9
4
2
1
1
-5
1
11
10
12
24
29
30
34
24
11
0
-9
-5
2
6
5
4
2
5
5
7
2
0
-7
-16
-18
-20
-23
-19
-9
2
14
15
14
4
1
-2
6
18
21
22
20
22
14
13
12
10
11
11
17
11
9
16
21
22
19
23
22
20
21
16
13
13
10
6
6
4
2
-5
-9
-13
-20
-29
-33
-29
-23
-22
-22
-18
-19
-22
-22
-23
-20
-15
-14
-14
-9
-2
3
6
3
6
6
5
2
3
5
9
17
19
18
7
5
8
7
9
18
21
10
8
8
3
-3
-5
-2
1
2
-7
-12
-19
-27
-32
-32
-29
-21
-19
-29
-27
-31
-43
-49
-46
-37
-32
-22
-9
-7
-8
-8
-6
-5
-3
2
5
4
4
1
-2
0
5
11
19
28
37
36
28
24
21
22
19
17
21
25
31
22
20
22
20
21
20
11
8
9
9
11
10
8
11
11
7
4
-7
-15
-22
-12
-6
-2
-1
-5
-3
-5
-9
-10
-6
-7
-6
-5
-8
-12
-13
-16
-14
-6
0
0
-5
-4
-9
-18
-22
-25
-23
-22
-15
-17
-20
-17
-20
-26
-32
-30
-24
-18
-13
-13
-13
-14
-15
-14
-8
-4
-1
6
2
4
9
9
13
13
17
23
25
24
21
21
21
29
27
24
21
16
14
7
9
9
11
12
9
7
5
0
-6
-9
-9
-2
2
-1
-5
-4
-5
-6
-3
0
2
0
-2
-1
-7
-8
-14
-12
-4
-2
1
0
-3
-6
-7
-8
-7
-4
-3
-1
9
11
9
11
9
6
7
8
8
5
5
8
9
14
19
18
22
21
17
13
13
12
8
10
3
3
5
6
8
4
1
2
4
0
-7
-14
-11
-12
-5
1
-1
2
-1
-2
-4
-6
-10
-11
-11
-5
-4
-3
-4
-4
-4
2
5
-2
-3
-6
-4
-2
2
10
12
14
18
21
22
22
18
14
14
8
7
7
6
2
1
6
8
2
-4
-8
-9
-5
-1
-3
-5
-5
-9
-11
-8
-5
-7
-4
-7
-10
-13
-15
-21
-28
-30
-32
-29
-30
-33
-32
-33
-32
-34
-36
-35
-34
-38
-38
-33
-24
-21
-21
-24
-23
-15
-13
-11
-14
-20
-18
-9
-1
0
4
3
6
13
20
24
23
26
27
29
28
25
28
32
34
38
44
42
37
29
25
23
22
18
16
18
26
28
29
30
29
23
22
17
20
19
14
13
7
1
-4
0
1
5
4
9
-2
-12
-22
-24
-22
-22
-11
-6
-2
-7
-17
-21
-13
-8
-14
-11
-5
-8
-6
-9
-5
3
0
3
0
8
3
-7
-7
-4
-2
-6
-7
-8
-17
-24
-19
-9
1
8
0
-8
-1
-5
-1
-3
-1
12
16
14
4
7
3
-6
-1
0
-2
-1
2
8
6
0
0
19
24
22
18
21
20
14
9
-4
-1
0
1
-7
-18
-13
-15
-16
-17
-11
-8
-16
-10
3
7
-4
-5
12
38
41
-2
-36
-33
-14
-18
-29
-29
-15
-1
-6
-1
1
3
11
18
26
25
23
15
7
-1
-6
0
-7
-3
0
7
6
-6
-9
-8
-7
-10
-11
-3
8
19
16
6
-8
-23
-25
-16
-9
-9
-8
-5
-3
-6
-5
1
8
18
33
42
29
10
-1
-6
-9
-11
-7
-12
-13
-12
-25
-33
-35
-21
-13
-20
-22
-19
-12
-16
-9
1
-1
-16
-27
-24
-18
-16
-25
-33
-34
-31
-21
-12
-4
-10
-24
-23
-10
-6
-11
-8
-3
-5
-5
7
11
19
11
5
22
24
15
7
8
17
34
47
56
56
41
31
31
36
28
19
16
14
10
21
15
8
0
-3
-1
6
22
38
48
31
12
25
49
47
35
33
32
21
14
5
9
-5
-40
-41
-16
3
-4
-12
-2
6
2
-15
-1
14
6
-2
2
10
-6
-19
-31
-34
-34
-41
-30
-8
7
6
-14
-12
4
7
0
18
38
36
24
18
1
-20
-35
-45
-35
-21
-13
-9
-4
-3
-14
-34
-33
-20
-4
20
45
43
1
-39
-52
-32
-9
-3
10
25
17
16
5
1
7
27
40
36
43
49
65
37
0
-14
-13
-11
-32
-17
8
13
3
-10
-15
-12
-13
-34
-36
1
33
11
-31
-37
-34
-40
-28
-9
12
-6
-46
-33
-19
-6
-40
-44
-24
-5
1
-9
19
21
-8
-8
26
14
-45
-36
14
17
2
-27
7
-3
-18
-23
-10
30
5
18
9
16
5
-6
-5
-7
7
-20
-14
-42
-43
-20
-22
-7
-35
-27
-38
-24
-23
-9
47
1
-59
-54
33
38
-4
-10
1
-6
-82
-86
-35
-8
-36
-36
0
33
79
102
97
38
2
-5
30
48
43
2
-24
2
-1
0
13
55
81
66
33
16
33
45
88
91
66
35
6
23
35
23
-18
-4
0
7
-4
-13
6
35
42
32
6
5
-14
19
65
54
19
-35
-56
-56
-45
-93
-62
5
29
16
-15
-11
18
-4
20
9
39
56
29
36
-24
-36
-84
-27
3
50
49
40
41
45
-34
-63
-6
23
-52
-109
337
771
725
-268
-873
-801
-225
150
-107
-330
-250
86
78
-34
-130
-117
-126
-147
-73
-25
-25
-4
50
116
98
62
32
-11
-61
-95
-28
73
80
61
100
143
128
83
112
130
97
50
32
55
50
6
38
58
68
59
54
29
15
-2
3
6
-15
18
-6
19
10
52
26
-10
-26
-25
-59
-92
-57
-44
-14
-49
-57
-34
39
66
42
-8
-77
-53
-57
-41
-46
-32
5
29
32
15
2
-21
-15
-33
-81
-89
-44
-42
-60
-59
-9
33
9
-87
-112
-47
1
0
-47
-22
-29
11
-17
-17
-27
0
-1
-39
31
56
48
-17
7
44
47
54
73
94
79
77
56
56
70
43
16
-29
-13
41
68
50
-7
-4
17
11
-7
-13
-41
-12
25
45
14
-15
-43
-26
30
14
-45
-80
-50
-46
-59
-80
-53
-42
-50
-40
-21
-13
2
17
10
8
-2
3
4
19
37
5
-9
-28
-6
11
16
23
-5
-55
-73
-40
-4
-18
-58
-7
24
29
-5
-21
2
17
54
63
50
-16
-31
31
102
117
96
62
60
30
28
1
-12
27
24
41
17
14
-1
7
23
18
23
-3
13
15
13
3
-6
-1
-9
-9
-31
-58
-72
-30
1
12
-15
-35
-19
-2
-12
-4
16
19
-4
-18
2
18
12
0
35
34
23
4
28
23
11
11
30
22
-6
-13
-17
-21
-10
5
-10
-7
0
-14
-39
-68
-64
-28
-11
-12
-23
-11
6
9
-10
-22
-24
-13
-5
-2
-11
-10
-12
-17
-13
-17
-24
-17
-10
-20
-30
-19
10
27
21
9
1
-9
-21
-30
-13
-5
1
-2
0
0
-11
-10
-14
-6
-2
4
17
38
42
30
22
26
23
14
16
11
12
-2
-8
-1
0
-8
-9
-13
-16
-23
-19
-17
-17
-31
-31
-24
-20
-17
-25
-25
-23
-25
-30
-25
-26
-25
-25
-13
-7
6
18
28
42
46
47
46
44
41
40
41
47
51
44
38
39
43
39
29
19
16
21
19
23
18
12
15
13
17
24
23
10
-2
-14
-34
-39
-42
-40
-37
-36
-31
-26
-19
-18
-10
-10
-13
-15
-16
-5
-6
-13
-23
-22
-19
-23
-31
-42
-40
-26
-22
-17
-15
2
13
14
16
21
23
13
3
-4
-4
-9
-10
-11
-9
-10
-11
-11
-7
-3
0
3
10
12
7
6
5
10
12
18
15
11
8
-4
-18
-27
-22
-13
-8
-7
-5
1
14
21
13
4
12
25
29
26
34
29
22
22
21
16
8
6
0
5
10
10
12
10
13
15
17
16
18
22
30
35
25
14
17
15
8
1
3
4
1
-10
-12
-5
-4
-8
-9
-5
-3
2
-4
-6
-13
-21
-26
-28
-31
-40
-38
-36
-33
-27
-29
-24
-9
2
10
12
13
11
6
2
0
-9
-7
-1
0
-11
-19
-1
5
6
-1
0
0
1
5
0
5
2
2
5
-7
-7
-11
-2
8
-1
-6
-7
-15
-23
-16
-8
-7
-8
-5
1
11
16
4
-7
7
14
1
-13
-16
-7
-9
-22
-23
-15
-22
-26
-24
-18
-12
-13
-16
-9
-7
-8
-2
1
9
11
11
2
-6
-10
-10
-5
-4
3
3
-3
-5
-13
-7
0
2
3
2
4
0
3
5
9
17
14
16
9
5
8
17
15
15
22
27
32
28
30
33
38
43
44
45
38
34
26
25
20
16
24
26
29
24
24
19
12
13
15
17
16
19
24
17
8
-1
0
3
4
7
0
1
-4
-12
-12
-12
-14
-12
-10
-11
-14
-16
-16
-15
-14
-25
-16
-16
-23
-23
-24
-12
-20
-24
-26
-33
-19
-24
-25
-26
-14
-26
-33
-31
-29
-21
-22
-20
-21
-22
-28
-29
-25
-18
-20
-22
-18
-14
-12
-16
-10
-7
-2
-1
-1
1
-4
-8
-6
0
7
6
9
8
10
2
-6
4
3
11
2
5
11
5
-1
-9
-2
-6
-5
-2
-3
-4
-10
-10
-10
-13
-4
-8
-8
-6
-6
-7
-14
-13
-12
-5
4
11
12
9
7
5
6
12
19
23
19
19
23
17
13
19
17
22
22
24
22
23
22
19
24
25
25
23
28
27
21
10
14
17
19
21
20
18
15
14
12
8
7
14
10
10
18
18
14
7
10
10
7
11
9
3
5
9
2
8
4
3
4
9
6
5
-1
-7
0
2
-3
1
-4
-6
-4
-10
-18
-22
-12
-10
-7
-6
-5
-9
-12
-8
-12
-21
-19
-16
-16
-18
-18
-20
-28
-24
-22
-21
-20
-18
-24
-24
-25
-29
-26
-23
-21
-12
-11
-17
-18
-22
-26
-23
-24
-14
-7
-14
-12
-12
-17
-19
-14
-10
-14
-7
-5
-15
-12
-10
-11
-12
-9
-3
-9
-14
-13
-5
-7
-10
-9
-2
7
6
-1
9
15
5
5
9
13
17
13
18
23
15
11
12
21
14
15
20
19
22
20
19
18
21
25
22
21
19
19
18
11
16
18
18
12
16
20
16
16
14
26
24
23
27
20
27
21
13
12
2
-2
-12
-2
2
8
6
0
5
7
7
10
3
1
-2
-7
-2
-8
-2
3
0
5
5
2
-5
2
8
4
10
10
3
2
0
9
2
-4
-3
-2
-4
-16
-11
-11
-5
-8
-18
-14
-28
-29
-29
-31
-33
-34
-31
-31
-19
-22
-24
-14
-7
-13
-15
-1
-2
-10
-8
5
-1
-15
-10
-3
-6
-4
0
-2
6
-3
-8
-4
1
0
-13
-4
-7
-2
-3
-7
3
-1
3
5
2
3
-1
8
14
24
19
12
23
26
21
21
26
18
18
21
23
17
5
17
26
10
9
9
5
-1
-11
-7
-6
-4
-4
3
7
-1
-5
-9
3
-6
-16
-9
-4
-9
-22
-22
-21
-19
-26
-24
-18
-21
-32
-29
-25
-24
-23
-25
-20
-24
-27
-33
-28
-26
-30
-40
-36
-25
-32
-37
-20
-16
-16
-16
-17
-14
-9
-5
-4
7
8
11
11
3
3
7
13
22
29
28
25
28
28
29
26
26
36
36
36
36
29
32
37
35
39
42
39
43
43
34
41
47
48
43
45
47
36
33
38
30
23
27
28
24
17
11
9
9
-1
-11
-12
-10
-9
-20
-24
-22
-25
-27
-20
-14
-19
-27
-33
-24
-30
-33
-36
-29
-27
-31
-32
-37
-33
-35
-31
-26
-20
-16
-19
-17
-9
-8
-16
-14
-7
-7
1
-1
0
10
8
8
8
2
6
12
12
6
10
10
8
10
9
13
4
9
7
9
6
1
3
-8
-6
-15
-17
-13
-18
-31
-35
-27
-36
-37
-35
-39
-29
-30
-36
-31
-25
-27
-34
-21
-13
-13
-13
-13
-1
-1
-7
-2
8
12
7
12
18
27
21
24
27
19
27
21
22
29
31
23
27
37
31
22
19
14
12
13
20
25
21
19
13
8
4
0
6
0
2
5
-6
-4
-7
-3
-8
-8
-3
-8
-5
-3
-4
-9
-1
1
-7
-4
1
0
-3
2
9
4
5
9
15
11
15
15
12
19
17
14
18
23
19
19
14
21
20
14
10
11
17
10
14
6
12
8
-2
4
10
7
2
-2
0
7
0
1
4
7
-5
-12
-7
-1
-9
-14
-6
4
2
-11
-9
-9
-8
-8
-9
-9
-12
-20
-21
-15
-12
-17
-21
-12
-7
-9
-4
2
-5
-3
-4
-11
-10
-11
-9
0
-4
-8
-2
-4
-5
-5
-11
-7
-5
-7
-6
1
-2
-7
-6
-6
-11
-13
-12
-6
-7
-10
-6
-5
-7
-9
-8
-4
1
4
-2
-9
-8
-8
-10
-7
2
3
-2
2
5
-3
-12
-9
-3
-4
-8
-7
-9
-10
-5
-9
-11
-9
-11
-6
-7
-7
-5
2
1
-3
7
3
-2
-2
-1
-6
-2
-6
2
4
1
9
0
-3
0
-3
-5
-6
-6
-11
-8
-6
-13
-19
-18
-12
-13
-12
-5
-8
-14
-8
-1
-7
-6
1
3
1
6
10
5
8
8
0
2
11
15
11
16
28
24
18
16
15
14
14
25
15
4
9
10
-6
-10
-4
-5
-10
-10
0
-9
-14
-15
-9
-3
-6
-4
-2
6
-3
1
11
4
4
8
18
26
4
0
10
9
-1
6
16
6
5
5
12
17
6
6
12
21
19
21
33
36
29
29
47
49
30
22
39
56
36
14
29
53
36
17
47
59
17
12
40
28
-23
-23
8
-4
-25
-22
-11
-23
-41
-42
-10
-9
-41
-29
-6
-24
-60
-44
-13
-28
-34
-15
14
-5
-45
-25
5
8
-22
-24
23
23
-13
-15
14
-15
-43
7
18
-13
-19
-2
5
3
8
-4
11
30
21
9
1
19
24
-2
-10
32
48
10
5
18
22
10
18
6
4
24
7
3
-11
-4
-10
-29
-18
13
7
-28
-22
1
-1
-29
-36
-7
-7
-46
-40
-11
-28
-48
-32
-24
-26
-34
-32
-15
-23
-26
-36
-31
-31
-27
-26
-41
-40
-35
-30
-41
-40
-32
-21
-28
-26
-11
-15
-30
-27
-19
-1
15
-16
-45
8
13
-40
-40
-3
31
-7
-48
6
60
10
-54
-1
62
42
-19
-4
74
41
-12
17
52
10
-15
32
41
29
43
22
-4
23
60
4
-22
61
44
-34
-18
53
