SAMPLES:	16003
BITSPERSAMPLE:	16
CHANNELS:	1
SAMPLERATE:	16000
NORMALIZED:	FALSE
0
5
7
5
6
6
-1
0
3
-1
-4
-8
-10
-14
-13
-12
-11
-9
-9
-1
-4
2
3
-5
-6
-3
-1
6
7
10
6
8
5
2
4
2
2
0
1
0
-4
-10
-14
-12
-18
-17
-17
-19
-20
-25
-24
-25
-18
-13
-15
-10
-16
-18
-13
-14
-8
-7
-1
1
3
6
5
6
0
-1
-6
-7
-5
-9
-2
5
9
8
17
13
8
7
1
6
6
2
5
8
9
9
12
12
14
13
16
16
11
5
0
1
-3
-3
-2
-4
5
6
8
10
10
11
14
13
16
20
18
19
16
18
24
19
20
20
16
18
19
15
16
11
9
10
9
9
7
4
9
14
13
9
9
6
5
10
2
2
2
0
-5
-10
-13
-16
-17
-21
-15
-14
-14
-11
-11
-8
-10
-15
-11
-4
-3
-5
-5
-5
-6
-9
-9
-4
-2
-1
4
1
2
-4
-7
-6
-5
-2
0
3
3
6
4
1
2
0
3
-1
-4
-3
-1
-5
-9
-6
-10
-11
-20
-24
-21
-23
-19
-24
-21
-19
-23
-17
-11
-8
-4
-3
0
3
7
12
15
15
17
15
10
6
-1
-7
-13
-12
-10
-10
-10
-9
-8
1
2
1
-3
-6
-6
-7
-3
0
2
4
2
7
3
-5
-11
-14
-13
-15
-13
-15
-16
-13
-15
-12
-14
-9
-5
-5
-4
-3
0
-2
1
5
10
8
5
9
6
14
21
26
32
32
36
31
31
29
23
15
11
11
12
13
11
10
12
10
18
22
24
24
20
16
13
10
1
-1
-6
-12
-7
-6
-6
-1
-2
3
4
11
18
14
13
5
6
1
-4
-1
-3
-3
-3
-8
-11
-13
-18
-22
-20
-12
-9
-3
-6
-4
-3
-5
-6
-4
-2
-2
1
-1
-4
-10
-16
-19
-20
-17
-15
-17
-22
-20
-14
-12
-11
-3
-3
7
6
5
7
1
4
-2
3
4
5
3
1
10
10
12
13
14
13
14
18
13
4
-7
-16
-18
-17
-15
-13
-10
-3
2
9
10
13
6
4
-1
-3
-5
-15
-19
-24
-23
-24
-23
-15
-15
-12
-10
-11
-5
3
7
10
16
11
10
12
7
10
11
17
29
33
39
31
31
23
17
14
7
3
-13
-21
-19
-22
-22
-16
-12
-6
8
13
7
6
5
-1
-3
-4
0
-3
-1
-2
2
9
11
15
20
23
23
18
13
6
0
-7
-9
-9
-10
-14
-21
-17
-18
-18
-19
-16
-13
-12
-11
-7
-5
-3
-3
-4
-4
-1
-5
-2
-1
-4
-2
-4
-1
0
-5
-11
-18
-17
-15
-16
-8
-7
-6
-12
-10
-10
-11
-8
-3
7
9
6
6
4
0
1
7
10
11
11
10
9
12
7
7
15
15
22
22
19
16
12
11
12
15
14
15
7
6
3
0
0
-7
-9
-11
-18
-19
-19
-24
-26
-31
-23
-15
-8
-2
-3
2
1
1
0
-1
0
-1
3
4
5
5
7
9
20
29
28
27
18
10
7
3
0
-4
-5
-3
-3
-5
-1
-2
-1
7
8
7
5
4
2
-2
1
2
6
11
15
17
18
21
16
14
10
9
6
3
1
-1
-6
-15
-18
-24
-26
-27
-26
-22
-20
-15
-11
-11
-12
-10
-11
-6
-7
-9
-9
-8
-1
5
6
12
11
9
5
1
-7
-15
-17
-24
-22
-13
-12
-15
-8
-5
-1
2
5
6
3
6
4
8
8
11
12
14
26
25
28
27
26
21
14
14
17
18
12
10
6
8
6
0
1
2
-2
4
6
6
7
3
2
1
3
8
10
6
5
-1
-6
-8
-12
-10
-9
-4
-7
-7
-6
-8
-6
-9
-9
-10
-14
-17
-16
-12
-7
-5
0
3
5
5
9
6
-3
-12
-16
-21
-21
-16
-13
-13
-11
-12
-10
-7
-10
-9
-11
-11
-11
-9
-10
-8
-6
-6
0
0
6
9
6
8
5
3
-2
-6
-2
-3
-2
0
-3
-7
-5
-4
-7
-6
-12
-14
-11
-7
-4
-5
-2
-1
-1
6
10
14
16
16
17
19
22
18
18
14
12
11
4
7
9
12
12
10
11
11
6
2
4
2
-1
1
-2
-5
-4
-7
0
2
8
8
14
14
17
20
14
13
13
12
11
10
7
5
3
-1
-1
0
-3
-9
-8
-3
1
8
6
6
-5
-3
-10
-15
-17
-19
-16
-15
-16
-16
-18
-17
-16
-14
-15
-17
-14
-15
-9
-9
-6
-6
-9
-8
-7
-6
-4
-10
-12
-10
-18
-19
-17
-21
-23
-26
-21
-18
-12
-3
1
9
12
17
18
18
19
14
18
22
24
34
38
36
42
38
34
26
19
9
4
-1
-7
-9
-8
-7
-7
-2
5
9
6
10
7
5
-1
0
-2
-1
4
5
8
4
6
1
-7
-6
-5
-7
-7
-8
-2
-4
-6
-2
-3
1
-3
3
2
2
-2
-5
-2
-7
-5
-5
-1
1
5
5
9
8
5
4
-1
-1
-2
-3
-3
-3
-6
-7
-5
-2
1
3
10
9
9
8
5
-1
-5
-3
-10
-10
-5
-1
5
11
16
23
28
23
16
13
3
1
-5
-10
-1
-4
0
2
6
12
10
14
15
16
8
4
-2
-7
-13
-18
-21
-22
-24
-27
-27
-31
-33
-33
-32
-31
-31
-29
-26
-22
-21
-17
-16
-16
-15
-9
6
6
13
15
13
12
10
8
3
4
2
5
5
3
4
3
-4
-3
-8
-14
-11
-10
-7
-2
4
5
6
10
12
15
15
16
18
10
11
12
8
7
6
3
-2
-5
-10
-13
-14
-11
-14
-9
-4
-1
-2
-4
-6
-12
-12
-14
-14
-8
-2
5
11
18
18
20
21
19
19
19
11
9
10
8
6
4
8
9
13
15
17
9
10
6
4
7
3
0
-6
-8
-16
-20
-16
-12
-8
-5
4
8
11
12
9
8
1
-8
-14
-13
-12
-6
1
2
2
7
8
8
8
5
1
-4
-4
-6
0
1
2
3
2
1
2
0
2
2
3
6
3
6
3
-7
-7
-2
0
5
5
4
1
3
8
10
14
14
11
9
4
-3
-9
-9
-8
-5
-1
2
1
-3
-6
-12
-14
-15
-13
-12
-6
-1
5
13
20
17
17
19
16
13
8
4
-2
-7
-6
-3
0
3
1
0
-3
-3
-5
-4
-2
-2
0
-3
-1
-5
-8
-6
-13
-15
-18
-13
-11
-11
-2
4
4
1
-1
-6
-9
-16
-23
-24
-24
-19
-19
-11
-7
-7
-3
0
4
2
1
2
4
0
-2
-2
-7
-10
-8
-8
-10
-2
-1
3
10
7
8
3
2
-2
-9
-10
-15
-12
-12
-5
4
12
19
20
15
16
11
2
0
-1
2
2
2
3
2
3
-1
1
0
-2
0
-4
-2
1
6
10
16
19
25
18
16
8
5
9
4
8
2
7
8
5
9
2
-4
-3
-2
5
3
5
9
9
10
11
12
8
3
-1
-5
-6
-9
-7
-4
-3
-2
-1
0
1
6
4
4
7
6
8
4
9
1
-4
-5
-5
1
4
3
1
-1
0
0
-5
-10
-11
-17
-20
-25
-27
-21
-21
-19
-11
-11
-9
-7
-11
-15
-17
-16
-18
-17
-15
-4
0
11
16
15
16
11
14
13
10
8
-3
-6
-7
-9
-7
0
7
8
8
12
8
9
11
14
14
14
14
5
2
-6
-7
-12
-11
-7
-3
-4
-12
-10
-8
-1
7
7
11
7
7
0
-3
1
2
2
8
10
10
3
0
3
1
1
-1
1
0
6
9
6
4
0
2
4
6
9
6
1
-2
-4
-3
-1
2
4
4
5
2
-1
-1
-2
-2
2
5
3
-1
-4
-7
-9
-11
-7
-7
-10
-10
-16
-17
-22
-22
-15
-9
-7
-3
-5
-8
-5
-6
-9
-9
-8
-5
-3
-2
-4
-5
-5
-5
-3
0
5
8
7
3
1
-3
2
8
13
19
17
20
22
20
22
24
22
17
15
13
6
-1
-5
-6
-4
3
4
-2
-5
-11
-11
-16
-21
-19
-20
-17
-13
-10
-10
-3
-1
1
6
3
10
7
5
12
10
13
13
10
11
5
9
8
7
9
3
10
14
17
20
19
23
17
15
8
6
7
-3
-2
-10
-13
-15
-15
-13
-14
-15
-15
-16
-18
-15
-19
-15
-9
-8
-6
3
6
10
17
18
20
22
20
15
9
4
-5
-8
-7
-12
-16
-17
-17
-18
-19
-22
-23
-23
-20
-18
-11
1
9
9
13
11
11
13
17
19
17
21
23
23
16
12
10
10
5
-4
-11
-14
-19
-19
-19
-21
-15
-16
-19
-20
-23
-22
-14
-11
-8
-3
1
4
5
9
12
14
12
8
9
3
-4
-12
-20
-18
-18
-17
-11
-5
-5
-8
1
0
-1
2
4
-3
-16
-23
-21
-13
-6
-1
9
13
18
23
30
32
31
21
11
6
2
0
-1
2
-4
-3
-4
-3
3
7
10
11
17
23
24
22
20
17
13
5
-4
-11
-15
-14
-22
-20
-19
-22
-23
-20
-8
-7
-4
-1
2
11
14
14
17
19
16
13
15
12
11
14
12
12
14
14
7
2
0
-4
-10
-8
-12
-11
-12
-11
-6
2
6
8
13
8
6
4
6
14
12
12
-1
-11
-9
-8
-7
-2
-4
-16
-21
-18
-13
-5
1
-2
-3
-6
-7
-10
-9
-8
-7
-9
-6
-8
-9
-8
-3
5
0
-1
-3
5
10
7
6
9
10
7
4
-6
-12
-22
-28
-19
-15
-15
-14
-11
-5
-2
8
13
19
22
10
-3
-10
-7
-7
-5
-9
-17
-17
-19
-14
-7
-4
2
2
3
0
-1
2
2
4
11
17
17
22
22
26
30
34
39
38
34
30
24
12
-3
-19
-24
-26
-23
-15
-15
-18
-15
-10
-4
2
6
10
11
21
25
32
29
17
14
16
21
21
18
-1
-15
-23
-29
-27
-24
-21
-22
-28
-33
-38
-37
-34
-30
-23
-15
-4
10
22
30
22
16
14
18
24
25
17
1
-16
-26
-16
-1
4
1
-11
-14
-15
-14
-13
-12
-5
0
7
10
9
6
-8
-13
-17
-7
9
25
25
9
-7
-20
-12
6
18
16
3
-6
-9
-2
12
24
26
28
16
4
3
-2
2
0
-9
-9
-7
-5
-10
-10
-17
-14
-8
-6
-8
-12
-11
-17
-22
-30
-37
-26
-1
22
34
37
32
23
9
-5
-16
-25
-19
-16
-4
9
29
37
41
34
24
24
20
20
2
-23
-38
-43
-35
-25
-11
0
1
-7
-9
-5
4
13
18
20
17
6
-2
-7
-2
11
24
38
43
41
30
19
6
-10
-20
-19
-17
-12
-17
-21
-35
-42
-40
-32
-4
17
32
31
29
24
21
22
23
20
13
6
-6
-30
-47
-55
-53
-48
-37
-12
9
18
13
-2
-9
-14
-13
-9
-18
-26
-31
-38
-31
-19
0
13
30
42
46
42
17
1
2
11
20
21
18
14
8
10
22
39
39
34
26
21
14
8
1
-5
-10
-20
-9
0
4
-5
-23
-37
-46
-45
-43
-40
-43
-37
-30
-12
-1
-4
-6
-8
3
11
17
9
3
6
12
29
44
37
25
9
-13
-16
-6
11
15
24
26
18
5
-5
-11
-22
-25
-28
-16
1
23
40
45
48
37
24
16
12
4
-3
-8
-19
-17
-19
-15
0
6
19
25
25
18
13
-5
-25
-39
-47
-38
-23
-20
-30
-48
-60
-45
-31
-7
15
31
31
21
12
2
-4
-12
-23
-19
-21
-17
-16
-19
-3
7
15
21
15
8
9
26
30
28
14
-2
-5
-7
7
12
23
14
5
-3
5
20
10
6
0
-2
-4
-10
-9
6
9
5
-7
-19
-12
-10
-7
-8
-17
-28
-40
-46
-26
-11
-5
-1
7
22
28
31
27
18
-1
-15
-24
-23
-16
-29
-31
-14
9
33
40
24
10
-2
-4
-14
-8
5
2
-8
-25
-31
-44
-50
-30
-9
18
13
7
-4
-2
12
17
21
-2
1
12
29
37
16
4
-4
24
47
75
80
57
34
11
2
-5
-17
-4
15
42
79
82
64
28
2
18
34
44
14
-31
-71
-85
-81
-67
-37
-43
-44
-38
-21
2
3
-10
-45
-59
-49
-23
0
-16
-36
-58
-50
-23
-10
15
29
38
11
27
28
40
36
2
-3
-2
16
15
-12
-44
-43
-15
37
43
7
-27
-43
-18
-2
24
39
7
-4
-19
0
0
-1
14
30
80
86
63
37
-6
-33
-48
-72
-44
-43
2
55
79
91
31
12
29
27
49
42
58
71
89
81
28
-18
-62
-60
-46
-25
2
-2
-20
-19
-59
-52
-24
-26
-44
-110
-140
-80
-5
60
60
30
6
-13
-5
23
64
78
36
-47
-82
-78
-43
-72
-141
-116
-47
46
63
46
46
51
59
42
-8
-52
-97
-93
-84
-28
41
64
88
73
69
2
18
31
48
51
-29
-22
-60
-40
-48
-52
-27
-14
10
14
37
2
-49
-60
-11
43
49
0
-20
-9
15
22
13
-3
-42
-69
-49
-18
13
15
-15
-39
-42
-53
-42
-14
9
38
54
37
8
1
-33
-48
-73
-50
-36
24
67
68
68
7
-14
-12
-34
-35
-46
-2
45
46
65
63
108
44
8
-17
-12
29
-22
35
49
106
126
106
102
93
91
54
-12
-64
-49
-16
31
45
38
-22
-64
-56
13
72
21
-49
-57
6
61
43
-17
1
16
4
-53
-80
-65
-70
-54
-37
-5
51
41
5
-65
-99
-57
-62
-14
-11
65
83
-14
-36
-67
14
-13
-16
-16
20
126
129
89
43
-16
-63
-122
-143
-89
-67
28
49
66
39
-12
-61
-92
-69
-88
-75
-33
-3
38
55
36
25
-20
-49
-64
-15
55
60
35
2
51
53
18
-47
-69
-69
-91
-16
-10
54
-16
-31
19
37
89
20
39
39
27
45
83
120
99
51
8
22
-2
38
61
72
138
110
123
16
-87
-154
-214
-134
-96
-36
3
69
97
62
30
-28
-42
-48
-12
1
10
-25
-48
-103
-75
-10
-22
-2
-15
12
61
34
38
-23
-78
-107
-196
-64
-39
19
50
-23
-11
-33
41
159
164
45
-97
-103
-87
-64
-36
-3
47
11
-9
-75
-56
-7
0
-86
-82
-76
34
113
160
107
47
111
22
-33
-115
-171
-139
16
57
57
37
71
103
83
-48
-125
-199
-154
-69
-50
-97
-81
-54
10
44
106
24
-57
-34
-35
107
125
227
200
152
59
-2
-25
-83
-89
-123
74
73
88
58
76
108
-129
-81
-229
-66
-85
-59
60
68
161
13
150
149
119
45
-65
-96
-40
33
38
-22
102
156
322
188
86
-80
-226
-160
-140
3
38
180
135
106
-36
-111
-70
-83
-90
-93
-54
69
199
206
105
163
128
39
-61
7
38
39
-39
-72
4
-48
-118
-129
-70
78
48
56
108
110
169
-14
-178
-181
-138
-42
-21
-107
-75
-32
-6
-19
-104
-100
14
93
15
-133
-231
-226
-11
30
103
76
66
66
-59
-118
-269
-284
-202
-32
139
131
172
105
108
92
-69
-122
-153
35
92
46
-51
-34
42
258
277
142
-172
-239
-181
-7
34
28
-15
57
145
87
73
-129
-230
-254
-187
-144
-12
125
208
54
26
48
26
-10
27
-21
-70
-143
-197
-31
9
96
-70
-81
-34
-74
-66
-227
-161
1
170
236
249
59
-54
-63
-129
-155
-96
107
242
293
93
111
-48
60
-77
-73
-125
-6
128
56
127
14
130
46
0
-68
-26
112
9
20
-22
-13
-236
-374
-141
238
504
289
187
127
179
145
-78
-102
-6
122
134
100
-17
-63
-27
-121
-136
-117
-107
8
79
188
98
24
-121
11
192
348
329
31
-198
-328
-330
-322
-195
59
213
269
119
-136
-51
-86
123
-80
-247
-289
-255
-120
-78
66
69
-41
9
44
286
271
48
-173
-338
-120
52
4
-71
-46
-20
51
-61
-38
-167
-123
-305
-111
-27
37
77
-123
81
158
290
66
70
44
222
233
-33
-169
-339
-288
123
260
362
36
-101
-107
27
169
71
58
-98
22
62
141
74
102
114
72
95
35
-69
-331
-466
-290
-117
204
83
24
-61
-186
27
-88
57
-15
106
122
102
-54
-193
-14
167
339
227
3
-27
-35
-7
-125
-346
-353
-124
251
424
260
141
-215
-180
-138
-42
0
-153
102
112
202
27
-73
-21
62
-34
-200
-158
22
190
276
75
-48
-234
-163
-30
57
314
191
85
-54
-163
-55
-7
178
18
-162
-259
-80
90
63
-5
-20
23
-101
-69
-104
152
27
-169
-408
-267
31
143
191
37
-48
-201
-52
46
207
118
-33
-94
11
289
207
79
-119
-78
-11
113
177
112
-28
-51
-77
86
-30
20
84
45
60
-49
-9
-72
-151
-252
-320
-95
130
235
149
12
24
-36
-15
-351
-268
-175
263
592
613
233
-348
-391
-276
35
-40
-111
124
301
271
101
-165
-204
-215
-16
251
388
218
-272
-351
-98
204
215
-40
-171
-49
64
245
179
-48
-93
188
373
156
-277
-413
-407
-33
119
195
223
110
118
60
-49
-200
-64
-105
-32
-153
-167
-250
-205
-76
-3
272
156
-18
-319
-278
32
244
321
134
105
-105
2
21
210
193
164
-6
-42
-54
-93
-515
-616
-354
271
717
703
430
-167
-370
-512
-129
111
323
-65
-267
-275
153
290
-72
-537
-649
-220
109
415
177
-54
-318
-262
-12
294
426
183
-111
-78
-72
23
66
180
59
-137
-263
-51
182
410
127
-226
-314
-25
438
424
199
-237
-380
-385
-70
161
320
231
16
-226
-128
-63
-50
46
192
267
254
16
-251
-319
-322
174
182
143
-64
-220
-74
-216
-97
-15
81
236
162
182
18
-155
-555
-839
-529
44
475
551
423
496
537
469
61
-329
-219
2
286
32
-2
44
103
288
86
-86
-285
-340
-10
125
40
-219
-229
-163
-17
135
-113
-254
-443
-317
3
95
83
29
357
492
262
-215
-501
-98
197
345
116
44
159
84
-44
-339
-434
-137
142
244
154
141
132
-374
-784
-819
90
843
896
225
-311
-503
-276
59
158
-59
-127
85
481
703
229
-161
-508
-288
-113
164
130
97
-97
-269
-128
-272
-267
-464
-201
-38
141
120
58
167
189
211
-114
-141
68
421
585
297
-32
-116
-133
-47
-98
-52
177
392
395
115
-84
-181
-61
-263
-305
-372
-518
-523
-535
-59
297
589
555
500
405
226
-25
-440
-609
-492
-302
61
164
196
330
246
342
77
20
-230
-123
-127
-158
-174
-112
117
289
309
-88
-239
-435
-518
-334
-66
386
419
290
123
-16
178
357
318
250
-138
-302
-66
165
234
-120
-274
-225
43
390
448
455
287
120
-348
-585
-639
-400
-113
-144
-406
-562
-317
-63
222
271
207
94
-15
74
432
564
491
84
-110
-297
-154
2
-82
-75
-65
77
8
-140
-204
-247
-182
-23
95
344
516
547
427
289
37
-159
-291
-251
-272
-328
-431
-416
-186
-17
127
233
192
-86
-461
-611
-373
-133
112
263
275
272
414
583
699
580
147
-506
-837
-698
-91
421
535
365
116
24
98
248
184
75
-5
19
23
-28
100
145
180
85
-82
-133
-303
-282
-310
-316
-168
-42
1
114
179
250
67
-118
-403
-283
-121
50
312
337
237
-48
-219
-298
-213
-141
-68
-135
-283
-138
-83
51
145
-310
-559
-834
-528
-396
-411
-494
-720
-517
-73
539
881
899
866
976
1069
1201
885
530
332
173
34
-204
-388
-518
-496
-533
-465
-476
-542
-334
-92
82
19
-133
-381
-284
-18
109
213
258
334
320
163
260
353
577
731
625
569
456
443
345
92
-122
-207
-188
-284
-400
-482
-609
-577
-443
-207
-232
-205
-262
-442
-362
-391
-318
-216
48
400
490
461
309
243
223
185
343
295
168
-82
-327
-356
-268
-299
-219
-143
-329
-490
-622
-359
-99
57
2
-241
-197
-236
-107
-4
-57
30
95
253
300
308
305
366
236
35
-113
-307
-342
-290
-198
-176
-284
-293
-280
-243
-137
42
191
54
-96
-194
29
169
253
304
275
374
462
606
719
609
417
309
269
214
266
184
320
253
228
298
221
211
30
128
253
64
-28
-33
232
326
301
287
199
235
291
518
523
337
79
5
91
342
333
264
247
367
526
566
480
383
214
162
144
144
274
444
402
114
-245
-649
-612
-445
-159
9
74
296
587
907
972
1087
1144
1195
1023
946
1241
1514
1909
1983
2326
2263
1623
315
-1570
-3499
-6155
-8781
-11149
-12352
-12631
-12267
-11087
-9371
-6855
-4317
-1700
549
2355
3881
4457
4826
5047
5542
6183
6416
7120
7714
8482
8750
8632
8370
7387
5955
3792
1717
-127
-1773
-2848
-3711
-3856
-3635
-3088
-2251
-1359
-290
483
935
992
1095
1571
2108
2801
3373
4154
4819
5125
5352
5164
4849
3970
2638
1190
-263
-1264
-2074
-2428
-2652
-2652
-2473
-2482
-2187
-1966
-1700
-1791
-2053
-2148
-2184
-1757
-1329
-599
174
1080
1695
2028
2284
2431
2251
1634
874
241
-377
-768
-1002
-985
-901
-961
-1080
-1426
-1577
-1867
-2135
-2533
-2858
-2923
-2711
-2156
-1506
-857
-157
239
566
810
1009
1032
785
570
396
428
683
1038
1503
2001
2390
2781
3033
3470
4138
3915
1669
-3391
-9086
-13724
-16292
-17212
-17403
-16270
-14658
-12236
-9037
-4906
144
4345
7220
7756
7252
6952
7152
8108
8742
9842
10331
10068
9704
10075
11380
11377
9513
5777
1466
-2373
-5711
-7478
-8447
-8505
-8524
-8400
-7180
-4763
-749
2705
5075
6069
6099
6026
5874
6619
7899
8937
9244
8523
8064
7848
8036
7628
6191
3950
862
-2100
-4757
-6041
-6293
-6318
-6664
-7134
-6947
-6123
-4616
-3002
-1609
-695
-490
-394
-276
717
2328
4057
4991
5073
5077
4843
4762
4173
3381
2121
-26
-2266
-4205
-4776
-4646
-4099
-3767
-3662
-3576
-3413
-2806
-2183
-1171
-641
-455
-646
-439
614
2005
3330
4054
4215
3624
2843
2044
1324
749
-130
-1282
-2661
-3658
-3938
-3540
-2860
-2208
-1643
-1333
-1139
-750
-83
698
1459
1932
2365
2779
3321
4004
4886
5302
3871
-633
-7170
-13015
-16779
-18184
-18498
-17639
-15756
-13297
-9849
-5533
-112
5211
9107
10678
9901
8832
8126
8275
8523
8875
9304
8747
7755
7104
7922
8716
7608
4480
-169
-4879
-8866
-11159
-11598
-10794
-9222
-7837
-5879
-2975
1466
6205
9666
11341
11206
10286
8945
8026
8011
8368
8360
7231
5650
4336
3634
3328
2279
545
-2208
-5255
-8061
-9666
-9460
-8132
-6489
-5325
-4269
-2900
-1069
1246
3333
4880
5180
4495
3440
2718
2835
3466
3680
3184
2155
1163
280
-522
-1100
-1745
-2854
-4592
-6028
-6362
-5457
-3839
-2234
-913
-229
165
431
917
1660
2183
2267
1573
913
755
1438
2436
3170
3408
2743
1434
53
-1004
-1488
-1994
-2632
-3330
-3877
-3871
-3199
-2029
-892
101
403
426
451
686
1445
2292
3002
3334
3412
3693
4150
4980
5411
3386
-2182
-10447
-16878
-19867
-20075
-19070
-17415
-14048
-10471
-6229
-1156
4559
10243
13362
13873
11482
8811
7527
7156
7293
6918
7089
6180
4379
3297
3826
4958
3427
-358
-5302
-9725
-12518
-13449
-11622
-8564
-5202
-2411
25
3694
8117
12580
14909
14695
12832
9867
7290
5233
4764
4839
4376
2899
436
-1020
-1841
-1806
-2556
-4269
-6310
-8850
-10374
-10498
-8069
-4312
-973
1500
2961
4660
6089
7604
8360
8011
6358
3435
910
-870
-856
-353
-55
-904
-2632
-4263
-5470
-5651
-5318
-4738
-4725
-5195
-5239
-3953
-1178
1927
4425
5572
5220
4070
2703
2174
2265
2202
1557
364
-507
-646
-25
1204
1975
1757
311
-1657
-3302
-4159
-4006
-3489
-3036
-3094
-2987
-2401
-1068
627
2041
2724
2532
1925
1435
1453
1943
2424
2879
3090
3156
3139
3229
3455
4098
4111
1394
-4796
-13165
-18865
-21112
-20295
-18206
-15240
-10804
-6653
-1814
3437
8950
13749
15471
14521
10826
7580
5838
5085
5015
4636
4778
3376
1387
442
941
1713
-361
-4196
-8645
-11917
-12965
-11822
-7789
-3031
1555
4698
7201
10422
13391
15692
15372
13197
9647
5560
2378
316
203
484
222
-1079
-3116
-4142
-4617
-4427
-4994
-6094
-7471
-8597
-8228
-5887
-938
4084
7754
9200
9254
8985
8280
7429
6138
4056
1170
-2212
-4831
-5841
-4922
-3395
-2640
-3053
-4305
-5350
-5937
-5609
-4531
-3090
-2059
-1491
-716
1032
3634
5902
6782
6037
3970
1670
-417
-1361
-1185
-637
-437
-760
-912
-333
508
1208
1310
373
-1279
-3236
-4402
-4346
-3171
-1707
-675
-281
15
356
1016
1661
2173
2227
1712
1132
947
1634
2561
3137
2976
2713
2268
1923
1728
1790
2607
3467
2373
-2103
-10055
-17111
-20556
-20511
-18213
-15474
-11068
-6663
-2111
2922
8155
13372
15982
15644
12346
8088
5354
3685
3228
2602
2368
1490
-641
-1973
-1998
-591
-947
-3491
-7024
-10069
-10819
-9589
-5386
23
5079
8546
10206
12083
13862
15300
14844
12221
8272
3472
-572
-3224
-3614
-2602
-1965
-2345
-3778
-4793
-4995
-4344
-3630
-3511
-3713
-4127
-3611
-1432
2724
7183
10206
11007
9811
7759
5279
3215
1447
-462
-2701
-5372
-7214
-7663
-6283
-4116
-2477
-1934
-2523
-3432
-4126
-3710
-2499
-1019
20
446
951
1814
3214
4523
5112
4494
2733
430
-1420
-1988
-1548
-530
107
347
293
214
383
575
599
93
-1226
-2865
-3927
-3883
-2865
-1555
-425
304
525
605
941
1495
2126
2473
2366
1842
1141
890
1202
1489
1535
1056
557
347
561
1255
1991
3345
3918
1594
-4538
-12907
-18445
-20740
-19626
-17215
-13548
-8529
-4046
1045
5980
11204
15128
15756
13759
9261
5673
3234
2066
1900
1678
1993
539
-948
-1698
-1098
-408
-2234
-5121
-8471
-10038
-9379
-6256
-470
5227
9874
11944
12926
14017
14521
14187
11551
7801
2970
-1604
-4639
-5435
-3922
-2457
-1543
-1990
-2798
-3215
-3348
-2746
-2558
-2307
-2530
-2247
-671
2400
6512
9503
10769
9631
7199
4263
1412
-710
-2481
-3940
-5439
-6449
-6491
-5324
-3377
-1645
-796
-1148
-1979
-2918
-2966
-2236
-892
172
989
1559
2177
2979
3437
3781
3132
1653
-248
-1857
-2532
-2168
-1191
-225
449
589
614
499
410
175
-315
-1304
-2474
-3165
-3021
-2075
-842
357
1267
1515
1338
1030
923
1123
1108
1105
789
745
897
1151
1309
1146
833
206
-197
-507
-266
376
1433
3148
4361
3473
-1167
-9214
-16209
-20169
-20154
-17967
-14610
-9567
-4764
391
5181
9970
14047
15422
14186
10059
5812
2732
1182
1168
1314
2086
1502
170
-1041
-1380
-964
-2205
-4654
-7794
-9579
-9008
-6200
-794
5202
10565
13294
14043
14216
13580
12588
9836
6291
2047
-2084
-4776
-5738
-4257
-2315
-715
-587
-1568
-2557
-3523
-3511
-3368
-2699
-1890
-858
925
3442
6791
9494
10616
9534
6784
3177
-410
-2978
-4457
-4954
-5104
-5273
-5127
-4280
-2820
-1476
-823
-1114
-1857
-2736
-3027
-2336
-978
826
2224
3152
3481
3351
3104
2613
1901
897
-468
-1836
-2429
-2269
-1269
-48
807
1086
738
51
-544
-1017
-1228
-1488
-2028
-2366
-2325
-1618
-267
1184
2215
2400
1828
944
271
85
229
501
543
626
526
504
454
334
185
-84
-309
-376
76
933
2227
3956
5331
3993
-1522
-10256
-17455
-20987
-20546
-17734
-13675
-8147
-3128
1902
6481
10882
14549
15268
13203
8428
4035
1385
456
1185
2134
3352
2471
449
-1280
-1873
-1886
-3656
-6291
-9092
-10174
-8746
-4835
1780
8433
13468
15170
14594
13488
11888
10056
6999
3735
200
-3053
-4871
-4787
-2616
-489
527
-334
-2287
-4034
-5358
-5354
-4462
-2719
-839
928
3402
6248
9189
10672
10224
7923
4247
346
-2893
-4466
-4702
-4270
-4016
-4008
-3580
-2898
-2041
-1434
-1296
-1475
-2115
-2605
-2278
-1037
738
2032
2876
3051
2616
1874
931
465
12
-388
-885
-1222
-821
65
1247
2086
2197
1450
-42
-1685
-2824
-3215
-3122
-2678
-2383
-2045
-1298
-267
981
1956
2449
2218
1408
533
448
846
1242
1473
1392
1121
429
-175
-588
-766
-951
-1084
-877
-273
826
2159
3427
4969
5431
2858
-3865
-13146
-19541
-21804
-19566
-15352
-10234
-4288
179
4522
8044
11478
13918
13230
10348
5285
1721
161
641
2832
4589
5822
3784
546
-2346
-3918
-4540
-6543
-8401
-9939
-9289
-6285
-1017
6171
12195
15575
15000
12630
10198
7883
6225
4071
2313
119
-2002
-2859
-2248
-131
860
286
-2137
-5101
-7151
-7939
-6402
-3677
-263
2403
4382
6468
8364
9957
9712
8023
4674
715
-2566
-4421
-4197
-3089
-1821
-1625
-2193
-2921
-3343
-3403
-3233
-2931
-2742
-2699
-2301
-1010
953
3002
4194
4193
3059
1395
-37
-645
-459
95
433
422
225
288
614
1215
1228
601
-842
-2396
-3432
-3740
-2850
-1648
-704
-422
-597
-566
-310
206
804
1235
1310
1070
993
1230
1689
2012
1886
1194
275
-805
-1361
-1430
-1052
-557
-338
205
765
1670
2684
4016
5209
3223
-2939
-12707
-19855
-22230
-19502
-14111
-8391
-1971
2066
5267
7554
9764
11961
11220
8567
3732
452
181
1990
5796
8327
9567
6317
763
-4140
-7078
-7613
-9054
-9634
-9641
-7882
-3955
1311
8536
13803
15815
13624
9427
6399
4167
3949
3857
4172
3802
2072
962
231
801
270
-1762
-4913
-8289
-9616
-9140
-5868
-1435
2856
5604
6280
6588
6531
6665
5790
4202
2154
-9
-1377
-1683
-289
1074
1594
270
-2061
-4304
-6253
-6442
-5599
-3773
-2200
-1377
-454
614
2277
3333
3359
2183
441
-1037
-1790
-1204
347
2036
2618
2346
1415
657
5
-400
-798
-1520
-2170
-2757
-2696
-2008
-714
271
310
-427
-1451
-2023
-2091
-1337
-26
1220
2054
2114
2239
2512
2788
2589
1711
365
-1111
-2113
-2211
-1492
-382
419
940
1275
1672
2595
3463
4819
3361
-2116
-11704
-20234
-22631
-20253
-13792
-7488
-1006
3420
5036
6603
7420
9169
9178
6885
3827
717
1821
4532
8879
12005
12072
8279
-51
-6679
-10765
-11208
-10737
-10167
-8144
-5822
-1670
3086
8757
13452
14126
11454
6465
3640
3078
4492
6982
8653
9163
6775
3717
908
-695
-1944
-4358
-7039
-9614
-10010
-8379
-4683
427
4517
6543
5528
3742
2721
2567
3035
3270
3508
3034
2186
1697
2058
2727
2047
-165
-3604
-6393
-7895
-7260
-4902
-2037
313
690
112
-489
-297
301
538
529
78
-271
-7
1045
2762
4049
4165
2665
384
-1457
-2234
-2145
-1663
-862
-471
-465
-752
-695
-363
-437
-1021
-1999
-2924
-3337
-2777
-1260
704
2281
2900
2556
1676
958
798
805
1112
945
546
91
-386
-67
97
648
697
555
743
1387
2444
3648
2584
-2034
-10637
-19015
-22099
-20455
-14469
-8071
-1687
2801
4217
5219
5733
6957
7536
6270
4822
3103
4312
6931
10265
12686
11625
7373
-645
-7401
-11207
-11413
-9683
-7923
-5517
-3459
-770
2429
5978
9004
9115
7026
3969
2884
4456
7405
10916
12853
12481
9151
4527
540
-2195
-3765
-5345
-6638
-7537
-7451
-5781
-3141
209
2198
2375
863
-665
-547
760
3207
5404
6774
6701
5251
3889
2794
1952
397
-1876
-4179
-5823
-5970
-4899
-2584
-653
-31
-1016
-2894
-3790
-3660
-2206
-394
1090
2085
2318
2433
2824
3244
3342
2361
505
-1050
-1931
-1566
-515
541
1298
847
-272
-1408
-2005
-2140
-2165
-2262
-2318
-2211
-1862
-922
208
1129
1468
928
274
-85
53
897
1630
2342
2520
2153
1318
500
-53
-252
-342
-835
-817
-501
766
2139
3520
2777
-1672
-10010
-18136
-21851
-20122
-14115
-7199
-622
3152
4216
3954
3670
4138
4539
4309
3888
3903
6007
9091
12386
13683
11788
6263
-1740
-8152
-11278
-10292
-7523
-4387
-1967
-548
353
1248
2596
3816
3657
2395
1313
2302
5617
9772
13559
14837
13314
8804
3547
-710
-3107
-3721
-3774
-3501
-3454
-3164
-2679
-2051
-1416
-1631
-2818
-4272
-4567
-2729
498
4172
7230
8636
7977
5872
3370
1670
588
-267
-1007
-1828
-2223
-2417
-2013
-1690
-1820
-2886
-4582
-5613
-5677
-3877
-1474
903
2550
2830
2527
1595
1125
1281
1545
1702
1363
1219
1232
1431
1628
1478
729
-673
-1915
-2636
-2497
-1915
-1263
-914
-1111
-1554
-1936
-2064
-1739
-1261
-879
-365
289
1356
2553
3387
3815
3372
2347
1227
430
216
302
218
176
126
383
952
1277
2095
897
-2922
-10499
-18106
-21360
-19866
-13400
-6775
-445
2636
2485
1536
101
1034
2201
3639
5332
6734
9622
11823
13607
13202
9822
4187
-3165
-7899
-9361
-6969
-3266
-588
811
-94
-1580
-2968
-3308
-2286
-1286
99
1927
4845
8844
12159
14333
13637
10752
6384
2172
55
-412
936
1730
1912
884
-1204
-3127
-5091
-5827
-6335
-6503
-5844
-4384
-1348
1756
4469
5815
5364
3943
1939
1204
1707
3193
4377
4443
3519
1709
-83
-1878
-3190
-4239
-5034
-5419
-5117
-3831
-2199
-819
-318
-668
-1346
-2009
-1737
-577
1399
3243
4202
4254
3586
2794
1945
1272
625
112
-368
-608
-518
-234
-233
-868
-1974
-3224
-4038
-4073
-3325
-2084
-992
-1
464
839
1127
1484
1875
1902
2101
1953
2085
2082
2141
1913
1225
632
74
271
502
1169
1045
-1065
-5669
-12818
-18329
-20594
-17784
-11990
-6032
-980
601
356
-1096
-1683
-511
1356
4127
6688
9308
11692
13185
13470
11392
7356
2093
-2600
-4785
-4318
-1751
818
1715
617
-2376
-5283
-6988
-6838
-4936
-2534
484
3278
6205
8945
10723
11251
9688
7244
4808
3787
4477
6015
7347
6887
4764
1172
-2575
-5329
-6666
-6523
-5847
-4952
-4045
-3203
-2079
-1290
-624
-445
-674
-473
270
2294
4611
6530
7184
6048
3960
1570
-185
-1150
-1393
-1353
-1362
-1553
-1985
-2203
-2735
-3179
-3752
-4425
-4331
-3761
-2107
-172
1482
2408
2346
1809
1266
1156
1654
2438
2976
3210
2860
2171
1195
249
-599
-1564
-2346
-2972
-3016
-2720
-2164
-1769
-1919
-2331
-2775
-2608
-1681
-107
1634
2612
2802
2356
1897
1746
1675
1881
1722
1828
1724
1795
1946
1898
1029
-2304
-8251
-15420
-19890
-19856
-14896
-8203
-2746
-240
-1853
-4512
-6615
-5835
-2312
1991
6574
9749
11948
13037
13020
11849
9066
5234
1415
-495
157
2839
5418
5934
3297
-1662
-7033
-10317
-10350
-7766
-3811
-655
1698
2731
3324
4014
4532
5141
5131
5410
6307
8143
10391
11628
10959
7993
3755
-358
-2908
-3442
-2499
-1363
-996
-1821
-3417
-4990
-6031
-6325
-5934
-5060
-3715
-1824
436
2692
4266
4531
3683
2313
1390
1446
2223
3492
4232
4040
2654
529
-1365
-2821
-3336
-3436
-3354
-3148
-2912
-2545
-2262
-2051
-2136
-2293
-2272
-1688
-384
1254
2837
3767
3936
3339
2425
1806
1514
1555
1544
1290
781
104
-560
-1127
-1690
-2294
-2928
-3395
-3343
-2755
-1768
-742
17
366
338
325
370
1087
1779
2548
2812
2720
2817
2357
2461
970
-2296
-8161
-14824
-18224
-18099
-13627
-8451
-4606
-3514
-5872
-8525
-10040
-8233
-3829
1266
6034
9075
10679
10900
10394
9524
8140
6391
5119
5052
6376
8169
8774
7408
3544
-1408
-5819
-7771
-6744
-4143
-1326
-189
-560
-1874
-3096
-2867
-1657
717
2910
4828
6574
7944
9263
9481
8833
7082
4870
3306
2820
3569
4323
4216
2627
-198
-3114
-5263
-5920
-5478
-4676
-4112
-4073
-4052
-3688
-3044
-2239
-1559
-1047
-477
411
1814
3140
3942
4000
3235
2389
1568
1471
1867
2068
1858
758
-612
-1964
-2768
-2916
-2711
-2403
-2419
-2554
-2669
-2419
-1907
-1260
-588
31
666
1209
1830
2344
2523
2269
1699
1272
1014
1171
1427
1548
1182
229
-902
-1869
-2229
-2098
-1441
-984
-690
-861
-1021
-843
-551
-45
206
340
462
756
1315
2153
2460
1179
-2565
-8525
-14048
-17219
-16021
-11243
-6263
-2860
-3597
-6888
-10289
-11870
-9353
-4507
1213
5846
8222
8787
8155
7249
6482
6105
5809
6384
7547
9153
10516
9994
7531
3302
-936
-3566
-3692
-1618
785
1904
811
-1710
-4312
-5638
-4813
-2699
0
1991
3193
3931
4341
4895
5139
5187
4986
4917
5248
5857
6358
6068
4734
2696
536
-830
-1271
-1024
-795
-1332
-2495
-3876
-4852
-4938
-4454
-3745
-3182
-2832
-2459
-1861
-971
-157
356
483
708
1164
1994
3019
3615
3646
2799
1653
784
343
504
577
335
-371
-1330
-2092
-2427
-2293
-2007
-1722
-1770
-1641
-1283
-731
-132
36
-2
-130
-89
448
1248
2046
2284
1810
1002
164
-268
0
670
1323
1401
805
-68
-916
-1183
-926
-412
-30
-157
-137
1
514
951
1305
646
-1583
-5811
-11550
-15316
-16494
-12925
-8077
-4550
-3614
-6800
-10279
-13044
-11805
-7114
-1058
4202
6881
7585
6479
5806
5270
5792
6809
7581
9148
10021
10928
10372
8111
4914
1310
-740
-1090
490
2256
2637
1099
-1922
-4548
-5835
-5049
-2809
-490
1064
1288
929
760
1278
2429
3754
4811
5466
5710
5867
5844
5526
4922
3883
2972
2376
2214
2261
1663
460
-1343
-3010
-3931
-4048
-3525
-3079
-3006
-3505
-4104
-4355
-3960
-3115
-2178
-1233
-500
145
581
1065
1491
1810
2073
2203
2600
2932
3077
2791
1896
710
-364
-918
-889
-512
-156
-336
-1013
-1910
-2462
-2652
-2247
-1562
-998
-674
-586
-463
-338
-93
63
260
430
559
734
1005
1343
1590
1477
1090
624
468
558
1192
1642
1468
707
-429
-464
-142
998
1797
1352
-850
-5412
-10436
-14621
-15693
-13377
-9016
-5728
-5710
-8697
-12714
-14542
-13170
-8372
-2484
2243
4736
4850
4182
3880
4735
6443
8366
9926
11139
11742
11609
10749
8912
6490
4292
2986
2888
3431
3475
2382
-78
-2889
-4959
-5324
-4279
-2547
-1220
-1183
-1922
-2715
-2527
-1146
963
2950
4266
4738
4570
4552
4717
5236
5553
5612
5462
5174
4882
4188
3304
1858
339
-934
-1753
-1832
-1890
-2119
-2955
-4297
-5189
-5652
-5049
-4025
-3227
-2602
-2609
-2608
-2681
-2109
-1006
395
1697
2220
2646
2446
2614
2738
2728
2820
2374
2103
1684
1417
1194
647
-108
-861
-1361
-1663
-1574
-1576
-1644
-1886
-2236
-2201
-1920
-1255
-703
-409
-500
-727
-734
-445
295
1025
1466
1676
1454
1283
1070
1079
1468
1560
1940
1928
2094
2178
2044
1822
1333
154
-2679
-7318
-12151
-14405
-13413
-9269
-6240
-5998
-8896
-13672
-16212
-15570
-10655
-4259
628
2494
1548
348
150
2433
5616
8966
11060
11434
11398
10856
10830
10378
9211
8024
6841
6375
6044
5406
3868
1188
-1734
-3839
-4143
-3115
-1819
-1744
-3092
-4978
-6223
-5692
-3470
-566
1513
1931
1323
730
1106
2570
4424
6076
6789
6538
5923
5441
5235
5033
4520
3766
2861
1984
1232
402
-568
-1868
-3237
-4214
-4627
-4487
-4347
-4491
-5055
-5658
-5814
-5226
-3912
-2446
-1287
-768
-617
-348
315
1606
2846
3768
4015
3659
3234
2942
2978
3090
3015
2647
1862
1017
259
-318
-816
-1249
-1730
-2070
-2198
-2269
-2250
-2401
-2559
-2774
-2843
-2472
-1798
-977
-311
9
128
41
188
732
1767
2556
3035
2779
2196
2094
2118
3080
3699
4007
3770
1411
-2461
-7924
-11883
-12113
-9662
-5816
-4607
-6546
-11005
-15672
-16965
-14441
-8682
-3469
-657
-942
-2806
-3457
-2433
1228
5254
8557
10234
10057
9867
9612
10044
10395
10507
10477
10084
9622
8495
6967
4726
2262
442
-493
-127
-99
-809
-2614
-4983
-6451
-6744
-5129
-3110
-1618
-1484
-2551
-3267
-3053
-1392
990
3251
4503
4554
4110
3862
4398
5174
5918
6218
5916
5342
4354
3385
2409
1560
764
-83
-856
-1612
-2502
-3525
-4571
-5455
-5691
-5383
-4975
-4578
-4620
-4654
-4389
-3946
-2664
-1315
22
979
1322
1581
1846
2477
3225
3936
4314
4348
3879
3264
2805
2282
2088
1717
1307
736
-112
-883
-1550
-2060
-2299
-2400
-2580
-2860
-3097
-3306
-3247
-2964
-2467
-1879
-1515
-1158
-747
-141
667
1403
1978
2282
2366
3079
3596
4103
4004
3755
2817
-117
-4661
-9078
-9668
-7645
-3971
-2914
-5507
-9909
-15151
-16285
-13731
-8275
-3463
-2266
-3719
-6428
-6854
-4930
-586
3888
6600
7512
6508
6526
7397
9080
10778
11187
11342
10825
10306
9662
8712
7357
5467
4059
3142
3177
2805
1226
-887
-3414
-4561
-4525
-3452
-2331
-2593
-3753
-5486
-5931
-4813
-2669
-620
291
359
-200
-119
896
2648
4375
5108
5091
4541
4245
4195
4419
4640
4418
3741
2730
1885
1077
343
-658
-1740
-2724
-3333
-3493
-3566
-3793
-4392
-4883
-5281
-4923
-4065
-3142
-2347
-2032
-1848
-1504
-751
311
1496
2302
2595
2702
2831
3111
3408
3657
3659
3443
2937
2444
2021
1527
975
265
-342
-918
-1383
-1807
-2250
-2655
-3153
-3503
-3521
-3324
-3101
-2873
-2678
-2232
-1584
-960
-330
199
983
1609
2144
2817
3075
4144
3400
563
-3912
-7983
-7260
-4827
-1106
-908
-4645
-9445
-14503
-14305
-11132
-5919
-2611
-3432
-5881
-8851
-8226
-5479
-1016
2818
4002
4077
2838
3714
5565
7853
9897
10257
10526
9963
9985
9908
9450
8821
7419
6786
6255
6031
5211
3150
1216
-739
-1350
-1315
-997
-925
-2311
-3927
-5510
-5466
-4294
-2928
-1906
-2208
-2742
-3333
-2674
-993
913
2373
2486
2271
1938
2213
3021
3930
4779
4620
4170
3408
2866
2600
2119
1496
509
-121
-669
-859
-1181
-2008
-2963
-3837
-3966
-3555
-3034
-2872
-3221
-3764
-3928
-3346
-2223
-982
-282
-99
-247
-110
553
1563
2619
3130
3067
2759
2587
2725
3022
3213
2954
2340
1592
947
492
59
-378
-953
-1598
-2140
-2434
-2561
-2709
-2745
-2983
-3002
-2877
-2510
-1579
-1091
-343
-253
244
839
1612
2217
-32
-3819
-8216
-8275
-4817
-749
798
-2804
-7890
-13060
-13685
-9849
-4584
-600
-1736
-5088
-8644
-8832
-5392
-876
3239
3954
2850
1012
999
3567
6432
9046
9508
9061
8399
8000
8564
8770
9035
8413
7618
7062
6431
5807
4118
2603
1354
826
910
710
281
-1285
-2998
-4111
-4062
-2788
-1925
-1736
-2749
-3781
-4087
-3352
-1545
198
1255
1042
235
-188
283
1503
2858
3683
3674
3023
2399
2187
2345
2552
2362
1793
1071
556
199
-261
-839
-1445
-1771
-1922
-1968
-2012
-2350
-2767
-3085
-3035
-2629
-2162
-1690
-1603
-1570
-1366
-971
-394
296
817
1114
1205
1288
1665
2039
2411
2588
2517
2234
2027
1861
1638
1417
960
494
-110
-613
-953
-1232
-1402
-1662
-1801
-2160
-2274
-2357
-2120
-1558
-1131
-698
-427
-89
921
593
-1846
-6290
-9680
-8000
-3950
120
-120
-4714
-9847
-13824
-12254
-7169
-1900
142
-2878
-7042
-9576
-7768
-3128
1689
4407
3378
1129
-619
608
4366
7687
9620
9050
7736
6884
6915
8017
8923
9313
8540
7573
6873
6284
5604
4166
3090
2302
1953
1928
1304
302
-1508
-3010
-3288
-2534
-1316
-1195
-2095
-3655
-4558
-4247
-2887
-824
279
279
-633
-1366
-893
346
1803
2581
2561
2038
1559
1623
2098
2678
2688
2214
1493
834
594
487
395
5
-558
-1091
-1432
-1450
-1585
-1757
-2097
-2290
-2212
-2033
-1755
-1655
-1705
-1793
-1575
-1121
-477
25
161
240
223
520
980
1494
1954
1944
1790
1681
1748
1872
1788
1541
1221
946
561
293
-10
-322
-596
-939
-1139
-1303
-1359
-1421
-1283
-1228
-946
-980
-881
-495
574
783
-1652
-6132
-10016
-9151
-4879
-594
5
-4281
-9803
-13747
-12804
-7585
-2196
103
-2658
-7233
-9855
-8276
-3240
1795
4458
3337
560
-1161
23
4093
7869
9776
9079
7252
6215
6383
7878
9373
9839
9113
7678
6616
6047
5666
5004
4195
3555
2908
2350
1364
145
-1093
-2062
-2162
-1787
-1362
-1698
-2823
-4008
-4584
-3988
-2764
-1420
-784
-1129
-1835
-2186
-1493
-164
1124
1901
1885
1424
1055
1194
1935
2645
2887
2445
1734
1068
835
913
985
864
380
-201
-783
-1105
-1236
-1183
-1256
-1392
-1533
-1700
-1817
-1896
-1888
-1649
-1331
-944
-649
-547
-543
-571
-311
63
572
918
1116
1111
994
1115
1412
1810
1983
1770
1385
903
600
605
733
563
153
-485
-824
-851
-696
-428
-519
-683
-938
-852
-293
82
724
-106
-2877
-7220
-10154
-8112
-3484
120
-1180
-6660
-11844
-13993
-11094
-5370
-1022
-807
-5072
-9525
-10500
-6978
-1252
2740
3544
1184
-1472
-2001
716
5510
8913
9577
7788
5907
5728
6926
9021
10369
10468
9271
7527
6602
6291
6363
5897
5096
4373
3538
2609
1317
162
-763
-1323
-1281
-1238
-1428
-2432
-3793
-4619
-4408
-3305
-2303
-1895
-2264
-2979
-3362
-2819
-1345
247
947
787
172
-51
381
1380
2396
2954
2664
1838
1225
1176
1741
2154
2077
1406
488
-238
-538
-315
-68
-119
-563
-1204
-1667
-1907
-1888
-1695
-1434
-1348
-1267
-1175
-1162
-1145
-1014
-743
-304
59
228
363
375
533
801
1130
1427
1529
1509
1362
1195
1228
1258
1309
992
633
306
132
14
-101
-232
-331
-528
-517
-320
-100
136
334
446
-1328
-4909
-8846
-9120
-5405
-1181
-334
-4250
-9906
-13478
-12770
-8010
-2632
-697
-3559
-8612
-11341
-9375
-4053
1069
3089
1542
-1656
-3307
-1657
2905
7376
9129
7908
5598
4657
5730
8134
10342
11199
10303
8450
7041
6776
7202
7258
6753
5938
4978
3771
2583
1478
809
269
-174
-330
-854
-1854
-3240
-4306
-4299
-3418
-2557
-2240
-2777
-3715
-4409
-4143
-2726
-1009
-85
-304
-964
-1338
-767
407
1746
2513
2274
1545
856
1074
1882
2628
2791
2194
1279
477
170
380
788
803
324
-404
-1059
-1246
-1213
-1079
-1102
-1266
-1423
-1444
-1395
-1272
-1130
-1039
-895
-755
-522
-317
-217
-62
184
428
679
845
974
890
845
889
1075
1357
1478
1304
919
446
227
322
605
720
533
-7
-279
-157
315
578
963
663
-1303
-5273
-8993
-8386
-4064
-46
-531
-5506
-11202
-13760
-11855
-6546
-1686
-1128
-5160
-10451
-12236
-9039
-3173
1410
2328
-141
-3488
-4387
-1718
3420
7672
8598
6661
4228
3768
5667
8646
11013
11524
10172
8048
6875
7209
8218
8653
8085
6958
5557
4177
3049
2495
2195
1837
1114
331
-570
-1813
-3067
-3784
-3526
-2864
-2651
-3141
-4027
-4892
-5122
-4389
-3029
-1719
-1395
-2063
-2680
-2549
-1438
104
1239
1610
1128
522
481
1230
2371
3001
2854
2077
1354
1067
1213
1521
1653
1427
784
132
-250
-371
-337
-492
-695
-942
-1157
-1265
-1337
-1350
-1362
-1263
-1152
-1018
-941
-986
-883
-656
-343
73
296
444
423
410
534
813
1087
1319
1274
1014
808
826
1006
1204
1223
1057
546
197
266
783
1283
1473
1102
-497
-3529
-6950
-7692
-5272
-1676
-770
-3847
-8858
-12476
-12413
-8812
-4278
-2321
-4372
-8962
-12022
-10903
-6329
-1338
834
-280
-3142
-4898
-3643
516
5193
7558
6887
4650
3512
4578
7276
10059
11492
11016
9249
7746
7586
8611
9617
9603
8654
7142
5588
4450
3835
3702
3439
2686
1578
417
-740
-1819
-2542
-2713
-2542
-2608
-3106
-3930
-4761
-5233
-5048
-4240
-3188
-2715
-2979
-3530
-3733
-2993
-1722
-374
414
441
-48
-405
43
1198
2421
2922
2543
1736
1216
1295
1845
2444
2422
1819
990
414
326
500
563
365
-119
-650
-908
-982
-953
-983
-1096
-1237
-1350
-1328
-1256
-1179
-1027
-838
-582
-376
-301
-88
72
197
354
372
582
725
975
1021
899
842
864
1081
1263
1262
1232
900
735
760
1266
1603
676
-2032
-5491
-6939
-5586
-2522
-1022
-2850
-7005
-11029
-12187
-9811
-5666
-3039
-3967
-7784
-11250
-11455
-8239
-3500
-438
-532
-2983
-5175
-4806
-1394
3090
6028
6293
4653
3291
3789
6140
9022
10871
10747
9383
8078
7911
8808
9817
10101
9496
8207
6806
5747
5172
4896
4462
3779
2887
1882
742
-441
-1425
-1878
-1885
-1827
-2272
-3201
-4406
-5139
-5125
-4434
-3586
-3360
-3752
-4379
-4525
-3873
-2688
-1605
-1090
-1154
-1455
-1268
-507
622
1480
1678
1346
1061
1198
1706
2344
2536
2288
1737
1343
1241
1468
1527
1275
775
172
-70
-86
-3
13
-305
-728
-1110
-1292
-1178
-1066
-1031
-1176
-1216
-1097
-879
-611
-410
-357
-362
-404
-220
90
385
537
606
611
648
789
903
1047
1064
1004
917
866
987
1239
1624
1663
617
-1678
-4413
-5758
-4949
-2707
-1233
-2323
-5692
-9395
-11010
-9544
-6383
-3872
-3957
-6637
-9779
-10901
-8968
-5030
-1734
-941
-2487
-4679
-5109
-2874
973
4376
5588
4641
3189
3007
4649
7355
9627
10356
9655
8340
7667
8058
9131
9974
9894
8932
7504
6392
5789
5546
5338
4703
3818
2751
1633
737
-51
-705
-1136
-1546
-1940
-2465
-3245
-4060
-4577
-4652
-4307
-3936
-3804
-3924
-4209
-4243
-3944
-3247
-2336
-1677
-1468
-1544
-1417
-825
-11
760
1171
1257
1214
1205
1472
1827
2192
2214
2015
1706
1518
1479
1404
1310
1114
935
616
357
208
10
-224
-520
-752
-837
-914
-1029
-1117
-1225
-1221
-1129
-936
-764
-692
-606
-687
-689
-539
-279
157
456
715
743
575
295
317
635
1045
1410
1344
1144
791
850
1075
833
-447
-2512
-4046
-4491
-3526
-2461
-2450
-4050
-6654
-8596
-8800
-7334
-5520
-4734
-5720
-7594
-8899
-8544
-6467
-4099
-2630
-2621
-3515
-4005
-3096
-783
1790
3528
3871
3541
3418
4220
5915
7703
8781
8924
8501
8059
8161
8653
9187
9283
8780
7924
7117
6530
6122
5782
5155
4290
3406
2510
1823
1099
402
-332
-1029
-1635
-2081
-2431
-2935
-3409
-4014
-4323
-4349
-4171
-4027
-3996
-3945
-3867
-3611
-3253
-2866
-2383
-1884
-1401
-1022
-701
-421
13
401
805
1169
1421
1595
1625
1650
1698
1853
1839
1727
1535
1354
1175
1092
1040
903
684
384
100
-160
-403
-590
-669
-769
-847
-917
-1006
-1047
-1076
-976
-863
-720
-706
-726
-752
-619
-311
16
210
244
252
295
429
563
650
682
762
949
980
949
1072
1157
761
-521
-2127
-3390
-3803
-3435
-2764
-2575
-3479
-5277
-7193
-8015
-7551
-6264
-5166
-5112
-6072
-7376
-7953
-7342
-5543
-3696
-2549
-2498
-2938
-2864
-1817
-4
1958
3331
3890
3961
4134
4929
6255
7559
8382
8582
8328
8210
8297
8630
8794
8629
8054
7362
6862
6486
6150
5477
4622
3637
2839
2194
1768
1198
378
-618
-1614
-2196
-2482
-2516
-2658
-3084
-3825
-4522
-4747
-4443
-3871
-3384
-3298
-3446
-3688
-3535
-3073
-2235
-1544
-1059
-824
-732
-445
-178
267
697
1165
1512
1645
1694
1612
1551
1455
1479
1587
1671
1608
1338
1044
756
579
484
445
324
28
-345
-669
-790
-820
-815
-791
-880
-976
-1058
-1051
-934
-864
-828
-840
-747
-503
-276
-180
-264
-289
-56
311
547
535
463
378
525
561
716
900
1112
1041
394
-764
-1836
-2557
-2908
-3040
-3089
-3150
-3604
-4592
-5755
-6533
-6657
-6369
-5769
-5349
-5346
-5873
-6436
-6445
-5718
-4537
-3317
-2378
-1898
-1564
-1139
-314
793
2037
3169
4047
4742
5296
5905
6424
6930
7428
7933
8336
8503
8507
8245
7865
7368
7071
6936
6691
6225
5441
4566
3677
2911
2275
1787
1234
516
-313
-1059
-1595
-2031
-2461
-2918
-3283
-3625
-3782
-3890
-3876
-3846
-3869
-3815
-3630
-3250
-2876
-2528
-2305
-2062
-1716
-1313
-823
-368
8
253
370
585
934
1297
1494
1511
1471
1403
1425
1420
1439
1407
1311
1088
858
680
506
381
198
53
-135
-321
-476
-593
-716
-834
-963
-976
-948
-872
-864
-856
-797
-811
-733
-750
-563
-471
-321
-204
-111
-60
-38
15
41
158
185
275
354
520
694
776
688
346
-370
-1392
-2411
-3057
-3190
-2999
-2846
-3109
-3766
-4813
-5732
-6213
-6058
-5537
-5089
-4888
-4973
-5178
-5311
-5062
-4463
-3535
-2587
-1806
-1157
-579
73
828
1638
2519
3401
4250
5084
5794
6380
6700
6917
7087
7404
7745
8020
8104
7845
7334
6710
6225
5966
5716
5328
4680
3887
3009
2136
1468
897
392
-171
-709
-1243
-1762
-2277
-2737
-3078
-3315
-3481
-3555
-3490
-3393
-3234
-3200
-3254
-3230
-3063
-2676
-2158
-1659
-1272
-1086
-946
-710
-397
54
367
640
825
898
1039
1155
1294
1297
1253
1246
1284
1332
1242
1061
772
504
313
256
269
237
42
-289
-609
-788
-878
-854
-812
-784
-780
-849
-862
-928
-929
-1003
-1014
-968
-824
-652
-519
-466
-496
-530
-495
-361
-195
13
169
148
17
-138
-129
136
573
885
689
-152
-1350
-2327
-2780
-2751
-2548
-2413
-2624
-3143
-3861
-4513
-4877
-4977
-4865
-4651
-4453
-4237
-4027
-3782
-3535
-3308
-3042
-2652
-2035
-1103
-113
775
1402
1787
2159
2631
3367
4220
5070
5723
6100
6261
6349
6455
6683
6799
6815
6650
6444
6203
5879
5427
4895
4295
3673
3133
2609
2195
1630
1044
386
-257
-738
-1141
-1367
-1658
-1946
-2270
-2566
-2803
-2928
-2885
-2766
-2668
-2609
-2593
-2504
-2378
-2127
-1856
-1579
-1319
-1119
-841
-645
-385
-220
-5
174
331
527
660
853
899
837
723
702
767
835
854
790
720
517
347
152
85
25
-98
-233
-394
-477
-557
-655
-754
-840
-972
-1088
-1106
-1018
-898
-838
-867
-930
-1000
-940
-838
-692
-618
-614
-601
-531
-412
-347
-277
-241
-176
-174
-153
-23
188
482
684
689
435
-183
-927
-1508
-1777
-1800
-1765
-1873
-2036
-2404
-2888
-3297
-3587
-3617
-3618
-3579
-3594
-3478
-3267
-3066
-2805
-2555
-2299
-1963
-1593
-1061
-380
279
886
1351
1817
2282
2816
3325
3859
4369
4721
5041
5279
5541
5660
5650
5559
5411
5258
5047
4861
4705
4400
3910
3351
2745
2295
1840
1419
979
537
126
-260
-537
-842
-1128
-1414
-1707
-1858
-1886
-1880
-1857
-1970
-2037
-2093
-2021
-1873
-1719
-1549
-1464
-1350
-1258
-1100
-894
-633
-383
-183
-72
-21
104
218
391
497
510
430
329
385
433
511
537
457
308
46
-215
-361
-457
-460
-477
-422
-332
-393
-538
-774
-946
-1005
-1001
-953
-893
-875
-869
-795
-786
-873
-1171
-1340
-1177
-772
-258
-46
-147
-461
-693
-810
-756
-467
-174
11
34
11
14
54
87
128
258
495
547
247
-403
-939
-1180
-1215
-1136
-1210
-1406
-1799
-2254
-2582
-2745
-2719
-2665
-2578
-2577
-2555
-2494
-2376
-2164
-1968
-1728
-1547
-1288
-910
-370
243
735
1135
1427
1733
2137
2535
3025
3467
3782
3959
4084
4249
4373
4503
4526
4395
4151
3891
3705
3615
3512
3265
2808
2286
1882
1581
1397
1161
887
534
67
-300
-564
-684
-674
-676
-784
-962
-1219
-1413
-1444
-1381
-1282
-1221
-1186
-1205
-1064
-961
-855
-674
-606
-509
-454
-306
-215
-141
-87
-83
1
11
87
188
225
178
47
-20
-81
-118
-169
-267
-362
-532
-607
-743
-854
-930
-901
-832
-847
-977
-1092
-1089
-1020
-968
-1101
-1082
-920
-621
-419
-482
-608
-782
-768
-676
-561
-430
-357
-292
-401
-498
-638
-591
-348
-29
211
177
104
25
46
56
6
51
151
337
595
608
346
-279
-720
-1012
-1060
-1099
-1249
-1296
-1415
-1502
-1638
-1715
-1757
-1867
-2015
-2092
-2074
-1911
-1643
-1431
-1158
-974
-871
-708
-479
-58
333
662
924
1175
1510
1859
2267
2623
2916
3054
3081
3181
3328
3561
3601
3434
3273
3098
3048
2949
2902
2757
2435
2063
1641
1417
1277
1105
845
541
259
33
-79
-134
-124
-283
-559
-782
-870
-837
-730
-666
-643
-661
-791
-827
-765
-573
-413
-286
-276
-363
-421
-497
-418
-324
-154
-82
-152
-278
-375
-262
-237
-369
-625
-842
-890
-699
-490
-384
-544
-965
-1168
-1197
-1063
-895
-919
-907
-871
-755
-697
-771
-857
-917
-805
-611
-488
-470
-499
-391
-260
-296
-551
-773
-634
-359
-46
104
52
70
80
34
-97
-265
-330
-259
-1
346
674
868
753
432
-7
-249
-183
113
379
445
251
-52
-330
-681
-1067
-1329
-1500
-1552
-1541
-1514
-1384
-1203
-1157
-1296
-1587
-1850
-1870
-1724
-1528
-1305
-1088
-889
-676
-384
-100
217
425
544
683
856
1146
1533
1959
2359
2588
2674
2655
2647
2644
2708
2762
2829
2788
2683
2572
2428
2276
2092
1907
1700
1519
1294
1109
944
806
696
563
443
328
183
129
-5
-96
-199
-263
-286
-257
-198
-183
-232
-290
-389
-487
-439
-326
-225
-288
-514
-684
-678
-580
-474
-559
-787
-899
-806
-654
-673
-890
-1064
-1079
-920
-838
-755
-823
-844
-808
-841
-837
-880
-800
-670
-597
-604
-669
-671
-523
-373
-290
-403
-473
-455
-252
-37
-52
-194
-371
-336
-142
4
45
-92
-190
-210
-246
-260
-226
6
187
257
130
-106
-311
-295
-169
-20
-50
-98
-22
97
160
136
81
28
-21
-225
-490
-723
-850
-879
-873
-908
-980
-1078
-1139
-1178
-1187
-1218
-1198
-1238
-1208
-1122
-1028
-885
-734
-595
-525
-429
-286
-83
135
337
546
733
895
1107
1303
1483
1640
1776
1843
1918
1997
2117
2251
2281
2249
2153
2045
1969
1902
1826
1716
1606
1570
1544
1499
1378
1163
926
682
546
493
493
512
490
452
350
210
-1
-203
-283
-272
-296
-373
-386
-364
-326
-390
-520
-672
-821
-859
-884
-869
-892
-870
-795
-751
-740
-824
-852
-820
-766
-744
-774
-774
-774
-705
-589
-439
-286
-284
-358
-479
-464
-331
-210
-165
-227
-338
-411
-336
-222
-89
-61
-60
-95
-121
-146
-144
-182
-178
-180
-173
-124
-132
-24
-38
-67
-147
-183
-225
-191
-154
-142
-65
-55
-44
-103
-186
-312
-327
-317
-266
-177
-177
-182
-234
-265
-259
-261
-314
-434
-545
-646
-705
-724
-759
-783
-804
-792
-788
-781
-706
-602
-521
-501
-556
-638
-688
-658
-489
-354
-233
-160
-60
121
365
564
707
718
709
752
884
1123
1294
1400
1427
1445
1499
1626
1688
1762
1786
1726
1627
1473
1333
1272
1310
1412
1447
1359
1115
874
705
636
548
396
277
213
237
235
190
-8
-191
-324
-387
-451
-472
-496
-521
-548
-531
-478
-487
-450
-585
-631
-684
-667
-551
-384
-282
-265
-349
-442
-431
-342
-186
-131
-169
-218
-233
-132
37
72
-58
-235
-337
-360
-284
-226
-172
-201
-140
-19
-9
-132
-319
-258
-170
-122
-189
-268
-325
-340
-239
-184
-131
-226
-240
-339
-336
-279
-207
-190
-403
-524
-549
-340
-195
-178
-180
-124
-98
-124
-257
-432
-405
-305
-143
-52
-56
-23
13
9
-41
-145
-282
-354
-397
-453
-541
-538
-497
-497
-563
-650
-633
-603
-571
-491
-452
-426
-432
-383
-356
-301
-204
-212
-142
-78
96
287
433
479
497
479
476
564
636
759
935
1063
1093
1130
1083
1112
1146
1185
1191
1085
1021
982
947
932
927
854
720
609
486
451
464
380
233
74
62
143
192
114
-62
-142
-89
36
108
53
-9
-74
-46
-20
-131
-247
-251
-171
-150
-132
-117
-18
174
160
8
-244
-306
-185
-16
84
17
26
-27
10
22
-29
-116
-227
-266
-223
-236
-165
-60
-78
-200
-300
-351
-366
-372
-430
-404
-430
-469
-485
-386
-212
-138
-259
-471
-537
-471
-375
-341
-323
-338
-338
-299
-176
-37
-35
-180
-368
-437
-375
-236
-130
-163
-244
-238
-159
-95
-139
-230
-323
-336
-315
-270
-183
-167
-133
-104
-15
6
-15
-81
-142
-138
-161
-156
-118
-14
56
55
-17
-102
-144
-113
-118
-180
-306
-266
-178
-96
-90
-72
-13
34
113
31
4
-13
69
259
338
450
553
616
601
530
555
526
532
488
537
676
703
640
529
500
484
514
470
501
437
309
226
286
387
366
389
437
437
260
58
-60
14
137
228
277
278
260
230
173
123
31
-21
-14
75
139
138
144
98
55
54
121
160
67
-33
-141
-118
4
79
87
-12
-76
-159
-202
-260
-293
-275
-198
-166
-118
-29
-114
-238
-466
-583
-564
-481
-334
-202
-113
-209
-305
-415
-392
-323
-322
-334
-326
-283
-255
-262
-217
-101
-60
-78
-164
-175
-204
-336
-534
-671
-530
-289
-43
26
-40
-79
-103
-110
-135
-239
-357
-434
-355
-84
183
347
223
-84
-291
-286
-112
-37
-74
-136
-133
-89
-69
-56
-18
25
19
29
-46
-110
-231
-301
-284
-147
14
123
106
42
64
31
-13
-49
-34
32
60
112
113
102
100
84
149
201
236
256
245
275
353
339
300
297
305
407
467
494
459
430
411
429
491
476
419
340
291
279
250
282
338
491
579
462
276
57
25
124
251
364
368
375
344
265
160
33
-39
-40
61
232
338
311
193
84
11
-8
-4
-29
-115
-186
-99
-33
-7
-129
-274
-375
-421
-324
-196
-31
44
-70
-180
-306
-382
-426
-493
-433
-372
-269
-164
-103
-228
-457
-604
-543
-271
-103
-89
-231
-433
-440
-353
-168
-117
-205
-305
-310
-162
-49
49
79
8
-170
-325
-441
-429
-373
-269
-82
71
183
173
74
-146
-277
-266
-233
-184
-192
-100
-4
10
-110
-189
-157
-22
88
-22
-172
-223
-117
21
26
-36
-24
125
290
353
208
60
75
177
251
183
72
74
253
388
397
294
149
77
44
83
151
97
82
71
37
-14
-77
-78
10
148
283
372
304
151
45
41
81
40
-22
51
264
460
447
248
79
-24
5
31
160
349
456
487
393
263
115
56
92
131
160
121
151
304
444
457
221
-41
-226
-156
-5
32
54
-53
-17
74
113
41
-146
-205
-239
-185
-118
-69
10
-23
-52
-89
-107
-91
-131
-95
-128
-250
-391
-483
-338
-82
142
96
-202
-383
-452
-255
-123
-89
-172
-226
-101
44
189
30
-95
-206
-212
-128
-106
-42
-15
34
-20
-159
-236
-258
-214
-158
-141
5
126
42
-38
-183
-331
-315
-167
81
267
246
61
-75
-125
-46
17
31
32
19
-56
-194
-141
-115
-145
-179
-138
-49
-12
-20
-66
-60
-27
-26
-5
54
55
-27
-128
-136
-52
125
186
175
114
21
-22
-71
-72
-20
47
42
22
76
167
206
129
46
24
-85
-217
-195
25
312
501
438
232
123
180
277
322
229
102
47
89
288
373
298
182
59
93
244
275
267
102
-35
-22
44
110
-3
-63
38
226
340
247
33
-76
-46
-53
-31
-67
-107
-94
-60
59
207
297
275
183
81
-162
-390
-549
-533
-225
64
251
276
220
110
-201
-432
-305
-42
146
28
-136
-143
-76
-68
-254
-496
-480
-266
187
365
169
-189
-460
-423
-295
-146
-42
102
219
338
314
121
-10
-45
-126
-276
-337
-358
-122
42
165
122
-3
-49
-190
-161
-259
-320
-265
-192
102
280
318
113
-61
-130
-9
141
91
18
-156
-24
134
120
-37
-177
-16
131
133
-121
-423
-552
-381
-114
55
113
62
38
-4
42
-22
-94
-117
-45
114
192
227
172
144
51
80
152
122
10
-36
-58
7
171
207
97
-61
-113
-38
45
78
153
187
167
133
137
117
15
-51
-4
76
79
119
200
333
281
-21
-327
-345
-131
37
117
77
152
170
203
197
9
-91
-176
-153
-91
-106
-111
-81
10
125
149
104
70
-24
-48
-78
-89
34
106
270
185
15
-140
-224
-95
71
166
214
208
151
172
137
114
-37
-176
-174
-79
121
186
219
217
155
125
13
-61
-161
-116
-67
-68
-94
-86
31
117
55
-138
-335
-474
-440
-359
-307
-258
-159
-58
59
121
81
-29
-135
-272
-280
-140
-79
-7
-91
-173
-133
-68
27
-27
-146
-178
-25
195
295
219
153
93
89
45
-36
-55
-55
49
212
294
255
131
-57
-146
-230
-240
-139
-20
-38
-57
-27
32
29
6
-85
-72
-32
9
40
-48
-111
-190
-93
-3
82
239
389
412
270
105
58
62
37
-117
-147
-133
-2
110
143
182
136
-40
-152
-133
-15
29
-31
-76
-69
88
153
191
114
6
-57
-49
36
114
72
-47
-101
-96
-15
52
80
135
186
195
177
90
68
101
36
-32
-130
-220
-173
-40
169
178
-6
-108
-106
1
29
-12
-138
-329
-461
-261
113
395
420
252
51
-101
-174
-339
-383
-346
-165
72
71
91
81
95
59
-49
-108
-278
-478
-535
-356
-51
206
194
120
33
70
108
30
-43
-204
-138
79
313
292
67
3
178
417
457
373
377
279
24
-247
-225
21
221
314
200
50
-46
-183
-228
-174
-30
131
146
53
-108
-274
-342
-247
-36
36
-5
-56
22
174
338
323
36
-320
-526
-392
-126
161
255
230
238
270
208
6
-235
-429
-397
-318
-41
208
353
218
-3
-174
-391
-382
-270
-59
39
-57
-147
-67
44
139
121
75
37
-24
-34
55
91
18
-90
-47
226
379
325
52
-155
-121
-45
36
30
-5
21
34
15
-79
-184
-170
-62
117
215
54
-127
-308
-248
0
189
278
166
92
-8
-43
-35
-29
33
59
103
81
-59
-106
-64
40
86
46
3
-77
-66
-57
-11
10
-5
-34
-104
-130
-70
-16
-29
-83
25
209
319
343
166
-95
-353
-401
-191
130
318
349
280
129
-72
-298
-428
-469
-318
-150
53
254
305
328
111
-109
-192
-110
41
17
17
-22
31
112
134
161
151
148
14
-180
-288
-314
-209
-106
52
278
467
428
241
-4
-106
-185
-263
-219
-84
247
421
434
229
-8
-94
-218
-319
-292
-220
-67
-29
30
61
29
15
-60
-97
-138
-51
128
183
84
17
48
213
174
-32
-164
-172
-109
-12
53
191
268
140
-139
-414
-477
-355
-168
-51
22
37
114
166
123
-64
-281
-372
-257
-25
144
84
-51
-91
45
278
327
184
-43
-126
-61
70
115
72
45
118
170
169
94
-84
-126
-67
22
-4
-115
-170
-106
16
116
225
202
141
60
-21
-97
-158
-106
-50
-93
-164
-191
-68
125
219
198
97
33
-21
-25
-19
-33
-6
44
55
86
101
135
153
157
163
66
-28
-64
-64
-58
-68
-53
-10
86
178
210
96
-64
-202
-247
-144
27
182
266
264
148
56
-12
-41
-53
-105
-152
-121
-48
-12
68
13
-7
-10
-44
-112
-250
-344
-324
-219
-47
10
-17
-65
-82
6
-21
-27
-147
-197
-201
-144
41
162
148
41
-18
10
3
-44
-81
-115
-29
24
75
115
104
87
97
142
188
183
77
-72
-176
-161
17
208
266
172
35
2
13
-62
-171
-270
-234
-65
132
262
210
148
99
59
33
-55
-142
-247
-216
-141
-22
110
153
192
156
149
44
-66
-115
-116
-4
24
33
51
87
184
224
180
30
-113
-119
-85
-118
-192
-235
-132
24
114
149
103
15
-75
-104
-76
20
119
148
73
16
-27
-60
-81
-174
-145
-25
80
107
-31
-115
-82
16
42
-62
-133
-56
114
235
152
11
-105
-98
-20
63
106
66
14
-75
-89
-13
141
289
282
79
-156
-261
-257
-177
-184
-175
-106
-17
212
282
163
-116
-358
-286
-119
41
85
31
48
67
132
129
82
19
-31
-75
-126
-112
-28
113
203
188
92
-28
-47
-16
-23
-46
-93
-73
-48
-30
-50
-53
-92
-191
-200
-117
60
181
140
31
-34
7
92
83
122
138
205
208
147
155
92
116
97
-12
-112
-181
-154
-78
-11
4
3
-34
-156
-228
-260
-230
-158
-137
-71
-31
10
45
111
145
26
-37
-39
56
124
94
125
169
220
236
184
97
36
-26
-26
20
-29
-63
-83
-32
66
97
130
72
-23
-63
-33
51
45
-5
-112
-113
-56
-7
57
45
66
99
70
-13
-188
-294
-238
-60
134
201
128
10
-93
-66
-39
-65
-76
-65
21
23
18
-19
-17
36
78
70
-74
-127
-93
-18
21
-75
-175
-200
-37
211
278
150
-38
-91
-41
-18
-82
-170
-97
156
355
276
14
-222
-243
-78
79
70
-46
-111
-48
55
51
-18
-38
-8
32
41
21
11
-5
-30
-20
-2
61
75
44
-10
-38
-57
-72
-63
-102
-80
13
79
112
32
-41
-84
-112
-55
22
99
79
33
27
-6
-34
-85
-69
4
52
95
93
101
41
10
-27
-79
-95
-88
-4
96
139
134
115
128
148
77
-99
-223
-186
-89
22
149
252
321
287
196
58
-88
-189
-327
-350
-235
-81
41
76
101
125
88
-37
-134
-200
-215
-215
-175
-69
101
289
348
198
-32
-123
-30
98
42
-86
-128
-68
53
106
109
38
-21
-31
28
74
64
-80
-263
-302
-237
-145
-119
-82
-24
39
94
69
28
-24
-28
37
75
54
26
74
126
144
137
125
107
102
111
48
9
-2
57
104
102
93
35
-42
-104
-56
-10
-11
-115
-187
-148
-59
48
10
-103
-208
-227
-150
-29
82
83
34
-4
10
55
80
142
172
159
108
39
14
-20
-8
-9
-13
-15
25
54
0
-91
-179
-199
-174
-117
-54
-38
-115
-167
-169
-163
-161
-184
-162
-133
-66
-3
10
11
25
65
84
84
104
138
166
193
198
183
148
64
-12
-71
-70
25
140
189
117
-17
-141
-151
-36
107
114
22
-77
-88
41
95
38
-27
-18
129
214
203
97
10
-30
-46
8
18
54
91
172
212
137
17
-109
-177
-174
-107
33
169
241
187
97
17
-46
-53
-104
-86
-56
5
66
75
72
-16
-199
-359
-425
-318
-140
50
180
236
254
199
101
-61
-178
-223
-256
-241
-170
-59
101
240
279
171
-24
-203
-286
-285
-254
-209
-88
84
213
247
256
231
162
31
-153
-244
-226
-129
-27
66
107
142
121
44
-98
-228
-233
-168
-55
10
33
18
35
53
55
40
20
-38
-10
56
182
253
176
94
14
-19
6
-6
-70
-112
-124
-64
-4
10
3
-28
-63
-52
-24
-14
-26
-34
-2
-12
-25
-21
2
26
62
31
-14
-65
-74
12
35
6
-95
-142
-89
31
131
117
46
-69
-102
-60
-22
-10
-72
-117
-89
-3
75
73
48
-2
-36
-33
26
110
140
105
66
55
42
51
55
19
-14
-65
-94
-54
-19
50
120
145
117
61
35
-14
-39
-91
-97
-32
48
129
160
175
165
142
89
38
-25
-43
-3
43
92
121
141
148
81
22
-42
-67
-67
-72
-14
-2
0
-50
-89
-108
-76
-39
-56
-83
-92
-82
-43
59
75
52
15
-37
-13
14
31
-6
-51
-45
-33
-42
-51
9
93
115
32
-48
-84
-117
-132
-138
-95
-35
-9
0
2
-9
-37
-41
-46
-93
-146
-138
-34
62
97
78
52
25
14
-3
-1
31
31
21
29
36
53
49
-1
-28
-85
-104
-97
-105
-95
-82
-26
11
33
22
29
40
45
71
55
-9
-81
-85
-15
50
27
-23
-31
14
34
0
-16
-23
14
-17
-32
6
80
145
144
120
76
42
18
-1
2
-12
-27
-26
-32
14
31
47
26
21
31
22
32
33
38
12
-10
-32
-55
-52
-30
3
8
-15
-24
-13
6
4
9
11
23
32
31
56
40
-10
-54
-79
-59
-63
-65
-60
-39
-16
-13
-5
8
25
40
33
45
23
-12
-39
-49
-40
-58
-50
-22
38
51
22
-1
-23
-30
-59
-35
-2
38
72
80
103
75
34
-43
-99
-94
-89
-79
-83
-51
-16
-1
0
18
48
50
25
-6
-5
7
37
63
75
91
86
86
81
55
25
-10
-33
-35
-43
-30
9
49
43
5
-36
-51
-34
-25
7
37
35
18
-2
22
58
54
29
-6
-28
-37
-51
-50
-21
-23
-29
-15
-7
21
31
21
3
-9
-4
40
72
88
48
-16
-50
-71
-28
-8
26
63
93
89
45
10
-50
-84
-92
-78
-43
7
54
53
46
20
-16
-30
-14
-10
2
-4
-17
-3
16
19
15
-8
-11
-1
-8
-9
-30
-58
-82
-83
-61
-78
-98
-106
-74
-36
8
37
30
-12
-43
-41
-32
-15
-11
-2
3
31
50
71
63
26
-9
-11
0
18
42
64
67
56
51
60
60
67
52
26
0
-54
-63
-45
1
34
27
32
28
1
-29
-60
-61
-45
-40
-31
4
15
22
30
45
35
16
-4
-33
-23
-14
7
21
26
34
11
-1
-17
-18
-2
-9
-3
-11
-14
-15
-31
-41
-63
-50
-51
-68
-60
-70
-69
-59
-42
-20
-13
-20
-45
-46
-41
-17
19
33
46
52
38
14
17
26
32
16
2
9
8
37
41
38
49
41
33
27
2
-18
-23
-6
23
50
46
22
23
23
16
-11
-48
-62
-60
-27
9
30
45
22
7
6
22
27
4
-5
-7
15
33
32
29
7
7
-2
-6
0
-10
-17
-25
-31
-24
-6
3
1
-6
-18
-9
5
-4
-4
-19
-7
15
35
39
31
24
30
33
30
23
12
14
31
42
31
9
-8
-1
-4
-14
-20
-15
-5
12
24
34
35
32
20
12
2
1
-6
-17
-18
-16
-8
-8
-3
-11
-46
-43
-28
-30
-21
-12
-4
14
30
32
36
37
21
12
1
-20
-10
-14
-13
-1
-22
-24
-22
-7
10
4
-17
-35
-25
-22
-16
-13
-36
-36
-22
-28
-13
-13
-11
1
17
34
23
20
27
35
38
10
-24
-44
-34
-9
5
18
1
-1
6
-4
-17
-35
-25
-21
-16
-20
-35
-45
-50
-55
-46
-47
-45
-56
-53
-38
-12
3
2
12
29
50
69
47
18
-5
-17
-3
7
41
62
70
61
36
26
23
37
43
31
26
18
18
16
21
15
-3
-6
-9
-11
-13
-7
0
-6
-4
6
35
48
48
54
29
19
2
-18
-37
-53
-58
-27
-5
-12
-23
-43
-40
-25
-11
-7
-9
-20
-30
-35
-47
-54
-62
-52
-24
-6
-8
-15
-14
15
27
29
45
49
40
43
30
15
5
-6
2
3
1
-10
-17
-9
0
9
10
5
-4
-4
-1
4
5
14
14
-2
1
-2
6
10
-2
7
4
12
17
29
40
23
-6
-14
-23
-29
-15
1
29
46
22
0
-16
-33
-33
-26
-17
5
16
26
22
2
-6
-19
-14
-11
-27
-32
-27
-1
14
19
4
-14
-22
-29
-19
-25
-29
-31
-14
-9
-3
14
21
33
33
35
28
23
28
46
52
55
56
45
47
43
36
25
27
13
15
13
20
17
9
9
4
-14
-34
-57
-62
-66
-53
-25
-21
-22
-22
-10
2
-2
-5
-13
-15
-13
-23
-22
-23
-27
-17
0
11
20
4
-1
-9
-18
-29
-45
-42
-52
-58
-44
-36
-18
-23
-30
-31
-21
-5
5
19
34
46
54
57
51
42
36
35
33
12
-2
-13
-18
-5
10
20
21
12
7
-3
-6
-9
-2
-10
-18
-11
1
9
4
9
15
11
-2
-12
0
16
27
31
40
62
67
72
68
46
27
7
7
0
-6
-3
11
31
32
34
19
6
0
-12
-10
-8
-8
-22
-27
-29
-28
-17
-25
-33
-40
-38
-22
-23
-31
-34
-27
-13
5
14
11
-2
-5
18
19
21
12
2
6
-1
-5
-11
-15
-27
-46
-49
-48
-45
-46
-54
-40
-24
-10
-14
-15
-12
-8
-2
2
10
12
2
-12
-21
-17
-9
-11
-7
5
19
23
25
10
-4
-25
-43
-39
-32
-17
-8
4
17
17
8
-4
-4
0
-6
-4
2
8
1
-17
-32
-29
-25
-27
-29
-38
-25
-21
-10
6
12
23
20
30
36
24
0
-7
-4
2
0
6
11
13
22
32
41
42
34
32
35
52
60
58
54
40
38
41
27
16
-5
-6
2
22
42
42
43
29
28
26
17
15
2
7
14
13
19
9
9
-5
-4
3
10
21
20
36
33
29
15
0
-5
-25
-27
-24
-21
-26
-21
-6
-10
-13
-9
-9
-4
-4
-7
-5
-8
-8
-14
-22
-23
-28
-19
-15
-7
-5
-13
-25
-37
-34
-34
-20
-16
-7
-1
-1
-3
-10
-21
-19
-22
-21
-14
-14
-12
-2
2
-8
-7
-17
-17
-20
-21
-15
-22
-13
-10
-10
-10
-5
-12
-25
-25
-30
-33
-39
-47
-38
-26
-25
-15
-6
1
3
12
17
22
7
-3
5
7
13
7
12
26
26
26
17
5
1
1
10
27
43
39
38
41
38
35
27
10
0
-18
-27
-30
-28
-7
1
12
13
12
4
4
5
7
18
13
6
-2
-17
-26
-35
-40
-23
0
14
23
38
52
55
59
58
57
48
32
26
22
19
2
-18
-26
-24
-29
-26
-20
-19
-18
-9
-5
-7
-7
4
10
11
10
7
-3
-14
-21
-21
-18
-8
1
5
0
-11
-13
-9
-9
-10
-5
-6
-5
-7
-6
3
5
5
-1
2
7
12
9
11
19
10
16
3
-12
-21
-28
-36
-34
-29
-16
-1
9
3
-2
-13
-15
-16
-18
-15
-11
-6
-5
0
-7
-12
-13
-3
7
3
9
9
1
-5
2
12
16
28
26
32
32
27
25
17
16
16
15
11
12
11
6
1
-5
-8
-18
-23
-16
-20
-28
-31
-29
-26
-17
-10
2
17
25
26
23
23
15
13
14
12
16
12
7
10
5
10
10
8
5
5
10
9
5
9
16
23
29
25
15
0
-21
-32
-40
-46
-49
-43
-34
-27
-10
2
8
13
10
12
13
10
3
-7
-18
-25
-17
-15
-4
2
5
14
12
12
7
5
10
8
6
-1
-1
2
3
13
21
18
13
2
-9
-24
-28
-33
-31
-30
-25
-20
-13
-9
-8
0
2
4
-9
-13
-12
-11
-12
-16
-9
-10
-7
-8
-8
0
-2
-2
-3
-1
5
3
7
12
17
12
10
3
-4
-7
-18
-13
-12
-14
-13
-15
-9
-9
-2
-2
1
4
4
4
2
6
7
8
12
7
4
-4
-7
-4
-7
-6
-9
-2
11
17
24
24
26
29
32
31
35
33
23
24
23
26
27
30
27
16
10
3
-10
-16
-19
-14
-14
-4
-2
-2
5
9
17
17
15
10
6
4
-2
-2
6
12
24
40
48
56
55
45
38
27
17
4
-7
-20
-25
-25
-28
-30
-35
-35
-35
-42
-47
-46
-40
-30
-20
-16
-13
-11
-16
-14
-16
-25
-33
-39
-43
-48
-53
-47
-43
-41
-36
-33
-28
-16
-5
-1
11
16
18
12
-3
-2
-9
-17
-19
-19
-17
-12
-12
-9
-6
3
2
5
5
8
14
8
9
11
15
16
16
17
12
11
8
21
27
24
24
14
10
15
17
19
25
29
32
39
36
39
38
29
30
30
29
32
22
14
11
3
7
8
13
16
9
4
3
5
-4
1
5
5
11
10
4
7
2
6
14
6
5
-8
-16
-16
-12
-8
-5
0
-1
4
8
6
8
3
-6
-9
-17
-15
-15
-22
-33
-34
-35
-32
-27
-17
-11
-4
2
-2
3
1
-6
-19
-22
-23
-25
-26
-28
-27
-28
-26
-26
-18
-16
-15
-7
0
3
6
7
8
14
13
10
2
1
0
-9
-5
-6
-5
-7
-9
-7
-7
-4
-8
-6
-5
-3
-1
-10
-16
-17
-18
-12
-4
-2
9
7
9
14
22
34
43
48
48
43
29
21
12
12
16
10
15
10
5
2
-6
-2
0
0
-5
-5
-13
-11
1
3
13
13
18
21
21
27
20
11
0
-6
-11
-10
-17
-26
-29
-31
-29
-24
-20
-19
-23
-20
-14
-4
-3
-10
-10
-15
-11
-13
-13
-3
-2
-8
-7
-8
-6
-5
-2
5
9
15
15
16
16
16
14
14
16
18
20
21
20
18
11
7
6
1
2
1
3
7
13
17
14
12
20
24
23
22
20
19
13
6
0
-7
-12
-15
-24
-25
-24
-23
-18
-14
-9
-7
-8
-3
8
21
32
36
36
34
30
19
12
8
3
-3
-7
-14
-19
-24
-31
-35
-38
-39
-36
-37
-34
-29
-26
-20
-24
-25
-23
-18
-15
2
6
5
9
2
1
0
-9
-16
-15
-12
-9
-11
-7
-3
-7
-6
-6
-8
-9
-9
-9
6
15
20
22
26
29
27
29
30
25
27
18
15
14
13
17
3
4
8
12
12
11
15
18
20
14
12
5
-8
-10
-16
-13
-12
-14
-17
-15
-8
-8
-5
-5
-5
-9
-21
-22
-20
-19
-9
-12
-7
-3
-6
0
-3
2
-5
-8
-9
-15
-13
-18
-10
-8
-7
-9
-17
-10
-11
-8
-4
7
19
30
34
26
27
23
13
8
3
-1
-7
-19
-27
-24
-16
-13
-3
2
6
8
6
18
24
26
28
21
23
19
16
16
15
16
5
-2
-11
-16
-10
-6
3
3
2
3
7
10
12
16
18
20
23
21
21
22
24
29
27
32
25
18
16
3
0
-3
-5
-19
-28
-30
-30
-20
-17
-14
-16
-17
-13
-10
-9
-7
-3
-8
-11
-8
-10
-8
-3
-4
-7
-11
-12
-3
0
2
-1
-3
-3
-14
-17
-15
-10
-8
-9
-9
-11
-7
-15
-18
-14
-15
-6
-7
-6
-4
4
10
11
16
11
3
-4
-13
-15
-16
-16
-9
-7
3
1
-6
-5
-5
-3
-3
-3
-9
-7
-9
-7
2
4
15
15
12
19
12
11
12
8
9
10
6
9
14
14
10
9
-1
-5
-12
-14
-8
0
7
-2
-6
-8
-5
-2
1
1
-1
-5
-6
-7
-6
1
-2
0
-6
-3
2
4
6
0
2
-3
-7
-3
2
9
9
12
17
16
19
10
12
5
-2
7
0
6
2
1
1
-3
4
2
6
4
5
12
8
14
16
17
17
6
2
-10
-9
-9
-7
-11
-21
-25
-36
-32
-29
-17
-8
-8
-3
-8
-5
4
14
25
24
26
18
7
3
-2
5
7
8
3
-3
0
-2
-4
-4
-9
-4
-3
-3
6
13
23
21
27
22
18
9
7
2
-9
-14
-23
-22
-16
-26
-21
-9
0
9
12
11
13
6
-4
0
1
5
8
3
3
-3
-4
0
-6
-11
-9
-7
-4
6
1
-2
-5
-8
-11
-17
-23
-27
-21
-19
-17
-13
-11
-9
-15
-17
-13
-15
-4
-10
-15
-4
-7
-8
-4
4
7
12
14
22
28
19
21
18
14
14
7
1
10
7
5
13
0
-8
-9
-9
-1
4
5
8
8
7
7
13
8
6
5
8
12
13
15
15
10
6
6
8
6
7
-1
-2
-3
-12
-13
-14
-12
-5
-4
-1
-1
4
3
6
9
2
7
4
4
-4
-13
-12
-22
-20
-19
-22
-23
-23
-12
-8
0
7
13
21
23
29
35
45
45
42
34
26
22
14
9
6
4
-2
-13
-21
-27
-27
-29
-29
-27
-21
-18
-18
-16
-14
-9
-10
-12
-4
-1
-9
-9
-5
3
-1
-13
-15
-16
-12
-11
-10
-2
-1
-10
-17
-14
-10
-15
-22
-21
-20
-21
-21
-17
-15
-8
-9
-9
1
4
9
10
13
22
15
13
10
12
16
16
8
2
6
1
2
4
4
9
8
4
14
12
9
2
-1
6
8
4
8
9
12
11
1
3
6
1
-1
2
4
2
4
3
11
13
8
14
10
10
6
-1
5
11
14
9
5
4
5
1
-8
-5
-8
-7
-7
-2
1
6
7
11
16
19
20
6
2
4
-2
-4
0
-3
1
-8
-9
-6
-2
-6
-11
-7
-7
-6
-8
-5
3
0
-7
-18
-18
-16
-20
-16
-13
-12
-11
-9
-5
-5
-2
-2
1
4
10
12
17
12
5
11
12
10
14
14
12
8
2
4
2
-5
-9
-16
-21
-19
-21
-19
-11
-15
-12
-7
-3
-2
0
3
1
3
6
9
9
5
-1
3
5
11
16
12
11
15
15
22
14
9
12
9
9
7
2
0
-3
-11
-11
-7
-6
-7
-8
0
7
6
6
10
8
10
10
13
6
0
-11
-19
-16
-21
-15
-20
-23
-22
-21
-20
-12
-13
-14
-13
-17
-14
-6
-5
-5
-9
-8
-4
-11
-7
-5
-4
-6
-15
-7
-4
0
5
6
17
18
14
11
5
5
6
2
9
10
8
1
-1
-2
-6
-12
-10
-3
-2
-3
-2
1
3
9
9
16
18
21
21
18
20
25
24
21
21
18
16
15
11
8
3
0
-4
-4
0
-2
-4
-6
-3
-3
-4
-1
-6
-3
-7
-8
-7
-6
-5
-1
7
5
6
10
7
7
7
5
7
5
2
2
-3
-10
-14
-19
-20
-24
-26
-21
-23
-25
-25
-21
-23
-21
-18
-14
-6
-2
-4
-5
1
1
7
13
10
11
11
13
13
21
20
17
17
10
14
5
4
1
-5
-3
-10
-10
-10
-11
-13
-15
-16
-11
-7
-9
-6
-1
-2
0
0
5
11
12
14
15
16
17
12
14
10
11
11
8
13
14
9
3
-1
1
3
0
-1
-3
-1
-3
-4
-5
-6
-10
-15
-13
-12
-17
-15
-13
-13
-8
-8
-5
0
3
9
9
13
16
12
8
3
-1
-9
-8
-8
-11
-14
-21
-24
-26
-27
-27
-27
-30
-26
-20
-14
-10
-3
-1
2
1
2
9
7
13
14
19
18
18
19
21
27
28
29
23
20
16
10
13
12
10
8
9
4
-3
-5
-6
-7
-1
-1
1
5
4
7
1
4
8
12
14
13
23
21
25
28
26
32
27
30
30
24
23
20
14
5
-1
-5
-7
-11
-11
-16
-22
-21
-19
-15
-16
-12
-12
-8
-3
4
8
6
2
3
6
3
2
0
1
-3
-11
-12
-17
-22
-28
-30
-26
-27
-25
-25
-26
-24
-23
-23
-20
-17
-15
-16
-16
-15
-15
-15
-22
-30
-29
-28
-28
-26
-15
-13
-12
-6
3
9
13
17
18
14
14
16
13
5
4
2
-3
0
-3
-6
-9
-9
-9
-10
-14
-16
-12
-15
-17
-17
-12
-11
-8
-5
-6
-3
-1
0
4
13
16
17
17
20
19
18
23
24
28
24
23
22
16
15
8
9
6
2
4
6
2
5
2
7
7
7
13
11
11
14
16
12
4
6
12
19
25
24
18
16
9
6
7
4
-1
-3
-6
-14
-16
-12
-13
-11
-7
-5
-2
-1
-2
0
3
4
9
18
22
23
17
16
16
11
12
16
15
11
7
0
-4
-4
-7
-7
-7
-4
5
2
3
1
-4
-1
-1
5
6
7
9
6
7
5
7
6
7
6
2
-7
-16
-18
-24
-22
-16
-12
-10
-16
-24
-32
-34
-35
-35
-23
-17
-13
-11
-6
-4
-9
-5
-2
-2
2
-3
-7
-13
-16
-19
-20
-12
-10
-8
-3
-7
-5
-6
-9
-11
-12
-7
-10
-11
-15
-20
-24
-24
-16
-2
8
21
27
34
36
27
25
28
34
33
31
23
20
14
7
7
3
3
2
-1
-4
-8
-17
-17
-14
-11
-6
-5
-3
-5
-5
-3
4
10
20
23
19
13
14
11
-1
1
0
4
0
-5
-14
-22
-25
-29
-22
-19
-14
-12
-15
-11
-9
-10
-9
-12
-11
-12
-10
1
2
3
8
9
17
22
33
39
36
38
38
40
36
27
21
17
12
9
5
1
-4
-5
-6
-7
-7
-10
-7
-9
-8
-2
1
4
8
11
14
12
6
7
3
6
1
-6
-3
-3
-3
-3
-1
-4
-1
-7
-14
-15
-10
-17
-17
-11
-10
-7
-6
-3
-5
-6
-4
-1
-4
-1
1
-1
-3
-12
-21
-24
-29
-28
-22
-18
-9
-4
2
1
10
17
12
16
11
8
2
-2
-5
-10
-4
-9
-11
-6
-5
3
2
6
9
4
6
-1
-3
-4
-8
-12
-14
-6
-6
-7
-5
3
5
6
7
9
4
-5
-5
-5
-5
-4
-7
-3
0
-1
1
8
7
1
9
7
4
4
-1
0
-3
-6
-7
-5
-7
-3
3
7
12
17
27
34
34
40
41
37
40
35
30
26
20
15
14
14
7
3
-6
-9
-8
-16
-18
-22
-19
-23
-25
-16
-14
-12
-9
-8
-4
-3
-8
-9
-10
-12
-12
-17
-20
-24
-25
-27
-23
-18
-17
-12
-15
-11
-12
-11
-14
-16
-9
-12
-4
2
8
14
18
21
24
28
26
24
19
14
11
2
3
-1
-3
-4
-1
-2
2
3
-1
-1
-1
-6
-5
-8
-5
-5
-8
-11
-16
-15
-17
-17
-11
-6
1
4
6
7
13
13
14
17
13
13
11
12
7
3
13
21
28
25
28
22
15
18
13
15
14
15
13
12
10
11
12
8
8
1
-5
-6
-8
-6
-5
-3
-5
-6
-3
-2
-1
-9
-6
-9
-12
-11
-17
-13
-15
-12
-10
-11
-10
-17
-16
-16
-19
-20
-26
-31
-30
-22
-21
-13
-4
2
5
6
11
11
6
6
10
7
14
8
6
5
1
-2
-2
1
-5
-10
-19
-21
-17
-20
-16
-13
-12
-8
-7
-4
-1
6
3
2
13
14
16
19
21
23
21
17
10
7
6
0
-3
-5
-4
-8
-8
-5
-4
-6
-8
-16
-13
-12
-14
-3
-1
10
16
18
21
26
28
27
27
24
23
20
11
8
8
2
7
6
12
14
12
17
4
2
-1
-9
-11
-15
-17
-21
-19
-18
-18
-15
-16
-11
-13
-17
-6
-9
-8
-7
-11
-7
-7
-5
-9
-12
-17
-22
-21
-19
-13
-8
-1
7
16
24
26
23
24
23
15
9
7
8
9
12
14
17
13
12
10
4
-2
0
-6
-13
-16
-23
-17
-11
-11
-3
-3
-5
-5
-3
2
10
13
13
5
3
8
5
4
3
1
-7
-4
-6
-1
6
3
8
8
19
19
19
21
8
6
-2
-11
-8
-11
-17
-21
-19
-25
-27
-21
-25
-23
-29
-31
-32
-33
-27
-30
-24
-21
-16
-8
-2
10
14
17
13
10
15
16
16
20
23
18
13
7
3
0
1
2
0
3
7
4
8
7
5
0
0
5
9
19
19
18
18
15
10
14
13
10
3
-6
-3
3
12
16
19
13
2
-5
-14
-14
-8
-8
-3
-9
-4
-1
0
2
-4
-4
-6
-1
7
9
8
3
1
-4
1
8
0
-1
-4
-10
-4
2
14
22
22
20
16
11
0
-15
-20
-24
-24
-22
-17
-12
-6
-9
-13
-15
-12
-14
-7
-3
5
7
2
2
1
-1
-11
-7
-9
-5
-3
-5
5
7
10
12
12
8
4
1
-1
0
2
-3
-1
5
12
15
13
11
7
7
3
1
1
-3
-7
-11
-15
-10
-12
-16
-13
-11
-6
-10
-9
-4
-8
-11
-15
-12
-13
-15
-12
-18
-17
-18
-13
-4
2
8
8
10
10
9
9
17
18
18
18
12
12
17
19
16
18
15
16
17
16
14
13
8
6
5
7
12
10
4
1
-5
-13
-11
-9
-6
-4
3
5
8
7
13
10
7
8
8
10
8
8
5
-5
-13
-16
-20
-18
-19
-17
-19
-13
-16
-14
-10
-5
-1
1
3
1
1
-6
-1
1
-1
1
4
8
12
15
15
15
12
6
7
6
6
1
-8
-6
-11
-15
-14
-11
-16
-20
-23
-27
-23
-19
-13
-13
-14
-10
-6
-11
-9
-4
-6
-5
5
10
14
17
19
23
24
18
14
8
11
7
3
5
1
1
-7
-4
-4
-10
-16
-20
-31
-34
-31
-20
-9
-2
-1
7
8
4
3
2
3
5
11
13
14
10
7
