SAMPLES:	15855
BITSPERSAMPLE:	16
CHANNELS:	1
SAMPLERATE:	16000
NORMALIZED:	FALSE
-12
-10
-4
0
3
1
-6
-8
-10
-13
-22
-22
-18
-11
-5
7
14
12
15
18
24
31
30
27
25
23
16
11
12
14
18
17
21
16
10
4
-2
5
3
-3
-2
-4
-7
-9
-13
-13
-14
-11
-16
-15
-20
-25
-24
-23
-20
-19
-9
0
-3
-6
-9
-9
-4
1
4
0
3
0
-5
-10
-10
-10
-12
-8
-3
3
9
14
11
9
5
0
-1
2
9
7
1
4
7
10
15
23
25
24
24
24
19
15
12
8
5
7
9
9
3
5
-3
-15
-13
-16
-23
-28
-27
-27
-27
-22
-18
-14
-9
-8
-9
-14
-17
-15
-13
-11
-10
-10
-10
-2
6
7
17
20
21
20
18
14
4
-5
-6
-3
-5
-6
-3
4
11
6
0
-2
-5
-17
-20
-16
-15
-13
-7
2
7
12
11
11
9
8
8
8
18
20
20
17
18
13
13
6
0
0
-9
-18
-22
-25
-28
-30
-35
-32
-27
-27
-21
-16
-18
-12
-12
-10
-11
-2
7
14
21
26
35
33
33
30
24
21
16
17
14
14
12
10
13
9
4
3
2
-2
-2
-11
-12
-9
-6
-4
1
5
0
4
6
6
7
7
5
-1
-1
-4
-5
-2
-4
-8
-14
-14
-12
-13
-19
-20
-23
-26
-29
-24
-21
-14
-10
-12
-8
-8
-12
-14
-11
-14
-16
-16
-11
-6
-5
-2
4
16
23
21
21
18
11
3
-4
-2
-3
0
4
10
9
11
11
13
22
21
21
23
22
20
14
9
12
10
15
21
29
27
23
19
18
18
17
18
24
24
19
16
10
4
-4
-8
-11
-10
-12
-12
-15
-19
-19
-17
-15
-14
-14
-6
-1
-3
-9
-12
-18
-22
-19
-19
-22
-18
-17
-7
-1
-1
2
3
4
0
-4
-11
-12
-12
-15
-10
-8
-9
-11
-10
-11
-10
-14
-12
-4
0
6
8
4
6
7
2
3
7
6
5
11
9
3
0
-5
-2
2
12
17
14
10
0
-2
0
3
13
14
10
5
-4
-9
-14
-14
-14
-5
-1
-1
-3
-7
-12
-11
-4
2
9
16
20
18
17
12
3
4
9
9
11
8
6
4
5
4
1
4
6
15
18
15
6
3
7
4
8
9
6
1
-8
-15
-17
-16
-17
-10
-1
2
6
6
8
10
15
18
17
15
8
4
-1
-4
-12
-17
-24
-25
-24
-26
-30
-34
-34
-34
-31
-32
-33
-32
-32
-33
-35
-36
-30
-23
-21
-17
-13
-15
-18
-12
-9
-6
-2
-2
2
4
2
4
7
6
16
23
22
21
17
19
19
20
21
19
20
22
27
30
32
28
27
30
27
29
32
33
33
33
34
31
29
24
24
24
18
14
9
1
-6
-15
-17
-18
-18
-22
-24
-16
-10
-12
-15
-21
-21
-21
-21
-13
-17
-15
-9
-7
-1
3
7
10
11
18
22
19
16
13
12
9
10
15
16
14
11
0
-6
-10
-10
-8
-7
-9
-5
1
8
11
14
16
17
18
24
26
21
17
8
6
3
3
-1
-3
-6
-5
-1
-2
-7
-12
-17
-21
-25
-26
-23
-26
-26
-23
-23
-28
-32
-35
-35
-33
-33
-28
-27
-25
-22
-19
-14
-13
-11
-9
-8
-11
-13
-8
-9
-10
-12
-17
-20
-18
-20
-16
-15
-10
-7
-5
3
2
4
9
12
13
14
12
12
12
15
18
19
21
15
17
12
6
13
15
15
14
18
21
17
17
14
9
4
-1
-1
-7
-14
-18
-24
-26
-22
-17
-11
-9
-4
-5
-5
-1
-3
2
4
7
9
7
6
5
2
4
7
7
8
13
17
14
17
18
26
29
24
17
13
11
10
13
16
16
12
13
10
13
14
21
29
36
37
32
28
22
22
22
23
18
15
9
10
9
6
6
12
14
10
14
8
7
5
1
-1
-10
-12
-17
-18
-23
-26
-27
-29
-30
-29
-31
-31
-30
-25
-25
-27
-30
-32
-31
-27
-28
-34
-30
-29
-29
-22
-17
-14
-15
-9
-6
-10
-15
-21
-21
-21
-20
-16
-11
-3
-2
-7
-10
-10
-2
-1
2
13
20
22
23
24
23
19
15
19
21
27
26
26
27
21
20
19
17
18
13
8
6
6
1
-3
-3
-6
-4
0
1
0
3
3
4
3
-7
-9
-8
-7
-9
-5
-4
-7
-7
-8
-7
-17
-19
-22
-24
-27
-31
-24
-18
-18
-18
-19
-15
-12
-14
-9
0
6
14
16
17
19
15
16
14
14
15
9
14
11
4
5
4
9
12
12
17
15
11
7
8
12
16
19
15
4
-2
-1
-6
-5
-2
6
14
13
14
13
8
9
16
23
26
29
24
12
-1
-12
-14
-13
-5
-1
-5
-8
-10
-10
-11
-5
3
7
7
5
-1
-2
-6
-10
-10
-11
-10
-13
-17
-20
-17
-13
-6
0
4
8
2
-7
-7
-9
-15
-11
-9
-9
-10
-14
-15
-16
-15
-12
-5
2
6
10
15
17
15
20
17
13
15
15
16
12
8
8
5
0
2
6
4
2
2
3
2
-1
-3
-6
-7
-5
-6
-7
-6
-5
-11
-8
-5
-8
-8
-5
-5
-11
-9
-11
-17
-18
-15
-13
-17
-17
-15
-14
-8
-5
0
0
2
1
0
-1
-5
-2
1
3
8
5
6
2
-2
-5
-4
-5
-4
-4
-6
-3
-5
-6
-8
-10
-9
-6
1
3
5
5
0
-1
1
3
7
14
14
11
10
3
2
2
3
12
17
25
20
16
14
11
14
19
17
19
18
13
11
11
10
8
6
5
9
5
-2
-7
-11
-7
-8
-8
-9
-12
-12
-8
-6
-7
-7
-10
-11
-4
1
2
6
10
6
2
0
0
4
6
4
5
2
-5
-9
-14
-13
-8
-4
-4
-7
-7
-9
-9
-6
-4
-2
-1
2
1
-1
-6
-6
-3
-3
-1
4
6
4
1
2
-5
-2
5
8
9
4
-1
-4
-3
1
8
9
5
-2
-10
-11
-11
-13
-7
-2
-4
-11
-15
-20
-21
-17
-11
-6
-2
4
2
2
1
4
10
8
9
10
10
14
17
23
25
22
18
17
19
21
22
23
20
13
13
9
7
3
-1
-4
-8
-7
-12
-16
-21
-19
-19
-21
-24
-27
-29
-33
-32
-29
-24
-20
-18
-17
-10
-2
0
0
1
-1
1
8
16
20
27
26
18
17
20
19
20
24
31
31
30
33
31
23
22
22
20
19
20
22
19
18
19
16
9
8
7
9
8
8
0
-11
-18
-25
-26
-29
-30
-30
-32
-38
-42
-39
-37
-33
-31
-26
-25
-29
-35
-32
-30
-28
-22
-18
-12
-14
-10
-7
-6
-2
1
2
0
2
0
0
3
3
10
12
9
6
0
5
9
12
14
15
15
12
7
3
-5
-9
-14
-22
-24
-22
-21
-21
-24
-22
-19
-15
-7
-7
-1
3
8
8
7
5
1
-1
3
13
17
19
17
21
20
15
17
20
20
25
24
21
17
14
19
27
30
39
44
46
50
48
49
47
45
41
40
30
26
23
14
12
5
-3
-6
-10
-7
-13
-18
-23
-22
-26
-30
-22
-20
-28
-35
-40
-52
-50
-46
-44
-45
-42
-36
-29
-21
-15
-15
-17
-20
-28
-30
-35
-33
-24
-10
-1
4
15
14
12
15
14
16
6
2
-7
-19
-19
-12
2
17
31
35
27
21
22
26
30
32
33
29
24
22
13
15
20
20
26
38
40
30
26
27
28
21
17
20
20
20
11
9
0
-15
-20
-20
-16
-14
-17
-15
-10
-8
-17
-25
-28
-31
-32
-38
-39
-41
-52
-45
-38
-31
-32
-37
-38
-36
-30
-28
-23
-20
-23
-26
-33
-32
-27
-30
-17
-10
-6
-1
-10
-11
-8
3
15
19
19
26
33
38
40
42
41
39
37
35
30
25
21
16
12
4
-10
-18
-22
-23
-26
-22
-23
-21
-15
-9
-5
1
9
16
22
29
32
25
25
29
37
33
41
39
32
31
31
30
27
30
21
20
17
10
1
-9
-10
-10
-7
-12
-16
-25
-29
-16
-16
-13
-5
5
12
15
18
7
-3
-18
-19
-17
-12
-4
3
12
10
6
-3
-7
-19
-9
9
22
18
10
2
-11
-12
-10
-13
-22
-29
-35
-41
-44
-41
-33
-30
-28
-35
-29
-36
-41
-32
-20
-17
-17
-15
-24
-23
-22
-13
-12
-10
-4
-11
-11
-19
-27
-27
-17
-11
-10
1
4
14
22
31
41
51
54
51
55
50
48
49
54
56
51
48
47
47
49
57
48
32
24
10
7
10
14
11
10
5
-3
-2
0
1
3
12
11
4
-8
-12
-13
-14
-9
-8
-8
-11
-8
-5
-5
-9
-8
-3
-3
-1
-9
-20
-20
-20
-19
-12
-7
-4
-7
-13
-11
-6
4
8
10
5
0
-7
-12
-8
-5
-4
-4
-8
-17
-28
-34
-48
-50
-40
-40
-29
-26
-29
-35
-41
-45
-43
-40
-34
-22
-12
-12
-14
-15
-20
-21
-13
-9
-1
5
4
-1
0
6
13
18
26
34
42
47
40
35
27
24
23
24
29
24
22
18
16
24
33
32
37
43
39
24
4
-2
0
3
9
24
39
38
29
15
5
0
2
12
14
7
-3
-16
-22
-21
-22
-25
-30
-28
-24
-29
-36
-36
-29
-22
-13
-4
3
-4
-8
-6
-9
-12
-11
-13
-18
-19
-20
-26
-28
-23
-14
-1
4
20
26
18
13
17
27
35
37
32
27
24
18
12
21
28
24
15
14
15
5
4
0
-1
6
3
0
-2
-2
-8
-20
-30
-40
-50
-64
-66
-51
-42
-35
-32
-28
-29
-23
-15
1
20
28
30
22
12
6
3
12
21
26
24
14
-2
-13
-14
-11
-3
6
9
5
2
-2
-7
-11
-6
-7
-16
-20
-29
-32
-29
-23
-16
-12
-14
-13
-10
-9
4
18
30
30
31
32
36
39
30
26
22
17
7
6
17
20
18
19
17
13
16
24
27
30
27
27
25
26
20
14
14
10
4
-6
-11
-14
-16
-8
0
5
5
1
0
5
13
17
14
10
9
6
5
4
-8
-10
-9
-20
-26
-18
-16
-8
-4
-8
-12
-18
-20
-15
-10
-7
2
12
15
7
-6
-24
-28
-20
-14
-6
-6
-5
-10
-16
-10
1
6
-1
-2
-8
-8
-20
-33
-35
-36
-34
-39
-36
-36
-37
-30
-28
-23
-23
-22
-19
-29
-24
-12
7
26
35
38
34
26
23
24
24
24
15
14
20
31
34
39
39
31
26
24
23
17
9
-2
-7
-2
-6
-10
-9
-13
-19
-24
-23
-26
-27
-28
-24
-17
-18
-18
-14
-14
-9
5
12
12
9
8
-4
-17
-22
-18
-15
-6
10
21
26
29
40
48
51
47
44
43
44
42
37
31
20
13
13
11
6
-2
-4
-6
5
6
2
0
-7
-11
-15
-14
-17
-25
-28
-30
-39
-44
-51
-58
-63
-58
-50
-41
-30
-19
-19
-12
-5
-4
3
6
7
6
12
21
24
25
23
21
24
25
26
24
19
15
11
8
15
13
7
1
0
1
1
6
7
9
8
5
-6
-1
-3
-5
2
1
3
1
-3
-11
-15
-15
-16
-15
-14
-13
-14
-10
-10
-15
-19
-25
-28
-22
-21
-19
-10
-5
-3
0
-2
0
7
12
11
11
10
12
13
17
18
21
24
21
22
28
27
23
21
22
13
3
-7
-14
-17
-19
-15
-15
-16
-19
-14
-13
-18
-24
-23
-19
-18
-11
-7
-6
-7
-4
-1
1
2
12
21
32
45
49
44
36
31
27
27
31
34
28
24
23
19
12
5
9
16
15
16
18
14
6
6
10
12
12
8
7
5
0
6
6
7
10
1
0
-4
-3
-1
1
4
-1
1
-1
-7
-12
-20
-14
-14
-15
-20
-27
-26
-32
-39
-41
-38
-39
-34
-27
-23
-21
-21
-20
-22
-26
-27
-24
-21
-22
-16
-7
-3
-7
-4
-1
0
-1
0
-6
-8
-3
-9
-14
-16
-17
-17
-17
-16
-12
-12
-15
-16
-11
-11
-9
-9
-18
-15
-17
-14
-7
-8
-9
-13
-14
-14
-8
-2
5
20
27
30
23
13
12
10
14
21
25
26
20
20
20
11
3
4
5
8
16
10
6
3
5
11
12
12
8
4
2
9
5
5
7
7
7
6
8
4
5
2
-2
2
1
-4
-9
-11
-10
-9
-6
-3
5
5
-1
0
-5
-5
-7
-1
9
12
6
4
4
8
3
-1
-3
-6
0
7
16
17
16
17
21
28
37
37
42
44
42
33
27
22
20
16
21
21
15
15
11
9
10
14
13
9
13
12
10
10
12
11
9
12
6
-2
-6
-5
-13
-15
-17
-18
-19
-20
-23
-27
-28
-30
-28
-23
-18
-18
-21
-26
-26
-25
-25
-26
-20
-21
-14
-6
-6
-5
-9
-7
-5
0
1
0
-1
-5
-6
-7
-5
-6
-5
-10
-13
-15
-21
-26
-26
-22
-21
-20
-19
-9
0
10
7
4
-1
0
0
-1
-2
0
0
3
5
2
6
11
15
22
28
26
18
17
16
10
12
13
15
17
13
6
1
-3
-10
-14
-14
-15
-12
-14
-17
-13
-15
-15
-12
-10
-9
-11
-7
-11
-19
-21
-21
-19
-11
-8
-3
-1
2
5
0
3
1
-2
-3
3
5
-8
-10
-10
-6
-5
-2
5
9
11
18
18
14
15
14
16
13
14
13
9
12
8
5
9
11
10
12
10
1
5
9
16
20
20
24
22
13
-1
-7
-11
-16
-16
-16
-11
-17
-19
-19
-18
-12
-10
0
4
6
0
-1
-2
-3
-1
-1
3
4
4
2
3
1
-5
-11
-7
-3
1
4
7
5
2
3
3
2
5
6
11
3
1
2
-2
-5
-1
4
6
10
11
8
6
6
5
9
15
14
13
12
10
12
7
5
4
6
5
7
1
-3
-2
-2
4
6
10
9
8
10
10
6
4
7
0
-8
-11
-14
-19
-23
-26
-19
-17
-7
-1
6
12
9
13
13
12
9
8
3
0
-5
-7
-10
-12
-13
-11
-11
-13
-12
-12
-7
0
4
1
2
1
0
4
-1
-4
-5
-10
-14
-21
-21
-13
-10
-4
-2
0
1
-1
6
7
6
14
19
17
13
6
2
-5
-10
-5
-2
-4
3
6
10
7
4
2
3
3
2
2
2
4
-2
-4
-9
-16
-14
-12
-10
-11
-8
-9
-13
-9
0
3
3
1
5
-1
-7
-12
-17
-19
-19
-12
-10
-11
-12
-15
-16
-16
-16
-11
-13
-15
-13
-10
-11
-12
-9
-13
-10
-6
1
3
3
2
8
10
9
18
22
22
16
9
3
1
-3
1
7
10
9
6
2
-2
-2
1
9
17
24
27
27
28
27
24
27
34
37
36
35
35
29
21
17
20
20
22
28
27
21
13
8
11
11
11
10
8
7
-5
-10
-17
-22
-23
-15
-6
-8
-2
-10
-12
-16
-15
-12
-13
-4
-5
-9
-21
-33
-40
-44
-44
-37
-32
-30
-29
-27
-26
-26
-24
-23
-22
-24
-26
-26
-33
-32
-29
-28
-18
-13
-12
-13
-14
-13
-9
-6
-1
0
5
5
7
3
1
2
1
3
8
14
18
23
25
28
31
25
24
32
37
37
34
30
27
25
22
27
24
16
13
18
18
16
17
20
24
24
24
22
14
4
0
-5
-7
-8
-9
-8
-11
-9
-14
-18
-20
-23
-25
-23
-18
-18
-15
-16
-18
-22
-30
-31
-27
-24
-19
-24
-26
-22
-23
-19
-16
-9
-6
-3
3
-3
2
1
5
14
16
22
19
18
13
15
15
17
23
26
34
32
34
31
33
32
24
23
25
24
26
25
25
22
13
13
10
7
9
12
14
12
5
0
-1
-1
-2
-4
-2
-5
-7
-4
-5
-9
-9
-6
-4
-4
-6
-8
-11
-14
-14
-18
-18
-18
-17
-16
-19
-23
-26
-27
-24
-28
-25
-26
-28
-28
-29
-30
-30
-28
-28
-25
-25
-22
-17
-18
-22
-22
-18
-9
-3
-4
-3
-4
-2
-3
2
4
5
7
9
10
10
10
8
12
17
13
11
8
4
1
1
1
4
8
11
20
19
21
23
22
18
22
28
31
37
32
33
35
33
29
25
26
23
23
20
12
4
3
4
4
6
4
3
2
0
1
1
-1
-2
0
1
0
-5
-12
-13
-18
-24
-27
-28
-28
-29
-23
-21
-19
-17
-15
-8
-6
-7
-10
-11
-10
-9
-4
-5
-3
-5
-3
0
2
-3
-9
-10
-6
-1
0
-3
-5
-5
-8
-9
-13
-18
-18
-22
-26
-26
-23
-26
-23
-19
-14
-12
-11
-8
-6
-3
-4
-1
1
3
10
15
20
20
20
17
17
20
25
27
34
36
32
31
25
14
12
8
11
17
16
16
11
6
0
-3
-4
-4
-3
1
2
-4
-5
-2
1
1
8
12
12
12
12
12
9
12
13
19
23
20
11
4
-1
-8
-4
-2
0
-2
-7
-10
-14
-23
-27
-29
-23
-23
-23
-21
-22
-19
-17
-14
-11
-10
-9
-9
-9
-8
-11
-15
-12
-12
-8
-4
-1
1
0
0
2
4
10
15
18
19
17
14
8
5
5
5
9
12
5
4
3
7
12
13
16
17
19
16
8
-1
-7
-7
-9
-10
-9
-13
-11
-13
-17
-17
-17
-8
-4
-2
-2
-7
-9
-10
-10
-5
-7
-6
-2
-2
3
0
-2
-3
-3
3
3
5
-1
0
-3
-6
-4
-4
-4
-5
-5
0
-3
-2
0
6
8
12
17
17
15
13
11
8
4
4
4
2
5
8
10
5
7
8
10
9
7
7
5
2
5
3
-2
-4
-3
-1
-1
-1
-2
-3
-5
-3
-1
1
0
2
3
3
2
0
-3
-9
-12
-16
-17
-18
-19
-15
-16
-12
-10
-7
-3
-1
1
-3
-12
-13
-15
-16
-15
-10
-6
-2
4
8
10
12
13
14
14
14
14
13
9
6
2
-1
-2
-4
-5
-1
-4
-8
-1
1
-1
-3
-1
4
4
-2
2
7
9
17
17
18
17
14
14
11
9
4
-2
-1
1
3
5
3
3
4
4
2
3
7
7
9
10
16
21
22
25
24
24
18
9
7
5
5
7
12
7
3
-2
-14
-19
-21
-23
-19
-16
-10
-6
-3
-3
-2
-6
-12
-16
-25
-28
-33
-31
-25
-21
-14
-14
-16
-17
-23
-33
-36
-31
-21
-16
-18
-14
-11
-12
-14
-9
-7
-5
1
1
5
5
3
3
-2
-1
0
-4
-4
3
3
1
5
5
7
13
16
26
26
24
21
17
12
10
6
5
4
0
-3
-9
-17
-17
-11
-3
0
1
10
9
7
6
6
2
2
11
17
23
18
11
9
10
5
3
1
-3
-5
-6
-6
-9
-13
-11
-1
6
4
2
6
5
12
19
21
21
23
26
25
23
20
11
17
27
37
39
30
25
9
-2
-11
-14
-17
-17
-7
-3
-1
-3
0
-2
-9
-13
-17
-24
-27
-27
-27
-25
-25
-29
-21
-9
-6
-3
-2
-4
-5
-3
1
0
-4
-6
-14
-22
-25
-34
-38
-29
-20
-11
-11
-7
-4
-4
-3
-5
2
4
9
13
13
15
12
1
-1
4
-2
-5
-7
-8
-1
8
12
17
25
20
22
18
13
8
1
4
8
12
13
17
23
30
31
26
19
8
-6
-7
-8
-4
-4
-2
2
2
3
5
3
-4
-2
-2
-3
-1
-4
-1
1
2
5
7
8
6
3
12
16
11
10
13
22
20
11
12
12
11
13
23
32
25
8
-9
-18
-33
-50
-51
-38
-18
-7
-4
-15
-26
-29
-21
-3
3
0
6
19
31
30
10
-16
-26
-15
-5
4
6
-12
-28
-45
-58
-65
-66
-64
-54
-38
-36
-42
-49
-60
-60
-36
-4
20
28
28
32
23
16
16
29
35
30
18
2
-6
4
14
19
30
37
34
40
38
20
10
11
22
20
0
-11
-12
-17
-9
9
28
23
5
4
20
38
35
29
13
-2
-1
10
32
45
38
22
13
4
-10
-22
-24
-4
8
-7
-17
-38
-56
-71
-71
-65
-61
-52
-27
-9
-7
-12
-24
-14
22
59
67
63
59
61
56
60
68
54
30
6
3
-4
-23
-44
-56
-53
-54
-53
-50
-55
-67
-71
-55
-34
-6
23
42
44
28
8
-20
-41
-33
-16
1
41
77
65
58
43
23
3
-10
-9
-11
1
15
29
32
45
47
5
-29
-59
-71
-84
-74
-26
4
-3
-61
-134
-166
-141
-66
35
116
138
96
34
20
32
51
88
126
145
140
123
75
30
4
-12
13
49
56
13
-58
-128
-166
-157
-113
-34
20
36
14
-54
-115
-123
-102
-68
-16
34
59
81
105
104
62
3
-13
27
77
111
132
145
125
71
15
-33
-54
-38
8
41
15
-37
-79
-109
-131
-143
-145
-134
-103
-55
-14
-21
-73
-130
-134
-77
-4
41
49
46
68
100
123
149
169
181
157
127
100
73
71
113
138
126
88
42
-6
-47
-83
-136
-172
-159
-128
-91
-59
-90
-161
-195
-177
-113
-53
-26
-35
-42
-26
8
70
114
127
58
-30
-59
-79
-55
-26
13
44
30
29
39
47
69
76
60
24
-5
-12
8
101
179
205
174
37
-162
-280
-198
-37
69
96
36
-71
-157
-193
-227
-219
-128
51
185
184
68
-85
-170
-130
-5
88
121
110
30
-42
-50
5
53
93
104
60
-14
-106
-130
-24
180
304
241
97
-34
-121
-126
-29
127
211
205
124
46
-56
-106
-57
-26
-55
-123
-144
-117
-51
66
49
-64
-193
-276
-202
-73
37
46
-20
-55
-26
54
85
39
-43
-43
75
129
97
-63
-128
-77
88
295
321
218
-76
-281
-255
-95
78
222
247
192
66
-78
-147
-185
-22
131
182
202
93
-34
-146
-268
-351
-220
-44
57
92
-23
-151
-145
82
242
199
218
141
74
108
176
207
189
280
234
112
-30
-141
-206
-59
79
-24
-165
-236
-188
-234
-358
-329
-255
-240
-107
62
121
74
34
-73
-135
-95
-10
57
98
77
-14
93
151
28
-94
-54
50
40
70
94
33
-40
47
104
-70
-74
25
-68
-18
112
89
-89
-194
-130
-90
48
47
-40
6
112
153
141
34
-100
-135
27
190
193
121
47
-11
41
87
46
13
-83
4
170
343
167
-154
-203
-122
-70
-79
13
-23
-146
-218
-44
181
43
-121
-164
-188
-264
-21
138
-63
-81
120
168
164
60
-206
-86
178
309
213
87
-37
-320
-159
135
67
-225
-242
-24
42
69
27
-93
-129
-32
-1
-46
-144
-68
129
154
1
-150
-142
-86
-11
73
109
67
-70
-47
158
260
253
263
109
-150
-195
-53
205
347
122
-76
8
85
37
-67
-46
-131
-263
-198
20
108
86
14
-95
-79
-128
-4
162
86
64
41
-40
-166
-39
216
102
46
-73
-92
76
92
41
-51
28
-12
-113
-8
28
-87
-58
20
-159
-250
-30
92
88
55
86
2
-73
-75
-54
-2
-19
41
180
219
43
-69
59
34
-291
-284
-27
144
228
291
313
-120
-402
-333
-257
7
161
139
113
-124
-286
-62
14
-140
-159
14
-20
-36
410
191
-145
-115
-1
40
46
328
124
-159
-162
120
178
59
189
-60
-324
-287
76
274
230
96
-277
-195
-124
-156
143
225
-66
-24
189
-79
-234
97
157
-34
92
130
61
-62
-175
-377
-304
250
237
434
307
-145
-449
-598
157
473
223
231
257
-55
-355
-203
-73
-229
-159
497
538
-270
-502
-152
-139
-421
45
190
-152
-70
114
201
-52
97
-88
-391
374
423
23
-129
147
151
-240
170
194
-42
-76
133
-5
-288
-167
7
70
284
308
93
-255
-245
-213
-239
64
291
374
129
-80
-10
-71
-189
92
225
45
41
330
-126
-88
215
187
56
132
86
-266
-357
-59
129
40
72
-27
13
-322
-303
120
-2
-109
-63
182
-79
-11
141
-154
-70
13
205
-77
21
74
-281
-125
7
9
-28
271
123
-162
-9
93
-218
-274
186
-26
-299
200
144
-91
-254
-158
-82
103
310
150
167
-85
49
14
-68
73
-7
310
208
-160
-239
-92
-279
-3
88
96
-98
-418
-187
-25
29
-68
140
87
-145
-284
-36
-103
-304
282
418
467
-101
-120
-136
85
121
-430
313
80
-26
278
428
-44
-478
187
163
-145
-149
13
33
472
222
-511
-58
19
-306
-16
692
130
-331
260
289
-460
-354
306
283
254
45
-590
-293
77
-281
-53
468
39
-206
435
319
-233
-180
142
88
-100
-175
197
262
-147
-183
-52
-445
46
578
-62
-403
-428
166
250
252
-176
-222
223
-97
34
-229
127
155
370
440
-799
-483
-363
189
196
-94
344
61
23
-491
-83
82
-149
247
533
541
-266
-102
-32
-619
-496
121
380
111
-62
85
116
-267
-192
152
381
-28
364
213
-434
-113
195
43
148
-138
-20
232
134
-222
-215
157
-101
-99
81
-249
-157
273
63
-597
-398
108
-230
-163
506
189
-69
221
79
-325
-62
102
182
288
109
154
17
116
-165
-14
62
-19
492
-17
-445
-10
273
-50
-274
188
-57
-349
-206
-109
17
27
286
396
-440
-141
402
-93
57
388
291
-415
-88
158
-81
-30
114
451
-581
-217
-130
-48
-11
27
98
238
-31
-139
162
-442
-205
300
138
-73
104
70
214
123
-104
-516
-327
110
351
323
132
84
21
-119
-147
137
-222
-168
534
85
-518
197
175
-318
-251
271
325
-287
-79
28
-382
-388
-165
232
-149
72
374
104
-654
116
-90
-472
262
806
-139
-249
323
212
-268
13
319
-420
35
419
-104
-490
-70
-19
-69
191
586
17
-301
-163
363
-274
-137
903
274
-819
-88
517
-588
-365
702
72
-891
513
609
-484
70
343
-230
-803
321
217
-669
553
575
-721
-332
373
42
-483
241
528
106
265
479
-104
-601
83
277
-175
-2
559
-315
-689
511
59
197
17
401
-216
-526
50
-191
114
-347
-286
221
124
57
423
-173
-276
124
-531
-187
639
507
-700
-323
406
-1020
132
330
-116
65
75
-105
-91
450
-146
-409
638
-159
-345
159
43
-381
30
491
-74
-104
62
-159
28
687
264
-68
-34
-255
-44
117
256
-351
-223
102
-62
66
-81
14
40
-271
-131
528
138
-662
553
260
-586
-456
-235
-274
236
840
-199
0
793
-172
216
198
-79
-428
359
165
313
277
-319
-215
133
216
93
336
82
301
98
-474
60
38
-918
-535
529
516
-264
45
216
-687
-117
146
-450
-16
139
-656
219
550
-204
-705
233
-293
-475
522
238
467
-6
345
-50
-19
-229
-429
-623
240
667
377
279
-175
-203
-349
62
110
-31
-94
-50
125
130
-55
-422
-44
-46
-201
198
-388
-44
306
376
313
4
-259
-489
261
493
-424
44
-213
-115
849
382
430
-381
-378
-526
51
338
-164
81
34
276
545
-262
-844
-266
-519
7
163
542
241
-428
-216
-49
-47
-310
-275
332
813
17
-136
-59
-100
-245
-82
283
-8
291
-288
351
823
-370
-83
395
161
-38
199
-6
-624
-97
130
-458
288
585
-443
336
42
-779
-330
101
-322
50
1149
295
-658
345
-796
-859
-145
29
-35
142
662
-225
627
215
-806
-205
-141
-350
-258
589
-32
558
541
-81
-62
-307
-139
-241
643
601
21
655
342
-362
-424
17
-278
-398
806
407
-272
-631
-49
-247
-334
468
1
541
-213
-609
-487
196
-183
-471
326
928
-236
-827
779
401
-710
-896
943
148
-712
-106
-15
584
505
-292
-315
473
-250
-894
1090
1375
-785
-349
377
-474
-473
256
-626
293
313
-752
94
1219
315
-919
731
304
-263
94
513
77
-214
207
205
531
-43
-305
-215
114
494
-122
-137
76
-368
-730
101
557
-266
-325
200
70
4
-376
-961
342
122
284
624
-167
-669
-677
895
-117
140
-106
-919
11
126
-468
40
873
-90
-45
717
11
-1136
-122
-319
-113
609
250
-135
67
-275
-782
617
48
-167
249
726
279
-747
-289
224
-447
-23
108
273
335
-979
297
148
-67
-93
-266
370
451
290
225
329
-726
-823
125
-60
-929
107
571
79
370
169
-1010
70
126
-296
74
638
45
-450
818
460
-763
-179
-496
-423
520
281
279
335
628
49
-545
8
-629
125
133
-175
317
553
310
283
-561
-716
-97
-126
375
672
-51
-253
231
110
-180
-461
-114
-226
787
164
458
320
-194
-341
-525
-431
-388
72
366
757
514
-420
-243
-330
550
426
506
-112
598
514
-216
329
-22
-529
-168
-114
-1176
-375
410
86
569
719
-322
-695
283
-217
-246
830
224
-451
307
-371
-941
-196
295
457
112
151
-83
-18
-692
-990
507
130
92
623
458
-124
-937
-165
368
67
212
292
614
335
-566
-906
109
83
-710
290
512
-116
-565
-164
135
-184
84
-314
551
-162
-1091
207
1025
308
-360
1092
852
-1024
-664
107
343
-62
-272
783
857
-216
-434
806
376
-1196
-500
1241
-227
-634
88
-29
-714
-933
-34
-112
-110
-585
-130
795
-173
-1146
15
503
-92
498
1712
-375
-1616
-385
722
906
-66
256
158
205
-1067
-195
521
-574
-1065
357
671
-709
-473
718
218
-887
331
383
664
208
-666
250
493
171
-235
356
-91
-869
281
1055
10
-429
593
719
-112
-100
-330
-402
-495
433
236
424
-547
-1395
308
432
-188
105
888
345
-246
-61
153
-440
100
79
218
302
303
93
-846
-86
-453
-612
250
365
168
-163
180
-428
-252
261
269
217
434
280
11
407
-28
137
-908
-562
38
-72
318
-21
-144
-631
230
358
-754
-90
388
612
160
527
-201
-982
32
203
-280
-128
22
-312
27
77
-338
-239
-438
-302
5
611
-82
250
181
35
309
192
360
-164
786
-183
109
714
91
-4
-263
178
-215
-219
-194
393
1116
224
-173
-522
-489
-703
-386
330
-200
673
331
-44
-382
36
-293
-714
893
829
-214
159
255
-458
-414
440
358
-323
147
-205
-271
400
302
-491
-543
478
-394
31
-169
-641
-1010
558
932
-196
-240
-601
-1013
360
668
235
19
160
37
238
659
-713
-861
330
217
66
433
204
-92
-320
-307
-1014
-409
620
-510
121
-66
-357
54
-109
373
-681
-488
330
381
-129
-526
476
230
226
866
539
-551
-630
-61
316
685
462
-416
-278
-258
-616
51
539
115
-874
735
1274
441
1
-407
285
43
226
114
823
209
-565
1060
786
-122
-567
-209
-394
-61
1537
1305
532
-702
-165
407
470
541
-129
893
680
393
1194
99
-433
-795
125
339
-479
-652
-857
-168
-788
-853
-1029
-1331
-1704
-1169
300
-298
-231
192
-422
-1235
-969
-458
-746
-692
7
305
358
-40
-430
-586
-992
-1011
-119
896
570
292
230
511
-504
-374
-301
-97
-362
548
1224
174
-112
-631
-538
-569
-353
185
-56
-378
-822
251
1223
558
-538
-400
244
589
470
857
1028
319
359
1191
1670
565
330
926
876
302
538
538
413
61
389
411
731
289
-343
-493
-278
-134
614
1433
637
252
-137
101
150
-116
507
497
484
655
825
232
-683
-660
-753
174
300
-234
-412
-6
190
-590
-187
-223
-1157
-1539
-858
-142
20
194
-253
-705
-990
-1214
-656
-480
-85
-336
-156
130
-138
-73
-396
-410
-77
-58
-223
-317
-563
-892
-159
1041
475
-452
-893
-855
-382
516
430
-73
-388
-147
-84
26
639
80
-307
-234
347
663
601
806
-293
-419
333
594
421
-327
-7
-144
-71
835
411
-255
-814
-727
-633
-363
447
312
168
-120
-20
145
319
463
325
193
-294
-297
360
179
-23
-235
-248
113
551
528
-17
-363
-283
-313
443
987
510
-1
-45
-103
-711
-189
106
166
720
678
925
293
-132
45
28
276
109
709
346
190
455
313
-250
-467
32
-156
-268
-314
-59
-308
84
-94
-858
-1005
-817
-627
-437
230
360
-190
-83
285
288
-299
-270
223
-120
703
1406
1287
360
29
190
-171
586
1431
860
442
549
834
500
282
362
-266
-227
501
909
671
384
-293
-697
-284
718
494
237
363
-320
-381
472
937
-132
-1432
-554
412
797
496
-340
-760
-1291
-520
649
812
683
349
755
1157
1598
1920
1074
-864
-3713
-5334
-5042
-3745
-2773
-2570
-2875
-3867
-5031
-5618
-6143
-7075
-7626
-6443
-4094
-1990
-680
-757
-1921
-3268
-3426
-1885
144
2076
3245
4210
4856
5174
5395
4836
4141
3955
5010
6852
8298
8652
7796
6226
4799
4068
3944
3673
3124
2541
2171
2099
1617
723
-708
-2422
-3533
-3561
-2670
-2063
-2031
-2407
-2690
-2252
-1670
-1207
-1295
-1554
-1070
224
1802
2669
2478
2073
1693
2052
2644
3190
3033
2373
1937
2109
2401
2188
1181
66
-601
-1458
-1083
-986
-1241
-1792
-2323
-2452
-3004
-2842
-2928
-3478
-3660
-3585
-2920
-2424
-1557
-1119
-1094
-1249
-1500
-1033
-501
273
223
145
649
1270
1568
1572
1804
1634
1879
2456
1566
-1859
-6341
-8451
-7133
-4216
-2511
-3121
-4840
-7206
-8974
-9482
-9193
-9053
-9239
-7903
-5145
-2307
-1212
-2192
-4011
-5540
-4677
-1432
2428
4925
5479
5526
5607
5930
6314
6362
6128
6113
7388
9724
11374
11109
9033
6583
4930
4559
5115
5570
5282
4280
3344
2765
1980
585
-1504
-3486
-4397
-3719
-1891
-795
-1301
-3142
-4860
-5371
-4841
-3852
-3557
-3618
-3481
-2423
-874
162
201
-633
-963
-299
1514
3511
4211
3674
2638
2424
3077
3792
3917
2957
1917
1391
1694
2182
1668
231
-1279
-1848
-1437
-586
-367
-1162
-2626
-3372
-3043
-2024
-1153
-997
-1310
-1801
-1424
-619
-158
-721
-1369
-1302
-411
681
1616
1810
808
-108
-113
972
1690
1641
1460
1386
1648
2083
3340
4112
1398
-4833
-10904
-11406
-7073
-2456
-1090
-3379
-6630
-10166
-11903
-11443
-10585
-10448
-10642
-7939
-3525
-467
-566
-3637
-6902
-8369
-5507
764
6303
8359
7047
5397
4979
5605
6625
6983
6827
7126
9025
11977
13170
11310
7338
3895
2726
3878
6032
7265
6363
3539
1281
418
-29
-1006
-2996
-4932
-5233
-3545
-1089
-391
-2344
-5636
-7614
-6889
-4273
-1540
-429
-1024
-1890
-1598
-294
661
317
-835
-1360
172
3276
5959
6078
3794
1237
436
1926
3896
4928
4086
2262
1229
1676
2543
1971
-38
-2074
-2701
-1492
383
1223
20
-2347
-3926
-3292
-1291
319
129
-1207
-1905
-1391
210
1171
905
-209
-751
-157
878
1818
2032
1299
274
289
970
1540
1498
1142
858
856
1909
2965
666
-5661
-12393
-13185
-8100
-2722
-1040
-3867
-7846
-12204
-14456
-13013
-10474
-8917
-9075
-7293
-3672
-1436
-1649
-4406
-7095
-8088
-4773
2784
9437
11365
8560
5205
3908
4879
7711
10305
11142
10609
10821
12500
13050
10933
7102
4051
3280
4742
7499
8909
7053
2714
-1109
-2344
-1833
-1204
-1545
-3085
-4544
-4590
-3066
-2270
-3690
-6354
-7933
-7040
-4350
-1258
267
-652
-2740
-3580
-2093
220
1889
2103
1122
833
2110
4731
5989
5057
3103
1885
2737
4237
5679
5156
2756
612
227
1686
2524
1906
-177
-2397
-3075
-1967
80
635
-730
-2573
-3095
-1940
-236
823
378
-948
-1359
-249
1433
2119
1180
-262
-727
380
2484
3734
3310
1726
266
307
1149
2327
2595
2627
2971
378
-5664
-12366
-12984
-7794
-2947
-1611
-4501
-7592
-11744
-15020
-14354
-12001
-9539
-9104
-6743
-3177
-2068
-3319
-6384
-7677
-7482
-3917
3538
9657
11024
7698
4585
3998
5057
8125
11300
12823
12196
11459
12469
12457
10409
7395
5622
5703
6367
7859
8268
5998
1663
-1895
-2376
-1629
-1073
-1504
-3119
-5248
-6547
-5753
-4659
-5105
-6507
-7206
-6313
-4710
-2746
-1448
-1947
-3149
-3190
-1009
1590
3035
2987
1868
1329
2276
4875
6817
6619
5006
3546
3465
3957
4894
4944
3665
2155
1488
2156
2178
946
-1057
-2670
-2939
-1863
22
710
-663
-2973
-4212
-3415
-1786
-51
754
521
-53
-104
916
1454
1037
565
886
1961
3195
3968
3821
2610
1474
1372
2087
2803
3681
3291
-1218
-9053
-14037
-10568
-3873
-377
-2512
-7391
-11424
-15448
-15715
-12442
-8909
-7980
-8878
-6692
-4335
-4101
-5963
-7716
-7213
-5126
829
8121
11415
8638
3350
1549
3429
7562
12410
14978
13770
10242
8907
10220
10889
9889
8261
7651
7275
7310
8101
7126
3456
-1166
-2800
-1283
477
879
-1201
-4961
-8585
-9142
-6358
-3855
-3774
-5450
-6775
-6877
-5791
-3497
-1921
-2206
-3063
-2158
650
2939
3746
2851
1415
1148
3327
7036
8925
7808
5019
2995
2806
3960
5832
6339
4574
2131
909
1259
1233
227
-1279
-2452
-2582
-1492
189
0
-2356
-4978
-5475
-3564
-835
1409
1615
-97
-2149
-2385
-587
1139
2130
2518
2552
2535
2750
3089
2801
2220
1988
2734
3608
4372
4441
603
-7035
-13601
-11915
-4208
1218
628
-4911
-10557
-15749
-17476
-13523
-8114
-5394
-6870
-7301
-6354
-6586
-7513
-8190
-6860
-5046
-897
5588
9391
7481
1954
-533
1505
6308
12169
15742
14680
9694
6256
7226
9857
11438
11211
10237
8135
5947
5596
5792
4525
1526
-272
195
951
560
-1611
-5135
-8815
-9729
-6720
-2922
-1877
-4045
-7265
-9594
-9614
-6689
-2622
-496
-1029
-2164
-1942
-680
649
1583
1629
1768
3360
6384
8532
7737
4887
2321
1961
3754
6845
8669
7194
3410
9
-739
285
1656
2140
1121
-750
-2281
-2285
-1773
-2113
-2951
-3183
-2108
-583
641
695
-866
-2656
-2906
-710
2083
3665
3539
2092
797
623
2020
3499
3980
3576
3023
2929
3023
3830
1996
-4086
-11192
-12175
-5486
967
2002
-3004
-9246
-14873
-17788
-14165
-7511
-3148
-4633
-7699
-8560
-9029
-8848
-7703
-4901
-2953
-1403
2555
5930
5467
1482
-535
2072
6656
11944
15341
14321
8980
4263
5318
9880
13597
14168
12194
8322
3939
2611
4539
6584
5925
3530
1699
51
-1457
-2790
-4033
-5645
-6698
-5215
-2868
-2498
-5026
-8406
-10250
-9927
-6733
-2185
413
-737
-4049
-5620
-4521
-1396
1835
3587
3514
2514
2869
4154
5218
5043
4513
4668
5260
6756
7418
6263
3357
557
504
2217
4240
4478
2450
-1012
-3923
-3957
-1900
265
665
-482
-1939
-3017
-2793
-1635
-645
-609
-943
-489
427
1163
1362
1274
900
1150
2430
3760
4256
3524
2928
2503
2980
4011
1936
-4087
-10794
-10622
-4078
1255
1276
-3639
-9147
-14647
-16771
-12563
-5960
-2215
-4692
-8155
-10008
-10919
-9913
-7097
-2963
-1543
-1328
451
2051
1713
-175
843
4288
7699
10699
12018
10634
6546
4620
7355
11667
14007
13135
10573
6628
3348
3619
6694
9045
7862
4646
1478
-1102
-2266
-1769
-657
-940
-2425
-3385
-3864
-4830
-6404
-7094
-6734
-6003
-4595
-2986
-2587
-4314
-6352
-6473
-4128
-941
1543
2296
1136
-167
-230
1769
3966
5414
5812
5107
4505
4058
4510
4771
4281
3751
3438
3637
3417
2798
1559
95
-646
-421
713
1025
185
-1173
-2338
-2529
-1803
-285
547
-115
-1430
-2209
-1804
-656
893
2035
1999
1138
597
896
1811
2741
3442
3537
3294
2999
522
-4600
-9256
-8353
-2485
2003
1557
-3236
-8958
-14012
-15548
-11053
-4300
-924
-3466
-7903
-10933
-12117
-10307
-5779
-1032
60
-1511
-2297
-2008
-1523
-462
2581
5848
7116
7404
7429
6709
5372
5836
9101
12189
12733
11048
8466
5726
4194
5553
8594
10078
8342
4845
1527
-599
-704
937
2580
2124
-262
-2703
-4210
-4771
-4505
-3582
-3008
-3508
-4315
-4590
-4747
-5283
-5510
-4659
-3086
-1820
-1290
-1463
-2074
-2221
-1183
879
2639
3397
3220
2339
1792
2153
3507
4683
4768
4139
3090
2332
2090
2466
2923
2687
2011
1191
599
70
-107
207
441
341
-57
-465
-871
-1363
-1598
-1426
-1019
-547
-179
-75
-389
-939
-1089
-438
724
1704
2187
1933
1272
918
1210
1234
-1157
-5134
-7468
-5472
-1291
896
-463
-4689
-9469
-12777
-11806
-6870
-2197
-1372
-4525
-8284
-10660
-10330
-6850
-2291
212
-950
-3214
-4185
-3383
-1301
1542
4166
4814
3990
3386
3711
4526
5736
7737
9452
9657
8640
7552
6698
6117
6482
7823
8913
8447
6657
4403
2641
1941
2581
3558
3562
2388
561
-996
-1994
-2040
-1412
-1031
-1378
-2403
-3244
-3729
-3852
-3610
-3463
-3407
-3392
-3006
-2409
-2053
-1854
-1832
-1717
-1371
-511
671
1306
1326
1143
1242
1653
2115
2637
2817
2543
2188
2151
2506
2715
2552
2000
1219
642
516
833
1003
731
131
-628
-1263
-1597
-1450
-1194
-1072
-1179
-1444
-1746
-2062
-1948
-1644
-1342
-1161
-933
-522
-233
-11
-118
-337
-363
68
873
1143
584
-1034
-3125
-4583
-4063
-1978
-357
-612
-2818
-5440
-7401
-7439
-5431
-2888
-1767
-3011
-5072
-6538
-6593
-5180
-3117
-1575
-1632
-2553
-3138
-2661
-1443
78
1374
1768
1481
1252
1797
2843
4022
5138
5632
5414
4850
4812
5278
5758
6222
6436
6309
5654
4957
4571
4328
4179
4010
3779
3244
2474
1827
1295
873
579
458
318
-115
-528
-813
-1113
-1386
-1481
-1257
-1056
-1081
-1171
-1336
-1457
-1490
-1122
-508
-143
-126
-381
-555
-612
-370
117
448
454
45
-324
-504
-459
-223
1
48
-254
-637
-897
-953
-839
-730
-629
-627
-713
-771
-786
-717
-691
-679
-652
-679
-718
-736
-643
-453
-362
-372
-592
-890
-993
-739
-203
183
312
146
-215
-568
-724
-383
176
542
381
-229
-929
-1351
-1311
-1047
-748
-654
-858
-1288
-1784
-2177
-2435
-2387
-2026
-1615
-1483
-1741
-2145
-2456
-2454
-2093
-1543
-1126
-1070
-1223
-1309
-1116
-669
-143
288
539
639
718
981
1437
2010
2429
2561
2544
2548
2740
2999
3148
3083
2827
2525
2279
2239
2278
2256
2099
1853
1646
1478
1386
1312
1268
1235
1146
1077
1015
924
845
813
866
959
973
872
570
268
119
144
261
276
209
8
-292
-536
-625
-602
-563
-538
-538
-622
-810
-980
-1081
-1096
-1032
-877
-679
-649
-756
-971
-1133
-1105
-895
-588
-474
-569
-756
-815
-693
-487
-256
-253
-463
-666
-605
-294
-38
67
-19
-189
-360
-420
-287
-91
8
-61
-227
-403
-512
-536
-501
-457
-413
-397
-499
-741
-982
-1068
-934
-656
-427
-429
-710
-1062
-1280
-1265
-1036
-711
-499
-542
-791
-988
-1000
-865
-640
-384
-200
-160
-217
-235
-142
-4
149
258
342
412
481
557
526
430
336
372
590
756
753
609
451
428
521
700
872
974
935
812
759
864
1042
1235
1343
1319
1264
1237
1280
1287
1259
1216
1148
1082
1057
1075
1058
960
856
788
740
627
493
396
289
138
72
119
152
71
-75
-158
-193
-213
-249
-313
-382
-424
-396
-336
-315
-326
-409
-525
-594
-517
-347
-202
-141
-141
-177
-247
-290
-299
-236
-188
-169
-155
-165
-189
-284
-441
-617
-721
-695
-589
-525
-524
-594
-699
-829
-906
-880
-840
-767
-671
-573
-556
-642
-712
-734
-687
-613
-537
-505
-536
-521
-430
-336
-285
-252
-188
-142
-131
-49
119
273
277
209
129
95
120
181
240
153
33
-21
-20
32
65
92
-27
-196
-305
-267
-61
118
203
106
-60
-137
-52
144
311
413
419
336
252
201
249
355
473
586
646
610
494
405
418
562
726
817
755
590
447
434
524
630
653
595
474
363
337
350
407
440
445
424
396
373
312
233
201
241
327
352
304
203
113
77
93
133
144
103
42
-14
-57
-57
-19
9
3
-95
-265
-419
-515
-505
-446
-404
-445
-524
-585
-625
-664
-660
-594
-509
-477
-514
-575
-622
-645
-588
-454
-331
-296
-347
-385
-416
-432
-391
-248
-94
-48
-130
-216
-187
-34
133
198
157
76
2
-44
-16
48
57
-17
-52
-32
-24
-45
-118
-189
-197
-158
-97
-65
-69
-103
-136
-105
-25
44
87
70
24
-5
25
131
198
208
172
104
33
-3
30
101
189
262
261
211
149
78
33
83
189
253
213
109
27
24
77
125
165
198
188
198
257
347
415
393
351
333
367
429
521
550
492
402
377
401
400
359
309
280
258
265
279
255
170
42
-77
-163
-221
-227
-239
-258
-312
-365
-419
-469
-508
-538
-503
-452
-406
-358
-372
-436
-487
-453
-376
-307
-240
-222
-234
-276
-291
-277
-230
-164
-95
-64
-55
-63
-62
-40
-11
10
32
50
37
-15
-42
-42
-55
-65
-51
7
15
-22
-83
-143
-174
-142
-54
32
20
-67
-125
-100
-18
73
123
131
81
63
113
214
286
288
247
183
150
173
236
286
290
255
222
172
131
90
92
145
202
213
165
86
-5
-65
-62
-17
59
80
54
1
-40
-19
31
79
128
175
185
183
205
256
300
333
361
362
341
306
319
370
386
357
291
210
129
63
20
-14
-40
-70
-104
-136
-176
-205
-249
-315
-391
-410
-356
-300
-292
-358
-435
-451
-426
-391
-366
-352
-361
-387
-406
-396
-341
-286
-238
-188
-180
-216
-227
-204
-147
-78
-35
-30
-55
-78
-83
-89
-103
-120
-164
-170
-126
-35
26
3
-61
-156
-218
-200
-110
10
55
30
-18
-42
-11
38
80
105
120
171
242
297
296
258
234
253
295
363
390
391
379
328
277
212
184
174
175
176
183
169
112
23
-36
-42
-29
-2
0
-14
-49
-86
-76
-37
14
11
-21
-10
35
98
131
147
143
158
183
215
296
371
378
349
346
379
386
353
289
258
232
192
182
166
112
17
-48
-67
-24
18
32
0
-95
-221
-285
-277
-256
-249
-268
-318
-393
-443
-436
-419
-402
-413
-418
-384
-329
-260
-234
-269
-307
-302
-261
-236
-246
-233
-182
-108
-84
-117
-176
-269
-323
-259
-130
-59
-81
-157
-235
-270
-255
-195
-83
28
32
-57
-117
-89
-19
62
104
82
89
132
197
283
352
378
372
352
305
313
406
458
419
383
370
324
275
247
250
250
234
208
135
58
-6
-54
-50
-22
-12
-44
-60
-62
-85
-94
-77
-87
-101
-67
-33
-4
-2
-23
-54
-47
-4
18
43
94
124
140
143
110
83
121
202
227
216
170
110
67
62
82
93
92
97
78
35
33
27
38
12
-38
-55
-62
-26
-14
-48
-125
-196
-222
-239
-201
-126
-78
-105
-208
-285
-287
-225
-155
-112
-131
-188
-236
-248
-178
-125
-164
-205
-272
-307
-280
-222
-184
-204
-227
-242
-311
-352
-322
-274
-244
-227
-194
-159
-154
-179
-194
-142
-22
77
129
145
184
198
187
242
309
351
345
333
346
347
401
431
428
420
372
355
346
367
326
253
177
144
136
136
160
163
162
153
156
142
67
-2
-9
51
108
88
43
-25
-96
-152
-145
-84
-38
-24
-28
-70
-138
-179
-144
-134
-94
21
44
-61
-164
-169
-129
-64
-1
35
39
-37
-120
-172
-137
-44
7
1
-45
-82
-85
-56
-38
-63
-98
-68
-51
-59
-62
-64
-59
-44
-50
-34
31
95
76
47
64
61
51
17
26
37
2
-55
-65
-29
-204
-591
-780
-399
280
639
635
377
14
-518
-919
-964
-732
-263
164
471
490
230
-91
-382
-522
-488
-295
-38
167
326
398
329
241
131
-10
-98
-94
10
156
319
461
530
471
331
134
-5
-46
17
137
282
397
384
308
175
66
-6
-23
4
90
182
251
224
150
89
14
7
2
52
63
49
47
69
42
-26
-80
-80
-80
-94
-88
-105
-154
-146
-94
-56
-30
-81
-164
-246
-313
-279
-187
-148
-140
-122
-143
-239
-294
-303
-226
-149
-139
-146
-177
-177
-139
-81
-35
-48
-17
22
94
135
122
160
158
160
166
176
164
157
168
134
78
50
27
-11
-30
-13
-55
-77
-94
-113
-118
-198
-163
-153
-172
-211
-212
-131
-107
-120
-85
-84
-86
-70
-67
39
67
91
73
25
27
1
7
56
123
202
217
143
133
130
117
86
26
84
149
160
156
141
162
163
118
80
83
100
93
91
90
97
97
63
43
63
158
201
178
151
116
120
148
156
149
137
95
106
84
73
53
-30
-47
-57
-45
-98
-119
-95
-113
-99
-84
-143
-171
-256
-462
-558
-459
-194
-54
18
48
-65
-199
-463
-563
-609
-453
-125
181
524
677
744
648
477
27
-577
-964
-1056
-963
-716
-187
390
989
1314
1252
743
-17
-686
-1425
-1820
-1593
-652
498
1449
2001
1912
1200
210
-691
-1328
-1486
-1107
-423
297
798
1035
880
445
-59
-480
-609
-550
-397
-267
-6
324
451
412
262
88
-80
-183
-78
-61
-39
21
122
161
93
141
92
62
37
88
48
-139
-272
-246
-18
120
238
345
261
95
14
-31
-29
-68
-26
18
23
80
165
360
495
401
239
70
7
-79
-164
-207
-270
-228
-26
291
316
148
21
33
-67
-173
-258
-310
-362
-313
-121
-13
-151
-614
-931
-731
-149
323
789
886
708
334
-106
-485
-797
-785
-500
21
425
701
724
383
2
-300
-471
-535
-388
-168
-32
81
229
326
129
-72
-296
-543
-814
-974
-928
-520
287
969
1223
1206
967
400
-333
-681
-632
-406
-33
372
843
932
698
174
-390
-566
-563
-288
-98
73
260
281
250
73
20
-121
-343
-722
-994
-851
-620
-85
579
1115
1391
1281
820
295
-116
-364
-429
-124
193
498
604
282
-288
-856
-980
-1074
-963
-525
114
697
866
974
687
291
-159
-377
-377
-355
-25
278
651
831
789
729
387
55
-390
-554
-639
-524
-116
146
392
151
24
-83
-164
-390
-531
-432
-405
-372
-8
247
180
-7
-221
-392
-465
-494
-429
-149
59
140
85
1
-131
-144
-109
22
-38
-85
-36
-43
-74
-12
219
233
151
173
191
12
-155
-200
-229
-70
16
-11
73
121
9
-291
-449
-844
-1372
-1482
-1213
-376
488
1184
1559
1646
1401
784
156
-246
-241
100
562
875
977
1191
1210
624
-247
-814
-989
-587
-132
55
-8
-189
-54
39
105
-144
-356
-369
-207
-255
-322
-96
-36
-23
100
32
-32
28
235
367
144
-150
-496
-166
100
45
4
226
329
45
-31
-178
-97
-18
209
263
151
-214
-573
-541
-329
130
313
665
733
321
-202
-654
-673
-590
-363
-289
79
429
789
967
384
-362
-951
-1053
-1116
-517
526
1225
1025
468
57
-445
-650
-829
-584
-356
110
336
780
1238
909
272
-615
-828
-705
-270
147
276
146
472
705
595
-156
-869
-502
-209
-787
-1024
100
955
600
-125
-367
-384
-459
-339
-241
-361
73
269
218
713
385
-123
-758
-381
230
360
268
462
1087
990
516
39
-192
-769
-1035
130
833
590
622
678
-378
-881
-624
-539
-562
-80
309
237
-426
-264
536
384
15
-498
-104
420
498
-186
-401
-254
3
741
539
389
518
301
-703
-1252
-1122
-1157
-438
1438
1870
632
413
-606
-2311
-997
696
378
-144
541
977
1042
958
-607
-883
-112
-812
-834
1047
1575
699
102
-459
-1554
-1505
-38
328
-439
-550
175
13
435
344
-691
-824
-808
-586
111
1303
1081
92
353
207
-284
-1348
24
495
2
-60
470
582
-588
-1241
-399
82
321
1977
598
-764
-1267
-1068
-757
-304
872
1050
1773
1005
-417
-348
-1459
-1419
-1236
769
1742
1751
1069
382
561
-210
-1971
-2211
319
1176
583
17
1624
1054
166
-779
-1017
-633
-316
-527
-665
1078
1474
701
840
835
-1110
-2085
-1380
-22
665
1024
1605
1319
-47
-1499
-2027
-21
1167
633
-910
86
982
686
-348
-765
595
-578
-1140
-50
812
148
811
422
-952
-947
-96
-207
-1200
-350
830
772
-1183
-57
774
-306
335
200
-979
-949
758
-349
-499
1116
850
-112
-2
908
-908
-2021
-183
-503
-233
1233
1782
1038
-21
-590
-2223
-1985
451
1346
700
463
1078
-713
-1206
664
-636
-1072
-74
591
27
365
1339
171
-1218
-838
-561
-1239
-300
1770
2351
-438
-460
-52
-1691
-974
845
1002
-13
997
1338
6
-915
-1127
-307
316
-142
160
954
1972
23
-516
-868
-600
-570
-94
646
841
655
210
-772
-429
-392
-113
13
856
317
-571
371
-496
-710
83
1311
103
-120
1244
505
-519
-304
-317
-885
46
521
1071
816
452
-427
-1067
-751
164
112
-818
269
720
-315
-915
1124
268
-533
193
112
-1126
-427
633
-48
-925
175
1279
408
13
-895
-445
-585
-1387
-15
1914
1389
-215
54
4
-1461
-1103
239
994
1271
-181
440
202
-1143
-854
-662
1145
66
180
657
-1123
-637
-708
-127
293
458
1377
436
-182
-1821
-1503
4
756
1258
1464
0
-1479
-637
313
1453
-697
-947
-562
1236
601
-1206
-777
727
1798
-259
-1136
-321
-182
-788
-1067
1507
1743
-151
-69
-670
-1445
-905
19
269
696
1253
1064
14
-1812
-978
61
366
-444
953
1284
319
612
-802
-1418
174
235
-815
1074
2306
12
-1987
665
823
-1065
-124
899
-1540
-812
2452
-418
-522
2149
160
-2367
-375
392
-929
621
1169
993
1502
-128
-1458
-903
-781
-290
557
908
384
-123
1168
513
-977
-1773
-1397
-111
1380
1176
-64
344
565
-1063
-1479
87
220
-155
600
860
-143
-421
407
-944
-677
650
-265
36
1619
36
-1792
-273
726
-629
14
491
-774
-251
1400
-645
-112
748
130
-1554
199
1280
-1057
70
1221
-301
-968
631
1049
-394
-594
-66
152
932
-949
-628
335
354
243
557
-268
-1230
-510
-891
-150
860
1644
510
-416
-614
-1559
-1200
-23
1874
255
-173
1132
-346
-696
168
306
-1383
-1520
1766
1647
-782
-1043
596
368
-162
-19
-188
-244
621
507
-457
-1146
533
789
-109
1203
721
-982
-1766
-854
391
876
2216
1275
-824
-756
135
-655
-1114
1222
497
-47
894
390
-345
-1362
-296
118
-13
272
-502
-832
686
252
-818
509
311
-1009
-995
504
-436
-380
773
1593
373
-990
-720
-631
-294
-168
1225
1182
439
-238
-299
-260
-1285
-704
1084
538
799
836
-724
-964
-625
296
469
351
415
492
325
-156
-591
222
-662
-214
160
-597
1099
1085
-547
-931
-38
-672
-642
599
922
-615
-878
677
-54
-149
636
52
-199
-112
-462
-530
645
629
244
-143
470
-909
-1645
130
1435
-70
169
1538
210
-2222
-1364
221
594
1425
1068
208
-824
-618
-1222
85
611
494
710
262
480
-1048
-416
-536
883
754
-679
100
-136
280
-468
-706
103
506
713
207
295
-970
-828
377
-383
-300
654
1497
-159
91
292
-971
-305
-979
-524
813
838
657
74
-117
-911
32
-118
-538
126
681
-97
52
901
-563
-567
-268
24
-2
251
-243
37
667
349
-540
-148
268
-477
618
-171
-107
-826
237
-94
-123
615
298
-235
-888
880
-502
-777
-228
1233
791
982
-290
-628
388
-1228
-941
61
1465
413
586
814
-583
-657
-377
-1115
-1174
1345
1510
-448
469
165
-1796
-921
330
114
-164
1269
335
-951
156
-550
-427
-92
822
-324
400
1030
-675
-361
271
-466
-1047
815
677
-619
551
815
-319
-461
335
-403
-445
500
-705
-112
876
1096
-423
-470
292
-374
-595
-77
515
991
895
88
-899
-310
-538
-314
299
1197
786
-774
640
-1033
-154
-293
-503
-381
308
1235
298
360
-673
-518
-805
-1132
345
935
-193
-12
950
81
-324
-429
-890
-126
405
1119
-665
-206
229
-350
-416
591
311
-54
431
-702
-756
-73
185
17
322
209
-275
288
-421
-743
-50
220
-694
278
1334
399
-177
-180
-495
-832
852
-76
770
985
-582
-356
-442
1069
-36
-710
-160
689
409
370
97
-48
-454
-322
-74
3
1326
-935
-785
517
812
-715
-567
1173
321
-1212
-636
-176
409
495
426
-69
-1150
59
512
-1195
-131
1770
458
231
-206
-423
-1606
-114
869
275
894
442
52
-1739
-311
245
-1383
236
1200
2048
-375
-694
471
-1460
-525
126
313
-120
903
1458
-366
-551
-532
-294
45
189
-603
519
1173
-18
-1102
-61
927
-467
-163
-2
227
342
36
-641
-385
619
-260
239
614
197
-982
-810
117
47
551
501
416
-947
-218
-360
-511
195
604
185
-613
1206
-686
-923
136
149
-12
-524
1343
361
-677
-67
-75
-826
-76
-187
1232
191
-363
338
274
-568
-648
-207
-221
554
939
-243
-335
194
-333
-93
-489
409
1238
-394
-658
511
763
-355
-816
1094
542
-655
-55
58
-397
401
426
-354
-448
863
-515
-706
267
491
61
-44
-56
634
64
-1479
-654
62
-36
884
1163
-514
-968
174
97
-1261
-117
1920
65
-908
919
-41
-1202
108
738
-300
-65
702
-146
-290
623
-234
-849
398
1197
-1193
-504
1316
-52
-790
-207
720
-641
-782
606
462
184
77
-43
-390
-271
196
-807
-220
852
382
-1269
-412
1213
-233
-456
515
344
-1061
-144
1068
-639
-476
1342
521
-984
535
247
-1094
-93
-426
486
253
1233
-261
-1496
-123
-9
289
38
534
621
-312
-644
-14
604
17
140
-291
344
482
-279
-75
-492
51
826
-214
-412
753
-212
-572
151
913
-253
-25
906
-1175
-474
1252
-134
-1129
1021
1178
-1461
-611
641
-203
-641
701
603
-1300
447
629
-1414
-10
906
-256
-739
984
559
-823
185
533
-1211
-657
2011
328
-1901
798
1288
-1340
-481
1049
-608
-623
758
448
-255
202
-195
-1434
646
1506
-952
-595
1115
545
-1580
-241
678
23
-512
1043
177
-696
-37
278
-979
-949
1047
467
2
-58
365
-518
208
386
-1289
-634
1361
659
-715
87
737
-253
-495
523
-132
-511
295
348
-788
-311
723
-116
-672
403
380
-978
346
519
-1207
105
728
-19
137
486
-339
-463
403
-204
-497
574
785
27
-172
304
-653
-548
-86
-631
700
1176
412
-1404
213
893
-1449
-655
292
154
357
693
482
-410
299
58
-1415
-338
721
-60
45
1459
591
-1450
-352
481
-595
-484
255
529
-85
636
665
-255
-29
-115
-1022
-413
231
1062
523
99
275
11
-848
-1144
136
-39
184
986
1343
-924
-707
131
-904
-844
966
1763
-752
-942
1484
-69
-1114
-274
3
212
312
1119
-716
-889
171
-473
-407
695
287
-698
-304
815
-35
-916
430
-26
-847
220
407
143
365
207
36
-343
454
-620
-562
797
77
341
572
374
-700
-331
367
-617
-131
782
-101
-202
516
120
-295
-266
77
-581
453
80
-573
330
103
269
-282
188
966
-731
-513
325
-800
140
582
44
-508
778
732
-1775
219
514
-888
292
574
322
-348
206
24
-657
-133
227
-233
-118
895
-28
-859
744
325
-734
-316
549
214
-161
303
214
-749
-287
533
-361
-193
880
619
-770
91
13
-1115
-33
883
-55
-252
875
-92
-682
-631
200
-591
773
1116
-780
-368
255
479
-1562
371
706
-48
-65
103
-92
-500
774
-298
-1007
1015
1060
-659
-673
621
-775
-689
1636
565
-838
-292
307
-1147
386
1000
-155
109
-236
223
-500
137
413
167
-112
11
235
-547
-2
689
-117
-312
5
774
-926
-573
974
-224
192
-216
298
-296
-495
291
-471
-91
442
667
-680
-1070
73
266
783
116
333
70
-989
-414
336
170
-59
649
466
85
-396
-58
-366
-344
-4
-3
140
916
254
-523
-16
-261
-675
123
192
436
-383
374
681
-245
-376
-205
-301
-634
367
352
323
227
-10
-457
29
50
-421
-256
43
242
40
602
292
-257
-170
513
-126
-806
201
877
221
-544
599
-170
-710
-294
161
-6
-187
216
-406
-66
946
22
-639
230
-582
-418
99
395
167
557
652
-153
-679
-790
-754
-366
803
726
164
-22
26
-665
-664
-259
209
305
514
755
-120
-299
-600
-317
-137
581
1042
276
-290
-55
-54
-1169
66
577
251
58
129
306
197
-379
-536
-106
-142
-67
492
44
-132
253
159
-172
234
-229
-356
-220
86
620
445
606
-273
-585
-13
-114
-170
-4
370
45
183
127
-543
-310
321
207
-453
176
396
-323
-55
224
-195
44
310
-535
-233
413
244
-493
401
521
-376
141
-525
53
-99
689
-81
-118
194
-946
94
79
325
620
-60
-648
-25
119
-556
-36
434
-264
255
125
77
-338
-227
68
-161
203
434
202
-1111
351
476
-493
106
-152
62
-560
252
635
-481
21
-143
176
-430
136
431
-453
112
134
153
-60
128
-186
-271
394
76
-308
189
-65
-400
-166
425
431
-303
-294
495
227
-575
-13
562
237
-185
44
357
-79
-248
-24
-138
418
-114
-442
-104
769
49
-796
620
287
-815
-124
578
-5
-713
477
800
-581
-323
880
-53
-704
-343
112
-221
698
683
-32
491
-325
-487
-836
238
414
-202
392
682
-298
-266
-4
-526
-204
-195
170
385
-397
38
161
-373
185
209
-759
-234
160
-176
-216
77
671
126
-575
-61
-73
-275
367
-108
-421
719
817
17
-340
86
-577
-475
298
949
671
254
111
-486
-1041
-223
191
-154
749
569
340
-305
-295
-807
-377
-535
-120
803
444
314
-8
-193
-1178
198
339
-283
33
547
486
-283
403
-430
-954
107
549
-30
-98
213
-42
-280
-84
254
-200
-199
130
326
-374
-121
954
53
-683
321
378
-308
-251
366
-606
-440
1281
640
-506
-311
319
-372
-308
240
-61
-322
456
696
54
-269
-335
-284
-989
95
1057
-62
-4
646
485
-1042
-631
298
-301
-319
327
598
13
784
-191
-915
-22
-92
-285
-229
310
479
155
11
347
-79
-858
-526
296
258
192
639
433
-454
-30
141
-516
-349
308
-111
-232
844
351
-395
-110
202
-182
-179
217
-273
6
-11
116
483
31
302
-425
-618
-505
461
467
-143
339
-48
100
-183
-205
60
-69
263
307
-84
30
-243
-216
-362
367
216
261
-33
-140
-41
-404
-175
86
157
-88
86
-70
-372
350
229
58
-24
-328
-244
59
612
-89
-397
159
222
-29
67
-175
-50
-166
198
307
-14
-37
-456
-589
70
558
377
5
155
-102
-418
-5
115
-171
-550
239
460
179
45
-93
-87
-816
-229
429
291
1
-80
257
-248
-412
-82
328
-59
-145
86
-193
54
483
-92
298
272
-230
-702
-248
106
239
169
29
631
288
-970
95
61
-907
-156
654
557
130
201
-144
-572
40
158
-51
-39
151
-75
147
233
165
47
-359
-51
147
-116
-204
254
454
-141
-37
135
-331
-265
-32
493
-196
-179
709
-49
-579
102
-28
-372
-2
657
-586
-234
504
-315
-43
565
-44
-220
58
151
-96
-147
124
-138
262
38
291
88
-227
-181
-111
-416
-82
696
232
-238
375
167
-274
56
-791
-577
442
179
258
922
-13
-359
-94
-527
-645
-139
709
344
557
364
1
-384
-959
-181
-142
120
79
317
511
2
112
-477
-684
-149
170
64
-87
476
197
-104
-69
35
-376
-112
-187
-33
84
91
284
308
284
-418
-4
-186
-491
-323
237
481
90
417
41
-144
-283
-772
-88
-23
158
508
477
178
-219
64
122
-192
-547
-175
342
264
179
494
457
-351
-255
-601
-86
-188
300
611
3
156
165
106
-225
-234
-649
-383
44
422
577
579
170
-256
-455
-674
-321
25
204
466
866
99
-317
-346
-626
-491
-209
311
464
455
356
98
-16
-800
-434
-112
-257
224
439
668
650
-274
-723
-214
-282
-345
98
617
266
378
608
-237
-525
-505
-777
-386
646
2
106
854
100
-540
-231
116
-807
-7
529
57
539
862
5
-795
-421
-540
-276
772
175
137
370
-38
-189
-28
-451
-476
14
377
361
146
203
-652
-255
-189
-329
46
524
-88
90
162
-32
-215
-197
-506
-215
-172
497
835
-118
165
-204
-105
-262
391
261
-106
255
5
-180
-59
57
-202
38
-174
-197
295
466
-262
-73
296
-72
46
412
-327
-246
351
146
244
64
-212
-217
28
-113
-233
130
248
-115
194
405
26
-165
44
-452
-143
210
-92
207
557
-196
-363
220
-52
-283
92
79
-96
-206
-21
69
-191
-44
-251
64
105
-154
0
45
-283
-268
526
291
-233
-169
45
-82
-129
95
87
231
159
-158
-144
-39
-65
-228
293
463
-177
-335
-16
121
-208
-226
437
213
-92
-76
324
-143
-709
197
34
-173
212
481
-324
-70
45
-486
216
-39
-209
143
731
229
-622
238
56
-237
299
428
-16
-378
159
292
-221
-145
-104
-38
271
168
29
-279
197
-239
-368
451
311
-384
-66
497
-297
-262
399
-185
-184
150
187
-137
-21
-9
-365
114
-5
-137
299
126
-6
-579
11
180
144
117
284
201
-231
-130
-139
159
-157
268
193
87
22
-313
-84
369
-264
-560
230
420
-310
-198
319
-187
-249
-26
141
-129
-179
52
-311
-82
374
38
-139
41
87
-422
-112
701
-106
-537
369
480
-390
-141
653
-536
-459
510
-118
-14
691
282
-878
-141
314
-615
-90
736
32
-250
570
522
-664
-286
54
-207
-13
548
262
-63
117
-13
-382
-111
463
-447
-396
313
637
82
48
161
-568
-868
108
379
-102
131
476
-109
-317
28
-182
-530
27
375
-61
-25
684
65
-421
-21
10
-525
-360
565
28
-145
597
301
-600
-135
53
-589
-377
836
-8
-316
464
296
-469
-298
353
-274
-285
-15
148
10
608
697
-70
-512
-62
-195
-544
395
385
-65
97
745
-170
-455
252
-75
-806
-125
794
137
-183
408
137
-531
-206
-26
-286
-92
599
37
-205
406
42
-498
-149
488
-146
-609
364
251
-201
325
616
-388
-596
430
16
-384
30
377
-66
7
485
216
-335
-228
-150
-376
43
705
316
-225
93
232
-307
-709
11
49
-132
204
693
84
-509
52
-101
-562
-13
539
-11
-231
463
-129
-395
130
346
-354
-548
438
-124
-418
188
435
-73
-242
105
-196
-562
17
336
-141
-40
226
-78
-260
-121
47
-23
41
-59
134
156
200
22
25
-129
-158
319
121
-77
155
255
-144
-15
310
-56
-319
-324
-28
236
259
-59
-31
36
-302
-130
158
49
-130
512
475
-139
-16
-52
-113
-121
-80
232
405
181
-253
-86
202
21
-43
-187
-193
-76
238
145
38
99
-65
-86
-207
-225
-220
74
123
3
118
192
-78
-314
-351
-371
63
329
106
95
185
-129
-283
-105
88
12
-157
45
160
54
-119
115
58
-229
55
170
7
-255
86
46
-106
74
267
59
-115
-228
-199
143
41
-73
162
254
-30
-117
102
-116
-291
73
212
70
-11
26
236
170
-174
-234
20
-78
-237
67
233
35
97
480
-32
-435
-303
-200
-164
-137
337
493
362
52
-286
-475
-470
-228
180
238
332
510
404
-96
-536
-351
-419
-216
84
537
585
227
96
-130
-297
-391
-295
-243
-288
163
438
403
236
37
-178
-430
-151
-258
-236
386
502
511
414
153
-241
-334
-267
-662
-221
388
441
417
398
121
-281
-411
-455
-228
146
309
288
337
204
-41
-99
-199
-604
-353
254
228
97
121
111
-148
-84
-198
-170
105
46
-306
-123
333
-20
0
385
293
-145
-463
-77
-198
-231
99
420
513
127
-77
-231
-395
-402
111
416
212
49
7
13
-56
-390
-399
-81
118
-83
197
370
-75
-269
-100
73
-294
-194
79
229
20
-91
212
362
-53
-478
-80
314
105
-133
76
300
-124
-177
243
231
-237
-416
230
571
50
-195
-21
133
-304
-365
244
322
131
-130
40
91
-253
-310
-173
-13
77
-86
40
217
115
-249
-167
219
162
-102
-213
144
237
318
213
-58
-281
-187
-59
-238
-60
144
76
187
366
56
-463
-494
-28
273
250
48
58
93
37
-110
-171
46
-6
24
34
155
167
-88
-201
-173
-96
-61
142
163
-187
-78
379
-22
-217
63
127
-184
-117
248
54
-39
-64
-108
198
213
-119
-313
-156
-18
7
266
387
205
-93
-371
-220
-58
88
157
57
-7
166
192
-152
-497
-380
92
181
189
71
209
94
-301
-63
301
106
-90
-194
-187
-149
160
264
91
243
-32
-274
-375
-106
-22
-4
297
409
350
-155
-463
-373
-216
96
336
280
235
117
-228
-518
-280
-152
-22
363
371
54
-107
-170
-250
-255
-4
173
137
238
-40
-221
-172
19
167
140
149
-128
-147
-80
-21
64
3
88
238
230
-56
-296
-297
-273
-22
318
259
132
-25
-261
-151
89
9
-108
21
130
162
167
-37
-223
122
226
-78
-43
-48
-175
-110
229
338
79
120
-59
-307
-93
134
-9
-197
179
409
181
38
-39
-332
-316
-62
154
185
278
348
61
-139
-192
-224
-287
-72
247
271
303
222
-155
-233
-112
-214
-391
-25
368
359
173
26
-249
-459
-273
-99
112
263
250
93
-73
-232
-359
-294
-39
84
207
289
-15
-228
-256
-34
155
22
-62
5
195
125
-27
-70
-162
-87
44
67
96
87
9
-110
-119
33
105
63
-236
-284
119
250
132
9
-61
-305
-331
87
189
-44
-118
-24
16
133
194
-40
-228
-253
-87
71
34
-37
-88
118
329
288
22
-220
-294
-350
-137
261
520
392
80
-44
2
-24
-185
-250
-54
165
343
619
447
-73
-392
-373
-386
-116
250
169
15
140
300
20
-104
-163
-332
-248
198
393
152
43
-31
-172
-167
-87
-150
-145
-90
10
314
488
242
-279
-466
-211
96
248
131
37
-38
-56
124
199
-21
-227
-157
34
202
240
67
-236
-265
1
97
13
-49
-162
-294
-81
243
178
-65
-132
-95
-74
-37
-6
-127
-147
-97
144
319
141
-206
-406
-346
-55
265
421
296
-37
-191
-217
-56
53
105
-27
-90
197
354
234
-21
-237
-400
-326
-31
146
228
180
84
121
178
67
-250
-419
-317
43
506
609
368
-61
-366
-373
-165
83
136
166
226
163
-21
-174
-214
-319
-309
22
376
380
228
-17
-338
-420
-297
-163
-2
179
229
160
199
87
-269
-468
-361
-58
209
503
674
416
-16
-296
-339
-303
-181
191
445
442
287
91
-125
-245
-218
-215
7
362
414
113
-46
-31
-247
-344
-256
-162
48
257
165
-38
-76
-141
-253
-240
-129
-39
27
132
205
153
28
-97
-293
-523
-248
216
319
205
71
-71
-274
-260
-202
-189
41
274
246
147
158
107
-99
-220
-204
-125
27
325
436
215
-40
-209
-288
-303
-146
106
254
311
265
99
-113
-252
-329
-348
-169
156
409
517
406
79
-297
-477
-427
-260
71
386
508
380
29
-251
-364
-375
-314
-65
306
438
350
168
-71
-294
-331
-143
86
177
223
270
258
119
-50
-125
-130
-54
-19
-31
-74
-96
33
242
315
124
-136
-300
-189
196
372
309
208
-67
-414
-447
-215
-139
-119
23
32
-18
31
22
-176
-306
-315
-315
-162
99
207
191
208
181
-11
-184
-197
-155
-49
219
488
517
339
72
-146
-234
-176
-29
121
236
239
170
69
-84
-254
-349
-311
-215
-65
74
196
238
146
-33
-282
-461
-486
-393
-188
132
382
383
167
-85
-288
-364
-258
-59
140
240
343
401
274
93
-55
-171
-239
-189
-77
49
271
391
314
147
-50
-339
-526
-415
-181
75
356
505
426
189
-59
-231
-292
-268
-100
175
344
389
337
89
-188
-212
-183
-208
-93
122
238
323
396
236
-31
-208
-323
-357
-239
-22
140
225
263
154
-47
-199
-288
-330
-248
-67
52
73
102
92
-7
-34
-48
-124
-198
-158
-70
-20
93
233
270
163
17
-80
-202
-263
-156
43
203
271
270
137
-59
-153
-149
-43
94
174
152
84
-4
-128
-120
9
91
53
2
-42
-121
-193
-157
-59
82
210
235
136
4
-102
-188
-128
44
140
142
121
16
-126
-180
-111
-12
99
189
159
61
-54
-168
-181
-67
53
158
180
58
-92
-184
-230
-175
32
224
271
196
16
-182
-289
-281
-148
76
280
370
291
83
-157
-314
-366
-247
10
213
269
207
45
-166
-321
-339
-217
-37
125
187
141
0
-169
-260
-214
-52
133
241
227
128
-28
-169
-207
-103
37
152
251
237
128
-12
-147
-260
-268
-143
-9
123
219
200
52
-109
-223
-280
-221
-39
150
262
261
169
2
-142
-176
-134
-22
105
207
223
180
58
-99
-200
-205
-118
21
142
190
148
-5
-159
-250
-263
-155
58
272
374
305
99
-120
-253
-273
-178
-8
152
267
271
169
26
-99
-159
-145
-68
25
115
185
184
97
-33
-167
-279
-309
-230
-72
119
296
338
228
29
-186
-302
-289
-165
30
235
343
290
146
-39
-188
-262
-224
-84
85
203
209
145
16
-159
-276
-267
-173
-52
72
167
171
105
27
-45
-122
-177
-143
-52
33
111
155
122
34
-53
-117
-136
-98
-26
93
234
272
171
5
-147
-234
-227
-141
-6
102
163
150
62
-53
-158
-217
-201
-96
33
107
137
139
108
46
-28
-87
-114
-78
22
139
211
202
151
98
38
-29
-70
-61
-34
-4
56
117
149
121
55
-9
-84
-163
-196
-158
-73
47
142
174
148
46
-70
-146
-168
-137
-64
62
162
193
177
117
39
-39
-72
-76
-73
-53
-8
65
113
113
80
33
-17
-76
-109
-94
-59
-21
30
69
65
16
-89
-157
-168
-150
-114
-73
-10
51
94
75
11
-44
-73
-90
-90
-53
-49
-72
-30
38
79
88
83
30
-51
-97
-111
-85
-68
-45
-8
22
50
61
47
11
-11
-40
-61
-30
18
60
105
138
124
67
15
-38
-84
-70
-30
-1
10
26
51
34
3
-34
-33
5
23
14
17
28
14
-2
3
11
2
-1
-7
-9
-14
-33
-39
-17
19
32
5
-46
-67
-52
-50
-37
-10
7
9
-1
6
27
48
44
27
11
-3
-11
-28
-21
5
17
34
48
50
30
23
26
17
11
3
-12
-13
7
9
-12
-36
-47
-46
-23
15
20
0
-19
-32
-29
-16
-28
-54
-54
-18
12
21
16
15
16
-10
-52
-53
-41
-28
4
44
69
56
27
-9
-32
-18
-1
20
48
60
46
22
7
2
-7
4
39
67
63
30
-10
-44
-46
-36
-20
20
39
22
-4
-22
-33
-30
-6
10
20
19
11
7
20
40
62
60
47
23
1
0
12
37
53
51
43
24
-7
-23
-22
-14
-5
7
5
-20
-38
-30
-22
-15
-9
-5
0
6
-1
-17
-21
-28
-31
-20
-7
-6
-3
1
-1
-6
-20
-45
-61
-46
-17
12
24
19
5
-15
-23
-16
-9
-3
0
1
8
13
4
-10
-16
-7
12
17
3
-12
-22
-28
-22
-8
9
15
12
21
30
27
13
-5
-14
-14
2
28
48
55
42
12
-21
-39
-47
-39
-26
-2
5
-2
-10
-17
-21
-30
-13
8
26
45
52
38
19
6
3
12
23
34
26
23
34
29
5
-14
-24
-17
21
54
55
38
15
-7
-16
-21
-21
-11
6
15
21
1
-26
-48
-65
-60
-42
-27
-33
-34
-38
-47
-49
-64
-66
-62
-53
-49
-49
-34
-30
-16
3
15
16
30
52
37
19
-6
-33
-38
-22
9
21
24
26
17
8
0
-11
-15
0
18
27
28
13
-10
-22
-23
-13
4
15
19
23
26
14
0
-11
-9
2
25
49
53
46
31
15
-6
-18
-16
-7
8
29
51
49
22
-10
-28
-23
0
20
35
48
48
47
21
-5
-15
-16
-2
10
26
25
25
31
28
8
-18
-27
-15
-7
4
14
1
-17
-26
-29
-41
-36
-28
-12
14
20
3
-24
-45
-46
-28
-6
8
23
31
30
20
4
-17
-33
-27
-11
13
20
18
19
16
16
-3
-19
-29
-21
-2
12
14
3
-5
-7
-3
5
9
15
17
18
11
0
-7
-17
-9
5
9
1
-10
-15
-17
-16
-20
-25
-27
-23
-14
2
13
11
1
-4
-11
-23
-31
-32
-23
-11
-9
-14
-19
-25
-31
-40
-41
-43
-38
-26
-22
-18
-13
-9
-13
-15
-11
-5
5
14
20
29
27
24
25
30
31
33
37
36
27
18
13
17
17
21
26
28
29
19
12
6
8
12
23
30
20
10
7
8
18
37
45
40
36
38
36
32
36
37
35
33
31
21
16
10
-3
-10
-15
-19
-22
-31
-41
-55
-60
-59
-53
-42
-39
-38
-34
-23
-22
-27
-33
-27
-12
-4
-1
-4
-14
-21
-28
-29
-25
-23
-26
-21
-22
-29
-45
-48
-35
-17
-10
-11
-19
-35
-38
-37
-27
-17
-4
3
4
1
-8
1
17
34
41
38
41
44
45
41
36
35
41
46
50
52
50
47
45
44
40
33
31
34
30
30
28
21
10
4
-2
-4
-7
-5
6
6
9
4
10
13
10
5
-8
-11
-15
-26
-27
-32
-38
-37
-40
-40
-45
-48
-44
-24
-4
2
0
-3
-3
0
7
8
8
11
11
18
18
17
14
10
11
12
24
23
18
19
17
15
11
0
-7
-7
-10
-5
-6
1
3
-5
-12
-18
-26
-28
-21
-5
6
8
1
-6
-11
-19
-28
-27
-26
-26
-17
-13
-16
-11
-12
-18
-27
-35
-47
-48
-33
-16
-1
1
9
3
-6
-11
-4
5
9
11
15
21
22
16
13
13
16
28
32
26
15
13
15
26
31
26
18
9
6
8
5
1
-3
0
8
16
15
11
9
8
9
12
8
1
-3
-7
-2
-4
-9
-15
-22
-21
-15
-11
-13
-11
-8
-2
7
9
9
3
-5
-11
-8
-8
-10
-9
-6
5
7
1
-5
1
7
9
6
-1
1
5
9
5
2
-4
-7
-3
3
5
0
5
13
15
13
11
7
5
10
7
5
-3
-10
-11
-6
-4
-13
-21
-22
-25
-26
-23
-22
-25
-28
-25
-22
-25
-28
-31
-25
-12
3
8
10
10
12
17
19
14
1
-4
-5
-2
-2
-4
-6
-3
-4
-7
-4
-2
-2
3
9
15
16
15
16
21
20
13
6
2
11
12
13
15
10
12
16
18
19
22
28
29
21
13
-1
-15
-18
-15
-2
1
2
2
-2
-2
-11
-17
-18
-17
-14
-9
-8
-5
-13
-21
-22
-20
-14
-12
-11
-4
-1
-1
-4
-8
-10
-12
-10
-9
-6
-1
4
3
10
14
12
14
17
24
24
28
28
25
19
19
14
11
11
8
6
-2
-11
-11
-7
-3
4
11
16
16
18
10
4
-5
-12
-14
-14
-12
-9
-5
-7
-10
-8
-7
-2
0
4
9
10
18
18
18
16
12
13
16
18
23
19
19
19
19
10
-2
0
2
6
8
11
9
6
2
-11
-25
-37
-51
-49
-46
-45
-40
-36
-41
-47
-46
-43
-43
-33
-17
-8
1
5
4
-4
-6
-4
5
15
21
26
19
13
6
0
-1
2
9
18
25
23
22
7
-3
-16
-17
-11
-2
6
-1
-12
-24
-22
-14
-4
8
26
35
38
38
32
29
25
25
31
36
34
25
15
10
-2
-9
-13
-15
-21
-19
-18
-22
-25
-23
-16
-16
-14
-6
-6
-7
-8
-10
-17
-24
-23
-26
-23
-19
-11
4
8
15
14
15
19
26
32
33
37
38
31
27
24
16
11
6
4
-1
-4
-12
-15
-17
-17
-14
-13
-12
-7
-6
3
14
21
24
18
15
6
-1
-4
-9
-16
-8
-3
-1
-5
-16
-21
-32
-29
-21
-21
-15
-18
-20
-24
-33
-39
-38
-37
-29
-26
-22
-25
-36
-41
-40
-28
-18
-8
2
12
12
5
-2
0
7
11
17
18
13
9
2
-2
0
5
17
30
38
42
35
27
23
16
16
14
19
22
16
18
14
8
0
4
5
4
9
20
23
21
17
11
4
-1
-2
-4
-7
0
1
-3
1
-2
-2
0
11
20
21
27
29
22
11
10
9
-1
-5
-8
-11
-12
-13
-12
-15
-14
-12
-1
2
13
18
12
12
9
6
1
2
5
15
19
23
20
20
20
21
25
22
20
18
21
22
15
9
8
0
-3
-5
-7
-17
-21
-22
-23
-21
-23
-19
-15
-11
-9
-10
-8
-7
-9
-5
-4
-4
-11
-14
-19
-17
-20
-25
-23
-23
-18
-12
-10
-5
-5
-5
-12
-18
-19
-27
-23
-18
-19
-24
-25
-27
-30
-28
-27
-24
-24
-20
-15
-13
-9
-5
-5
-1
-1
-8
-10
-16
-21
-23
-21
-12
-8
-5
-6
-5
-5
3
13
16
19
21
14
8
3
1
0
2
9
10
17
15
14
20
26
23
23
25
27
23
24
20
15
6
-3
2
2
-2
-5
-8
-9
-13
-12
-3
-4
-4
-1
6
5
9
10
4
4
8
6
7
8
12
16
18
21
20
22
20
21
21
23
21
14
16
15
14
15
12
12
7
6
2
-4
-8
-7
-11
-14
-9
-7
-5
-8
-6
-5
-5
0
-1
1
2
0
-7
-8
-4
-1
-1
-3
-2
-3
0
0
-2
-5
-7
-5
0
9
17
19
13
14
11
6
5
6
3
7
12
14
18
15
12
12
10
8
5
4
0
-2
-1
-4
-9
-14
-13
-15
-17
-21
-22
-21
-26
-32
-31
-27
-28
-27
-25
-24
-22
-13
-9
-5
-5
-1
-2
-3
-2
3
4
2
6
2
2
1
0
2
-1
-3
-1
1
-2
-1
-4
-5
0
-1
3
6
8
7
8
5
0
-2
-2
-2
3
6
11
13
14
13
13
12
6
7
8
0
1
-7
-16
-15
-18
-12
-8
-7
-7
-5
-4
-5
-1
-3
1
1
-2
1
3
1
-1
-3
-3
-4
-2
1
1
2
2
4
0
0
-3
-5
-6
-9
-8
-13
-16
-14
-15
-15
-19
-16
-15
-11
-5
-2
3
7
12
11
13
12
10
11
15
17
14
11
11
9
10
12
10
10
13
9
12
11
5
4
0
-4
0
-1
-2
-5
-9
-16
-20
-21
-19
-20
-20
-14
-13
-7
-3
2
3
4
9
10
21
25
23
26
23
22
22
22
24
25
23
21
22
19
18
17
14
18
20
14
15
16
15
19
17
17
19
20
18
10
12
12
7
5
10
13
15
15
15
16
19
16
14
8
1
-9
-16
-18
-20
-27
-33
-30
-27
-32
-33
-40
-42
-39
-36
-32
-31
-24
-29
-26
-25
-31
-33
-35
-36
-35
-35
-27
-29
-28
-26
-24
-19
-15
-13
-8
-3
-4
1
3
5
2
6
10
11
14
13
10
8
12
11
9
15
12
7
4
-3
-7
-10
-13
-14
-15
-15
-14
-19
-20
-20
-23
-24
-23
-21
-18
-13
-11
-9
-5
2
6
9
11
12
13
15
19
19
19
17
18
21
22
23
25
25
21
18
18
16
18
16
15
12
13
8
-1
-3
-11
-14
-12
-18
-18
-19
-19
-18
-15
-10
-10
-4
1
4
6
9
11
18
25
27
25
25
24
29
34
37
41
43
43
42
43
44
42
42
43
42
38
34
27
18
14
9
4
4
-1
-6
-9
-10
-14
-21
-27
-29
-24
-22
-22
-21
-18
-19
-16
-20
-16
-11
-7
-7
-2
-4
-13
-14
-13
-16
-20
-21
-25
-21
-19
-18
-16
-10
-14
-11
-6
-3
2
-3
1
2
2
3
2
2
1
2
2
-4
-3
-4
-11
-10
-8
-10
-7
-10
-15
-16
-21
-21
-23
-26
-31
-30
-35
-34
-32
-29
-21
-16
-4
-1
3
8
10
15
17
20
23
29
29
28
31
29
30
28
23
23
24
23
17
13
11
4
4
-3
-5
-4
-4
-6
-8
-5
-8
-5
-3
1
6
6
4
-2
-4
-9
-18
-18
-18
-14
-13
-10
-7
-12
-17
-17
-15
-14
-11
-14
-11
-5
-2
0
5
5
6
0
-2
2
-5
-5
-10
-16
-16
-16
-16
-15
-18
-20
-22
-19
-15
-16
-8
1
5
8
10
11
15
12
14
11
10
12
10
14
14
13
14
14
16
20
18
14
17
13
15
15
12
13
10
9
8
7
6
7
5
9
11
12
15
13
16
11
9
12
5
2
-4
-11
-17
-15
-10
-3
3
2
7
7
5
6
8
12
16
19
17
20
16
11
6
9
11
10
18
18
21
20
23
22
21
17
15
11
6
4
-8
-14
-18
-15
-20
-20
-18
-17
-21
-27
-30
-32
-31
-25
-21
-16
-12
-14
-14
-20
-24
-25
-31
-25
-16
-11
-7
-5
2
5
6
6
5
6
1
-1
-3
-7
-7
-2
5
10
11
17
20
19
16
12
13
8
-2
-10
-18
-17
-14
-17
-20
-22
-22
-25
-28
-27
-27
-21
-8
-6
-3
1
1
-6
0
3
2
6
12
12
19
21
20
22
22
27
27
28
29
23
18
15
9
3
4
0
2
0
5
10
6
0
-5
-3
-6
-9
-3
1
-2
-7
-6
-11
-15
-16
-15
-7
-4
-11
-17
-17
-19
-23
-22
-18
-12
-10
-11
-8
-6
-6
-6
1
2
3
7
4
10
9
5
3
4
12
17
18
16
14
13
5
-8
-11
-12
-10
-12
-10
-1
-2
-8
-8
-11
-10
-14
-13
-7
-10
-11
-10
-7
0
3
9
13
15
9
10
12
10
12
12
13
14
11
4
-3
-4
-7
-10
-6
3
4
9
12
10
10
19
21
18
25
23
19
15
11
6
3
5
6
12
15
11
4
-1
-4
-4
-10
-15
-11
-14
-17
-20
-15
-14
-12
-7
1
5
10
12
16
22
17
15
23
25
25
23
22
19
12
16
22
29
28
28
30
27
19
16
14
15
16
15
13
1
-7
-14
-24
-24
-23
-17
-17
-12
-12
-14
-24
-23
-24
-30
-23
-23
-28
-34
-35
-30
-29
-27
-23
-21
-18
-15
-12
-13
-12
-18
-21
-21
-19
-22
-34
-30
-35
-43
-45
-48
-48
-48
-50
-52
-52
-49
-45
-34
-25
-20
-21
-22
-11
-8
-11
-5
1
9
20
27
25
21
21
23
25
29
32
33
33
32
34
35
35
35
30
31
35
36
34
30
29
30
34
33
35
34
29
30
30
29
30
24
24
27
25
26
23
17
15
13
13
11
8
6
-4
-11
-10
-18
-23
-21
-19
-21
-23
-23
-19
-15
-16
-12
-10
-7
1
2
2
7
11
14
16
18
25
23
22
27
27
26
25
20
19
18
12
11
14
18
21
12
11
11
7
-3
-13
-14
-13
-17
-19
-20
-25
-30
-29
-29
-25
-24
-23
-21
-23
-13
-13
-13
-9
-1
5
1
-1
-1
-6
-11
-8
-6
-2
-4
-9
-12
-14
-18
-25
-23
-22
-24
-26
-26
-29
-33
-34
-31
-23
-23
-22
-17
-12
-5
-5
-7
-1
11
14
19
18
22
25
23
19
17
20
17
12
11
15
8
-2
1
7
8
10
10
8
8
7
6
7
8
10
5
-1
1
-1
-11
-13
-19
-18
-18
-17
-16
-16
-10
-12
-16
-20
-15
-16
-7
4
8
5
1
-1
2
3
3
4
-1
-4
-4
0
-2
3
4
2
-4
-6
-8
-16
-20
-15
-4
5
6
7
5
2
1
3
13
16
18
25
32
29
28
24
24
28
34
31
24
20
16
8
6
5
-3
-4
-3
1
-7
-11
-6
-9
-2
0
2
3
-4
-6
-15
-16
-10
-7
0
12
14
12
4
-7
-8
-13
-12
-13
-11
-7
-5
-1
-6
-13
-18
-22
-17
-13
-14
-12
-15
-13
-14
-16
-21
-25
-19
-11
-7
-4
1
3
8
15
21
29
30
35
33
29
20
10
0
-3
-1
-1
-4
-4
-14
-28
-30
-24
-21
-19
-12
-5
-2
-5
-10
-16
-15
-12
-8
3
1
-5
-4
-8
-10
-5
-1
2
5
12
17
23
