SAMPLES:	15991
BITSPERSAMPLE:	16
CHANNELS:	1
SAMPLERATE:	16000
NORMALIZED:	FALSE
1
3
2
2
3
7
6
3
5
3
0
-1
-1
1
0
0
4
4
6
8
9
9
13
15
10
12
6
5
6
1
3
1
2
1
1
3
2
3
1
2
3
5
4
1
-1
-2
-4
-3
-2
-7
-5
-3
-4
-1
1
4
4
10
10
12
15
14
13
17
16
13
15
19
21
17
18
16
14
13
8
5
2
-1
-5
-5
-8
-11
-9
-10
-9
-7
-8
-6
-4
-6
-4
-4
0
0
-1
-3
-5
-6
-6
-3
-7
-7
-9
-7
-5
-1
-2
-2
-4
-5
-4
-1
-5
-4
-3
-6
-6
-5
-7
-7
-7
-12
-13
-9
-10
-12
-8
-7
-9
-5
-4
-7
-6
-7
-7
-4
-3
-1
-1
-6
-10
-13
-14
-11
-13
-11
-11
-9
-8
-6
-3
-5
0
-1
-4
-5
-4
-5
-4
-2
-3
-4
-3
-1
0
3
3
4
6
7
8
6
7
8
8
8
11
8
8
11
8
8
8
8
5
2
1
1
-2
-4
-7
-9
-12
-15
-16
-13
-13
-9
-7
-5
-2
0
3
6
11
13
12
17
14
12
10
10
8
5
6
6
4
4
3
1
6
6
7
6
5
6
7
2
-1
2
1
1
2
-1
0
-1
2
5
5
6
1
2
5
0
1
2
0
1
3
-1
1
3
1
-1
-1
-5
-9
-6
-8
-11
-12
-11
-11
-6
-4
1
1
5
6
6
4
5
5
3
6
5
4
1
6
7
5
4
2
1
-1
-1
-1
-3
-7
-5
-5
-1
0
1
3
2
3
4
3
3
0
-3
1
-3
-7
-7
-13
-14
-17
-13
-13
-11
-9
-1
3
10
13
14
15
16
21
21
19
15
10
5
4
0
1
-4
-8
-10
-8
-8
-9
-10
-7
-1
-1
2
0
2
2
3
1
-2
-4
-3
-3
-5
-3
-1
-2
0
6
3
5
2
3
2
1
4
5
5
5
5
6
4
3
1
-1
-3
-3
-5
-6
-6
-7
-6
-5
-4
-5
-4
-6
-7
-5
-9
-10
-10
-9
-9
-7
-7
-4
-1
0
3
4
3
6
3
2
1
1
-3
-3
1
6
4
2
3
6
10
6
10
9
10
13
14
16
14
12
7
4
5
0
0
-1
-1
0
-2
-3
-2
-3
-3
-1
1
-1
-1
1
-2
0
-1
-2
-5
-7
-6
-11
-12
-8
-10
-11
-9
-4
-5
-1
0
-1
4
6
5
5
4
3
4
6
2
2
4
3
1
-2
-3
-3
-3
0
0
1
2
3
3
5
2
2
-1
-2
-5
-8
-12
-11
-15
-21
-17
-18
-14
-17
-10
-8
-8
-6
-6
-5
-5
-4
-5
-9
-7
-6
-8
-6
-7
-7
0
2
5
7
7
8
9
8
9
11
9
5
8
6
3
2
-1
-4
-4
-3
-5
-2
-3
0
5
8
10
14
13
16
14
9
9
8
7
5
7
5
0
-2
-3
-1
0
2
2
8
5
9
11
7
10
4
7
4
-1
-2
-8
-5
-12
-11
-9
-13
-10
-7
0
-2
0
3
2
7
8
5
5
2
-1
-4
-6
-4
-4
-4
-5
-7
-5
-2
-2
1
2
9
11
15
17
15
12
13
10
6
4
-1
-3
-4
-10
-14
-14
-20
-15
-11
-6
1
5
8
9
9
12
12
6
2
1
-2
-4
-9
-9
-12
-14
-13
-13
-11
-10
-9
-6
-7
-1
5
3
6
9
9
2
1
-2
-3
-4
-3
-4
-2
-2
0
0
7
11
12
14
13
15
13
14
11
8
3
-1
-4
-7
-7
-12
-11
-9
-9
-2
-3
0
-2
1
5
4
8
8
6
4
1
2
-4
-6
-9
-8
-9
-10
-9
-8
-4
-3
1
5
5
3
4
6
6
9
11
8
4
7
5
0
-1
-1
-3
0
4
2
3
3
3
2
5
2
2
1
-2
-5
-7
-8
-11
-11
-12
-11
-12
-11
-9
-11
-12
-12
-9
-9
-8
-8
-10
-4
-4
-5
-4
-3
-2
-2
-2
-1
1
4
4
1
1
3
6
3
5
3
2
6
1
3
3
2
4
3
3
1
1
5
5
7
8
7
4
5
8
5
6
7
8
7
9
7
10
9
7
10
8
8
5
2
3
0
3
-1
-5
-6
-11
-8
-5
-7
-5
-3
-1
0
5
2
3
3
1
1
-1
-5
-6
-6
-7
-4
-4
-3
-2
-1
2
4
6
6
6
8
6
6
7
5
2
-3
-5
-7
-9
-11
-14
-10
-9
-6
-4
1
3
7
7
6
6
5
0
1
1
-4
-7
-11
-13
-12
-9
-11
-13
-10
-10
-7
-8
-6
-1
-3
-3
1
4
4
1
-3
-1
-7
-7
-6
-7
-7
-8
-6
-5
-4
0
0
7
10
7
11
10
10
10
9
8
4
6
4
5
4
4
7
6
4
5
7
7
7
5
6
8
9
9
8
5
3
3
2
4
1
-4
-4
-3
-1
-1
2
5
1
3
7
5
3
3
6
5
0
0
-2
-4
-6
-11
-10
-9
-6
-10
-8
-7
-8
-4
-4
-4
-2
-5
-3
-2
-3
0
-2
-2
0
-2
-1
0
1
2
4
1
0
4
2
4
3
1
5
3
1
-2
-2
-1
-2
-4
0
-2
-1
3
4
4
4
8
5
3
4
3
3
1
-1
-1
-1
0
1
2
0
2
1
-1
-4
-2
-3
1
1
-4
-2
-4
-3
-5
-3
-3
-3
-5
-3
-3
-3
-7
-7
-4
-6
-4
-1
0
-1
1
1
3
6
6
5
0
4
4
3
6
5
6
3
2
2
3
3
1
-1
-1
0
0
0
-5
-4
-8
-5
-5
-3
-4
-3
-2
-1
-3
-3
-3
-3
-1
-5
-3
-2
-2
0
-6
-2
-4
-5
-2
-3
-3
-4
-2
-5
-2
-3
-4
-2
2
2
-2
0
1
-1
-1
2
4
2
3
4
2
4
6
5
7
4
5
4
3
1
4
3
4
1
0
1
-1
-1
-2
-2
-2
0
0
-2
-2
-1
0
-1
-2
-2
-2
1
-4
0
-2
-5
-4
-6
-6
-6
-4
0
2
1
0
3
4
3
1
4
6
3
1
3
0
2
1
0
-1
-2
1
0
2
6
6
2
7
8
7
6
3
4
2
2
-2
0
0
-1
-2
-3
-2
-4
-1
-4
-3
-2
-3
-4
0
1
-1
1
1
-2
0
0
0
0
-1
-3
0
-1
0
0
0
0
-4
-1
0
1
0
-1
3
5
3
2
1
2
1
0
6
4
4
4
6
7
7
7
3
4
5
4
2
5
5
6
4
1
3
3
2
3
2
4
8
6
7
7
7
6
4
5
3
3
0
1
0
0
-1
-2
-1
-5
-1
-2
-1
-1
-3
-1
-4
0
-2
-1
-4
-3
-6
-6
-5
-4
-1
-3
-2
-2
-3
-3
-5
-7
-5
-7
-4
-5
-9
-6
-9
-7
-6
-8
-4
-4
-5
-2
-3
-3
-3
-1
-6
-2
-2
-6
-7
-4
-3
-6
-6
-8
-7
-6
-8
-9
-4
-3
-3
-1
-5
-3
-2
-4
-4
-2
-6
-9
-8
-8
-9
-8
-8
-5
-4
-5
-5
-2
4
5
4
5
4
7
6
4
1
-1
0
1
-2
-3
0
-3
1
-2
0
3
1
3
4
6
5
4
3
4
4
1
2
1
2
2
-2
0
-1
1
4
4
4
2
0
5
6
3
6
7
9
7
9
7
4
7
4
8
6
3
3
4
3
5
4
4
4
4
3
4
5
1
4
3
2
6
5
5
5
10
6
4
7
7
5
4
4
2
-1
-2
-2
-1
-3
-2
1
-1
-3
-5
-4
1
-3
-2
0
-2
1
2
3
1
2
0
1
1
-2
4
1
0
3
2
1
-2
0
2
2
2
2
0
2
3
1
-1
0
-1
-2
-1
-2
-2
-3
-2
0
0
-2
-4
-1
3
2
1
1
4
2
1
-1
-1
-4
-6
-6
-3
-6
-8
-5
-5
-3
0
0
-6
-2
-1
-2
-5
-1
-2
-3
3
-4
-5
-2
-4
-4
-3
-2
-2
-1
-3
-2
-2
-3
-4
0
-1
-2
1
1
1
0
-2
-2
-4
-5
-3
-6
-6
-5
-3
-4
0
0
-4
-1
-3
-3
0
-4
0
-1
-2
-1
-2
0
-2
0
0
1
0
-1
1
0
-1
2
-2
1
0
0
0
2
-1
-1
-1
-3
3
-2
0
-1
1
1
-1
2
2
0
2
4
3
3
2
3
3
3
2
-1
1
2
-1
-3
-1
3
-1
-1
4
1
0
4
3
0
1
0
0
1
0
-1
3
0
0
0
-2
-1
1
0
3
1
0
0
-1
0
-3
0
1
2
2
2
3
1
2
4
0
-1
3
1
0
2
3
3
3
3
1
1
-2
0
5
1
1
1
-2
-1
1
-1
0
-3
-2
-1
-2
1
-2
0
1
0
-1
2
1
0
0
0
1
0
2
1
2
5
2
1
4
2
2
-1
1
0
3
1
-2
-2
1
2
0
1
0
0
-1
-2
-3
-2
-1
-2
0
-1
1
-2
-1
-1
1
1
1
3
1
5
0
0
0
-3
-1
1
0
-3
-2
-2
0
-1
0
-1
-2
0
-1
-2
0
1
0
-5
-4
-3
-4
-1
-5
-3
-5
-3
0
-8
-3
-3
-1
-1
0
-1
-1
2
0
4
1
-2
-1
3
0
1
0
1
-1
-2
2
-2
1
2
3
-1
-2
4
1
1
2
0
0
-1
-1
-5
0
1
0
1
1
1
0
5
3
2
2
0
2
0
3
0
3
3
1
2
2
2
2
2
2
2
4
1
-3
-1
0
-1
-1
1
0
1
5
3
6
6
5
4
2
1
4
3
-1
0
-4
-3
-3
-3
-2
-5
-5
-7
-1
0
-3
0
-3
-2
-1
-2
-2
-1
0
-1
-2
-2
1
-2
-2
3
2
1
-4
-1
-1
-2
-3
-3
-2
-2
-2
1
-2
-3
1
0
2
1
0
0
-1
-1
0
2
0
-2
-2
-2
-1
-2
-3
-2
-4
-3
-5
-2
1
-1
-1
1
-1
0
2
2
3
5
3
2
4
1
2
4
1
-2
-3
-2
2
2
1
2
3
1
0
2
-1
1
1
0
-1
-3
-1
0
0
-2
0
1
3
2
4
3
1
0
-1
-2
-2
1
1
-1
-1
-2
1
-2
-1
-1
-2
-4
-5
-5
-3
-4
-4
-1
-3
1
1
2
2
2
1
1
2
5
4
2
2
1
-1
0
-3
-2
0
-6
-4
-4
-3
1
1
0
-1
1
1
4
0
3
6
3
4
1
3
0
1
0
-2
-3
-1
-5
-3
-5
-5
-5
-1
-3
-3
2
-1
2
0
1
1
3
1
1
-1
2
0
-1
1
1
0
-3
0
-1
0
2
1
1
-2
-1
2
1
3
4
4
2
3
4
3
5
5
6
5
6
3
2
2
1
2
3
-1
-1
-4
-1
-2
-1
-1
-3
1
-1
1
-2
-3
-4
-3
1
1
-2
-2
-1
-1
0
1
0
-1
0
-2
1
4
3
1
1
1
-1
2
2
1
3
1
0
0
-2
-1
-1
-2
-3
-4
1
-1
1
4
1
5
5
6
4
2
1
0
1
2
2
-3
-1
-4
-3
-3
-4
1
-2
-4
0
0
-2
-1
0
-1
0
1
0
-3
-2
-3
-4
-4
-6
-5
-4
-3
-2
-5
-3
4
0
-2
1
-1
0
1
2
3
4
5
3
3
-1
-1
-1
0
1
-1
-1
1
2
0
-1
1
2
-2
-1
3
2
-1
-3
-1
-4
1
1
1
3
5
5
6
5
4
4
5
1
2
1
-1
-1
-3
-4
-3
-3
-4
-3
-4
0
-2
-5
-3
-2
1
4
4
2
3
-1
-2
0
-1
-1
-2
-2
-1
0
1
-1
3
3
1
2
2
-1
0
3
1
2
-2
-1
1
-1
1
-1
-1
-3
-4
-4
0
-3
-1
-2
-1
-2
2
3
-1
2
0
1
2
2
3
1
2
0
2
4
-1
-2
0
2
1
0
0
-2
-1
-2
-2
0
-1
-4
-1
-2
-1
1
-3
0
3
1
1
0
0
3
4
1
5
5
1
2
5
2
2
3
3
4
1
3
2
-1
-1
-1
-4
-3
-2
-3
-1
-1
3
2
1
1
2
2
-2
-1
-1
1
-1
-2
0
-4
-2
0
-2
-3
-1
-1
-1
-2
-2
-2
-2
-5
-2
-1
-2
-1
-4
-1
3
4
3
2
2
2
5
3
2
3
1
3
0
0
-4
0
-3
-4
0
-2
2
1
-1
2
3
-1
1
1
-1
-1
1
-4
-4
-1
-3
-1
-3
-1
-2
-7
-6
-4
-2
-2
1
0
4
3
2
2
4
5
4
3
-3
-1
1
2
4
2
7
4
2
5
1
1
1
-1
-2
-2
1
-2
-1
2
-2
-5
-2
-1
-2
-2
-1
1
-1
0
0
1
-2
-1
-5
-5
-2
-6
-5
-7
-7
-6
-2
-2
-3
-1
-3
-2
1
0
0
0
-2
-2
-4
-1
0
0
2
4
2
1
5
5
6
5
1
2
1
1
1
1
1
-2
-2
-4
-3
1
-3
0
-1
-3
-3
-3
-2
-1
-2
-1
-1
-2
2
5
5
3
-1
2
2
-1
1
2
0
2
4
2
3
6
4
1
2
3
2
1
2
-1
0
0
-1
0
-2
-2
-3
-1
-2
-2
-1
-2
-3
-1
2
3
2
-1
-3
-1
-3
-1
0
1
0
-1
-2
0
3
2
-4
0
0
0
2
2
4
3
2
0
-3
2
0
-3
-2
-2
0
1
1
0
1
2
2
2
5
3
4
5
6
2
0
1
3
4
3
1
2
5
1
1
3
4
8
5
2
5
3
5
3
-1
-1
2
1
-2
-3
1
-1
1
0
-1
0
1
3
2
4
3
1
2
-1
2
0
-1
-1
0
1
-1
-4
-1
3
-5
-6
-3
-1
-1
-1
-1
-1
0
4
5
4
4
2
6
0
-1
0
1
1
2
2
-1
0
-3
0
-1
-2
1
-1
-2
-3
0
-4
-3
-3
0
-1
-3
1
-2
-2
-5
-7
-5
-3
-6
-8
-8
-7
-7
-7
-1
-4
-4
-1
-3
2
-1
-3
0
-2
-2
-3
-4
-5
-6
-7
-8
-8
-7
-9
-6
-5
-5
-4
-6
-2
1
-1
2
0
-2
-2
-2
-1
-1
-3
-2
-4
-6
-3
-5
-7
-8
-8
-8
-9
-7
-7
-7
-4
-5
-1
0
1
-1
2
4
4
7
8
6
5
6
9
9
8
10
5
7
6
9
6
3
6
6
6
4
4
5
7
4
7
9
7
4
3
5
3
4
2
3
-1
0
2
0
-3
-5
-4
-3
-2
3
-1
1
6
5
5
4
7
3
4
2
3
1
3
1
0
4
2
2
3
0
1
-1
1
2
1
6
5
6
3
8
4
5
4
1
3
2
2
1
-1
-2
-5
-6
-6
-3
-3
-2
0
2
5
3
5
3
1
0
1
-3
-4
-4
-7
-8
-8
-8
-10
-9
-10
-7
-6
-7
-4
-1
0
1
2
4
3
-1
1
4
6
3
2
1
0
1
-2
2
3
1
7
7
6
5
6
4
5
3
3
4
2
-1
1
2
-1
0
-1
1
2
1
3
1
2
2
1
-1
3
4
2
3
3
-1
-2
-2
-3
-1
0
-1
-2
2
-2
-6
-6
-5
-2
-4
-7
-10
-5
-6
-8
-11
-8
-5
-4
-5
-2
-2
0
-1
-2
-3
-6
-8
-8
-5
-5
-4
-4
-7
-6
-4
-4
-2
-2
-3
-1
1
-2
-1
-1
-2
-2
-2
-5
-5
-7
-6
-8
-7
-4
-6
-7
-3
0
-4
2
2
0
4
5
3
7
8
4
6
4
3
1
4
5
5
4
5
7
4
2
3
2
-1
4
3
4
5
7
7
7
3
7
6
4
4
3
6
-1
2
-2
0
2
-2
-1
0
2
0
2
4
2
2
6
4
4
4
2
0
-5
0
-1
-2
-3
-3
-1
0
-2
-2
0
0
-1
0
-4
-4
-2
-5
-3
-2
-5
-4
-3
-8
-5
-3
-6
-4
-3
-7
-7
-2
2
-2
-1
1
0
0
0
-2
-2
-2
-3
0
2
-2
-4
-1
-4
-2
-4
-3
-3
-6
-3
-2
1
4
3
4
7
8
3
3
1
1
-1
0
2
1
0
0
4
2
3
4
2
6
10
6
6
6
6
6
3
3
-1
-2
3
0
2
4
5
4
2
4
6
6
6
8
7
7
8
3
4
2
1
0
-4
-3
-3
-2
-6
-2
1
-1
3
4
3
1
4
4
0
2
1
3
3
1
0
-1
1
1
1
0
1
2
3
5
2
5
5
6
6
3
3
-1
-4
-1
-3
-5
-4
-6
-4
-5
-7
-5
-11
-10
-5
-5
-5
-7
-8
-6
-7
-6
-8
-8
0
-4
-2
-2
-1
-1
-3
-2
-1
-1
1
-1
-4
-3
-3
-7
-9
-6
-4
-3
-3
-3
0
-1
-2
1
1
1
0
2
2
3
1
0
1
3
4
1
1
7
4
3
5
4
4
2
-3
-2
0
0
-3
-4
-2
0
2
2
0
0
-1
-1
-2
-1
2
-2
0
-1
-3
-4
-4
-9
-9
-5
-7
-4
0
0
3
6
5
7
12
10
8
5
4
4
0
1
1
0
2
4
2
2
4
7
7
5
6
6
6
5
3
1
2
-2
-5
-4
-6
-7
-8
-8
-6
-6
-1
-2
1
3
4
4
5
5
2
4
2
1
-2
0
0
-3
0
-1
-1
0
1
3
5
4
4
-1
-2
-1
0
-2
-2
-4
-8
-6
-7
-11
-8
-2
-1
-1
0
2
1
0
0
-2
-3
-2
2
-1
-2
-1
-1
0
0
0
2
3
4
7
4
7
8
3
0
2
4
2
2
0
-1
-1
2
-2
-3
-2
-4
-4
-6
-9
-7
-10
-7
-7
-7
-5
-7
-5
-7
-4
-8
-7
-1
-1
-2
2
5
3
4
2
1
3
4
5
9
8
8
8
7
9
10
11
6
3
2
-1
-2
-4
-4
-6
-8
-4
-4
-1
-3
-2
3
1
1
0
0
-1
-2
1
-2
-6
-3
-1
-1
-1
0
6
3
6
5
6
8
6
9
7
6
6
2
1
3
1
-1
-1
0
5
4
7
8
4
9
6
5
7
3
0
-1
-6
-6
-7
-10
-10
-8
-6
-9
-6
-6
-4
0
0
0
1
-2
-2
-1
-6
-3
-7
-6
-6
-7
-9
-7
-5
-10
-9
-7
-5
-4
-4
-1
-5
-5
-6
-6
-7
-7
-2
-2
2
0
2
3
4
4
4
6
7
6
5
6
6
5
5
7
5
4
10
7
9
6
2
8
4
5
6
3
5
4
1
-2
-1
0
-1
0
2
2
1
0
4
0
-3
2
2
-2
-1
-1
-1
0
-2
-2
-5
-2
1
-1
0
1
-1
0
-1
-2
5
6
4
6
3
2
6
2
2
2
2
-1
-1
4
3
2
1
5
4
4
5
8
7
5
2
-3
-1
-1
0
2
2
3
2
4
1
2
0
-4
-6
-5
-7
-5
-4
0
-3
-2
0
0
-2
-4
-6
-8
-9
-5
-4
-5
-2
-2
-2
-2
1
1
5
2
4
6
4
3
3
1
0
1
1
1
-3
-1
-4
-3
-1
0
2
2
-2
1
1
-6
-7
-11
-11
-9
-12
-10
-9
-11
-9
-9
-7
-8
-7
-6
0
3
4
2
2
1
3
2
5
4
6
6
5
5
1
1
-3
-2
-1
-2
-2
-5
-6
-7
-9
-10
-6
-8
-7
-5
-5
-4
-1
-1
-4
-1
2
0
0
-1
-2
-1
-1
-2
-3
-2
-5
-8
-6
-7
-5
-5
-1
2
5
5
8
9
6
10
8
8
6
6
5
2
2
-1
-2
-3
-2
6
7
11
11
12
17
15
14
15
12
12
11
8
8
6
6
8
8
4
7
3
2
1
-3
-1
-1
4
2
6
5
3
1
-1
-6
-5
-2
-4
1
2
2
-2
-5
-3
-5
0
0
0
1
2
0
0
1
-3
-4
-7
-4
-5
-7
-10
-10
-10
-11
-9
-7
-3
-3
-6
-8
-8
-5
-7
-6
-3
0
1
-1
-6
-4
1
1
1
3
2
1
2
2
0
-2
0
-1
-3
-1
-5
-5
-4
-3
-2
1
3
3
3
0
3
1
0
1
0
1
-1
-2
1
-3
-4
-3
-5
-3
-4
-5
-5
-1
0
-1
0
3
6
5
8
7
3
4
0
0
1
-1
-1
-1
-1
-1
-2
-1
-1
3
4
3
7
6
5
5
3
2
3
0
0
-1
-3
-4
-1
-2
0
1
3
3
2
4
4
5
6
5
4
8
3
-1
-1
-4
-4
-4
-3
-3
-4
-2
-6
-4
-3
-1
-1
-1
0
-1
-1
-2
-3
-5
0
0
1
4
1
2
2
5
1
5
3
0
4
2
4
2
3
1
-2
2
1
3
3
4
2
1
1
-2
3
5
3
4
2
2
0
0
-2
-5
-5
-3
-2
1
-1
0
1
2
4
4
1
3
3
2
-1
-6
1
-2
-3
-4
-5
-8
-7
-5
-7
-6
-5
-5
-2
1
0
0
-2
-2
0
-1
0
3
2
0
-2
0
2
0
1
1
2
4
7
4
6
5
6
5
0
5
1
1
2
0
0
1
-1
-2
-1
-2
-4
-7
-6
-10
-9
-5
-7
-9
-8
-5
-2
-3
-4
-3
-3
-2
0
3
2
2
4
5
3
6
8
5
8
7
4
6
2
5
4
1
0
1
-1
0
3
2
3
3
2
2
0
-1
1
-2
-1
0
-3
-1
-2
-1
-2
-4
-2
-2
-2
-1
-2
-1
3
0
-2
0
-2
-1
0
-3
-1
-1
0
2
1
2
3
0
2
1
-2
-3
-5
-4
-1
-2
-3
-3
-5
-2
-2
0
-3
0
2
1
1
1
2
3
3
1
4
4
1
4
1
1
1
2
1
-2
-1
-1
-4
-6
-7
-6
-5
-7
-4
-5
-5
-3
-1
-1
1
1
-1
0
3
-1
-2
-2
-3
-3
-5
-5
-4
1
1
5
2
4
6
7
10
9
10
8
5
4
8
7
5
5
1
-1
-1
-3
-4
2
0
-1
3
2
-2
-1
1
-2
0
4
1
4
1
-2
-3
-4
-5
-2
-4
-4
-3
-1
1
-1
1
-3
-2
-2
3
4
1
3
1
1
-1
0
-1
-2
-3
-3
-3
-6
-9
-5
-2
0
-2
1
4
0
5
5
2
6
6
4
6
3
3
1
-1
1
-1
-1
0
-1
0
1
1
-3
0
-1
-1
1
3
0
-3
-1
-3
-5
-5
-3
-5
-3
-6
-10
-7
-7
-2
-2
-3
-2
0
-2
-6
-3
-4
-5
-3
0
-3
1
0
-3
-2
0
2
0
2
4
1
3
3
2
-1
0
1
0
0
-3
-2
-2
-4
-2
-4
-3
-3
2
2
3
1
-1
4
7
7
6
7
5
5
6
5
5
6
4
2
6
5
6
5
1
4
7
5
7
1
1
3
0
-2
-2
-3
-3
-1
-6
-6
-6
-7
-9
-6
-4
-5
-1
0
2
4
4
5
2
4
3
3
2
1
5
5
1
2
3
3
1
3
5
4
4
4
5
3
5
6
5
9
4
3
5
3
3
6
6
3
4
4
4
2
2
2
-1
0
2
0
2
-3
-1
2
-2
-1
-2
-3
-3
-6
-7
-5
-5
-3
-1
-8
-2
0
0
1
0
3
3
4
5
2
6
7
4
7
5
5
6
4
2
0
0
2
-1
2
0
-4
-6
-3
-3
-6
-8
-4
-5
-9
-9
-11
-8
-9
-11
-13
-14
-12
-12
-11
-12
-12
-12
-13
-11
-14
-12
-9
-8
-4
-5
-5
-5
-3
-2
-2
-3
-1
2
-3
1
2
0
-1
0
2
-1
-1
-4
-5
-3
-1
-1
-2
-1
-2
-1
0
0
-1
-1
3
4
-1
1
3
1
1
0
3
3
-1
0
2
5
2
2
2
1
2
0
1
1
2
1
1
0
0
1
-1
-1
2
0
2
4
5
5
6
10
7
7
9
8
6
6
5
6
6
5
3
0
3
2
2
-1
1
5
-1
3
4
2
2
4
0
1
4
2
2
2
4
2
4
0
2
2
-2
-1
0
0
-3
-1
1
1
0
-1
0
3
4
-1
0
5
4
0
-2
-2
1
-1
-2
-5
-4
-1
-4
-1
0
3
2
2
5
5
5
3
5
8
3
4
6
7
5
4
4
3
5
2
1
4
4
2
-3
2
2
-5
-5
-2
-1
-2
1
-2
-2
-2
-2
0
-2
-3
-2
-6
-7
-4
-6
-6
-3
-4
-3
-4
-2
-1
-4
-3
-5
0
1
-2
1
0
-1
-2
0
3
1
-3
0
-3
1
-1
-2
-1
-2
2
2
1
0
2
-1
4
5
3
1
1
2
3
5
6
6
6
8
5
5
7
8
7
8
8
9
6
2
3
-2
-5
-5
-6
-8
-9
-14
-15
-13
-15
-12
-12
-12
-12
-14
-14
-14
-10
-14
-14
-10
-13
-9
-10
-14
-11
-10
-10
-9
-8
-6
-9
-10
-10
-10
-10
-12
-14
-9
-12
-14
-16
-21
-19
-18
-19
-20
-23
-22
-21
-23
-20
-20
-15
-12
-11
-8
-3
0
0
3
13
15
17
22
26
30
29
36
38
42
41
43
44
47
47
42
40
37
35
33
32
28
26
20
18
14
10
10
4
5
3
1
-2
0
-2
-2
-1
-3
1
3
4
6
4
6
11
15
16
16
21
27
27
26
29
27
27
27
21
19
13
8
6
2
-5
-9
-14
-24
-27
-30
-36
-35
-38
-40
-42
-42
-44
-44
-39
-40
-36
-35
-30
-27
-24
-16
-10
-5
1
8
17
22
29
35
39
45
46
47
53
56
54
49
47
45
46
41
39
39
33
28
25
18
14
11
6
2
-4
-9
-10
-10
-16
-16
-20
-21
-21
-22
-21
-20
-22
-25
-23
-22
-21
-20
-22
-22
-24
-28
-28
-32
-39
-41
-49
-55
-62
-68
-79
-87
-94
-105
-117
-125
-132
-141
-150
-155
-163
-167
-171
-175
-177
-177
-171
-170
-167
-161
-157
-148
-138
-128
-112
-99
-84
-69
-54
-39
-20
-2
10
26
39
55
67
77
88
92
102
106
114
124
132
137
141
144
151
153
158
164
169
179
180
182
187
190
196
203
212
225
233
246
255
263
285
305
321
341
356
380
395
402
402
401
409
401
395
382
364
353
322
291
265
233
210
176
142
107
74
47
8
-25
-58
-86
-116
-139
-161
-188
-212
-235
-251
-274
-282
-293
-306
-308
-325
-342
-352
-348
-355
-357
-353
-351
-352
-362
-367
-372
-379
-384
-395
-403
-415
-431
-447
-464
-470
-474
-482
-482
-484
-498
-512
-523
-529
-535
-539
-543
-555
-552
-550
-538
-515
-482
-440
-405
-379
-357
-323
-277
-232
-201
-166
-130
-91
-63
-40
-8
25
61
87
110
134
163
194
227
265
314
351
387
414
434
439
443
457
474
471
450
434
425
440
465
479
498
521
551
571
586
609
644
685
715
728
728
742
775
815
869
939
1012
1086
1124
1119
1109
1101
1095
1075
1059
1052
1033
982
923
884
879
877
813
688
558
456
394
325
217
57
-108
-240
-344
-430
-530
-625
-738
-860
-979
-1065
-1127
-1204
-1348
-1499
-1513
-1339
-1132
-1133
-1271
-1212
-712
10
509
497
125
-227
-384
-397
-381
-450
-762
-1385
-2126
-2593
-2618
-2513
-2629
-2885
-2934
-2629
-2318
-2284
-2429
-2422
-2222
-2120
-2228
-2373
-2425
-2559
-2942
-3144
-2642
-1570
-624
-229
-89
280
987
1786
2453
2970
3382
3685
3918
4131
4347
4451
4396
4277
4240
4277
4285
4215
4101
3980
3846
3659
3394
3057
2644
2177
1673
1116
553
11
-538
-1083
-1551
-1886
-2114
-2326
-2558
-2787
-2941
-2993
-2961
-2868
-2734
-2616
-2510
-2389
-2198
-1891
-1503
-1081
-615
-123
354
828
1284
1748
2157
2425
2565
2632
2641
2625
2558
2458
2307
2127
1953
1799
1710
1654
1532
1325
1066
799
486
125
-189
-491
-755
-986
-1205
-1407
-1559
-1606
-1562
-1411
-1201
-1032
-873
-749
-667
-624
-597
-444
-223
-38
70
164
332
526
693
788
790
716
531
259
-64
-508
-1119
-1955
-2921
-3867
-4753
-5542
-6268
-6927
-7500
-7972
-8274
-8345
-8219
-7944
-7604
-7244
-6910
-6590
-6201
-5743
-5179
-4521
-3823
-3098
-2310
-1408
-377
773
2030
3311
4567
5730
6774
7691
8507
9184
9674
9915
9978
9912
9706
9399
9015
8614
8221
7780
7304
6823
6307
5724
5065
4387
3643
2827
1898
842
-187
-1153
-2004
-2823
-3542
-4199
-4656
-4864
-4988
-4942
-4727
-4422
-4143
-3886
-3599
-3248
-2921
-2651
-2393
-2039
-1508
-932
-357
271
993
1792
2486
3108
3708
4232
4599
4696
4660
4526
4253
3892
3428
2990
2599
2200
1789
1358
1059
857
612
335
3
-372
-815
-1312
-1802
-2281
-2733
-3216
-3682
-4017
-4193
-4198
-4093
-3891
-3571
-3160
-2683
-2239
-1796
-1419
-1141
-913
-746
-649
-710
-905
-1124
-1291
-1477
-1816
-2392
-3126
-3921
-4729
-5553
-6354
-7160
-7953
-8714
-9406
-9846
-10028
-9963
-9694
-9280
-8706
-8045
-7301
-6407
-5429
-4375
-3339
-2361
-1405
-463
519
1534
2611
3741
4864
5957
6974
7940
8877
9762
10519
11059
11347
11412
11280
10989
10565
10054
9450
8736
7935
7145
6405
5727
5096
4439
3758
3018
2221
1383
520
-333
-1208
-2128
-3061
-3968
-4786
-5423
-5851
-6057
-6084
-6008
-5859
-5600
-5223
-4729
-4163
-3632
-3189
-2832
-2516
-2186
-1808
-1346
-832
-308
271
911
1597
2350
3142
3900
4524
4956
5178
5232
5140
4948
4623
4149
3585
2978
2408
1919
1532
1269
1076
898
710
531
387
237
20
-350
-854
-1417
-1974
-2447
-2810
-3062
-3165
-3101
-2871
-2492
-1946
-1270
-543
122
627
937
1074
1100
1044
907
611
19
-927
-2106
-3331
-4486
-5549
-6556
-7519
-8417
-9230
-9889
-10254
-10281
-10002
-9544
-9048
-8567
-8066
-7489
-6795
-5984
-5099
-4237
-3441
-2674
-1826
-780
441
1773
3156
4501
5761
6941
8094
9206
10191
10952
11407
11538
11403
11115
10747
10306
9774
9131
8399
7642
6958
6392
5883
5358
4756
4039
3198
2277
1329
366
-660
-1761
-2923
-4073
-5097
-5917
-6480
-6798
-6938
-6971
-6899
-6687
-6312
-5812
-5274
-4789
-4403
-4105
-3857
-3587
-3251
-2854
-2419
-1963
-1468
-865
-140
719
1647
2559
3364
3990
4420
4694
4852
4861
4684
4310
3797
3207
2619
2093
1662
1316
1035
795
591
428
325
262
179
4
-307
-763
-1294
-1836
-2288
-2627
-2901
-3119
-3208
-3103
-2762
-2223
-1549
-799
-84
500
935
1261
1499
1671
1730
1598
1182
442
-585
-1797
-3040
-4299
-5523
-6778
-7895
-9027
-10054
-10539
-10732
-10545
-10107
-9509
-8854
-8144
-7378
-6542
-5688
-4870
-4113
-3433
-2786
-2108
-1321
-372
734
1941
3213
4532
5876
7232
8555
9781
10826
11606
12074
12226
12128
11834
11371
10763
10012
9188
8367
7609
6951
6380
5875
5398
4908
4359
3724
3002
2206
1303
244
-963
-2240
-3498
-4637
-5604
-6374
-6915
-7232
-7336
-7210
-6864
-6371
-5794
-5215
-4671
-4205
-3834
-3558
-3327
-3086
-2828
-2549
-2216
-1771
-1153
-356
568
1553
2533
3468
4295
4954
5398
5589
5530
5229
4742
4132
3435
2706
2007
1370
858
470
194
27
-51
-79
-125
-232
-417
-692
-1074
-1586
-2177
-2777
-3333
-3766
-4039
-4123
-3996
-3684
-3180
-2478
-1652
-805
-10
655
1154
1469
1644
1684
1589
1265
616
-353
-1576
-2905
-4242
-5521
-6708
-7817
-8825
-9673
-10270
-10547
-10474
-10125
-9576
-8945
-8304
-7636
-6907
-6113
-5288
-4494
-3774
-3124
-2483
-1740
-821
274
1471
2715
3955
5208
6504
7835
9128
10267
11161
11742
12002
12021
11868
11573
11100
10435
9652
8804
7984
7272
6667
6152
5648
5093
4477
3831
3185
2523
1758
860
-207
-1421
-2663
-3846
-4855
-5683
-6371
-6905
-7276
-7415
-7311
-6973
-6445
-5830
-5237
-4704
-4250
-3818
-3399
-3003
-2624
-2297
-1965
-1585
-1120
-522
200
991
1812
2604
3364
4059
4643
5090
5330
5349
5162
4786
4296
3719
3089
2420
1748
1131
623
225
-64
-280
-450
-609
-774
-941
-1132
-1381
-1700
-2086
-2504
-2911
-3242
-3434
-3491
-3420
-3241
-2921
-2453
-1831
-1134
-445
138
580
895
1141
1317
1381
1220
696
-210
-1415
-2741
-4040
-5249
-6407
-7539
-8634
-9590
-10298
-10632
-10561
-10124
-9496
-8827
-8143
-7413
-6574
-5635
-4675
-3779
-3035
-2429
-1884
-1269
-488
482
1549
2627
3694
4821
6075
7425
8799
10029
11011
11686
12041
12204
12169
11947
11503
10788
9873
8856
7879
7051
6340
5722
5125
4510
3912
3343
2831
2355
1809
1086
110
-1033
-2188
-3285
-4272
-5172
-6026
-6774
-7371
-7713
-7760
-7523
-7043
-6508
-5982
-5462
-4906
-4259
-3573
-2937
-2401
-1972
-1586
-1205
-763
-179
482
1151
1750
2325
2939
3585
4186
4669
4979
5094
5037
4827
4526
4164
3707
3112
2437
1748
1142
639
239
-92
-409
-699
-994
-1261
-1477
-1683
-1880
-2100
-2367
-2604
-2813
-2914
-2886
-2830
-2698
-2510
-2202
-1775
-1281
-778
-351
-4
270
495
705
834
711
246
-625
-1743
-2948
-4142
-5308
-6484
-7661
-8780
-9780
-10490
-10789
-10656
-10185
-9544
-8819
-8032
-7142
-6137
-5067
-4003
-3034
-2262
-1641
-1107
-515
220
1067
1962
2850
3760
4771
5909
7179
8475
9657
10632
11322
11766
12021
12100
11975
11575
10882
9973
8954
7947
7020
6177
5389
4631
3886
3217
2671
2234
1841
1372
756
10
-811
-1662
-2511
-3377
-4266
-5165
-6010
-6707
-7176
-7412
-7423
-7224
-6889
-6426
-5840
-5173
-4432
-3653
-2921
-2245
-1651
-1114
-606
-105
384
827
1221
1594
1975
2402
2832
3246
3587
3807
3939
4035
4091
4075
3950
3678
3234
2694
2174
1676
1181
670
169
-344
-825
-1248
-1634
-1977
-2281
-2511
-2715
-2861
-2876
-2825
-2710
-2524
-2321
-2095
-1860
-1570
-1212
-875
-596
-407
-293
-184
-4
224
428
421
135
-490
-1313
-2187
-3115
-4101
-5177
-6387
-7629
-8792
-9690
-10232
-10428
-10314
-9988
-9514
-8855
-7986
-6902
-5690
-4480
-3366
-2422
-1604
-876
-150
625
1382
2080
2733
3398
4168
5079
6122
7225
8284
9247
10084
10790
11385
11784
11959
11828
11395
10718
9848
8919
7958
6970
5956
4928
3924
3023
2263
1676
1186
699
200
-379
-952
-1496
-2046
-2642
-3342
-4143
-4954
-5691
-6313
-6811
-7163
-7377
-7447
-7329
-7042
-6533
-5842
-5028
-4137
-3224
-2311
-1369
-481
328
1029
1609
2082
2440
2742
2995
3185
3315
3403
3455
3492
3540
3607
3672
3718
3663
3520
3313
3064
2732
2298
1812
1257
673
91
-469
-1013
-1519
-2015
-2437
-2803
-3086
-3256
-3322
-3228
-3005
-2721
-2394
-2058
-1683
-1252
-830
-452
-146
56
155
182
180
176
128
-95
-560
-1257
-2111
-3024
-3991
-5048
-6141
-7222
-8250
-9149
-9829
-10229
-10329
-10147
-9786
-9265
-8584
-7733
-6696
-5565
-4396
-3264
-2251
-1346
-467
427
1411
2356
3180
3892
4568
5334
6211
7159
8100
8968
9718
10351
10883
11314
11623
11717
11560
11163
10575
9840
9047
8187
7247
6245
5186
4134
3174
2326
1602
973
355
-286
-919
-1494
-2010
-2521
-3058
-3648
-4281
-4907
-5480
-5964
-6375
-6764
-7040
-7206
-7214
-7064
-6720
-6218
-5583
-4863
-4042
-3162
-2210
-1231
-292
576
1340
1969
2491
2916
3236
3470
3610
3639
3576
3476
3384
3331
3297
3210
3102
2980
2818
2688
2538
2303
1983
1561
1060
527
-21
-604
-1203
-1849
-2471
-2988
-3368
-3552
-3546
-3401
-3192
-2906
-2549
-2095
-1574
-1032
-585
-309
-194
-214
-281
-351
-394
-404
-472
-742
-1205
-1849
-2560
-3264
-3966
-4720
-5572
-6516
-7439
-8285
-8939
-9348
-9525
-9489
-9345
-9044
-8529
-7794
-6821
-5723
-4601
-3492
-2455
-1472
-506
466
1452
2384
3220
3957
4650
5371
6143
6958
7749
8512
9201
9776
10274
10705
11078
11306
11296
11052
10604
10049
9409
8664
7817
6844
5785
4704
3645
2691
1835
1057
285
-495
-1213
-1837
-2350
-2809
-3275
-3756
-4262
-4768
-5228
-5643
-5988
-6306
-6620
-6885
-7044
-7046
-6874
-6556
-6093
-5564
-4955
-4215
-3332
-2341
-1327
-343
562
1378
2088
2696
3201
3596
3810
3863
3784
3637
3485
3358
3240
3069
2874
2668
2453
2290
2154
2045
1921
1724
1457
1108
715
266
-263
-850
-1492
-2117
-2667
-3104
-3395
-3499
-3476
-3360
-3096
-2645
-2029
-1330
-648
-95
273
462
489
411
333
275
143
-248
-924
-1805
-2729
-3609
-4397
-5195
-5998
-6818
-7609
-8297
-8837
-9150
-9236
-9159
-8955
-8656
-8223
-7639
-6878
-5971
-5007
-4026
-3065
-2105
-1126
-112
917
1892
2807
3706
4555
5399
6251
7084
7895
8612
9225
9747
10188
10571
10848
10993
10943
10695
10309
9803
9208
8516
7728
6857
5933
5003
4086
3199
2364
1562
750
-70
-850
-1553
-2185
-2754
-3311
-3877
-4422
-4925
-5383
-5799
-6146
-6384
-6537
-6622
-6639
-6578
-6377
-6066
-5628
-5094
-4444
-3675
-2839
-1958
-1087
-254
543
1278
1970
2585
3097
3491
3741
3883
3912
3889
3806
3674
3520
3310
3053
2812
2580
2363
2161
1924
1637
1307
960
586
177
-259
-707
-1172
-1656
-2138
-2560
-2878
-3090
-3177
-3177
-3080
-2889
-2641
-2312
-1957
-1574
-1202
-897
-635
-420
-228
-68
13
25
-101
-405
-899
-1564
-2325
-3142
-4000
-4919
-5912
-6908
-7832
-8584
-9123
-9432
-9510
-9402
-9110
-8642
-7987
-7121
-6098
-4995
-3881
-2804
-1793
-849
84
1007
1893
2707
3421
4091
4753
5438
6179
6946
7717
8415
9031
9600
10104
10536
10863
11020
10956
10676
10224
9615
8911
8119
7211
6177
5096
4023
3014
2105
1295
531
-191
-850
-1436
-1928
-2372
-2764
-3163
-3619
-4114
-4602
-5034
-5424
-5784
-6139
-6477
-6752
-6904
-6888
-6687
-6322
-5782
-5136
-4384
-3498
-2486
-1386
-295
724
1634
2412
3061
3573
3920
4123
4193
4100
3908
3661
3400
3164
2923
2675
2447
2248
2110
2034
1997
1953
1813
1588
1247
832
347
-211
-823
-1474
-2107
-2686
-3187
-3547
-3739
-3742
-3560
-3267
-2856
-2390
-1878
-1352
-863
-442
-163
-28
-10
-46
-117
-262
-530
-927
-1454
-2079
-2742
-3390
-4033
-4681
-5396
-6174
-6919
-7617
-8154
-8481
-8604
-8527
-8319
-8021
-7599
-6989
-6200
-5280
-4289
-3323
-2392
-1474
-546
375
1280
2149
2934
3654
4347
5049
5788
6574
7368
8100
8736
9272
9730
10119
10434
10605
10576
10346
9949
9436
8819
8096
7275
6355
5387
4419
3473
2582
1742
972
226
-511
-1218
-1834
-2382
-2852
-3264
-3680
-4133
-4575
-4968
-5306
-5572
-5806
-5999
-6131
-6210
-6177
-6009
-5727
-5290
-4764
-4157
-3459
-2700
-1834
-955
-73
806
1614
2304
2863
3318
3641
3848
3935
3892
3761
3582
3347
3104
2866
2609
2357
2117
1937
1819
1732
1628
1475
1260
934
530
77
-450
-1008
-1560
-2078
-2564
-2968
-3243
-3373
-3366
-3246
-3074
-2843
-2544
-2175
-1812
-1507
-1233
-1037
-864
-721
-599
-478
-401
-440
-647
-1056
-1656
-2359
-3096
-3866
-4662
-5470
-6299
-7099
-7782
-8292
-8601
-8674
-8583
-8321
-7894
-7314
-6545
-5629
-4606
-3534
-2513
-1555
-659
230
1122
1977
2751
3471
4147
4802
5466
6160
6848
7518
8125
8700
9363
9846
10233
10517
10622
10567
10317
9886
9336
8668
7909
7056
6110
5133
4162
3211
2290
1443
660
-103
-816
-1437
-1969
-2444
-2889
-3321
-3737
-4141
-4504
-4850
-5181
-5458
-5734
-6011
-6227
-6323
-6295
-6113
-5784
-5328
-4765
-4098
-3330
-2457
-1509
-536
385
1236
1990
2616
3149
3552
3824
3977
3986
3889
3705
3498
3272
3049
2837
2624
2422
2217
2015
1845
1674
1475
1193
851
464
28
-453
-1005
-1592
-2184
-2742
-3237
-3637
-3898
-4004
-3981
-3859
-3639
-3317
-2869
-2368
-1839
-1322
-877
-488
-166
93
288
411
380
166
-232
-776
-1428
-2128
-2883
-3691
-4587
-5536
-6453
-7299
-7968
-8424
-8640
-8654
-8504
-8208
-7758
-7081
-6237
-5287
-4287
-3313
-2350
-1444
-579
268
1087
1868
2571
3225
3847
4498
5206
5946
6696
7421
8108
8773
9358
9849
10278
10532
10585
10421
10068
9579
8965
8229
7383
6439
5433
4406
3430
2524
1694
941
233
-396
-951
-1452
-1913
-2318
-2695
-3063
-3464
-3865
-4263
-4637
-4956
-5249
-5489
-5685
-5800
-5819
-5722
-5469
-5083
-4582
-3954
-3222
-2406
-1506
-598
286
1111
1849
2472
2959
3353
3615
3737
3746
3610
3381
3112
2859
2629
2385
2199
2039
1920
1822
1700
1563
1378
1153
851
448
-1
-530
-1101
-1681
-2229
-2671
-3053
-3372
-3623
-3790
-3834
-3768
-3603
-3325
-2981
-2598
-2243
-1905
-1533
-1120
-688
-314
-25
183
343
401
285
-19
-502
-1131
-1865
-2677
-3589
-4565
-5547
-6516
-7385
-8101
-8584
-8800
-8792
-8557
-8151
-7612
-6878
-5983
-4970
-3927
-2941
-2010
-1147
-318
502
1304
2060
2742
3359
3980
4633
5359
6127
6910
7663
8353
8973
9533
10017
10425
10670
10692
10482
10102
9583
8939
8205
7359
6417
5423
4401
3425
2516
1691
938
236
-394
-982
-1488
-1908
-2280
-2652
-3043
-3448
-3861
-4284
-4680
-5047
-5385
-5679
-5929
-6082
-6115
-5989
-5707
-5301
-4749
-4102
-3371
-2532
-1622
-678
263
1114
1865
2476
2961
3348
3599
3732
3745
3637
3431
3168
2882
2602
2321
2082
1878
1708
1562
1423
1259
1089
926
728
469
175
-179
-602
-1079
-1618
-2172
-2683
-3153
-3523
-3789
-3944
-3967
-3849
-3547
-3075
-2486
-1835
-1157
-518
36
437
664
720
658
506
141
-447
-1221
-2143
-3094
-4053
-4997
-5915
-6814
-7610
-8285
-8785
-9044
-9078
-8877
-8498
-7972
-7295
-6527
-5600
-4573
-3515
-2498
-1601
-775
-5
765
1545
2278
2963
3594
4223
4885
5579
6339
7128
7904
8619
9241
9787
10245
10604
10798
10782
10544
10087
9487
8802
8038
7204
6258
5235
4189
3190
2286
1469
739
52
-578
-1139
-1636
-2052
-2388
-2720
-3062
-3463
-3904
-4347
-4740
-5073
-5367
-5635
-5846
-6001
-6060
-5953
-5695
-5298
-4790
-4215
-3552
-2776
-1914
-1023
-176
607
1303
1901
2406
2819
3114
3312
3382
3337
3208
3028
2878
2730
2546
2349
2155
1977
1857
1757
1654
1504
1321
1105
826
496
107
-333
-859
-1437
-2009
-2538
-2959
-3255
-3426
-3493
-3432
-3229
-2895
-2450
-1914
-1379
-902
-518
-219
15
181
290
314
249
58
-322
-882
-1602
-2407
-3242
-4100
-4950
-5814
-6660
-7420
-8062
-8503
-8769
-8844
-8732
-8461
-8005
-7368
-6573
-5661
-4664
-3641
-2672
-1729
-827
48
954
1822
2659
3426
4144
4840
5540
6297
7059
7788
8447
9026
9537
9958
10297
10518
10579
10445
10127
9652
9062
8372
7606
6761
5829
4851
3873
2949
2079
1266
507
-219
-883
-1484
-2011
-2460
-2859
-3226
-3603
-4003
-4386
-4704
-4969
-5192
-5389
-5545
-5647
-5670
-5590
-5421
-5136
-4691
-4154
-3576
-2943
-2248
-1480
-689
94
797
1449
2062
2601
3051
3373
3562
3653
3685
3624
3503
3319
3093
2799
2477
2163
1846
1549
1267
995
702
442
225
9
-207
-444
-757
-1139
-1568
-1963
-2332
-2649
-2920
-3143
-3273
-3318
-3263
-3061
-2763
-2388
-1929
-1451
-972
-510
-62
338
651
831
893
777
439
-120
-878
-1749
-2685
-3682
-4730
-5785
-6770
-7639
-8351
-8883
-9205
-9247
-9035
-8650
-8085
-7329
-6404
-5355
-4259
-3227
-2258
-1349
-495
339
1117
1847
2525
3150
3751
4372
5034
5754
6503
7257
7962
8614
9217
9760
10237
10590
10728
10687
10392
9913
9263
8544
7735
6706
5666
4602
3577
2581
1684
871
162
-473
-1061
-1552
-1946
-2220
-2458
-2743
-3058
-3404
-3754
-4094
-4404
-4723
-5027
-5322
-5575
-5719
-5734
-5614
-5361
-4970
-4484
-3906
-3188
-2377
-1523
-644
199
986
1671
2260
2758
3163
3432
3543
3517
3374
3177
2967
2734
2482
2211
1952
1729
1586
1499
1438
1367
1219
1037
793
505
145
-257
-697
-1177
-1695
-2208
-2682
-3079
-3321
-3439
-3421
-3308
-3085
-2749
-2322
-1871
-1438
-1059
-725
-419
-165
11
126
161
122
-57
-403
-919
-1585
-2308
-3058
-3815
-4633
-5524
-6416
-7253
-7970
-8492
-8819
-8923
-8810
-8476
-7945
-7234
-6333
-5292
-4186
-3064
-2001
-988
-29
862
1742
2549
3254
3858
4415
4967
5553
6183
6847
7497
8108
8678
9195
9649
10026
10309
10415
10351
10097
9676
9117
8451
7666
6754
5756
4691
3624
2620
1699
854
84
-619
-1241
-1792
-2234
-2598
-2896
-3146
-3408
-3699
-4029
-4327
-4579
-4806
-5020
-5230
-5394
-5484
-5479
-5337
-5085
-4733
-4267
-3717
-3064
-2318
-1516
-715
55
817
1513
2111
2578
2924
3161
3263
3248
3133
2963
2777
2566
2318
2057
1825
1660
1513
1413
1348
1251
1147
1026
869
661
389
26
-427
-925
-1413
-1872
-2251
-2532
-2765
-2930
-3040
-3070
-2986
-2798
-2503
-2159
-1809
-1438
-1083
-735
-423
-171
14
92
96
-13
-259
-645
-1185
-1843
-2613
-3482
-4408
-5375
-6294
-7130
-7827
-8343
-8658
-8744
-8634
-8292
-7758
-7074
-6229
-5263
-4246
-3207
-2214
-1270
-352
513
1331
2070
2765
3392
3965
4528
5107
5751
6419
7082
7734
8344
8910
9424
9862
10207
10389
10384
10180
9797
9273
8611
7828
6922
5920
4892
3851
2851
1918
1061
296
-389
-979
-1493
-1924
-2297
-2635
-2945
-3266
-3584
-3901
-4204
-4472
-4712
-4938
-5149
-5337
-5478
-5503
-5411
-5192
-4858
-4403
-3866
-3234
-2515
-1731
-915
-107
647
1347
1980
2513
2951
3246
3427
3487
3414
3260
3043
2787
2532
2266
2011
1762
1552
1391
1228
1105
1002
880
709
481
218
-122
-514
-939
-1373
-1786
-2170
-2567
-2910
-3195
-3440
-3541
-3505
-3301
-2954
-2514
-2034
-1585
-1198
-861
-562
-302
-71
117
209
148
-86
-488
-1041
-1704
-2456
-3295
-4186
-5101
-5985
-6801
-7488
-7974
-8256
-8332
-8225
-7923
-7463
-6846
-6045
-5128
-4139
-3122
-2156
-1235
-357
492
1312
2061
2733
3338
3914
4505
5114
5762
6430
7097
7747
8341
8898
9393
9804
10108
10245
10196
9973
9577
9028
8340
7539
6631
5639
4593
3573
2616
1729
908
150
-550
-1175
-1689
-2139
-2502
-2814
-3115
-3416
-3712
-4010
-4285
-4544
-4786
-4997
-5211
-5391
-5503
-5487
-5332
-5065
-4667
-4162
-3565
-2895
-2160
-1356
-524
290
1049
1707
2271
2740
3091
3320
3403
3397
3306
3156
2934
2676
2423
2153
1900
1665
1473
1327
1203
1065
956
793
587
345
23
-332
-739
-1184
-1664
-2189
-2683
-3107
-3415
-3572
-3539
-3311
-2919
-2414
-1884
-1381
-881
-434
-40
297
519
660
697
632
466
146
-317
-896
-1567
-2280
-3019
-3792
-4612
-5452
-6237
-6980
-7594
-8019
-8276
-8359
-8279
-8042
-7656
-7113
-6428
-5616
-4710
-3746
-2765
-1812
-885
33
940
1815
2644
3407
4123
4847
5587
6321
7029
7681
8258
8757
9198
9579
9856
10019
10028
9900
9625
9192
8673
8030
7291
6479
5585
4654
3709
2809
1966
1149
405
-300
-954
-1502
-1996
-2405
-2801
-3165
-3495
-3835
-4115
-4372
-4616
-4827
-5004
-5129
-5202
-5220
-5132
-4979
-4703
-4324
-3894
-3356
-2758
-2091
-1358
-619
121
798
1421
1994
2497
2908
3189
3365
3423
3357
3231
3018
2743
2432
2073
1766
1479
1254
1065
865
718
584
424
249
19
-239
-538
-900
-1299
-1714
-2129
-2530
-2880
-3135
-3256
-3243
-3110
-2849
-2513
-2102
-1612
-1120
-634
-212
157
464
687
826
873
779
527
132
-420
-1124
-1915
-2770
-3657
-4523
-5423
-6312
-7122
-7790
-8208
-8418
-8457
-8345
-8084
-7645
-7031
-6235
-5313
-4344
-3409
-2488
-1574
-673
214
1065
1896
2654
3352
4010
4664
5353
6084
6813
7483
8102
8653
9145
9570
9925
10139
10143
9970
9619
9155
8606
7950
7174
6285
5310
4301
3325
2388
1529
750
25
-643
-1251
-1792
-2253
-2622
-2955
-3261
-3583
-3913
-4195
-4440
-4657
-4805
-4911
-5017
-5077
-5074
-4945
-4702
-4331
-3831
-3297
-2697
-2015
-1291
-501
303
1057
1740
2311
2772
3158
3444
3583
3594
3458
3214
2945
2622
2295
1979
1693
1466
1297
1166
1064
979
887
750
566
339
-4
-411
-845
-1353
-1884
-2431
-2944
-3344
-3594
-3693
-3640
-3489
-3264
-2932
-2541
-2054
-1538
-1064
-658
-322
-69
81
112
48
-22
-126
-370
-759
-1305
-1965
-2629
-3320
-4064
-4855
-5654
-6404
-7075
-7630
-8037
-8260
-8323
-8223
-7925
-7487
-6895
-6140
-5283
-4320
-3350
-2426
-1503
-597
328
1264
2128
2907
3622
4316
5032
5786
6525
7213
7842
8415
8933
9420
9822
10106
10270
10264
10099
9790
9325
8750
8083
7282
6400
5424
4422
3465
2520
1657
849
74
-626
-1244
-1772
-2204
-2556
-2889
-3238
-3569
-3899
-4198
-4457
-4680
-4853
-5029
-5188
-5274
-5249
-5085
-4805
-4409
-3923
-3353
-2653
-1890
-1050
-211
590
1369
2025
2592
3035
3361
3590
3676
3623
3458
3192
2925
2676
2425
2168
1889
1628
1404
1233
1125
1005
846
640
370
43
-318
-713
-1162
-1664
-2190
-2721
-3198
-3542
-3741
-3793
-3731
-3579
-3343
-2986
-2489
-1900
-1291
-742
-301
12
205
326
389
356
265
15
-416
-973
-1687
-2456
-3247
-4062
-4883
-5749
-6571
-7268
-7866
-8267
-8454
-8461
-8314
-8015
-7569
-6979
-6216
-5347
-4404
-3432
-2499
-1577
-686
194
1086
1934
2729
3470
4180
4893
5606
6334
7058
7741
8376
8932
9440
9858
10149
10326
10319
10155
9820
9319
8735
8032
7238
6383
5453
4505
3568
2659
1808
1000
251
-428
-1040
-1557
-2018
-2449
-2846
-3210
-3569
-3912
-4222
-4507
-4729
-4898
-5030
-5119
-5182
-5153
-5012
-4773
-4404
-3976
-3495
-2921
-2300
-1603
-877
-154
543
1157
1710
2192
2601
2902
3104
3191
3186
3106
2932
2715
2521
2300
2045
1796
1533
1326
1168
1028
902
723
471
189
-104
-447
-824
-1233
-1650
-2018
-2363
-2670
-2919
-3090
-3153
-3082
-2929
-2692
-2386
-2033
-1631
-1226
-866
-606
-435
-288
-135
-1
66
13
-203
-585
-1150
-1799
-2537
-3324
-4148
-5069
-5998
-6910
-7696
-8251
-8581
-8706
-8672
-8481
-8098
-7508
-6702
-5714
-4617
-3498
-2412
-1405
-450
494
1415
2275
3042
3678
4249
4788
5343
5977
6632
7295
7893
8425
8944
9422
9873
10240
10426
10413
10183
9793
9279
8655
7911
7025
6024
4960
3897
2882
1916
1066
307
-428
-1074
-1645
-2114
-2454
-2740
-2990
-3274
-3585
-3894
-4163
-4389
-4598
-4830
-5082
-5320
-5478
-5501
-5369
-5093
-4743
-4300
-3742
-3070
-2284
-1406
-488
416
1230
1891
2456
2930
3302
3559
3626
3566
3368
3083
2793
2501
2225
1935
1660
1431
1252
1142
1061
986
925
757
497
118
-338
-787
-1256
-1722
-2206
-2701
-3137
-3486
-3688
-3741
-3699
-3544
-3281
-2874
-2367
-1837
-1296
-797
-341
49
347
573
718
763
630
262
-325
-1113
-1996
-2911
-3857
-4802
-5764
-6691
-7483
-8081
-8423
-8525
-8424
-8187
-7783
-7228
-6509
-5616
-4642
-3623
-2664
-1783
-968
-183
592
1374
2104
2751
3346
3932
4571
5302
6089
6860
7607
8270
8868
9402
9866
10234
10434
10436
10199
9749
9165
8478
7713
6854
5899
4895
3856
2878
2008
1216
536
-96
-693
-1205
-1647
-2002
-2305
-2605
-2933
-3301
-3681
-4040
-4350
-4633
-4897
-5154
-5392
-5539
-5572
-5480
-5202
-4824
-4348
-3777
-3128
-2386
-1567
-708
144
915
1584
2143
2604
2978
3238
3381
3361
3213
3002
2746
2493
2233
1987
1763
1541
1356
1229
1158
1121
1066
946
753
510
204
-139
-513
-931
-1416
-1921
-2409
-2817
-3091
-3263
-3316
-3243
-3070
-2803
-2422
-1958
-1444
-932
-496
-142
148
371
528
603
487
128
-497
-1340
-2264
-3231
-4176
-5123
-6050
-6928
-7731
-8358
-8740
-8844
-8707
-8405
-7964
-7407
-6719
-5862
-4912
-3921
-2950
-2070
-1251
-484
290
1067
1825
2555
3221
3883
4567
5304
6081
6869
7646
8348
8988
9539
9992
10343
10554
10566
10371
9970
9402
8705
7910
7063
6120
5138
4161
3180
2288
1475
731
63
-560
-1114
-1597
-2005
-2356
-2702
-3050
-3410
-3798
-4146
-4474
-4822
-5110
-5363
-5573
-5717
-5725
-5579
-5285
-4864
-4354
-3752
-3057
-2259
-1382
-466
424
1210
1885
2443
2889
3257
3515
3634
3602
3424
3185
2926
2666
2434
2190
1951
1710
1514
1379
1296
1250
1197
1086
899
634
294
-120
-589
-1134
-1745
-2334
-2858
-3240
-3481
-3597
-3572
-3447
-3184
-2779
-2265
-1678
-1107
-609
-202
70
235
286
243
83
-258
-789
-1527
-2371
-3227
-4081
-4899
-5725
-6539
-7304
-7952
-8404
-8615
-8600
-8428
-8126
-7695
-7121
-6366
-5451
-4450
-3431
-2481
-1609
-789
13
842
1654
2401
3077
3678
4269
4920
5625
6401
7177
7888
8504
9039
9547
10005
10360
10529
10452
10147
9673
9067
8365
7587
6723
5760
4731
3732
2785
1945
1210
527
-109
-713
-1259
-1702
-2045
-2337
-2641
-3004
-3402
-3802
-4150
-4458
-4756
-5013
-5260
-5475
-5611
-5633
-5471
-5170
-4755
-4245
-3648
-2951
-2159
-1299
-400
466
1225
1862
2372
2786
3113
3322
3373
3281
3087
2821
2555
2321
2117
1947
1753
1569
1438
1353
1308
1270
1188
1023
764
412
1
-448
-913
-1413
-1928
-2416
-2815
-3076
-3224
-3245
-3188
-3052
-2826
-2503
-2056
-1563
-1076
-622
-270
-21
153
252
283
192
-115
-612
-1288
-2091
-2942
-3818
-4708
-5624
-6525
-7337
-8005
-8446
-8636
-8612
-8388
-8026
-7522
-6863
-6060
-5107
-4096
-3102
-2188
-1359
-574
178
938
1687
2368
3003
3594
4193
4876
5623
6410
7193
7911
8563
9150
9672
10109
10417
10538
10441
10139
9651
9031
8318
7510
6605
5620
4596
3595
2665
1822
1079
403
-227
-815
-1332
-1744
-2077
-2374
-2684
-3021
-3397
-3790
-4159
-4498
-4809
-5096
-5363
-5582
-5708
-5699
-5524
-5206
-4794
-4287
-3678
-2960
-2158
-1288
-408
413
1154
1778
2283
2676
2958
3109
3114
3009
2833
2598
2373
2174
1989
1811
1628
1488
1385
1326
1293
1232
1143
986
766
504
170
-221
-676
-1193
-1722
-2193
-2549
-2774
-2865
-2863
-2778
-2602
-2354
-2019
-1599
-1152
-746
-420
-208
-58
35
59
28
-125
-426
-895
-1513
-2213
-2916
-3601
-4317
-5083
-5854
-6561
-7140
-7588
-7850
-7932
-7887
-7720
-7422
-6947
-6303
-5518
-4645
-3752
-2873
-2015
-1195
-393
418
1211
1942
2614
3261
3901
4553
5245
5959
6662
7317
7896
8424
8924
9364
9696
9883
9891
9715
9374
8902
8333
7665
6901
6036
5114
4194
3305
2475
1698
983
316
-325
-906
-1402
-1818
-2173
-2513
-2875
-3249
-3608
-3933
-4194
-4419
-4614
-4793
-4963
-5067
-5072
-4944
-4678
-4313
-3875
-3352
-2743
-2055
-1317
-567
172
861
1450
1949
2363
2674
2903
3014
3024
2957
2814
2637
2440
2254
2079
1885
1698
1534
1410
1296
1159
1017
842
612
337
31
-291
-619
-974
-1350
-1705
-2007
-2247
-2415
-2493
-2502
-2442
-2336
-2187
-1973
-1726
-1484
-1283
-1129
-1011
-917
-834
-749
-699
-759
-994
-1379
-1916
-2531
-3186
-3900
-4633
-5395
-6132
-6779
-7316
-7686
-7870
-7882
-7747
-7475
-7029
-6434
-5679
-4800
-3864
-2924
-2025
-1168
-356
413
1170
1867
2486
3071
3649
4249
4878
5554
6235
6903
7536
8107
8638
9124
9528
9815
9916
9832
9583
9157
8616
7979
7222
6369
5449
4487
3529
2633
1804
1033
327
-313
-881
-1375
-1781
-2112
-2408
-2702
-3006
-3312
-3603
-3854
-4084
-4305
-4511
-4715
-4868
-4931
-4878
-4688
-4394
-4006
-3508
-2937
-2268
-1526
-749
39
745
1381
1898
2326
2683
2942
3069
3071
2954
2745
2492
2237
1985
1753
1550
1355
1212
1104
1035
986
926
817
643
414
128
-211
-589
-1004
-1437
-1873
-2262
-2542
-2711
-2759
-2688
-2546
-2341
-2074
-1784
-1475
-1190
-945
-760
-652
-588
-546
-524
-539
-654
-893
-1273
-1797
-2401
-3047
-3724
-4445
-5212
-5953
-6635
-7205
-7607
-7841
-7919
-7841
-7609
-7219
-6655
-5929
-5074
-4145
-3194
-2264
-1373
-514
299
1074
1808
2443
3029
3569
4112
4710
5349
6018
6663
7268
7840
8372
8871
9302
9635
9817
9810
9640
9301
8820
8238
7538
6706
5797
4840
3883
2959
2092
1302
564
-124
-730
-1245
-1639
-1962
-2242
-2510
-2795
-3085
-3364
-3613
-3843
-4077
-4312
-4534
-4732
-4832
-4828
-4706
-4481
-4175
-3781
-3293
-2696
-1977
-1188
-409
319
947
1503
1978
2374
2687
2908
2996
2943
2810
2626
2412
2185
1937
1666
1410
1169
1028
921
850
802
697
562
377
157
-94
-392
-727
-1141
-1600
-1992
-2364
-2652
-2824
-2933
-2962
-2927
-2770
-2503
-2173
-1817
-1488
-1184
-881
-632
-396
-164
15
114
60
-164
-544
-1054
-1651
-2328
-3042
-3795
-4591
-5380
-6099
-6685
-7096
-7345
-7456
-7399
-7176
-6781
-6214
-5512
-4711
-3873
-3040
-2215
-1414
-626
133
836
1500
2108
2667
3214
3808
4440
5096
5758
6399
7022
7636
8223
8732
9170
9470
9600
9576
9386
9045
8585
7993
7282
6460
5572
4656
3728
2845
2017
1263
561
-89
-644
-1114
-1491
-1834
-2170
-2483
-2803
-3119
-3416
-3716
-3974
-4233
-4502
-4716
-4870
-4926
-4896
-4759
-4516
-4177
-3737
-3205
-2586
-1904
-1209
-508
158
774
1343
1820
2209
2490
2660
2699
2656
2540
2374
2178
1957
1712
1464
1239
1047
913
832
804
765
729
654
547
411
207
-84
-446
-858
-1287
-1704
-2079
-2359
-2565
-2676
-2679
-2565
-2353
-2016
-1587
-1133
-693
-327
-63
119
233
271
220
39
-286
-760
-1340
-1980
-2663
-3348
-4059
-4767
-5460
-6106
-6631
-7014
-7226
-7284
-7214
-7021
-6691
-6238
-5667
-4980
-4219
-3432
-2655
-1909
-1159
-432
299
1007
1663
2298
2913
3537
4168
4823
5509
6178
6819
7428
7971
8464
8888
9204
9391
9406
9247
8942
8499
7942
7291
6552
5754
4891
4018
3184
2397
1669
984
357
-229
-740
-1175
-1559
-1894
-2215
-2541
-2878
-3212
-3521
-3806
-4071
-4311
-4523
-4692
-4787
-4781
-4666
-4452
-4143
-3754
-3276
-2712
-2075
-1374
-676
-9
606
1154
1621
2004
2318
2528
2610
2593
2496
2333
2130
1915
1706
1472
1242
1029
857
736
654
605
573
540
495
404
265
79
-169
-490
-862
-1237
-1593
-1926
-2191
-2378
-2488
-2500
-2426
-2245
-1976
-1627
-1244
-869
-520
-211
41
227
343
363
238
-45
-463
-1000
-1627
-2311
-3031
-3764
-4503
-5200
-5817
-6312
-6657
-6862
-6904
-6812
-6605
-6272
-5828
-5289
-4660
-3983
-3295
-2615
-1933
-1261
-582
102
778
1426
2056
2689
3344
4035
4730
5427
6098
6730
7307
7841
8310
8689
8945
9040
8981
8774
8439
8019
7485
6846
6126
5330
4504
3696
2911
2189
1506
855
257
-292
-758
-1147
-1473
-1766
-2063
-2375
-2684
-2983
-3247
-3496
-3717
-3923
-4118
-4263
-4327
-4305
-4169
-3932
-3629
-3252
-2815
-2318
-1750
-1140
-529
53
567
1019
1397
1731
1979
2137
2200
2151
2037
1888
1733
1580
1446
1291
1137
979
856
769
720
679
632
544
393
202
-16
-254
-536
-842
-1167
-1502
-1812
-2060
-2235
-2336
-2381
-2378
-2316
-2175
-1947
-1649
-1316
-977
-693
-486
-351
-245
-179
-171
-247
-438
-738
-1170
-1674
-2220
-2777
-3351
-3937
-4501
-5011
-5445
-5770
-5971
-6047
-6006
-5870
-5628
-5269
-4805
-4256
-3638
-3000
-2360
-1714
-1070
-420
233
872
1496
2091
2666
3266
3877
4495
5118
5734
6307
6838
7329
7763
8128
8396
8547
8570
8467
8243
7922
7517
7002
6394
5710
4963
4200
3450
2716
2015
1340
693
86
-456
-914
-1325
-1700
-2047
-2384
-2707
-3008
-3272
-3498
-3684
-3860
-4025
-4165
-4256
-4257
-4179
-4011
-3769
-3459
-3088
-2652
-2153
-1614
-1047
-479
50
530
958
1332
1638
1848
1968
1988
1933
1835
1712
1587
1453
1289
1112
942
806
719
639
586
536
461
374
250
101
-53
-238
-478
-769
-1085
-1394
-1683
-1916
-2096
-2205
-2231
-2172
-1998
-1723
-1373
-987
-628
-328
-87
79
181
199
139
11
-205
-506
-861
-1235
-1634
-2059
-2517
-2984
-3464
-3942
-4384
-4768
-5078
-5315
-5466
-5536
-5510
-5362
-5100
-4746
-4331
-3841
-3306
-2720
-2106
-1477
-827
-197
450
1091
1710
2328
2945
3549
4151
4726
5267
5800
6297
6765
7167
7490
7731
7883
7932
7860
7693
7423
7048
6569
6012
5400
4753
4065
3374
2686
2002
1356
726
160
-325
-770
-1180
-1560
-1905
-2211
-2485
-2727
-2946
-3148
-3304
-3459
-3600
-3674
-3712
-3687
-3594
-3445
-3251
-3003
-2692
-2325
-1915
-1461
-996
-540
-88
338
734
1068
1350
1588
1755
1856
1900
1896
1866
1795
1663
1504
1342
1168
986
814
656
506
361
216
79
-53
-188
-324
-484
-654
-848
-1053
-1273
-1504
-1697
-1866
-1988
-2049
-2044
-1974
-1832
-1645
-1420
-1176
-916
-672
-456
-253
-92
45
130
170
146
68
-87
-323
-643
-1053
-1506
-2006
-2543
-3095
-3622
-4106
-4536
-4882
-5131
-5277
-5308
-5252
-5101
-4838
-4458
-3992
-3467
-2903
-2328
-1736
-1142
-553
47
652
1257
1844
2406
2947
3492
4047
4579
5114
5616
6072
6503
6881
7184
7417
7551
7588
7497
7308
7030
6637
6157
5601
5000
4347
3655
2951
2271
1624
1001
427
-113
-597
-1019
-1393
-1714
-2005
-2270
-2520
-2766
-2978
-3154
-3308
-3434
-3532
-3587
-3589
-3541
-3431
-3259
-3027
-2753
-2420
-2047
-1654
-1224
-771
-316
107
479
801
1088
1327
1510
1643
1713
1732
1710
1622
1503
1375
1233
1081
914
746
596
454
320
204
94
-17
-151
-294
-454
-635
-829
-1030
-1215
-1390
-1540
-1652
-1743
-1786
-1778
-1732
-1638
-1500
-1324
-1135
-936
-725
-548
-387
-241
-114
-17
54
92
91
43
-83
-274
-530
-828
-1171
-1562
-1981
-2410
-2848
-3274
-3659
-3997
-4257
-4437
-4533
-4536
-4448
-4280
-4020
-3668
-3252
-2784
-2267
-1722
-1159
-592
-36
506
1020
1523
2015
2489
2964
3446
3910
4369
4807
5201
5565
5896
6181
6396
6531
6575
6536
6416
6204
5904
5529
5083
4586
4035
3448
2848
2249
1659
1084
546
57
-386
-772
-1113
-1411
-1659
-1878
-2065
-2225
-2368
-2496
-2601
-2693
-2766
-2821
-2843
-2811
-2731
-2602
-2440
-2249
-2025
-1755
-1443
-1107
-739
-385
-48
264
546
787
984
1151
1269
1346
1365
1324
1258
1157
1036
900
745
581
425
282
141
20
-95
-199
-317
-441
-567
-689
-807
-939
-1074
-1210
-1337
-1463
-1565
-1641
-1685
-1687
-1653
-1571
-1465
-1319
-1134
-910
-678
-442
-219
-11
189
351
470
538
563
541
468
363
202
-7
-253
-536
-855
-1198
-1546
-1908
-2273
-2631
-2975
-3285
-3546
-3728
-3840
-3887
-3864
-3767
-3596
-3359
-3060
-2702
-2292
-1847
-1386
-927
-463
9
479
950
1404
1839
2265
2680
3083
3471
3848
4205
4526
4810
5058
5267
5413
5501
5509
5442
5301
5081
4794
4446
4063
3643
3193
2728
2248
1761
1287
840
419
31
-317
-623
-896
-1142
-1348
-1526
-1680
-1809
-1921
-2012
-2083
-2133
-2173
-2182
-2159
-2097
-1995
-1858
-1691
-1497
-1266
-1007
-742
-474
-193
83
346
567
763
941
1069
1148
1188
1196
1172
1111
1023
918
792
638
466
286
110
-56
-224
-403
-582
-750
-904
-1029
-1145
-1250
-1331
-1388
-1415
-1446
-1481
-1490
-1482
-1460
-1431
-1387
-1325
-1243
-1155
-1057
-945
-814
-662
-494
-316
-132
33
172
289
375
447
501
540
535
488
397
240
37
-216
-504
-828
-1177
-1541
-1921
-2284
-2618
-2904
-3114
-3247
-3306
-3304
-3227
-3055
-2819
-2524
-2197
-1839
-1464
-1088
-722
-376
-33
300
624
934
1234
1535
1847
2175
2506
2830
3142
3433
3715
3981
4220
4421
4574
4666
4682
4605
4451
4228
3946
3614
3225
2803
2365
1927
1502
1095
722
379
77
-187
-413
-593
-738
-861
-977
-1083
-1184
-1279
-1360
-1433
-1499
-1556
-1605
-1634
-1634
-1594
-1511
-1389
-1232
-1054
-852
-617
-359
-100
156
388
596
768
887
962
994
993
951
862
735
573
402
233
60
-107
-265
-420
-558
-666
-747
-809
-860
-901
-935
-979
-1028
-1081
-1121
-1152
-1191
-1246
-1286
-1311
-1318
-1300
-1265
-1209
-1132
-1028
-907
-772
-626
-471
-327
-195
-88
1
70
128
169
190
201
184
162
144
143
149
149
143
113
50
-47
-172
-325
-499
-711
-955
-1213
-1476
-1715
-1931
-2113
-2243
-2326
-2355
-2324
-2237
-2090
-1896
-1649
-1371
-1093
-802
-501
-201
88
363
626
866
1098
1315
1524
1739
1951
2164
2366
2571
2754
2928
3080
3220
3331
3390
3404
3358
3276
3136
2938
2708
2450
2166
1867
1569
1277
999
747
517
302
113
-38
-163
-272
-373
-457
-537
-606
-658
-701
-734
-759
-784
-797
-791
-771
-735
-685
-602
-486
-352
-203
-56
83
212
327
431
520
576
598
580
530
446
320
172
8
-159
-319
-479
-621
-745
-855
-935
-1005
-1046
-1065
-1077
-1077
-1074
-1074
-1075
-1068
-1066
-1067
-1076
-1088
-1100
-1101
-1099
-1094
-1069
-1018
-953
-866
-762
-642
-513
-381
-252
-148
-46
29
91
132
143
129
86
22
-54
-154
-277
-404
-534
-651
-761
-871
-970
-1052
-1121
-1172
-1205
-1217
-1208
-1187
-1163
-1132
-1084
-1017
-929
-840
-744
-631
-512
-390
-259
-113
43
212
382
557
731
905
1082
1262
1442
1612
1764
1888
1992
2081
2139
2169
2173
2160
2127
2064
1983
1898
1812
1716
1611
1500
1390
1302
1218
1124
1022
923
828
734
646
552
460
369
279
201
130
49
-26
-77
-114
-144
-159
-168
-164
-133
-97
-82
-70
-43
-30
-19
-11
-9
-30
-67
-119
-173
-221
-274
-327
-379
-428
-480
-531
-571
-599
-613
-625
-647
-663
-689
-725
-767
-811
-844
-881
-917
-953
-974
-977
-960
-927
-883
-826
-767
-704
-633
-557
-484
-411
-350
-294
-241
-195
-134
-61
7
64
114
152
180
203
215
202
156
68
-66
-237
-436
-660
-900
-1138
-1374
-1608
-1815
-1976
-2087
-2156
-2181
-2148
-2070
-1939
-1757
-1546
-1314
-1074
-848
-633
-421
-212
-22
158
341
522
707
894
1081
1275
1485
1700
1908
2111
2314
2500
2657
2788
2883
2929
2927
2875
2780
2638
2457
2245
2007
1763
1514
1266
1030
815
626
447
296
171
55
-32
-103
-170
-230
-290
-348
-400
-444
-482
-518
-549
-579
-598
-592
-571
-528
-465
-385
-304
-215
-121
-36
47
119
180
225
249
252
229
183
125
42
-53
-158
-249
-338
-435
-513
-582
-645
-701
-744
-779
-809
-823
-835
-844
-847
-856
-867
-880
-885
-884
-884
-865
-830
-781
-734
-683
-624
-548
-455
-359
-265
-175
-95
-32
23
58
86
109
114
104
85
58
15
-34
-82
-126
-178
-221
-259
-305
-345
-378
-414
-448
-485
-532
-561
-577
-587
-583
-562
-539
-522
-488
-444
-401
-331
-246
-151
-51
64
174
285
397
491
572
634
691
741
778
808
828
839
852
863
873
883
887
890
886
885
883
878
859
830
792
746
702
647
586
526
476
428
392
359
329
307
303
295
278
285
290
295
317
342
353
358
369
377
365
339
302
262
223
184
143
96
51
5
-38
-76
-116
-162
-209
-243
-276
-310
-346
-371
-396
-416
-438
-468
-497
-525
-538
-549
-563
-582
-597
-609
-624
-637
-646
-656
-660
-660
-646
-617
-580
-538
-491
-436
-374
-321
-278
-232
-205
-183
-165
-165
-167
-173
-192
-220
-247
-278
-317
-357
-392
-431
-465
-504
-561
-613
-672
-733
-794
-856
-915
-964
-994
-1018
-1011
-973
-920
-848
-746
-628
-497
-346
-185
-17
158
328
483
644
802
933
1049
1157
1253
1339
1416
1480
1535
1579
1622
1660
1687
1705
1720
1724
1721
1696
1644
1563
1469
1356
1216
1065
894
717
546
379
221
73
-57
-168
-252
-300
-336
-357
-364
-359
-345
-333
-317
-295
-265
-233
-209
-191
-174
-162
-149
-139
-135
-129
-114
-98
-89
-82
-78
-78
-85
-92
-113
-144
-178
-218
-266
-322
-383
-444
-501
-552
-599
-642
-680
-719
-750
-773
-789
-806
-813
-812
-814
-807
-804
-790
-771
-741
-700
-656
-609
-559
-503
-452
-393
-330
-265
-197
-126
-59
-1
52
96
134
167
198
214
219
220
211
183
145
90
22
-52
-141
-239
-335
-439
-534
-627
-712
-775
-829
-847
-851
-834
-796
-735
-654
-555
-446
-333
-211
-90
31
148
258
365
463
553
641
730
823
915
1005
1093
1176
1249
1318
1383
1429
1455
1460
1454
1428
1374
1303
1211
1118
1016
917
808
694
583
475
385
307
244
193
148
108
79
45
15
-11
-36
-56
-79
-98
-120
-131
-143
-152
-147
-138
-121
-95
-66
-30
-2
26
48
59
70
68
55
36
2
-38
-76
-121
-173
-222
-273
-315
-353
-384
-416
-449
-479
-509
-539
-568
-596
-619
-643
-661
-671
-682
-686
-684
-678
-664
-642
-616
-585
-551
-509
-470
-425
-373
-323
-276
-236
-196
-166
-144
-125
-108
-92
-71
-58
-55
-47
-38
-36
-37
-39
-46
-55
-74
-93
-117
-146
-180
-215
-250
-279
-300
-315
-320
-313
-291
-260
-222
-177
-124
-66
-2
63
125
185
242
306
362
411
448
482
512
535
561
589
617
651
690
723
752
774
781
788
790
775
751
713
666
615
551
484
416
348
284
220
166
120
77
47
22
9
3
-9
-21
-35
-50
-60
-71
-87
-103
-116
-125
-128
-131
-136
-128
-118
-105
-86
-70
-52
-27
-7
10
12
5
-8
-27
-51
-78
-106
-134
-169
-191
-207
-226
-233
-243
-246
-248
-259
-271
-286
-308
-333
-364
-399
-435
-469
-501
-536
-554
-560
-554
-539
-513
-470
-422
-371
-314
-265
-219
-179
-137
-105
-84
-68
-56
-55
-56
-63
-69
-69
-61
-48
-33
-12
11
40
68
93
111
119
124
123
110
90
69
47
30
14
1
-5
-6
1
20
45
83
126
172
221
267
308
349
385
415
448
473
493
507
515
524
522
518
519
519
514
510
503
497
485
468
448
426
403
376
345
308
269
225
180
135
94
46
10
-26
-59
-86
-119
-144
-170
-195
-212
-222
-224
-226
-228
-225
-226
-222
-214
-210
-199
-190
-185
-181
-176
-172
-170
-170
-167
-163
-163
-160
-166
-169
-180
-197
-212
-228
-241
-255
-270
-278
-290
-295
-304
-314
-322
-332
-330
-334
-341
-352
-361
-369
-377
-374
-368
-362
-350
-330
-308
-280
-252
-214
-178
-137
-98
-66
-34
-16
3
13
24
38
47
59
71
80
92
97
102
114
125
137
154
171
180
188
194
199
201
198
197
196
197
198
200
205
209
215
227
236
250
264
272
277
279
281
280
281
284
283
287
289
290
287
280
277
268
263
258
249
237
218
200
177
157
143
127
110
91
71
58
47
34
27
20
16
12
9
5
-9
-23
-38
-61
-73
-86
-96
-101
-103
-98
-98
-89
-78
-63
-48
-34
-23
-20
-27
-38
-49
-69
-88
-108
-135
-159
-181
-199
-209
-218
-222
-219
-210
-204
-203
-201
-199
-203
-219
-235
-247
-264
-281
-292
-301
-307
-310
-308
-299
-280
-259
-230
-199
-168
-134
-109
-81
-62
-44
-29
-13
-1
7
6
8
11
13
26
37
45
57
70
74
77
83
85
82
78
72
67
55
47
34
35
39
40
47
57
78
91
108
127
141
151
155
155
157
155
149
143
142
140
139
145
151
167
181
196
209
219
227
228
226
220
207
187
159
127
97
74
46
28
23
17
17
15
24
32
39
39
40
38
28
24
9
-3
-20
-44
-68
-88
-100
-108
-108
-103
-94
-86
-76
-66
-54
-50
-49
-47
-54
-55
-69
-78
-89
-99
-108
-116
-116
-109
-104
-90
-77
-64
-46
-39
-33
-33
-41
-51
-63
-80
-103
-121
-137
-148
-156
-154
-151
-148
-136
-124
-111
-103
-94
-91
-93
-93
-98
-104
-104
-105
-100
-90
-78
-65
-45
-25
0
21
47
71
90
105
112
114
109
100
91
81
72
71
75
86
97
106
124
133
147
159
166
172
173
174
167
162
150
134
121
102
85
70
62
59
56
59
67
77
84
89
92
87
81
73
64
54
46
35
30
26
30
33
33
42
48
52
50
44
34
21
9
-3
-19
-39
-59
-77
-92
-103
-110
-119
-120
-119
-115
-106
-103
-100
-98
-97
-98
-108
-114
-115
-121
-125
-123
-117
-109
-101
-94
-82
-71
-60
-53
-48
-42
-39
-35
-37
-35
-34
-40
-40
-45
-45
-45
-39
-30
-27
-27
-23
-25
-30
-30
-34
-37
-34
-35
-38
-38
-36
-36
-32
-30
-22
-18
-13
-4
5
14
16
22
25
27
30
30
32
35
39
45
45
50
60
64
70
73
76
77
75
77
77
78
84
89
88
86
85
87
80
76
74
72
70
72
77
79
79
80
80
82
79
76
67
58
50
41
29
20
13
6
7
-5
-6
-10
-15
-15
-16
-12
-13
-16
-18
-17
-23
-28
-35
-41
-44
-47
-48
-48
-49
-49
-48
-49
-52
-54
-56
-59
-62
-64
-65
-70
-72
-70
-74
-72
-67
-64
-58
-58
-52
-43
-37
-25
-16
-4
10
15
22
27
34
36
36
37
36
33
30
22
13
10
2
-1
-2
1
-1
-4
-5
-9
-14
-14
-15
-19
-29
-31
-37
-41
-48
-57
-59
-65
-65
-59
-56
-54
-45
-37
-31
-21
-12
-1
8
14
19
29
31
34
40
43
53
57
58
64
72
74
78
77
83
86
86
90
86
84
81
73
69
62
52
48
34
26
15
1
-6
-15
-19
-25
-27
-35
-36
-40
-44
-44
-43
-39
-41
-38
-33
-33
-32
-34
-34
-32
-34
-33
-34
-30
-32
-34
-30
-26
-23
-16
-11
-10
-6
2
5
8
13
17
25
24
27
32
31
31
32
35
34
31
21
14
8
2
-3
-13
-22
-25
-31
-35
-36
-32
-31
-24
-15
-10
-2
7
13
19
25
27
28
24
20
19
16
13
8
2
3
6
4
7
10
13
19
18
21
18
16
14
6
0
-7
-13
-23
-30
-40
-45
-46
-52
-50
-50
-52
-48
-42
-38
-32
-27
-24
-14
-11
-3
1
3
5
4
2
4
3
2
7
5
7
6
11
12
15
25
27
29
36
45
46
51
53
55
56
52
51
44
37
29
18
7
1
-10
-14
-15
-17
-11
-9
-9
-6
-6
-3
-5
-10
-13
-21
-30
-37
-48
-52
-61
-65
-65
-60
-55
-51
-42
-33
-22
-11
-4
3
11
21
28
26
29
30
24
18
13
12
10
10
9
14
16
20
24
24
27
28
29
24
20
14
3
-1
-5
-9
-13
-16
-20
-20
-17
-13
-10
-5
-1
1
4
3
8
6
4
5
2
5
1
-1
-2
-4
-7
-6
-7
-9
-7
-7
-6
-4
-5
-7
-7
-13
-15
-14
-12
-18
-20
-20
-24
-21
-20
-14
-10
-6
0
5
6
11
13
17
16
20
24
26
28
31
34
39
39
41
40
38
39
35
31
27
24
18
14
10
6
-1
-4
-7
-9
-7
-6
-8
-10
-9
-11
-10
-11
-12
-8
-9
-11
-10
-10
-11
-9
-9
-10
-10
-2
-2
0
5
10
15
15
17
16
11
7
6
5
1
1
-1
-4
-2
2
2
3
5
5
2
0
-3
-9
-15
-18
-23
-22
-26
-29
-25
-19
-21
-18
-12
-14
-9
-7
-1
-2
2
3
2
5
-1
-3
-5
-8
-6
-6
-9
-8
-8
-7
-3
-1
-2
0
1
1
-1
-7
-11
-16
-17
-16
-15
-16
-14
-9
-10
-6
0
2
5
3
3
4
4
3
1
-1
-1
-3
-3
-5
-3
-4
2
3
1
6
7
12
10
11
12
11
11
6
3
3
0
-5
-3
-3
-7
-5
-3
-3
-2
-2
-3
-3
-2
-7
-8
-3
-5
-2
1
4
8
12
15
17
21
21
20
22
19
16
7
3
2
-3
-5
-4
-5
-6
-7
-8
-6
-5
5
6
8
10
10
7
5
4
-1
-4
-5
-4
-8
-8
-7
-6
-9
-10
-4
-4
-5
3
8
9
13
12
14
17
18
18
24
25
30
29
27
30
28
24
19
16
11
7
3
1
-5
-12
-16
-20
-21
-24
-22
-19
-18
-19
-16
-17
-21
-23
-24
-25
-28
-29
-31
-29
-29
-28
-28
-27
-24
-20
-14
-10
-1
7
10
14
15
16
17
16
19
18
19
22
22
22
23
23
23
23
21
19
12
9
1
-4
-9
-14
-18
-24
-24
-23
-23
-24
-17
-16
-12
-8
-2
3
4
6
4
5
3
1
-1
0
-1
3
5
5
8
6
10
15
20
23
26
25
25
22
19
17
11
9
13
8
9
4
-1
-6
-9
-8
-9
-12
-14
-15
-17
-25
-23
-25
-28
-25
-22
-14
-13
-7
0
6
7
12
16
15
18
17
12
13
9
3
0
1
-1
-2
-4
-6
-3
-3
0
4
1
4
4
-2
-4
-6
-9
-9
-14
-17
-14
-16
-21
-19
-21
-21
-17
-12
-9
-8
-7
-7
-7
-8
-6
-2
1
-1
4
3
6
10
10
16
15
21
23
22
21
20
17
14
14
10
9
3
3
-2
-3
2
1
1
5
8
7
11
9
10
11
6
7
7
6
4
2
-1
-3
-1
-3
-1
0
6
7
6
9
9
4
5
6
4
2
1
1
3
1
0
1
4
4
2
4
5
4
3
5
7
10
7
5
5
2
2
-2
-3
-5
-8
-9
-14
-15
-15
-16
-16
-18
-21
-20
-20
-18
-19
-16
-18
-17
-15
-20
-20
-22
-21
-20
-24
-20
-20
-17
-15
-17
-12
-14
-14
-12
-4
-4
-1
2
2
0
-2
2
3
4
5
5
8
8
9
8
13
15
13
18
17
16
17
16
14
10
8
8
5
3
4
4
-1
1
-1
-2
2
0
3
5
3
1
4
3
-1
-2
0
1
1
2
1
-2
-1
1
1
2
2
2
1
4
6
4
4
6
5
6
8
9
9
9
10
13
15
16
15
16
20
18
17
16
10
12
9
3
-1
-1
-6
-5
-8
-3
-2
-3
-3
-7
-2
-7
-7
-10
-9
-13
-15
-18
-21
-22
-25
-28
-32
-30
-22
-17
-12
-8
-3
0
-3
-3
-1
3
3
3
2
-1
1
-1
-3
-1
0
-2
-1
-2
-2
2
0
4
8
10
12
13
13
4
3
3
0
-1
1
0
-1
3
-1
0
3
3
2
4
0
4
1
-3
0
-2
-7
-5
0
-2
1
2
2
7
6
10
14
13
15
12
13
9
4
5
1
-4
-3
-7
-6
-5
-7
-5
-4
-3
-1
4
3
6
9
10
11
11
5
4
2
5
4
-1
-3
-1
0
-1
1
-2
-3
-3
-5
-4
-6
-4
-4
-2
-2
-3
0
-1
2
-5
-5
-7
-8
-6
-8
-8
-6
-8
-7
-3
0
2
5
7
8
13
11
13
13
11
9
8
6
7
3
0
0
-4
-5
-2
-4
1
5
3
6
7
11
9
7
1
-1
-4
-7
-11
-10
-9
-4
-5
-5
-5
-5
3
5
9
11
8
6
5
1
-3
-5
-5
-5
-6
-7
-8
-6
-9
-11
-10
-7
-3
5
11
11
13
18
17
17
18
12
6
3
1
1
1
-3
-7
-6
-11
-13
-16
-13
-14
-16
-15
-12
-7
-9
-8
-11
-7
-8
-6
-5
-5
-7
-7
-8
-12
-14
-16
-12
-10
-3
3
6
5
6
6
4
10
8
9
9
10
9
10
10
8
9
6
8
6
-2
-6
-4
-7
-6
-7
-3
1
6
4
3
6
7
5
5
5
0
-2
-7
-11
-12
-10
-4
-6
-1
-6
-9
-14
-16
-18
-18
-17
-9
-3
0
3
1
1
-3
4
4
4
-1
-3
1
-3
-5
-5
-6
-11
-8
-7
-9
-9
-17
-16
-10
0
4
9
13
13
12
11
12
13
12
12
12
12
9
2
-2
-6
-12
-12
-6
-9
-8
-8
-11
-9
-9
-7
-4
0
4
8
8
9
8
9
10
12
15
16
15
17
15
14
16
18
19
18
17
15
10
7
6
8
9
8
7
4
4
1
-1
0
0
2
1
2
0
-1
-1
-1
-2
-3
-2
-1
-2
0
-3
-6
-8
-9
-2
1
3
7
10
12
13
13
16
14
13
10
4
3
-3
-9
-16
-19
-23
-22
-20
-20
-19
-17
-14
-11
-5
-3
0
6
1
2
1
0
0
-2
3
4
3
2
2
1
-1
4
6
7
8
9
7
7
9
7
6
5
3
5
2
1
1
-5
-3
-7
-9
-6
-8
-6
-7
-5
-1
-3
-7
-2
0
-1
2
0
-1
2
4
5
4
3
2
1
-1
-1
-5
-5
-3
-2
0
-1
-2
-3
-3
0
4
3
4
5
4
7
5
4
0
1
-2
-6
-7
-11
-11
-14
-15
-16
-14
-11
-11
-8
-8
-5
-10
-7
-2
-2
-2
-6
-5
-10
-13
-15
-9
-9
-5
-3
-2
1
1
-1
-1
4
9
10
10
16
14
9
7
3
-1
-4
-4
-4
-5
-4
-4
-4
-1
-1
-1
3
-3
-3
-6
-9
-8
-11
-14
-16
-14
-13
-8
-10
-9
-3
-1
1
2
3
6
6
6
6
1
4
4
-1
1
-1
0
-1
-2
1
2
2
7
7
11
16
12
17
16
14
13
11
9
10
10
11
13
12
11
13
13
13
13
12
7
7
7
6
1
-3
-3
-2
-3
-5
-3
-3
-4
-7
-5
-6
-8
-8
-8
-6
-5
-5
-1
-3
0
2
3
3
1
5
6
7
7
11
13
14
10
6
3
-2
-3
-6
-8
-8
-8
-6
-2
-1
1
1
-1
4
5
12
9
4
10
5
6
3
2
3
-1
0
-2
-5
-6
-2
-2
-2
1
2
4
5
4
2
2
2
0
0
-2
-3
0
-1
-1
-3
-2
0
2
0
-2
0
-1
0
-1
-2
2
3
1
-3
-5
-5
-6
-8
-3
-5
-5
-5
-7
-5
-4
-7
-5
-5
-3
-5
-9
-9
-11
-11
-10
-12
-13
-12
-12
-12
-12
-10
-10
-7
-5
-4
-2
0
5
9
11
14
17
20
19
19
19
17
16
14
10
9
7
6
6
3
-1
-3
-1
-4
-6
-5
-6
-5
-7
-11
-11
-15
-12
-11
-12
-13
-14
-10
-10
-6
-6
-3
-2
-4
-1
0
0
-1
1
1
-1
4
0
-1
-2
-5
-6
-7
-4
-4
1
-1
2
4
5
5
5
7
4
3
3
2
1
1
-2
-2
2
4
12
12
13
14
11
12
13
8
7
5
6
7
2
1
-1
-1
-4
-5
-5
-6
-7
-7
-6
-3
-2
-3
0
2
-1
0
-5
-7
-6
-4
-3
-5
-4
-1
-3
-3
0
1
1
4
3
3
1
3
4
0
0
-1
1
2
7
5
2
3
3
4
3
1
1
0
-1
-1
0
5
4
7
5
3
6
1
0
1
-3
-4
0
4
5
4
2
0
0
0
-1
-3
-8
-6
-7
-7
-9
-4
-2
-3
2
3
0
2
1
1
1
1
4
5
9
6
4
4
1
-3
-5
-6
-6
-4
-1
-3
-5
-1
-3
-5
-4
-5
-4
0
-3
-5
-5
-4
-4
-5
-2
-4
-2
0
1
0
0
7
9
9
9
9
10
8
8
9
10
12
9
7
3
3
-3
-4
-3
-3
-2
-1
1
-3
-2
-1
-2
1
4
7
12
13
11
9
11
10
14
11
7
8
1
-1
-6
-5
-9
-9
-7
-10
-8
-7
-3
-4
-6
-6
-5
-4
-3
-5
-5
-6
-7
-6
-4
-7
-7
-7
-4
-6
-5
-3
-5
-1
5
6
8
9
9
6
3
2
-3
-2
-6
-8
-10
-12
-14
-14
-9
-5
-4
-1
1
6
6
3
1
1
-3
-6
-9
-13
-12
-10
-10
-9
-5
-3
0
0
7
7
9
14
15
16
15
15
13
9
1
0
-3
-7
-10
-6
-4
-3
-2
-1
1
2
2
5
5
1
2
0
-2
-2
-8
-9
-8
-12
-10
-7
-7
-5
1
1
5
4
4
10
6
2
2
2
0
-4
-6
-6
-9
-10
-8
-6
-4
2
4
5
10
10
9
10
9
7
9
5
6
1
-4
-3
-4
-4
-2
2
5
7
9
11
11
10
8
7
8
8
6
4
6
3
3
0
-1
-3
-1
4
4
6
3
6
2
3
3
0
-1
-6
-8
-11
-11
-10
-12
-8
-9
-6
-2
1
4
5
12
9
8
9
8
4
2
-1
-4
-5
-7
-5
-5
-4
-3
-5
-3
-2
-2
-2
1
0
2
-2
-1
-2
-4
-4
-8
-5
-3
-5
-1
1
1
5
6
5
4
2
1
1
1
1
-4
-6
-5
-7
-8
-5
-6
-5
-4
0
-1
2
3
0
5
1
0
-1
-4
-6
-2
-4
-8
-4
-4
-5
-5
-1
-1
-3
-1
-1
-3
-2
0
-4
-5
-7
-5
-8
-8
-7
-6
-7
-6
-8
-6
-2
-3
-2
-1
-1
0
0
-4
0
1
-1
2
3
3
3
3
4
2
4
5
3
6
9
7
4
5
4
0
1
4
3
5
7
6
5
5
6
6
6
7
7
4
4
7
4
0
-2
0
3
3
1
4
2
0
3
4
5
6
6
6
3
3
0
2
0
-1
1
-5
-5
-5
-3
-2
-3
1
1
1
1
3
1
1
1
2
1
-1
-1
1
-3
-3
-2
-3
2
1
1
3
3
2
4
4
5
7
7
5
5
1
1
-1
-4
-4
-6
-2
0
-2
1
2
1
0
0
6
3
3
5
2
1
-1
-2
0
-1
-4
-1
-3
-2
-2
0
-2
-5
-2
-1
-1
-1
0
0
0
-3
-2
-3
-3
-3
-4
-4
-3
-4
-3
-1
-2
-2
-3
-2
-3
-4
-6
-3
-5
-6
-3
-4
-3
-5
-2
-5
-7
-1
1
3
3
2
-1
4
0
2
2
2
1
2
2
-3
-2
-4
-4
-3
-3
-1
-1
-1
1
-3
1
-1
0
-1
1
0
-4
-2
-3
-4
-4
-3
-3
-1
1
1
2
2
3
5
1
1
-1
-5
-1
-2
-3
-4
-4
-3
-2
0
-1
-1
1
-1
0
0
1
0
2
6
2
1
2
2
2
2
-1
-1
-2
0
1
0
2
-2
0
2
0
2
4
4
2
6
3
5
4
2
4
1
3
2
3
3
0
3
6
5
4
3
2
3
3
2
2
4
3
2
4
3
2
5
3
6
4
5
4
2
5
6
4
3
1
2
4
4
0
-1
3
0
-1
-2
0
-2
-3
2
-2
-2
-3
-1
-1
2
2
4
4
-1
2
5
0
0
1
1
1
1
-1
-4
-2
-5
-4
-6
-7
-5
-3
-2
-2
-5
-6
-4
-5
-6
-8
-4
-7
-3
-5
-3
-6
-6
-3
-4
0
1
-1
-2
-3
-5
-5
-6
-5
-5
-5
-8
-4
-4
-8
-4
-1
0
-2
-1
0
1
0
-2
-3
-4
-5
-2
-4
-5
-1
-3
-4
-4
-1
0
3
4
5
5
7
4
3
5
5
1
1
3
-1
2
-3
0
-1
-2
-1
-3
-1
1
2
3
4
4
5
4
2
1
0
-1
4
2
1
3
0
4
2
3
2
4
4
1
7
5
4
4
3
2
4
1
-1
1
-2
-3
-3
0
-1
-1
-2
-1
1
-4
-4
-3
-1
-1
-1
-1
0
2
4
1
2
1
-1
0
-2
-2
-3
-3
-4
-3
-5
-4
-6
-4
-2
-4
-2
-3
1
-1
-1
-1
1
3
-1
2
-1
2
-1
0
5
5
5
7
8
11
11
9
9
8
10
8
4
5
2
5
1
1
1
0
2
3
2
3
6
3
7
5
7
5
3
7
5
4
0
-2
4
0
1
2
0
3
1
1
0
2
-1
0
-2
-5
-4
-6
-7
-7
-9
-8
-8
-7
-10
-8
-5
-6
-4
-4
-3
-5
-5
-4
-3
-3
-5
-4
-4
-4
-2
0
1
0
0
2
3
1
0
3
1
1
2
2
0
0
-3
-2
-4
-5
-5
-2
-1
-5
-3
-3
-2
-1
0
-1
-2
-4
-2
0
0
0
1
2
5
3
4
3
1
2
2
-1
-4
-3
-6
-7
-10
-10
-9
-8
-7
-8
-4
-2
-4
2
2
0
7
3
3
6
3
1
0
3
2
0
-1
0
2
1
1
2
3
5
5
7
6
7
2
4
3
0
3
-2
-3
0
-4
-1
-1
-2
0
3
4
4
4
3
4
3
2
4
2
1
-1
-2
-2
-5
-2
-2
-5
-3
-3
-3
-1
0
1
-1
0
0
-2
-2
1
2
0
1
2
1
1
3
5
5
6
6
5
7
7
3
3
2
3
5
2
0
1
6
3
2
2
2
2
0
-1
-3
-3
-1
-2
-1
1
-1
2
1
1
3
3
3
5
4
4
5
3
5
1
0
2
2
0
0
0
0
-2
0
0
-4
-6
-6
-8
-6
-6
-6
-5
-4
-5
-9
-6
-1
0
-2
0
0
0
4
5
1
0
2
-1
1
1
-1
1
2
-2
0
1
1
-3
-6
-3
-3
-3
-2
-2
-3
-2
-1
-5
-4
-1
-1
-3
0
0
-2
-4
-6
-4
-4
1
0
1
0
0
2
3
2
4
8
3
7
8
8
6
2
1
1
-1
-2
0
-2
-3
-2
-1
1
0
0
4
3
3
0
-3
-3
-4
-6
-6
-9
-9
-8
-7
-5
-7
-3
-2
-1
1
3
5
6
5
2
3
1
1
-3
-6
-8
-6
-6
-6
-4
-6
-2
-3
1
2
3
3
1
3
0
-1
-1
-5
-5
-8
-8
-6
-6
-8
-3
2
4
6
7
9
11
12
13
14
11
10
10
7
4
1
-4
-4
-3
-6
-6
-6
-4
-5
-5
-2
-5
-6
-3
-2
-3
-2
-6
-3
-3
-5
-4
-6
-5
-3
-3
-2
-2
0
4
9
12
12
14
17
13
15
16
12
9
6
3
2
0
-1
3
2
3
4
7
4
8
8
5
7
7
7
7
8
5
2
-2
-6
-10
-12
-11
-10
-8
-4
-5
-3
2
3
4
4
1
2
4
0
-2
-5
-7
-8
-11
-13
-15
-15
-11
-10
-7
-4
-1
-1
4
7
8
10
9
11
8
5
4
-3
-4
-5
-3
-6
-4
-2
-9
-1
1
2
2
5
6
4
8
8
5
4
4
5
-1
-5
-5
-6
-7
-7
-7
-5
1
2
4
4
6
11
7
10
8
6
4
4
2
0
-3
-5
-5
-5
-3
-1
0
5
6
9
11
8
6
5
0
-4
-7
-9
-8
-10
-10
-9
-10
-12
-12
-11
-14
-9
