SAMPLES:	15952
BITSPERSAMPLE:	16
CHANNELS:	1
SAMPLERATE:	16000
NORMALIZED:	FALSE
8
4
-9
-15
-20
-22
-17
-10
5
4
-7
-12
-12
-8
-8
-8
-7
-3
-3
-6
-5
-1
-5
-7
-8
-2
0
1
10
18
30
41
51
62
63
59
55
54
46
36
28
24
29
28
29
37
47
49
38
30
28
27
23
18
26
25
15
4
-2
-14
-29
-36
-42
-42
-48
-49
-48
-49
-54
-58
-56
-60
-64
-60
-58
-60
-62
-59
-56
-48
-41
-33
-31
-27
-26
-24
-14
-11
-3
0
10
21
24
26
27
26
18
11
11
8
-1
-8
-7
-5
-5
-11
-22
-25
-24
-23
-25
-22
-25
-28
-37
-42
-38
-38
-39
-41
-40
-32
-29
-29
-25
-15
-6
4
10
15
18
19
22
31
34
43
52
48
55
56
49
46
54
53
47
46
45
46
45
44
45
34
30
31
28
30
26
28
19
7
-9
-23
-28
-25
-26
-29
-30
-23
-20
-22
-16
-16
-15
-14
-11
-14
-20
-18
-16
-24
-27
-27
-28
-27
-25
-25
-20
-17
-8
-1
8
19
18
29
38
41
43
42
40
39
37
25
17
16
12
12
11
14
13
7
11
11
12
7
0
-1
-1
-2
-7
-7
-6
-11
-11
-7
-2
2
-5
-8
-1
-7
-4
6
10
9
13
25
27
22
18
12
10
2
6
6
7
6
1
-1
-10
-11
-16
-11
-7
-4
-1
1
1
0
-8
-17
-24
-28
-33
-33
-23
-29
-33
-34
-40
-39
-47
-52
-49
-48
-42
-33
-28
-28
-25
-27
-29
-27
-22
-24
-25
-21
-18
-12
1
12
14
13
9
4
-2
-10
-7
-6
-9
-5
-1
10
13
16
15
12
13
8
8
12
9
11
16
19
29
32
39
44
46
49
53
54
53
42
38
38
39
39
41
42
40
41
42
45
37
29
27
25
23
18
15
9
5
6
8
-1
-8
-11
-11
-10
-7
-9
2
2
1
4
2
-4
-14
-20
-23
-25
-29
-34
-41
-44
-46
-49
-41
-30
-24
-21
-23
-26
-33
-34
-26
-20
-13
-25
-26
-16
-8
-3
-9
-8
-3
-1
-2
-4
-4
-8
-9
-7
2
3
3
3
-1
0
0
-1
0
1
-8
-18
-26
-25
-30
-38
-39
-34
-31
-32
-34
-35
-33
-36
-30
-20
-12
-6
1
5
7
4
-2
-7
-2
0
3
9
11
9
6
6
13
15
21
29
34
41
45
48
49
53
53
50
44
47
49
45
49
49
49
49
44
43
44
45
44
37
36
32
30
24
19
17
3
-10
-11
-13
-13
-9
-7
-1
4
1
-4
-10
-13
-16
-14
-12
-14
-16
-16
-17
-22
-20
-15
-10
-3
-3
-3
-6
-9
-14
-15
-19
-22
-30
-34
-37
-43
-45
-43
-43
-37
-31
-28
-29
-30
-27
-23
-18
-16
-11
-10
-12
-15
-18
-22
-24
-17
-18
-11
-4
0
1
4
10
11
14
16
10
7
12
11
6
13
19
18
20
23
23
25
25
27
24
22
17
9
6
8
10
8
5
7
13
13
17
17
12
14
15
5
2
-10
-17
-19
-25
-20
-21
-22
-24
-25
-25
-28
-25
-20
-16
-11
-11
-4
-5
-5
-12
-8
-5
-9
-13
-18
-22
-25
-23
-23
-17
-15
-14
-13
-13
-9
-13
-14
-12
-7
-3
-4
0
-3
-3
-2
2
14
23
37
36
30
23
15
5
-1
2
5
16
19
17
18
18
21
25
29
33
32
43
43
39
30
24
21
19
25
25
23
23
27
22
20
21
24
27
33
41
38
32
29
18
9
8
7
5
1
-5
-10
-14
-9
-3
6
8
10
0
-9
-15
-18
-15
-15
-14
-15
-21
-24
-31
-32
-32
-26
-20
-13
-5
4
8
1
-3
-6
-7
-9
-11
-3
1
4
0
-10
-22
-34
-33
-33
-29
-15
-17
-17
-16
-17
-13
-8
-5
-5
-4
-11
-16
-22
-24
-22
-22
-12
-4
1
4
1
5
11
13
10
5
-2
-10
-16
-20
-24
-28
-35
-37
-35
-36
-40
-45
-44
-47
-39
-26
-10
6
11
13
13
10
2
7
8
13
14
17
16
7
1
5
12
24
27
32
37
40
42
41
42
37
38
35
26
12
2
-5
-13
-19
-22
-24
-17
-10
-4
2
6
11
8
8
9
11
17
21
17
11
2
-3
-5
-1
4
6
10
16
21
22
25
20
21
27
30
29
24
11
-1
-13
-19
-22
-27
-33
-35
-35
-38
-33
-30
-27
-23
-13
-7
-3
-1
-12
-17
-18
-17
-15
-10
-8
-6
-5
-9
-2
7
18
31
46
56
52
44
41
31
26
19
12
6
-6
-16
-24
-31
-37
-39
-37
-30
-23
-18
-15
-7
-1
4
3
0
3
6
7
7
9
4
1
6
8
13
18
23
27
30
34
33
37
40
38
36
35
32
35
29
23
24
14
5
-6
-15
-26
-32
-37
-33
-22
-17
-20
-19
-13
-12
-12
-14
-16
-21
-27
-32
-31
-31
-35
-34
-34
-26
-13
-5
3
3
10
14
20
26
23
21
22
28
27
23
13
1
-7
-16
-16
-18
-17
-16
-13
-8
-7
-2
3
-4
-13
-11
-14
-19
-24
-25
-25
-28
-19
-12
-9
-5
6
20
32
38
37
28
18
14
2
-2
-4
-8
-15
-18
-24
-25
-33
-43
-49
-44
-41
-29
-15
-10
-8
-12
-12
-10
0
5
5
4
4
6
8
18
28
37
40
43
47
46
47
40
31
24
14
14
15
13
15
15
11
12
17
8
5
7
7
2
-1
-5
-14
-21
-21
-21
-25
-27
-24
-28
-26
-30
-33
-36
-33
-23
-24
-22
-21
-11
-13
-5
6
5
9
8
10
8
9
12
12
13
19
23
22
19
18
14
5
5
-3
-13
-14
-9
-7
-7
-6
-6
-14
-12
-10
-10
-9
-10
-12
-13
-12
-20
-15
-16
-11
-4
-3
5
15
23
21
30
31
33
34
30
37
42
43
45
43
44
45
42
35
33
34
34
40
40
42
38
37
26
21
15
4
-4
-5
-6
-7
-7
-6
-2
-8
-16
-21
-19
-22
-22
-23
-25
-26
-29
-33
-27
-21
-21
-22
-14
-14
-17
-21
-26
-24
-24
-18
-16
-14
-15
-17
-13
-12
-15
-15
-21
-21
-9
-5
-4
-3
0
0
-2
0
-3
10
16
14
12
8
-6
-12
-11
-14
-9
-9
-5
-2
-6
-8
-18
-19
-20
-17
-7
-2
3
-2
2
6
5
7
9
12
15
17
19
17
15
10
9
15
11
14
10
9
9
-1
-1
-7
-5
7
19
26
24
24
14
12
8
-1
-7
-13
-15
-13
-15
-14
-20
-24
-23
-24
-24
-22
-28
-28
-26
-33
-36
-38
-47
-52
-51
-53
-51
-51
-46
-38
-30
-24
-17
-16
-16
-13
-1
7
11
15
10
1
0
5
5
13
27
38
43
44
43
37
33
28
22
18
17
18
20
21
19
12
9
7
10
16
23
21
22
25
22
22
19
18
14
20
28
31
28
21
22
13
10
12
11
7
9
9
9
19
20
21
17
10
12
4
-2
1
1
-3
-1
1
-1
5
7
7
9
14
22
25
22
20
18
13
15
14
11
7
-4
-10
-18
-22
-28
-32
-29
-24
-22
-13
-2
-1
1
1
-3
-7
-7
-12
-15
-12
-16
-20
-30
-32
-34
-40
-36
-25
-19
-13
-1
5
8
15
17
13
6
2
-3
-13
-20
-30
-37
-37
-33
-34
-33
-36
-33
-23
-12
-4
4
11
12
15
18
17
14
5
0
-6
-19
-26
-23
-11
-3
7
18
18
22
27
23
20
16
11
13
9
5
1
-9
-16
-22
-27
-28
-29
-21
-13
-3
-3
2
1
8
19
25
33
33
25
17
18
11
12
11
7
3
3
9
13
9
13
21
28
33
40
36
31
22
14
11
2
-5
-12
-18
-19
-25
-30
-29
-18
-8
-5
-1
-1
6
13
24
25
22
17
10
6
-1
-11
-18
-13
-10
-7
-8
-11
-8
-10
-13
-18
-18
-21
-23
-19
-19
-15
-16
-17
-24
-31
-31
-35
-35
-36
-34
-29
-20
-12
-5
6
14
18
17
22
20
15
11
10
8
6
1
-3
-2
-8
-16
-21
-21
-18
-12
-8
-6
-10
-9
-3
2
10
15
15
18
17
13
8
13
12
13
20
22
20
13
17
22
25
33
38
41
38
38
41
34
25
19
24
22
19
20
17
19
22
16
13
8
-2
-8
-11
-8
-1
4
2
5
-1
-9
-19
-21
-19
-24
-20
-20
-19
-18
-14
-9
-7
-9
-16
-23
-25
-23
-18
-12
-11
-16
-24
-23
-21
-16
-11
-10
-13
-14
-10
-13
-19
-16
-11
-7
6
12
16
18
23
28
32
32
29
25
19
16
12
11
8
7
4
-1
-7
-10
-8
-5
-6
-6
-4
-5
-7
-9
-17
-24
-27
-25
-19
-10
-12
-5
-9
-16
-19
-20
-25
-26
-17
-6
-5
-5
-5
-7
-6
-6
-1
2
7
8
8
15
14
11
8
7
8
6
3
1
-7
-12
-13
-8
-12
-7
-7
-5
2
11
24
33
40
42
41
31
17
12
9
9
15
10
10
16
13
4
-2
-1
-6
1
3
-1
3
-6
-8
-4
-10
-18
-31
-33
-24
-6
6
8
8
1
-4
-2
6
13
18
18
7
4
-9
-15
-27
-35
-35
-40
-32
-29
-22
-21
-14
-3
-4
1
-5
-17
-32
-33
-26
-25
-19
-11
-1
-1
0
6
5
5
4
5
11
10
16
22
27
26
26
27
30
34
37
38
35
33
30
28
29
29
33
41
46
44
40
37
25
13
8
5
6
2
10
17
30
33
20
6
-11
-15
-24
-30
-25
-19
-15
-13
-17
-22
-22
-22
-21
-9
-1
4
-5
-19
-24
-28
-34
-39
-38
-49
-50
-49
-45
-27
-22
-17
-21
-27
-26
-30
-16
-5
7
16
13
5
-4
-14
-25
-15
4
16
24
24
20
13
5
5
6
8
7
-2
-4
0
0
-3
-4
-1
-12
-19
-17
-6
-2
-6
-8
-9
-12
-17
-18
-15
-7
-8
-17
-15
-14
-9
2
12
21
24
21
21
23
22
25
35
43
47
37
27
20
16
7
8
18
25
26
21
18
18
8
1
-11
-19
-15
-6
0
-8
-6
0
-5
-7
-4
1
13
19
23
19
14
7
1
1
13
13
19
24
27
24
7
1
-1
3
7
16
26
33
40
40
37
31
24
16
7
6
13
20
23
21
25
22
18
14
11
6
0
-6
-5
-5
-7
-9
-14
-17
-19
-25
-28
-22
-21
-30
-40
-48
-61
-72
-70
-54
-45
-44
-43
-42
-44
-49
-55
-57
-52
-49
-43
-42
-37
-34
-33
-32
-37
-39
-44
-47
-49
-41
-34
-33
-29
-14
7
25
37
42
43
40
41
33
32
36
29
28
30
25
21
12
12
17
22
22
18
21
19
18
18
15
8
1
1
-4
-4
-4
-4
4
5
7
13
15
24
33
40
40
37
31
27
25
26
29
26
18
8
3
2
9
15
23
27
31
32
29
27
20
15
4
-3
-11
-18
-21
-21
-21
-26
-33
-40
-37
-29
-28
-19
-7
-1
-5
-7
-8
-8
-10
-19
-29
-33
-36
-29
-24
-27
-21
-19
-17
-19
-18
-18
-14
-6
-3
-4
-4
-11
-23
-29
-20
-14
-21
-17
-12
-11
-6
3
7
18
34
44
41
39
31
31
35
40
34
15
13
11
15
21
20
21
18
12
11
8
9
11
6
6
9
5
0
0
-11
-14
-9
-8
-10
-13
-13
-12
-8
-12
-9
-7
-11
-7
0
2
2
-7
-13
-16
-19
-22
-21
-15
-13
-9
-4
-6
3
14
20
27
33
33
27
29
26
20
21
26
33
34
32
24
17
13
16
16
18
19
19
15
13
8
-4
-2
-4
3
5
0
-6
-18
-25
-31
-32
-27
-19
0
10
8
0
-5
-13
-15
-9
0
4
-6
-17
-22
-26
-28
-24
-15
-10
-12
-19
-24
-22
-26
-20
-3
11
15
10
7
-4
-12
-17
-20
-16
-19
-11
2
7
10
0
-3
-3
-2
4
6
16
13
13
9
0
-11
-26
-30
-31
-21
-19
-19
-20
-18
-20
-15
-12
-15
-12
-7
-5
-5
-8
-10
-14
-16
-11
-14
-15
-12
-9
0
3
7
7
12
12
12
21
30
43
34
32
32
31
33
38
47
50
52
55
55
50
40
23
6
-1
-3
-7
-11
-15
-19
-28
-30
-31
-32
-24
-17
-7
0
-3
-5
-13
-14
-11
-5
-3
-8
-11
-20
-18
-16
-23
-21
-26
-30
-25
-20
-11
-11
-7
0
-2
-6
-6
-1
3
3
8
15
15
19
22
26
33
35
39
49
60
64
55
53
50
38
28
24
21
13
7
7
4
-9
-15
-25
-32
-31
-26
-32
-30
-27
-28
-24
-19
-16
-15
-14
-14
-16
-20
-26
-30
-28
-23
-24
-22
-13
-7
-2
1
8
11
5
9
13
14
12
10
7
4
3
-7
-13
-9
-10
-8
-2
2
7
13
24
22
21
15
6
-2
-13
-15
-23
-28
-28
-29
-22
-21
-20
-21
-16
-5
2
14
18
18
15
12
10
1
0
-3
-4
-5
-14
-14
-18
-16
-11
-10
-2
6
10
11
9
14
16
12
14
15
11
15
20
23
27
21
21
25
22
25
31
39
38
30
30
31
26
16
13
13
10
8
5
6
5
2
0
-8
-13
-21
-29
-33
-38
-40
-42
-47
-51
-47
-43
-40
-33
-25
-18
-12
-5
0
5
-1
-8
-11
-16
-15
-19
-18
-15
-13
-10
-8
3
8
11
11
18
21
22
23
27
30
22
18
13
13
16
15
15
22
32
38
40
36
30
24
17
17
14
1
-7
-16
-20
-22
-26
-25
-23
-22
-22
-26
-24
-19
-16
-19
-17
-20
-21
-15
-15
-12
-17
-25
-33
-37
-38
-43
-39
-29
-23
-15
-7
-4
0
0
3
9
10
14
18
18
20
14
6
1
-3
-6
-2
7
18
22
30
40
44
51
51
46
50
45
42
35
24
5
-15
-24
-26
-30
-33
-34
-32
-32
-31
-25
-23
-13
0
11
17
19
19
15
16
17
18
19
19
22
23
20
19
23
23
28
36
41
43
47
50
43
30
18
15
9
6
-1
-9
-12
-22
-20
-19
-21
-21
-17
-9
-5
6
2
4
1
-9
-14
-25
-30
-37
-41
-41
-43
-45
-48
-57
-61
-58
-54
-53
-51
-45
-39
-34
-31
-24
-21
-18
-12
-11
-16
-19
-24
-27
-23
-14
-10
-8
-6
-1
11
18
33
38
41
47
46
41
38
34
31
29
24
21
15
13
10
8
17
25
34
40
44
48
44
39
37
30
22
14
10
-2
-10
-21
-36
-41
-36
-27
-17
-11
-6
-3
4
15
22
33
40
36
33
33
27
16
2
0
-1
-1
2
12
9
5
8
3
8
13
16
16
19
17
4
-2
-11
-23
-38
-46
-44
-45
-43
-37
-28
-26
-24
-18
-8
2
3
6
6
7
3
-13
-16
-21
-25
-23
-25
-29
-31
-27
-24
-20
-15
-11
-4
4
16
20
17
16
13
4
-4
-14
-18
-27
-32
-31
-32
-25
-21
-15
-8
-3
-5
-5
-5
0
6
5
10
9
10
7
5
1
-4
-3
0
6
6
8
11
9
12
16
18
18
16
8
9
7
5
7
2
9
4
5
7
11
19
24
29
36
35
30
32
33
30
26
25
26
23
25
29
28
27
23
22
18
16
10
6
5
5
1
-5
-3
-9
-7
-9
-11
-10
-11
-8
-4
-4
-7
-8
-11
-10
-6
-7
-8
-9
-14
-18
-25
-30
-32
-31
-29
-27
-27
-22
-18
-19
-23
-27
-27
-29
-33
-36
-34
-30
-28
-27
-21
-20
-21
-20
-19
-15
-12
-4
6
14
22
25
24
25
24
18
15
12
10
9
6
4
13
15
16
15
14
19
23
24
24
24
19
17
7
0
-6
-17
-19
-25
-29
-28
-19
-10
-10
-8
-9
-6
1
9
13
13
17
12
11
7
4
-2
-8
-10
-11
-3
2
7
11
13
19
21
28
30
31
22
14
6
-5
-9
-16
-19
-24
-23
-24
-15
-13
-7
-2
2
8
8
6
7
11
12
12
19
20
16
20
18
16
9
6
0
-3
0
4
12
13
14
13
15
10
7
3
-3
-8
-15
-18
-12
-10
-12
-7
-8
-3
-2
-4
-2
-3
-3
-1
1
4
7
8
2
-8
-11
-9
-7
-12
-11
-8
-14
-13
-14
-13
-13
-15
-12
-11
-12
-6
-11
-11
-7
-9
-7
-3
0
-2
1
4
3
2
6
8
10
11
14
16
8
0
-1
-3
-3
1
3
-4
-7
-14
-14
-15
-18
-17
-12
-9
-2
3
5
7
6
8
8
8
3
0
-5
-3
-4
-2
7
9
9
11
10
6
2
1
1
0
2
9
10
14
12
8
9
10
13
16
18
15
17
18
15
10
10
9
8
6
1
-4
-7
-10
-10
-9
-5
-2
-1
0
2
-5
-10
-11
-10
-10
-10
-12
-13
-13
-15
-12
-15
-11
-5
-4
0
-2
-6
-3
-4
-5
0
5
8
11
9
11
9
14
14
14
16
10
10
5
-1
-3
-8
-13
-15
-15
-13
-12
-9
-9
-17
-13
-14
-12
-6
-9
-10
-7
-7
-12
-14
-20
-18
-17
-18
-21
-24
-26
-29
-17
-11
-7
-11
-16
-19
-21
-20
-24
-28
-26
-21
-18
-9
-1
-2
3
5
15
26
34
41
48
54
60
57
55
58
54
53
45
42
41
36
32
27
25
19
13
9
11
4
-1
-4
-10
-9
-15
-24
-23
-23
-24
-23
-20
-19
-23
-19
-15
-14
-12
-11
-10
-4
-3
-10
-16
-22
-21
-16
-16
-7
-3
-6
-5
1
7
7
-1
-5
-5
-4
1
-1
-2
3
2
7
16
17
15
16
25
25
29
33
34
26
22
27
23
15
19
29
23
17
15
10
7
-1
-5
-7
-4
0
0
-2
-3
-12
-13
-9
1
8
8
5
4
3
-3
-12
-17
-14
-11
-14
-14
-18
-16
-13
-14
-5
-2
4
6
7
0
-15
-18
-21
-21
-23
-24
-21
-12
-14
-24
-16
-10
-16
-27
-23
-15
-14
-9
-13
-14
-16
-20
-23
-24
-26
-33
-42
-39
-31
-24
-19
-15
-8
-4
-6
-5
-8
-4
-9
-17
-21
-27
-21
-18
-14
-6
-3
2
14
32
44
35
31
33
42
40
37
28
18
13
9
15
40
63
68
63
60
45
18
-2
-12
-5
10
22
30
29
19
-7
-28
-35
-32
-23
-12
2
19
31
41
43
42
32
13
-3
-16
-34
-52
-49
-31
-9
9
26
40
45
30
5
-14
-18
-19
-23
-13
-2
-3
-25
-29
-6
16
19
18
16
3
-16
-25
-24
-21
-25
-28
-17
-10
-11
-6
3
11
9
1
-8
-10
-4
-11
-10
-6
0
-1
-11
-23
-35
-48
-44
-24
-14
-9
9
24
33
46
45
42
28
20
16
0
-28
-40
-30
-10
11
35
46
51
37
22
6
-7
-12
-13
-5
-2
7
7
-5
1
7
13
27
48
60
58
53
30
11
-16
-25
-21
-18
3
20
22
19
8
-10
-33
-45
-61
-64
-37
-8
-4
-6
-1
-11
-22
-31
-33
-32
-29
-16
-4
12
29
20
5
1
4
-7
-21
-27
-37
-37
-22
-5
12
21
8
-2
2
5
-5
-12
-21
-49
-60
-49
-12
20
22
22
13
-1
-11
-15
-30
-28
-11
5
20
32
41
22
13
11
11
17
26
44
41
26
-9
-55
-58
-40
-28
-14
24
65
55
63
41
3
4
3
5
21
80
106
59
2
-49
-71
-53
-5
64
115
100
53
-3
-54
-113
-130
-88
-12
45
62
50
20
-27
-80
-144
-160
-92
-17
62
108
143
105
51
-2
-104
-175
-160
-98
-44
64
137
171
103
7
-58
-120
-110
-104
-72
13
60
90
134
161
134
44
-35
-159
-257
-250
-142
-1
119
187
158
80
-74
-181
-262
-254
-144
46
203
299
349
271
114
-162
-290
-256
-232
-44
167
336
339
256
130
-68
-160
-189
-164
-79
56
144
205
151
112
4
-154
-254
-207
-140
-9
166
250
219
111
-19
-137
-218
-241
-177
-79
47
147
130
80
-3
-160
-223
-225
-197
-63
54
150
201
141
53
-17
-95
-167
-63
48
72
57
138
131
37
16
7
-2
-64
-55
-36
3
60
172
119
10
-48
-104
-145
-10
149
97
57
47
-33
-172
-210
-111
40
174
240
190
11
-230
-250
-126
82
206
202
134
-3
-99
-221
-111
11
135
166
131
128
18
-102
-146
-81
5
102
66
-11
-81
-111
-109
-24
72
86
111
32
-36
22
22
-13
-34
85
300
178
7
-35
-134
-111
134
247
77
-123
-133
-73
-133
-113
113
167
-34
-104
-106
-54
-50
-60
-85
-135
-112
-45
94
128
-83
-282
-246
-63
-33
-125
-48
-31
20
105
196
101
-165
-332
-258
30
227
256
241
55
-81
-245
-284
-65
79
95
71
37
-225
-173
27
170
159
123
-6
-153
-207
-135
50
261
245
155
39
-120
-286
-239
121
368
267
-95
-73
-29
-57
42
198
49
-108
1
35
-21
-79
4
134
190
-74
-276
-220
8
323
295
164
-34
-266
-258
6
238
190
-17
-74
-69
48
255
282
2
-82
-122
-235
-134
174
446
338
141
-12
-308
-503
-235
357
519
169
-181
-128
115
145
-270
-443
-15
154
91
345
449
-5
-350
-137
104
-33
-114
92
248
-2
-111
-58
22
-122
-356
-110
-112
13
101
167
153
-342
-373
-40
291
78
-482
-221
28
168
413
228
-139
-313
-306
-126
23
304
142
-59
-55
-129
-196
105
388
-16
-219
-153
163
192
-167
-135
275
325
-160
-387
20
-12
-380
-314
248
364
-5
-148
-62
-37
-97
25
190
66
-55
186
166
-69
23
304
-228
-593
-128
-19
30
386
309
-34
-352
-386
69
83
-87
-45
259
-114
-371
205
250
-158
-100
255
35
-197
326
-55
-642
138
677
299
-134
317
-9
-739
-242
399
154
-217
337
588
-361
-721
171
49
-430
-6
473
122
171
455
-320
-642
84
340
-179
201
552
99
-537
-84
227
-290
-107
607
536
-519
-257
61
-213
55
233
361
-134
-26
-279
-603
97
86
-87
-15
387
26
-657
-74
316
203
69
285
235
-361
-239
28
257
58
160
170
325
26
-450
-950
-113
476
150
37
287
250
-428
-39
-203
-580
-102
787
216
38
312
-364
-538
342
736
-216
-188
220
149
194
208
25
-335
10
346
201
-6
-94
105
268
-132
-655
-329
167
537
85
-77
-276
-672
-350
330
234
-420
49
191
113
-371
-298
398
345
36
-154
81
-226
-976
83
834
467
-545
-287
355
-770
-771
345
931
142
-377
-257
10
-68
-152
258
424
-158
-657
40
463
-157
-539
240
410
113
-322
10
352
3
-163
124
516
-171
-53
885
122
-701
-444
337
174
-105
-31
248
155
-425
-320
219
-8
-392
-1
140
-111
-123
-12
-44
264
-31
143
-60
598
-262
-708
647
646
-573
-276
1259
168
-1246
-157
706
-177
-178
172
366
10
-109
91
-156
217
-9
-645
-72
447
292
-312
-308
-75
-483
-769
589
1051
-578
-777
701
266
-780
4
934
69
-1027
261
547
-370
-465
301
631
-498
-178
-181
-229
526
305
-280
-203
613
41
-776
-132
493
192
-94
324
-64
148
2
-150
-327
-718
419
362
499
15
-263
-571
-504
151
49
-104
296
174
195
-476
25
309
-276
-779
466
966
275
-851
-255
662
-114
-96
-821
190
439
213
-296
-138
24
198
-212
147
19
-308
52
3
285
382
341
-723
227
266
351
-108
-228
134
249
86
-445
380
597
-380
-496
298
-29
-99
-281
227
1183
-414
-480
-172
-14
-652
-11
1004
-23
-355
84
-346
-111
8
743
100
-130
343
-545
-215
594
752
-357
-631
1138
280
-543
-412
123
239
-481
155
306
-553
316
-74
-395
276
880
-233
-1963
768
536
-749
404
607
214
-1527
-77
549
-844
498
109
376
-546
606
71
-912
-104
-815
272
548
937
-693
-737
622
103
-631
-378
681
373
-565
1064
47
-1081
-441
513
224
-672
465
245
-477
285
164
182
186
24
-1132
87
737
-226
-139
520
655
-1099
127
283
-675
-105
327
1282
-463
204
243
-237
-214
71
417
-226
528
-547
-408
-441
626
73
56
247
-264
-790
325
582
-785
-396
-23
643
-549
640
240
-840
-39
-26
243
-461
550
-32
-349
465
447
-460
-300
-249
-522
346
811
-27
-1026
620
318
-145
-159
624
-342
-147
704
-81
-600
731
-375
-452
60
515
-118
-749
647
58
-341
392
375
-775
-18
831
152
-306
305
-143
-372
-306
122
307
-152
79
547
225
-184
-280
-129
-359
241
742
408
248
203
-145
-868
308
733
-315
-625
221
372
-477
-311
250
-85
-314
450
427
-291
-522
-197
-180
240
663
548
-44
-295
-1132
600
885
-607
-294
617
-282
-222
47
-337
237
-245
118
-750
1678
-558
-1337
68
941
-185
-1127
803
-171
-250
-651
129
45
-254
-367
497
1078
4
-1241
-251
-222
-287
16
878
761
-403
-6
-96
59
-301
-813
120
1203
681
-288
79
302
-1255
-490
436
440
192
-271
371
1091
-573
-686
324
724
-936
-460
1601
340
-732
-438
632
152
-661
-816
342
862
-363
-491
924
-356
-180
-463
517
338
-80
-270
-341
689
-370
-424
775
119
-226
-198
-416
98
-255
-194
754
1279
-605
-1084
424
-187
-819
475
792
-415
295
290
-428
-179
238
-834
-156
1142
-81
-897
368
136
-661
153
218
-231
411
746
-120
313
-251
-756
107
1003
-50
-559
-99
115
-262
-44
714
-339
-1290
735
431
-864
190
542
519
-710
-72
139
153
-1
-254
264
96
-264
56
373
987
-550
-450
-314
293
20
-898
1129
952
45
-732
-221
-271
-1729
681
261
804
171
-390
722
-455
-675
-957
1231
5
-422
425
-259
-44
-297
560
361
-68
-267
101
-366
-756
389
-47
587
333
752
-493
-520
-65
-432
-499
425
717
-524
668
-334
-999
133
306
-71
-156
742
-427
681
151
-960
147
481
404
-109
816
509
-1368
304
628
40
-582
356
48
-566
733
-203
-537
-738
-316
-677
611
45
559
150
-52
-121
-281
-843
-539
375
1112
478
928
471
-910
-984
417
539
-642
777
649
375
-657
-105
163
-938
-110
-491
550
319
210
629
408
-493
-780
-247
-71
-29
324
684
-841
-557
-117
836
-817
169
51
22
49
-373
434
-103
-131
-172
661
410
-631
424
-772
-34
187
563
21
-493
778
-49
211
-937
-107
486
-287
184
-37
-246
-865
188
934
185
602
-604
-395
-78
-29
-10
310
172
-1024
424
659
-535
-1048
183
174
-269
567
7
37
-480
325
-218
266
342
-526
-434
924
248
-909
434
615
-664
-123
922
410
-659
-151
57
-194
-130
-179
411
356
-1081
-632
702
558
-570
563
59
23
-386
61
-58
263
281
-169
577
-9
-31
-970
323
-168
520
-281
898
-311
-953
-179
-32
578
107
1054
445
-287
-817
434
270
-748
330
867
474
4
-802
-46
-359
-183
-83
-37
405
-632
-135
262
618
115
203
41
641
-487
-1206
382
719
129
-777
184
102
-308
-240
-296
566
-782
89
504
-346
-347
352
-305
-473
182
42
-822
274
288
622
-304
460
391
-773
291
-236
-334
476
929
533
262
-311
-739
-646
257
453
-318
-31
72
762
652
335
-476
-730
382
-61
-306
67
-357
-774
151
871
-377
-1169
-297
-238
-275
-138
749
358
-248
474
240
164
-1288
153
801
154
552
106
119
-729
-939
627
164
-139
-747
-47
165
-293
-168
-414
-304
278
262
-370
379
311
337
36
242
97
-935
-16
689
648
-59
96
389
-1212
-129
89
719
173
792
764
-327
-305
-777
552
337
-217
335
-36
-388
26
-164
-105
103
-506
-775
-542
196
170
306
-102
150
-568
-780
-388
-189
56
-356
739
983
-459
-579
-584
1026
-269
-718
1238
57
356
-343
840
-355
-733
1144
-396
575
511
662
-14
-733
976
-495
-543
-122
443
-87
68
1742
-294
-681
-384
392
-336
-190
1303
588
-513
-908
281
-370
427
423
376
-1080
339
1325
-864
35
541
-24
-1676
1327
352
-534
134
514
370
-559
-54
-989
6
367
90
794
121
-285
-932
-1104
-303
25
779
-380
49
196
303
232
173
627
-313
72
507
-592
-549
569
358
101
391
343
-740
-977
-1116
-149
165
1074
-969
12
-583
-1456
-506
-115
742
82
1003
84
-192
-357
-1137
613
-26
778
683
-173
-89
-938
-744
-604
623
387
646
858
-225
-468
-739
-206
-407
556
78
319
641
-1351
-398
592
552
-529
-933
320
-1608
872
1501
797
-896
-768
906
-1736
-766
660
800
-706
-285
1802
147
-602
-98
-644
-567
1101
-52
435
480
1056
636
-79
736
-1201
254
730
1246
1179
229
105
-178
-1136
-509
893
722
-1878
-805
1325
-512
-548
1079
199
-1704
-125
856
-1338
-715
1230
-272
-389
640
-406
-1719
269
37
-915
969
1615
-773
-1206
308
542
-3
153
678
348
253
118
615
721
-362
-455
1353
307
326
1549
-165
-806
-271
696
-1230
70
777
-159
256
165
-513
-503
1061
-186
150
1319
1829
915
-46
866
-961
292
-339
381
205
0
678
-38
-969
-851
-1408
-1223
-465
-167
-453
-293
-475
-1890
-1937
-740
-517
-1589
-1511
-668
-1543
-1685
-665
-893
-1330
-575
-1594
-1468
481
596
219
-753
784
997
686
583
27
575
517
542
854
666
14
329
1705
103
-416
312
-286
240
702
2196
678
-196
250
654
-135
35
1485
852
995
514
738
-327
-650
89
-466
341
1151
867
-162
574
893
-512
-48
1114
499
-360
902
1685
-2
50
509
634
-725
688
954
722
611
476
968
1197
958
-840
549
302
-261
-319
1028
676
-1492
-1185
-148
-940
-814
-854
-339
-453
-1098
-889
-455
295
-1378
-1177
-491
103
-568
-448
-413
-856
-409
18
-73
233
-895
-593
-268
-610
-971
-430
-327
-808
-307
807
1086
-440
-499
-4
-210
-170
68
802
649
-271
-353
370
669
-337
-963
-757
425
-340
352
448
-344
-1094
-1506
-5
731
74
-319
117
-202
-420
-78
565
-711
-577
133
818
788
96
-829
-396
705
962
90
70
446
-27
-905
677
1226
-886
-732
-729
46
277
945
-783
-197
952
-704
1420
1479
413
-1501
540
1844
364
123
1233
697
-643
-152
158
893
580
-142
-361
1097
605
-1160
-855
1139
896
396
69
879
-340
-1766
398
1404
250
-881
-428
-30
-688
-1492
-911
-494
207
-809
404
470
-539
-1155
-1470
697
-32
-156
945
1677
1188
-495
-513
-808
-661
-853
-906
863
456
-348
-844
-1812
-1384
-621
-2
-1222
-782
898
-847
-447
-708
-724
-1040
-401
982
360
455
562
737
367
786
36
-120
317
1098
329
693
1303
467
-206
567
1766
222
-283
771
1220
243
-252
504
1176
-304
357
1347
945
-969
-55
979
-615
720
1205
1071
837
1065
-344
-657
808
1424
145
-698
1140
-257
-1054
-455
82
-1466
-2628
1123
1853
843
-99
468
-374
-1578
-419
1047
908
276
237
871
328
-611
-899
-130
1023
712
910
1238
548
-1738
-1659
-294
1042
131
-418
1268
1372
-528
-1171
8
329
-367
-87
100
-1667
-3050
-2595
-1313
-1000
-2613
-3040
-2779
-3596
-4731
-4295
-2768
-3518
-4239
-3328
-2345
-3282
-4640
-3891
-2716
-1942
-1119
61
843
-86
-427
827
2256
2559
2425
3527
4351
4084
3957
4776
5655
4549
3571
4151
5957
5345
4228
4411
4203
2287
1733
3974
3599
928
758
1833
1161
611
583
142
-1261
24
379
-417
-680
235
-191
-334
631
1094
840
-512
-892
271
1948
1017
-958
-16
635
-904
-133
319
-85
-1104
-1917
-2563
-1703
-622
-1963
-2565
-1281
-946
-3279
-1842
-967
-2615
-3374
-1217
255
-1269
-1988
-722
-48
178
1084
1310
-2050
-7883
-9642
-6725
-2782
-1899
-2656
-3496
-5536
-7945
-9006
-8399
-8219
-8378
-6143
-1612
1078
-483
-3661
-5609
-6232
-4774
-19
4941
6437
4889
3931
4272
4272
4027
4404
5603
6943
8633
10704
11244
8958
5511
4050
4948
6253
7118
7162
6206
4675
3775
3083
1829
451
-755
-1242
-187
1516
1875
-96
-3207
-5277
-5605
-4269
-2621
-2023
-1785
-1806
-2100
-2158
-1807
-1943
-2830
-2403
101
2416
2980
2349
749
-985
-750
1545
3739
3643
2585
2745
3057
2739
998
-306
-498
-333
-144
42
806
-755
-3925
-4937
-2505
-694
-1577
-1746
-802
-1292
-3064
-1562
-833
-1981
-2322
-1654
613
325
-448
-1538
-1480
-959
-576
-187
209
-165
-613
-599
-149
-293
-1677
-1206
-344
-7
-280
743
2037
1060
-3144
-8191
-10192
-8566
-5085
-2712
-2141
-4072
-7534
-10050
-10815
-10516
-9880
-8692
-5985
-2864
-827
-1201
-4133
-7009
-7648
-4760
467
5379
7603
6480
4581
3490
3641
4469
5513
7113
8645
10417
11896
11404
8810
5651
4277
5294
7329
9074
8929
6995
4348
2326
1549
1467
1096
489
188
564
973
298
-1712
-4174
-5434
-4731
-2310
-399
-942
-3069
-4486
-4060
-2662
-1126
-119
-106
-192
555
1938
2751
2046
909
922
2468
4205
4751
3580
1425
173
662
2269
3037
2516
1259
525
177
176
419
237
-1116
-1871
-692
8
-368
-1188
-1957
-2735
-2145
-728
-337
-689
-1117
-1761
-1774
-944
-604
-894
-383
-221
-505
-308
512
462
-563
-500
-419
-378
-420
-239
185
912
1238
-1022
-5975
-10092
-10082
-6883
-3723
-2794
-3923
-6760
-10010
-11779
-11440
-9928
-8794
-7435
-4902
-2268
-1827
-4158
-6855
-7625
-5830
-1451
4053
7605
6957
4204
2757
3331
4850
6641
8588
10054
10857
11409
11177
9413
6509
4654
5638
8185
9979
9654
7359
4246
1612
784
1426
1910
1425
453
26
-199
-1069
-2712
-4549
-5359
-4721
-2625
-453
-411
-2772
-5412
-5888
-3997
-1357
496
947
479
257
654
1452
1822
1475
1479
2650
4552
5369
4154
1825
-58
-360
1063
2770
3157
1984
382
-507
-431
-635
-1474
-1835
-1281
-679
102
1117
324
-2225
-4275
-3766
-1163
912
1421
432
-758
-1136
-1322
-686
236
413
206
504
1465
1280
92
-1117
-1686
-511
1258
2898
3273
1006
-4291
-10550
-12622
-8687
-2880
-652
-2948
-6719
-9814
-12232
-13080
-11813
-9604
-7673
-5212
-1817
-654
-3777
-8653
-10471
-7467
-1468
4688
9058
8794
4693
1369
1775
4894
7778
9773
11367
12660
12545
11156
9012
6441
4809
5923
9524
12206
11142
6998
2684
302
204
1632
3119
2982
1177
-655
-1412
-2083
-3733
-5410
-5523
-3771
-1320
174
-654
-3615
-6679
-7111
-4204
-285
1933
1782
772
119
325
1326
2104
2517
2958
4123
5613
5956
4629
2055
304
657
2615
4434
4301
2268
-289
-1548
-1052
-76
63
-715
-1344
-1099
-702
-864
-1979
-2864
-2754
-1857
-176
980
844
-503
-1547
-1669
-718
614
984
673
690
1300
1699
1200
233
-329
-256
221
1122
2721
2271
-2900
-10669
-14249
-9840
-2990
-625
-3748
-8010
-11160
-13834
-14332
-11887
-9006
-8005
-6915
-3377
-1308
-4279
-9557
-11184
-7128
-782
5717
9855
8601
3023
-1036
1103
6489
10430
11964
12392
12454
11517
10326
9314
7739
6341
7149
10474
12615
10395
5181
632
-685
564
2801
4329
3105
-519
-3866
-4562
-3596
-3465
-4372
-4863
-3937
-2447
-1681
-2474
-4966
-6925
-5920
-2149
1628
2778
1337
-884
-1456
103
2668
4693
4862
4201
4091
4867
5426
4697
3034
1773
2206
3631
4646
3815
1191
-1145
-1623
-365
962
959
-573
-2213
-2580
-1734
-895
-975
-1842
-2427
-1908
-812
-55
-451
-1498
-1794
-683
1009
1686
1222
269
-106
553
1601
2182
1852
1078
650
868
1491
2176
1218
-3727
-11006
-13515
-8149
-1221
-367
-5480
-10477
-12948
-14336
-14087
-11004
-7553
-6979
-6878
-4611
-3268
-6244
-10660
-10167
-4176
2663
7169
8428
5816
588
-1713
2327
8995
12882
12831
11664
10820
9806
8784
8350
8292
8251
9339
11366
11572
7970
2439
-689
171
2889
4681
4363
1611
-2572
-5537
-5390
-3429
-2714
-3642
-4421
-3707
-2617
-2707
-3972
-5663
-5940
-3627
181
2465
1554
-752
-1941
-592
2217
4375
4887
3988
3137
3392
4663
5298
4284
2778
1995
2568
3581
3529
1957
-141
-983
-357
747
1019
-227
-1831
-2444
-1640
-318
-40
-970
-2177
-2429
-1310
235
894
252
-538
-686
-129
616
1028
997
762
880
1216
1573
1099
122
-320
-140
714
1456
2503
2105
-2969
-11273
-15391
-9675
-1098
1038
-4025
-9900
-12613
-14596
-14776
-11262
-6570
-5042
-5710
-4106
-3030
-6213
-10904
-10400
-3275
4160
8130
8248
4852
-299
-2536
2085
9672
13795
12973
10197
8614
7920
7619
8073
8743
9174
9413
10137
9921
6459
1415
-1245
719
4449
5873
4056
-60
-4253
-6561
-5518
-2352
-821
-2126
-4237
-4531
-3560
-3266
-4102
-4951
-4351
-2284
361
1793
1062
-959
-1922
-201
2838
5121
5079
3601
2731
3257
4638
5283
4652
3050
1827
2226
3385
3732
2306
282
-649
-360
447
722
119
-1050
-1769
-1228
-331
-197
-1000
-1860
-1630
-519
650
1001
322
-541
-831
81
1489
2250
1917
932
447
552
929
1175
1338
1485
1581
2233
1610
-3114
-10864
-14363
-8698
-58
2337
-3260
-10232
-14165
-15963
-14778
-9869
-4265
-3136
-5635
-6540
-6348
-8018
-10379
-8264
-961
5433
7404
5475
1642
-1955
-2121
3653
11274
14720
12490
8194
6069
6266
7743
9536
10640
10450
9217
8343
7482
5296
2304
886
2626
5166
5254
2366
-1552
-4496
-5570
-4190
-1815
-986
-2661
-5006
-5423
-4352
-3382
-3450
-4011
-3878
-2726
-561
791
195
-1247
-1560
357
2772
4083
3913
3005
2609
3041
4159
4670
3970
2833
2240
2651
3122
2687
1304
-197
-670
11
946
1061
118
-1212
-1912
-1634
-905
-431
-483
-528
-464
-339
-311
-544
-615
-255
755
1556
1516
800
245
494
1213
1961
2021
1562
816
419
581
1438
2923
1795
-4282
-12257
-13672
-6290
1106
763
-5988
-11543
-14089
-15323
-13577
-8399
-3654
-4056
-6702
-7049
-7085
-8920
-10030
-5634
1958
6134
5573
2533
-355
-1686
752
7418
13027
13419
9473
6091
6140
7932
9838
10685
10435
9260
7917
7529
7007
5378
2945
2067
3463
4520
3551
705
-1825
-3291
-3610
-2700
-1942
-2272
-3910
-4772
-3991
-2992
-3051
-4360
-5077
-4083
-1635
407
472
-839
-1992
-1498
450
2706
3970
3852
3033
2710
3221
3633
3677
3340
3265
3506
3665
3345
1909
312
-524
73
1335
1736
1160
-284
-1529
-1899
-1409
-593
-462
-632
-753
-675
-535
-815
-837
-527
81
759
957
934
658
635
925
1184
1476
1434
1387
1325
1179
1664
2169
414
-5317
-11491
-11055
-4153
1448
-372
-7088
-12104
-14451
-14650
-11607
-6137
-2747
-4911
-8279
-8952
-8584
-8850
-7919
-2992
2292
3526
1827
1
-646
-251
2930
8479
11943
10825
7291
6000
7605
9833
11158
11197
10104
8179
7310
7940
8442
7066
4403
3125
3319
3684
3057
1847
650
-1238
-2774
-3064
-2250
-1873
-2764
-3287
-3123
-2867
-3487
-4383
-4276
-3160
-1476
-567
-842
-2045
-2699
-1747
366
2514
3080
2390
1348
1299
2446
3645
4270
3911
3352
2835
2629
2765
2500
1904
1187
1167
1445
1262
822
172
-177
-407
-451
-357
-675
-1002
-1207
-816
-211
-189
-483
-946
-839
-411
-101
59
-51
210
579
902
1123
1016
938
847
953
1526
2378
1654
-2904
-9175
-10933
-5754
488
872
-4316
-9648
-12682
-13828
-11886
-6872
-2873
-4051
-7801
-9144
-8471
-8244
-7679
-4246
-90
869
-371
-888
-263
97
1557
5359
8587
8368
6280
6237
8218
9823
10258
10059
9326
7900
7681
9300
10515
9007
5573
3535
3570
4426
5000
4965
3805
895
-1915
-2472
-982
280
-109
-1092
-2105
-3048
-3820
-3860
-3072
-2485
-2160
-2152
-2359
-3047
-3764
-3117
-1605
-122
258
-165
-398
-296
690
1742
2477
2492
1793
1631
1973
2853
3233
2777
2100
1381
1386
1593
2012
2186
1645
1028
482
496
460
182
76
-10
35
-184
-389
-581
-865
-988
-1008
-884
-910
-973
-876
-658
-398
-413
-526
-544
-258
94
440
1047
1139
-892
-5271
-8769
-7600
-2858
454
-712
-4807
-8744
-11291
-11318
-8140
-4004
-2514
-4591
-7044
-7835
-7733
-7056
-5074
-2217
-904
-1479
-1697
-968
-419
-19
1575
3718
4473
4170
4774
6380
7253
7159
7211
7353
6994
6934
8298
9649
8932
6666
4900
4536
4912
5715
6557
6140
3870
1178
189
970
1935
2147
1615
454
-965
-1724
-1449
-920
-1083
-1745
-2131
-2273
-2400
-2582
-2545
-2417
-2551
-2581
-2303
-1722
-1207
-983
-781
-778
-769
-560
-49
750
1290
1481
1231
862
765
1049
1749
2302
2334
1748
1097
827
830
998
985
760
217
-407
-588
-492
-377
-676
-1192
-1604
-1845
-1671
-1337
-1100
-1314
-1655
-1733
-1721
-1654
-1478
-965
-681
-819
-910
-728
-403
-388
-309
-74
-247
-1200
-2537
-3180
-2685
-1446
-533
-882
-2440
-4103
-4931
-4758
-3771
-2655
-2182
-2814
-3846
-4324
-4152
-3717
-3136
-2382
-1913
-1877
-1837
-1322
-667
-365
-45
495
1071
1419
1980
2908
3475
3489
3379
3595
3971
4331
4932
5470
5402
4684
4152
4291
4655
4828
4740
4358
3544
2703
2503
2773
2830
2355
1767
1239
693
368
425
617
381
-182
-616
-864
-966
-868
-509
-350
-680
-1159
-1223
-1017
-859
-667
-561
-570
-795
-981
-792
-566
-361
-322
-488
-726
-964
-885
-651
-522
-492
-574
-738
-893
-952
-761
-513
-478
-555
-701
-705
-549
-371
-268
-398
-616
-735
-672
-467
-308
-296
-449
-526
-470
-373
-439
-564
-517
-340
-240
-299
-282
-191
-159
-230
-162
21
70
14
-35
-61
-330
-660
-699
-509
-409
-585
-817
-1035
-1271
-1488
-1479
-1338
-1337
-1476
-1586
-1548
-1531
-1598
-1619
-1565
-1505
-1464
-1308
-1075
-905
-844
-715
-536
-405
-237
84
532
827
932
972
1094
1269
1476
1746
1948
2018
1892
1724
1637
1624
1724
1772
1771
1705
1562
1483
1434
1423
1401
1387
1456
1537
1534
1429
1321
1340
1412
1462
1470
1374
1193
1023
956
978
959
839
644
466
261
19
-128
-156
-109
-69
-91
-263
-606
-904
-979
-814
-649
-627
-667
-708
-744
-781
-802
-870
-906
-844
-685
-499
-454
-550
-690
-683
-543
-431
-429
-467
-405
-258
-150
-129
-168
-226
-236
-195
-83
7
-72
-226
-281
-205
-204
-393
-601
-679
-597
-541
-576
-663
-769
-814
-811
-733
-667
-691
-756
-764
-716
-718
-716
-666
-637
-652
-640
-594
-576
-576
-514
-432
-434
-474
-419
-287
-232
-266
-271
-206
-136
-92
-35
6
-38
-136
-198
-192
-139
-62
26
79
55
-9
-48
-1
121
268
420
542
588
584
597
687
855
1015
1140
1211
1203
1166
1160
1214
1251
1221
1211
1258
1301
1249
1143
1071
991
925
928
974
928
740
571
519
519
456
383
388
392
365
268
124
-39
-152
-95
80
209
140
-49
-208
-253
-236
-175
-114
-108
-119
-126
-79
-65
-170
-298
-338
-233
-95
-52
-120
-253
-388
-503
-569
-552
-548
-590
-645
-707
-768
-840
-890
-898
-856
-789
-732
-711
-756
-821
-826
-735
-604
-520
-521
-607
-671
-651
-480
-250
-148
-227
-351
-324
-159
5
-3
-115
-173
-107
33
133
178
117
-37
-165
-191
-107
-56
-67
-84
-113
-173
-262
-335
-338
-243
-90
9
-43
-212
-344
-333
-182
26
188
230
131
3
-45
47
183
288
360
384
380
351
345
359
375
428
537
673
740
673
546
473
512
590
635
676
728
772
722
592
483
443
466
550
667
684
569
437
381
428
478
469
444
410
402
393
359
324
271
232
204
188
203
199
171
102
-28
-165
-262
-288
-274
-281
-348
-479
-582
-623
-619
-607
-602
-560
-518
-521
-622
-714
-716
-667
-583
-498
-409
-407
-497
-561
-524
-432
-367
-305
-246
-231
-247
-254
-205
-122
-52
-26
-7
41
85
71
22
-14
-6
6
-7
-48
-107
-163
-165
-123
-108
-146
-194
-210
-196
-162
-104
-28
-21
-57
-69
-10
31
11
-14
-17
12
42
69
96
86
37
36
95
169
211
197
181
161
154
168
230
297
281
195
157
223
263
242
219
199
183
187
244
328
356
314
266
303
376
410
387
342
328
352
389
407
389
333
262
239
275
288
223
183
210
195
103
-41
-131
-172
-184
-179
-216
-303
-387
-421
-418
-404
-396
-396
-402
-407
-385
-344
-336
-385
-433
-433
-366
-269
-193
-175
-211
-266
-298
-284
-226
-147
-101
-97
-96
-77
-62
-56
-39
-1
53
79
80
45
-14
-50
-35
14
33
-6
-58
-71
-69
-48
-31
-54
-116
-154
-125
-54
0
-6
-3
8
24
18
-10
-12
23
90
158
200
196
141
103
129
205
288
315
290
245
228
219
190
167
170
181
169
159
143
112
61
12
15
71
150
202
215
182
131
94
111
170
236
297
323
329
325
309
282
269
303
355
389
368
300
238
194
171
170
167
114
36
-39
-103
-160
-186
-198
-223
-253
-313
-349
-377
-389
-370
-338
-328
-396
-473
-513
-492
-436
-376
-350
-397
-463
-476
-430
-382
-335
-317
-340
-368
-365
-305
-233
-172
-149
-179
-205
-205
-169
-115
-84
-68
-65
-101
-151
-150
-60
44
63
38
11
2
8
32
67
78
57
39
43
64
64
80
97
80
75
95
140
189
225
228
195
162
178
243
327
378
356
301
248
233
229
232
240
246
245
212
172
111
72
80
124
178
205
186
131
75
58
92
142
158
140
134
139
139
147
152
173
224
262
280
251
228
236
241
272
282
252
182
93
72
93
113
90
42
5
-9
-11
-12
-37
-73
-82
-115
-162
-209
-210
-203
-215
-243
-305
-378
-423
-403
-373
-359
-361
-369
-400
-437
-425
-346
-289
-300
-346
-386
-389
-348
-295
-262
-227
-212
-232
-258
-236
-180
-146
-133
-116
-105
-122
-126
-96
-39
18
17
-38
-94
-105
-53
25
107
140
87
-8
-72
-33
116
255
328
317
274
232
228
296
350
385
393
378
323
281
283
285
252
232
227
209
160
102
79
96
110
102
59
-5
-58
-87
-58
-32
-42
-92
-132
-124
-94
-52
-17
12
-5
-53
-64
-3
71
119
144
159
147
117
103
72
45
51
80
131
194
211
157
81
58
86
135
190
227
192
94
-22
-87
-96
-69
-45
-57
-75
-115
-183
-248
-236
-197
-189
-174
-157
-158
-170
-195
-206
-210
-193
-193
-196
-159
-157
-191
-206
-181
-140
-122
-103
-90
-77
-74
-129
-181
-193
-168
-149
-141
-140
-192
-228
-227
-199
-158
-144
-116
-87
-78
-66
-56
-7
55
108
161
224
260
282
251
246
274
296
320
304
301
299
334
360
311
246
201
218
266
299
276
200
148
115
100
111
126
139
130
113
57
-13
-66
-50
2
13
0
-42
-91
-131
-127
-102
-104
-132
-166
-151
-111
-96
-75
-96
-125
-142
-133
-114
-116
-101
-95
-91
-78
-66
-77
-94
-89
-68
-61
-65
-78
-82
-52
-42
-44
-13
-28
-63
-107
-67
-30
-28
-7
-20
-17
-57
-62
-40
10
69
65
63
80
89
54
45
44
45
68
66
44
-16
-73
-117
-151
-126
-79
-70
-132
-184
-122
-88
-111
-96
-92
-96
-143
-151
-94
-40
-28
-78
-35
10
26
7
32
68
61
62
78
125
103
112
155
220
275
243
207
156
125
137
180
225
187
169
157
144
199
250
275
243
186
190
192
192
188
147
108
83
50
16
-11
29
19
-13
-22
-96
-81
-96
-92
-125
-141
-128
-164
-125
-122
-73
-101
-175
-170
-158
-104
-148
-169
-172
-199
-188
-255
-269
-275
-234
-163
-196
-186
-212
-169
-196
-159
-78
-113
-105
-86
-59
-23
14
82
105
67
48
79
150
119
140
184
273
296
135
65
54
165
194
161
137
37
-4
-58
-49
11
4
-40
-91
-116
-79
-99
-139
-146
-103
-99
-102
-45
-53
-82
-117
-45
-26
-25
51
102
125
40
53
97
68
57
81
67
4
-22
2
-16
-35
-7
32
25
0
-5
4
45
73
48
41
114
175
181
182
182
163
134
156
181
232
243
215
197
122
71
47
85
85
57
80
91
63
-44
-63
-35
-53
-47
-26
-8
-46
-61
-56
-110
-165
-149
-184
-200
-166
-147
-124
-195
-229
-263
-273
-229
-266
-234
-202
-193
-161
-93
-42
3
35
-39
-65
-70
-23
30
84
130
98
66
32
-22
-18
15
43
134
128
77
-5
-115
-98
-119
-75
-102
-55
-333
-1039
-1530
-1051
532
1713
2403
2255
1531
380
-1015
-1761
-2173
-1586
-463
817
1878
2061
1753
763
-306
-1204
-1587
-1365
-963
-163
434
961
1145
993
643
30
-459
-990
-1146
-877
-290
305
663
815
696
300
-226
-529
-620
-643
-516
-127
245
419
445
377
245
38
-45
-27
-105
-155
-78
129
246
629
932
338
-838
-1589
-1133
-352
576
1480
2053
2057
1303
439
-815
-1730
-1886
-1434
-652
269
648
-718
-2527
-2916
-1622
-245
1535
3029
3675
3125
1531
23
-1927
-2833
-2528
-1339
258
1487
2490
2339
1558
536
-545
-1296
-1877
-2086
-2097
-1412
-241
647
1385
1513
1328
596
-282
-763
-1076
-881
-376
324
680
681
466
-46
-414
-696
-656
-428
-288
-127
-3
164
207
212
320
361
218
-50
-121
-298
-490
-383
-95
140
121
-247
-972
-1354
-988
206
1438
2369
2715
1983
1031
127
-504
-836
-641
-515
-838
-624
8
130
-405
-458
-227
-245
-319
-283
-199
-257
-148
228
487
445
250
161
155
314
987
1551
1733
1421
706
-44
-833
-1281
-1345
-1139
-700
-156
421
711
768
439
107
9
-94
-227
-284
-420
-464
-461
-373
-246
-234
-214
-171
-198
-178
-326
-794
-1390
-1752
-1278
-606
354
1130
1437
1514
927
255
-613
-1359
-1901
-2198
-1517
-315
1140
2245
2518
2240
1649
962
302
-225
-345
13
444
546
341
148
-313
-695
-787
-615
-413
-600
-953
-1260
-1524
-1025
-409
359
1036
1253
1411
861
397
-168
-399
-174
179
885
1142
1371
1092
480
86
-325
-526
-578
-378
-100
15
224
124
97
116
-178
-457
-708
-678
-432
-236
-22
336
444
198
19
-310
-666
-679
-514
-275
233
638
628
206
-152
-394
-523
-584
-407
-155
24
236
264
127
-109
-178
-346
-427
-289
-122
137
205
353
316
157
205
233
-1
-317
-305
-247
170
350
324
-91
67
220
-20
-74
-246
-145
-113
7
144
284
232
-31
20
275
76
-101
-281
-102
-109
-157
104
351
487
446
-146
-425
-488
-394
-131
157
267
326
962
910
68
-604
-717
-390
148
390
520
402
296
-76
-206
-172
-489
-493
-371
137
-38
137
628
493
-46
-250
-340
-750
-848
-303
614
1256
1649
378
-237
-579
-1096
-1323
-492
706
541
736
723
330
-351
-817
-766
-610
-139
328
628
653
270
-131
-509
-584
-259
-239
207
301
84
54
310
120
-372
-299
-279
199
605
800
902
383
-89
-318
-534
-752
-364
211
217
9
145
154
685
-111
-702
-1367
-1798
-1626
-1256
997
1795
2352
2928
933
-1238
-2233
-2303
-2410
-695
1576
2279
2619
2702
1399
-440
-1714
-3214
-3449
-2309
-142
1500
2307
2873
2754
1041
-1157
-2198
-3465
-2983
-1421
1097
2720
3348
2783
1643
232
-1854
-3752
-3006
-2008
-783
1624
2465
2438
2184
1428
-705
-2360
-2884
-2437
-2322
-56
1632
2191
2472
2643
1633
-1184
-2954
-3502
-2283
-1295
1284
2817
3247
3160
2226
-36
-2418
-3644
-3677
-1132
2126
3093
3387
2303
1006
-2056
-2975
-1855
-2126
-1520
387
2739
1796
1598
930
-240
-2646
-1771
-887
-808
353
1754
1315
904
605
-689
-766
-572
363
-855
-872
1234
1333
487
-851
382
-535
-1772
505
1810
-352
-653
345
-1885
-29
299
526
505
1194
12
-893
526
-766
-1742
199
618
599
1506
1263
-700
-1509
-183
-1296
641
934
-21
1009
648
505
-828
-279
-783
-118
243
-320
288
468
-28
-170
568
-865
-1101
-1588
-788
-317
411
1783
1035
335
-174
-1599
-774
-958
309
499
853
1667
1156
503
-627
-1039
-1675
-826
690
1433
330
1152
412
-1195
-1133
-96
-138
-529
1206
355
201
-328
849
42
-748
820
-556
-213
-452
849
174
-52
524
-569
43
-912
-591
540
444
183
230
657
125
-875
-891
-777
681
399
1153
342
297
-527
-1881
-15
288
632
458
674
101
-770
-678
-725
-439
-22
703
1126
534
479
-675
-499
-1453
-1250
1588
1571
-292
446
240
-868
-803
162
-178
-378
1463
-741
-304
183
-1155
-542
479
1664
-781
-78
1751
-713
-1113
-813
562
1200
-331
-518
227
782
-750
-512
855
472
-1186
-963
-407
176
-508
959
1303
-106
-486
-80
-900
-741
-84
353
-60
1215
551
-495
-160
60
85
-896
536
28
588
54
-332
581
795
-268
-295
345
-283
-932
820
650
965
425
52
-398
-1818
-670
-15
384
328
1258
926
-211
-32
-997
-1837
481
417
-542
614
1347
-328
-657
-81
300
-768
-172
-610
-236
587
188
1165
42
45
301
-686
-1052
-453
279
908
-470
1276
487
-483
-19
-1
-1452
-623
1719
206
894
749
347
-1442
-750
592
-1208
-269
1875
-1060
-23
381
249
-345
-984
925
-1031
-446
-88
308
384
333
733
-149
-291
164
73
-1190
-662
1054
60
-80
444
-216
-75
-302
284
-511
31
477
-267
119
-119
655
549
-341
892
-90
-1330
-136
91
309
-390
1602
-40
-681
1053
-670
-1800
-447
811
306
57
1706
-446
-425
246
-1639
-748
-585
579
294
1502
855
-1122
-1208
35
-351
-207
1063
1285
-855
-497
-3
-392
613
834
1064
-1760
-374
-277
-867
-64
741
1111
453
643
-1037
-1717
1036
147
-913
109
1070
622
-366
769
162
-47
-463
-208
-833
-110
-418
656
976
-412
196
400
-35
-1776
-746
-126
169
287
1106
569
106
-170
-961
432
-971
-1053
281
842
-769
2310
1041
-1348
-346
-237
-967
-1376
1296
169
907
1027
-449
-101
-564
-808
-221
113
869
648
382
-605
539
249
-1462
-59
956
-838
-1099
1461
1032
-266
86
-13
-1285
-7
126
-152
440
1157
65
-1534
578
587
-227
-195
856
186
-736
-126
394
-40
502
-334
-1233
150
1066
-709
202
1423
-911
-939
1187
279
-1028
-381
478
-228
423
947
-677
471
-638
-408
-549
1138
-302
-86
463
-245
223
477
-71
-227
-349
-784
14
394
609
-611
-116
427
-597
-239
1084
-454
-181
31
-227
-355
834
428
304
315
-895
801
-56
-889
-703
540
33
404
538
-297
-437
-293
-581
-867
323
2347
-764
-590
443
-94
258
-793
283
1060
-436
-648
139
467
938
-205
-1037
-520
51
144
-1216
581
1514
-688
-495
657
-42
-1087
-13
339
-589
463
440
7
36
115
-98
-1163
-6
49
-48
-13
-175
373
1055
390
-1133
-886
700
-135
-345
659
871
-733
-1110
933
553
-363
427
94
-1291
190
516
-349
-42
1072
-120
-214
154
-298
-461
243
723
-389
-275
1183
179
-466
-367
337
-164
-250
-245
560
35
682
439
-1115
-216
-520
158
-72
206
203
-199
633
-346
-1554
394
745
89
-816
1157
425
-1304
343
90
-724
435
203
-364
411
664
-1099
-700
1523
-434
-205
475
-243
-167
280
148
-567
320
523
-610
528
692
-161
-509
143
-34
-1451
441
740
-83
-302
502
1022
-813
-1068
137
-248
64
82
822
839
-673
-509
-99
1157
-1137
-1017
1056
901
-1131
-315
1221
-142
-218
-95
255
-390
1343
-752
-1470
1363
672
-1091
8
2080
-1049
-2121
1495
1180
-792
-692
105
413
-199
218
-307
341
998
-1156
-1011
112
909
102
-719
1229
358
-678
-120
245
160
-935
-21
469
871
-717
-1125
1188
871
-1146
-1218
594
666
-176
-310
549
-181
568
80
-1555
712
440
-615
-235
1154
-133
-581
446
653
-1322
-139
1339
-496
-326
329
230
-588
365
-54
-1118
438
1294
-1129
-724
1737
282
-1712
-359
823
-510
194
202
-438
626
1109
-1472
-1632
2036
390
-1356
-18
869
-869
749
371
-1193
799
942
-921
-547
111
514
-872
431
671
-1363
1363
186
-857
-1273
323
773
-485
659
211
-1052
158
-64
-8
-397
9
860
-461
-144
-235
588
-191
211
518
-886
-599
176
501
55
706
873
-229
-1080
-780
-496
676
1175
79
124
-151
-12
88
-813
-562
1144
875
-746
-170
405
2
-406
381
-486
-282
-150
50
1400
106
-818
489
566
-774
-978
1526
-239
-42
680
-851
687
282
-85
-778
77
725
-793
502
-138
426
-5
-725
504
-418
43
-824
-310
734
839
54
-580
-58
306
-734
-1729
1130
1425
77
-1312
229
663
-451
-418
-436
-58
1145
423
-220
-370
64
478
-703
230
-694
623
431
-422
303
90
-42
351
-213
-925
-84
502
341
-1086
1223
767
-1047
-319
237
821
-913
-127
195
786
-51
-930
-306
763
-219
-217
-832
338
552
-369
111
327
918
-879
233
481
-987
-297
1529
-754
324
512
324
-783
-527
634
-1335
706
947
-652
-122
719
73
-1180
-533
905
-360
262
490
73
-326
-109
280
-775
-190
25
-628
1322
705
-897
54
257
-315
-344
154
-250
166
1424
-1046
-634
907
324
-623
-640
528
-596
302
706
112
-367
-349
142
-942
585
-120
-255
31
274
-628
-640
1121
-45
-732
-271
597
283
127
-364
357
-90
-56
-1174
220
92
433
385
278
193
-142
-140
-790
171
12
18
449
476
119
-179
780
-615
-620
-141
-622
586
488
427
7
871
-577
-938
794
-518
-353
690
564
-818
932
323
-1052
-134
789
-1347
-153
1806
-766
-201
196
397
-1016
-40
833
49
-134
76
446
-426
-405
-613
332
551
406
308
-610
321
-187
-1197
93
1303
-227
-360
354
555
-643
-916
269
241
603
-333
-953
606
551
-372
-287
533
122
-1123
109
472
67
128
-477
348
-425
-229
221
-336
676
171
772
-691
26
-7
-187
-18
415
515
-301
112
626
-782
-617
293
1002
-707
-484
931
-334
295
-373
1102
-999
-536
-463
-161
841
40
742
-397
-1040
246
139
-489
-975
1242
679
362
-542
296
343
-1028
381
-560
768
100
74
399
-144
370
-697
-1156
736
448
-660
-264
1254
522
-1762
-522
1067
77
-405
274
556
87
-209
-558
-575
1136
87
80
-291
1045
-583
-780
144
-357
264
-129
1006
-273
173
-13
-475
-161
-664
215
233
-124
1275
-939
-420
134
722
-1177
-1066
894
452
-188
-453
1157
-91
-44
-417
-640
-541
35
532
580
574
-938
271
42
-498
-1256
557
771
-530
898
-117
-474
161
383
-1221
-75
1280
-354
-781
1093
700
-726
-143
687
-177
-601
367
-556
154
496
183
-1127
-190
1152
-696
-636
921
385
-766
349
741
-941
-567
865
320
-377
611
272
-533
355
293
-1336
218
1284
249
-567
499
413
-1458
-349
641
-553
-9
1534
241
-884
10
-65
-943
627
690
-796
-213
1580
130
-1668
241
571
-755
640
429
-1053
515
669
-495
-1421
621
815
-802
1148
420
-678
-205
367
-584
-708
861
772
-1019
651
355
-1184
319
134
-49
-24
1233
-883
-671
1557
81
-973
-615
1157
-357
-506
154
-357
398
83
-535
-536
488
465
-212
-397
564
-418
-437
-86
379
534
-383
-298
76
273
-178
-1018
524
852
-192
-296
-315
958
-872
354
-174
-200
1016
95
-44
-709
264
125
-416
-158
731
-122
-645
499
207
255
-587
53
-657
-114
1136
-198
-729
236
-34
87
328
-235
-857
334
1250
-1204
-103
662
-172
98
227
-295
-195
240
493
-1153
515
984
-694
-58
-177
567
-954
-258
568
347
-233
-66
318
332
-329
-409
541
-5
-237
-189
529
-197
122
758
-532
-231
32
-390
164
-15
-238
-190
991
-74
-1863
341
730
-297
-725
171
724
152
-443
-522
-45
637
101
-88
-185
210
271
-399
181
234
239
-338
170
916
-417
-331
184
153
-435
-45
1201
-653
-375
774
-149
-509
187
121
-283
349
16
-854
539
632
-565
-424
344
464
-321
192
-489
519
-22
-87
-280
415
504
-942
91
521
-78
-507
290
620
50
-311
151
462
-340
-322
-129
-410
650
599
-189
-707
480
-626
-539
542
515
-1149
-577
933
393
-808
-77
869
-705
122
384
-349
30
249
-550
263
1040
-724
-441
590
586
-1218
-171
1087
-433
358
-356
-285
-72
509
73
-128
99
307
-491
96
6
-1064
256
1046
-412
-450
1125
384
-532
-616
-349
-425
227
794
-76
-90
881
-961
-172
-370
239
-994
128
1033
-167
205
-161
105
-327
-467
274
48
25
-56
56
487
467
-413
-584
53
195
-460
144
379
-153
54
463
-162
-595
262
-360
-197
152
1011
-59
-177
-754
-97
436
325
162
-619
764
253
-293
-469
-164
695
-272
-686
112
579
5
146
-318
-433
123
231
568
-84
-551
-397
1319
701
-798
-687
836
-168
-250
-513
145
414
167
490
-863
847
-276
-1233
268
859
-315
143
205
275
-743
-405
152
314
160
-500
493
-172
-24
-143
-155
715
-72
-269
-44
565
-321
-621
54
706
-185
-440
811
274
-717
67
-397
-205
482
-214
551
-743
1118
-650
-448
993
-173
-414
-585
999
-852
-54
1178
89
-375
102
771
-1291
-1230
752
288
-213
-205
214
751
91
137
-1039
-898
474
-64
-90
371
634
205
47
-394
-647
-674
100
231
-16
651
683
-49
79
-700
-429
277
247
-303
-141
999
-14
-768
16
1129
-318
-808
713
-4
-307
380
-479
324
352
398
-1023
-32
1047
-767
-435
580
930
-1399
35
743
-763
-304
342
522
-234
81
260
-805
-930
250
244
76
391
852
-92
-740
298
-774
-697
928
710
-642
140
747
193
-873
167
44
-778
414
-233
311
448
920
-646
-289
524
-921
-341
-418
964
-133
296
1096
-389
-634
133
-273
-1013
339
981
-274
131
553
459
-976
-229
543
-796
-223
759
-281
356
933
-275
-1515
393
1084
-1070
-22
822
10
-1053
867
506
-1100
-26
439
-67
-447
157
945
-283
-341
8
-63
97
200
-134
-440
146
-100
-415
142
532
-72
-809
-200
1121
-581
-1065
202
829
-90
-235
482
460
-919
-308
478
137
102
182
710
4
-868
-2
220
-29
-722
841
310
-1251
832
371
-588
-417
603
-1103
143
1489
-743
-788
351
1240
-1018
-1234
1563
-166
-779
404
922
-328
-622
1048
-135
-94
111
-315
-105
694
64
-410
413
492
-653
-1071
1288
284
-1463
37
1346
-179
-998
367
515
-901
93
306
-359
253
-242
-639
-174
1763
-477
-1456
1037
604
-635
-1173
1433
153
-993
-32
955
-166
-1174
787
324
2
-335
287
389
-571
175
-3
412
84
-202
175
-389
438
-519
-557
525
295
377
-724
731
-130
-411
-302
143
-16
-554
240
794
-43
-515
579
461
-132
269
-316
-540
738
93
229
11
434
-184
-717
-376
666
-149
-705
161
680
-511
-622
1157
-365
-941
-276
872
59
-440
446
105
-96
-263
481
-403
-101
-111
-275
67
163
617
-708
-10
132
-195
-768
50
1178
-620
-936
883
752
-730
-571
1247
-362
-1459
498
1278
-904
-542
1667
96
-1426
-284
858
-654
18
643
391
-165
-124
236
-497
3
312
-34
-163
511
270
72
-637
-23
-147
-321
63
442
440
-146
907
-553
-694
314
-4
-473
17
982
90
-178
411
130
-622
157
455
-501
-276
1013
270
-580
67
374
-632
-883
990
-123
-494
255
718
-602
-632
717
-306
-192
-141
387
278
-239
171
-23
-340
-330
714
338
-647
348
-365
-122
-9
-30
-264
18
153
-345
171
59
-16
-144
-300
97
475
-17
-626
-96
479
309
-249
43
336
-463
-422
178
485
53
276
-133
-148
-402
726
311
-879
-536
-218
152
136
952
-125
-237
31
28
-556
-572
752
-283
-744
724
548
-41
23
452
-633
-1451
802
747
-354
184
399
-338
-218
133
583
-202
-955
484
92
253
46
66
-503
-177
626
58
-158
-158
-498
23
775
24
-74
-113
128
253
-43
-218
6
-104
-47
548
163
317
285
-407
-610
-153
56
-80
155
358
234
-393
517
-8
-767
-797
476
343
-219
330
403
467
-449
-753
-502
645
78
-201
470
549
-42
-513
506
-586
-961
450
415
226
-256
755
144
-481
-447
-158
153
-334
186
680
359
-515
-8
242
-399
-806
237
614
-366
55
254
12
-279
-87
232
-650
-323
157
101
70
-141
424
-119
-302
328
-240
20
-358
247
309
9
355
-151
-314
45
191
-347
61
-76
36
387
163
436
51
46
-682
78
176
-95
450
92
481
-848
-326
603
-221
-523
-226
727
320
-460
-213
-232
101
-644
305
478
-84
-101
-233
444
273
-102
-457
-80
-11
365
218
131
-447
24
263
190
-386
-197
127
-257
163
574
-141
-181
338
-486
115
-202
10
572
40
33
62
66
-420
-193
9
-214
126
1057
-106
-235
-407
-541
-180
348
69
125
736
-436
413
3
-308
-548
575
200
-31
909
-125
54
539
177
-1242
-195
824
-709
6
602
-407
68
45
-215
-842
157
-405
-153
892
326
-106
-121
388
-131
-830
-578
35
751
-2
-390
899
-483
-611
350
-279
-643
-393
866
-210
440
333
-552
-646
21
-113
-279
474
563
62
164
341
-498
-302
-677
-15
-56
869
688
63
-115
-1042
-126
313
-367
-307
335
1081
-876
105
846
-542
-186
-198
-409
-55
1117
130
-104
326
312
-982
-17
481
-736
11
485
540
-195
220
-1346
296
385
-1010
353
840
105
-518
830
-630
-224
505
-379
-31
341
592
-135
777
-737
-987
495
33
213
-5
560
-97
-103
589
-942
-153
148
-114
-203
312
481
-781
870
199
-733
-491
4
418
-348
478
287
-203
213
349
-265
-540
11
467
15
107
566
-429
-324
471
-348
-615
395
837
-855
-233
363
-265
305
280
-243
108
703
-249
-386
-154
68
-310
258
574
-681
254
-6
-188
-196
277
275
-791
281
-106
34
411
-135
-477
-267
315
-512
57
453
-284
-164
49
621
-102
183
-374
-67
-256
434
-119
-219
195
-707
-21
945
-587
-932
593
357
-836
-477
1253
-375
-500
433
304
99
269
129
-556
234
435
-506
-140
972
-351
-321
-29
592
-874
-648
467
307
-5
-493
549
28
-215
-161
47
-59
83
60
-60
661
227
-329
116
281
-113
-824
373
724
-142
372
176
237
-464
-644
331
27
27
-245
192
679
-630
-710
242
501
-238
-412
705
150
-602
154
178
350
-164
130
168
72
194
-609
-150
650
29
-512
468
651
-720
-911
434
296
-197
-80
295
210
-857
-354
453
-208
103
-167
-321
337
660
-629
-521
292
254
-597
392
744
-599
-219
-313
242
91
-239
273
-95
-158
37
37
128
-295
346
-241
-351
-57
581
-31
32
645
-681
-229
180
-42
-351
450
436
-314
-230
71
-459
186
572
-365
-411
-607
354
198
319
-142
15
-7
-703
494
222
-125
-223
426
488
-324
351
-301
-188
397
-44
-132
194
172
-414
83
324
-73
-284
538
219
-84
-560
58
415
-203
147
170
8
-160
362
-98
-805
27
460
-111
-203
671
-116
-653
299
-30
-45
596
270
-313
-333
334
407
-343
78
463
350
-690
187
683
-858
-831
314
674
-108
-105
630
-208
-633
325
-360
-82
231
58
975
-921
110
382
-350
-258
-370
279
-375
632
370
-492
-483
405
191
-284
-319
732
268
-960
17
919
-172
-1036
329
326
-879
-119
1055
260
-1145
-6
393
-42
-70
124
-286
-392
63
841
51
-202
92
-272
-167
-225
281
86
-373
82
528
3
-386
21
-365
-510
25
330
301
206
-27
-173
-425
-267
213
37
-522
-97
671
483
-375
-120
280
-138
4
-581
73
70
347
75
-246
233
-205
218
-89
-408
17
429
79
-78
318
-201
136
-201
-190
147
113
-16
-470
479
400
-286
-3
55
72
-210
126
516
-98
303
-216
-407
462
114
-31
31
-175
389
-452
556
320
-435
129
302
138
-286
56
-134
66
-275
100
196
137
-98
-100
124
-361
641
142
-286
90
94
-116
145
517
-498
-422
347
293
-196
81
200
-585
-9
516
-429
-5
363
-278
-468
184
334
-626
249
275
-753
74
54
-12
-519
402
-134
-596
585
-68
-832
165
819
-828
-213
23
362
-380
-189
419
-307
251
-488
-443
-51
862
-113
-594
645
6
-506
-339
290
-141
-572
191
811
223
-431
36
-14
-468
41
312
-36
126
526
-315
-495
524
-147
-324
340
396
-422
-220
423
-333
-363
717
336
-194
-301
-116
96
-52
256
331
-350
144
354
-157
-57
564
317
-412
238
234
-217
61
405
79
123
116
293
-374
-193
56
505
-148
-170
359
-74
269
-486
56
-9
237
276
-499
188
9
139
-280
-13
798
-70
-336
-304
245
30
-228
229
321
186
81
-373
-337
41
132
-277
-17
204
-136
357
-66
-338
-26
91
-425
-274
482
182
-152
166
-213
-401
409
214
-59
40
-34
-354
-156
-85
139
442
67
-245
206
113
-590
-287
104
-170
-144
353
-337
-486
755
-180
-874
247
186
-664
-59
532
-300
-180
598
-182
-41
96
-136
-263
34
213
-225
151
245
-106
-71
4
-14
-60
-117
-540
-194
494
106
-210
187
108
-153
-211
-31
-29
35
315
14
-224
-294
58
352
-52
-29
-10
-46
-205
-38
428
-2
184
140
-126
179
-53
322
-331
-117
564
166
-93
76
481
-275
-323
151
46
25
-130
77
-18
-161
333
-342
-303
97
231
324
-366
-65
-188
98
355
342
312
176
-158
-490
-215
245
224
93
239
-347
-34
47
-151
-82
-134
577
-104
-340
-68
34
249
-461
-13
425
-176
-351
225
95
-71
216
30
-290
229
305
-144
68
276
161
-460
-92
118
-130
-181
-8
22
75
210
-94
-8
84
-294
65
333
-202
-480
174
431
-119
7
73
-252
-692
-223
384
106
-33
118
-112
-258
-130
-67
-8
105
7
-30
39
209
-195
10
491
142
-3
212
-67
-369
100
184
-232
60
383
-260
-318
468
44
-650
-53
286
-287
1
584
-217
-158
363
-205
-98
123
-79
-463
396
496
-329
-69
176
-311
-444
572
202
-227
-46
31
-87
-216
345
119
61
-132
-246
-7
211
125
-379
75
461
-108
-40
150
-196
-370
276
255
-644
35
286
-275
-298
460
185
-505
236
-75
-338
176
243
130
-55
431
-332
-307
420
42
-135
283
588
-302
-408
339
289
-103
-93
336
150
-547
-224
232
97
151
30
80
-166
-53
-350
-442
639
379
-440
101
303
-278
-221
510
157
-508
-144
81
190
-92
-58
242
253
-152
-222
-185
-108
-86
-92
134
241
-228
-12
215
-51
-556
-542
155
598
11
-339
279
550
-199
-347
174
-110
-202
185
385
-231
-266
-5
-44
203
-174
-672
-97
385
41
-322
24
318
79
-228
91
60
-540
-142
398
210
-309
-24
202
45
-214
-108
127
289
190
13
-266
-84
-73
121
411
19
-205
-397
86
251
153
-173
77
463
-52
-290
38
-85
-195
165
381
165
-152
-89
113
71
-287
-113
144
98
99
190
-204
-169
229
235
14
129
226
-195
-310
155
-107
-273
465
586
138
-225
-278
-471
-111
317
314
85
139
8
16
-6
-319
-139
-157
79
297
347
-207
-376
-100
10
25
21
225
-31
-107
66
-119
-419
-125
228
273
257
179
-59
-381
-77
109
-111
-95
294
167
36
224
-95
-555
-287
150
171
-47
-113
-8
-329
108
-46
-74
20
-36
45
83
46
-560
-163
251
191
96
99
-259
-482
55
291
80
-52
-50
118
128
-112
-114
110
-65
16
298
255
-11
-165
-240
-107
221
114
-179
44
265
50
-193
-152
-145
-185
62
218
-3
-98
-92
13
107
48
-164
-331
-170
-78
231
487
392
-53
-333
-129
111
5
-313
-167
254
471
449
245
-146
-493
-307
218
65
-13
-39
-273
21
290
125
-164
-85
-170
-262
70
353
97
-235
-112
262
337
136
-89
-215
-376
-226
291
445
312
15
-36
40
-84
-91
-109
-80
31
202
188
51
-68
-303
-183
98
233
72
-100
-136
-24
137
-35
-138
69
200
217
109
-77
-216
-183
-164
-115
200
320
107
-96
-189
-204
-172
-88
92
56
84
131
66
-192
-437
-226
129
287
170
154
240
-14
-392
-318
-96
-48
103
395
365
19
-181
-161
-213
-228
-148
37
285
212
25
-4
61
-120
-414
-340
44
251
279
233
226
37
-364
-382
-172
-28
206
465
377
-38
-215
-210
-240
-107
65
112
254
407
90
-317
-287
-263
-335
-31
281
272
312
416
220
-134
-226
-232
-281
-156
52
319
472
289
37
-180
-333
-412
-278
-29
89
277
395
259
-70
-237
-212
-275
-198
43
300
324
172
98
2
-179
-290
-231
-66
240
377
95
-79
-43
-137
-246
-108
27
4
97
245
247
16
-110
-98
-182
-241
-146
58
196
284
179
34
-80
-240
-378
-282
-25
74
261
374
186
-129
-286
-198
-148
-130
38
108
33
-29
36
67
-49
-123
-138
-157
-110
-93
41
325
408
246
81
-26
-208
-318
-174
-3
164
327
306
110
-128
-236
-188
7
235
264
182
63
-131
-171
-35
114
142
81
32
-72
-258
-361
-155
146
254
225
87
-62
-236
-421
-375
-116
148
237
214
102
-157
-326
-293
-66
148
247
237
61
-147
-321
-279
-31
257
411
254
22
-172
-314
-373
-188
162
402
478
336
92
-146
-330
-371
-192
93
258
319
277
37
-215
-338
-282
-117
146
331
271
147
16
-78
-137
-123
-48
100
197
167
60
-37
-68
-84
-87
-32
103
121
71
-8
-81
-125
-131
-56
-14
-11
70
126
43
-10
-85
-169
-209
-175
-17
161
248
197
43
-69
-148
-208
-180
-25
115
160
183
115
-54
-243
-329
-274
-60
201
267
205
121
-14
-154
-186
-131
-31
87
204
294
265
154
35
-59
-151
-193
-103
75
205
266
277
145
-51
-179
-268
-272
-144
25
184
255
207
61
-141
-300
-378
-335
-135
72
163
215
216
84
-117
-269
-308
-294
-213
-63
88
193
204
155
41
-78
-183
-226
-193
-87
103
247
298
244
117
-26
-133
-184
-185
-98
36
182
267
251
136
-5
-135
-227
-224
-138
-37
45
165
286
291
180
65
-27
-133
-183
-130
-22
99
177
221
213
149
41
-108
-214
-222
-169
-98
5
97
137
122
74
-25
-120
-169
-184
-152
-79
33
109
122
84
32
-23
-100
-148
-154
-125
-58
33
109
132
84
7
-69
-124
-152
-146
-111
-69
-15
62
115
91
37
-8
-23
-11
-8
-4
4
24
51
92
157
182
137
65
15
-4
4
29
45
50
59
67
92
97
51
-48
-98
-79
-66
-45
-24
-10
2
24
38
18
-20
-50
-47
-28
-2
15
30
35
9
-15
-37
-41
-21
-18
-14
17
46
41
11
-1
-26
-48
-46
-16
17
44
24
-27
-28
-31
-67
-101
-92
-60
-34
-22
-22
-19
-23
-32
-27
-6
-7
-17
-1
28
43
23
9
2
-13
-19
5
27
22
23
35
35
14
12
15
-2
-17
-17
-23
-35
-22
7
28
38
57
63
47
39
27
13
-10
-20
-6
8
19
3
-22
-9
24
14
-24
-33
-15
3
30
62
75
52
16
3
-5
-28
-37
1
33
37
13
-11
-22
-54
-73
-53
-6
23
32
23
-28
-68
-94
-82
-49
-16
5
-1
-11
-13
-19
-31
-28
-9
14
23
28
27
10
-4
4
22
39
26
-16
-19
17
30
34
34
19
-4
-9
-6
-17
-27
-45
-42
-10
9
-9
-34
-24
-10
-15
-29
-33
-27
-13
13
28
27
15
-3
-7
5
12
4
6
-2
-10
4
16
10
8
7
-9
-21
-23
-7
2
1
-4
-2
7
1
1
-1
-18
-28
-26
-21
-13
3
3
-7
-11
-19
-7
13
22
22
33
47
63
60
35
11
9
18
21
32
24
10
9
18
22
17
17
25
32
41
57
63
51
39
40
34
18
6
-2
-1
11
20
14
-3
-20
-30
-31
-32
-26
-14
-11
-11
-7
-14
-43
-63
-63
-50
-35
-29
-23
-25
-26
-28
-18
6
11
5
8
9
5
-7
-16
-11
-4
7
10
12
13
10
10
11
20
28
43
51
49
43
29
26
28
29
23
28
30
19
8
-8
-18
-20
-16
-3
8
12
-3
-23
-32
-34
-40
-44
-42
-36
-30
-33
-50
-62
-76
-77
-65
-57
-51
-49
-49
-40
-20
-8
-2
-2
3
11
17
22
16
19
27
33
31
21
4
-3
-3
2
6
0
0
13
30
38
38
27
6
-2
-1
4
7
7
10
8
2
-4
-14
-22
-15
-13
-13
-11
-14
-4
2
3
0
10
15
13
11
7
0
-2
-6
6
25
31
33
39
43
41
37
35
37
42
47
50
43
28
7
-9
-19
-22
-18
-16
-11
-8
-7
-5
-6
-20
-31
-31
-25
-21
-23
-26
-30
-32
-33
-29
-28
-36
-37
-29
-20
-13
-5
-6
-8
0
13
20
34
44
42
41
44
36
23
19
14
14
19
26
31
27
27
24
13
-5
-16
-23
-20
-17
-10
-3
-4
-8
-16
-30
-39
-42
-36
-27
-17
-17
-22
-28
-33
-37
-35
-27
-30
-35
-34
-33
-27
-10
-2
-4
-6
-6
-15
-22
-19
-11
0
18
29
29
17
-1
-14
-8
-6
-3
1
1
-2
-4
-6
-10
-12
-5
5
7
15
26
30
37
39
44
48
50
50
52
44
35
34
26
20
14
16
21
24
24
16
9
5
8
18
31
39
44
38
32
22
13
7
10
17
16
12
1
0
4
5
11
5
-2
4
3
-3
-10
-12
-16
-24
-31
-38
-42
-48
-57
-61
-57
-55
-48
-37
-19
-11
-9
-12
-15
-7
-7
-5
3
9
9
-1
-9
-11
-14
-16
-14
-8
-14
-21
-26
-33
-28
-22
-16
-11
-9
-8
-11
-10
-3
0
3
5
2
5
8
6
9
16
17
13
7
7
-1
-5
-1
7
12
16
14
12
17
11
7
9
7
-1
-9
-13
-18
-20
-12
-11
-9
-8
-4
-9
-9
-5
-1
6
8
14
9
5
-3
-5
-5
-1
-1
-5
-1
4
10
14
21
26
25
26
28
31
36
43
47
39
35
27
16
16
10
7
3
-1
-5
-9
-18
-19
-20
-16
-12
-11
-10
-12
-17
-23
-22
-14
-2
3
5
6
3
0
1
4
1
-2
-3
-7
-9
-7
-5
0
2
6
8
8
4
-1
-3
-5
-6
-7
-3
4
10
7
3
-3
-9
-9
-2
6
14
25
28
28
24
14
5
0
2
6
8
-1
-10
-19
-25
-21
-17
-16
-16
-11
-12
-11
-3
-4
-8
-9
-9
-14
-21
-26
-27
-25
-21
-18
-15
-7
-4
3
8
12
3
0
-3
-2
7
6
10
10
3
-6
-12
-17
-11
-4
0
5
8
2
-4
-12
-9
3
15
29
34
28
19
13
8
4
5
10
9
14
8
3
-8
-17
-14
-8
-1
3
7
4
5
1
-3
-7
-3
1
3
4
1
-5
-9
-12
-14
-15
-16
-15
-14
-11
-12
-10
-3
7
15
23
26
22
25
21
18
13
-2
-11
-15
-21
-18
-16
-13
-12
-16
-9
-8
-5
-2
0
-4
-6
-2
-4
-7
-4
4
9
7
0
-5
-14
-15
-3
7
17
25
23
22
26
22
29
34
45
48
36
24
3
-8
-16
-14
-9
-6
-5
-12
-21
-34
-43
-44
-35
-19
-5
-2
-1
-6
-20
-30
-23
-18
-11
3
10
13
8
4
1
5
12
28
36
37
38
34
37
36
40
40
32
28
16
7
0
-5
-11
-16
-12
-11
-9
-12
-11
-9
-7
-4
-3
0
2
3
5
1
-6
-8
-15
-23
-24
-26
-30
-22
-16
-12
-6
-4
2
6
8
9
6
7
5
3
4
5
10
8
0
-6
-10
-15
-15
-12
0
7
10
15
16
12
10
5
7
5
1
-5
-18
-21
-31
-42
-40
-35
-30
-30
-25
-21
-19
-11
-8
7
11
12
14
16
13
7
5
0
4
13
21
19
15
11
5
6
10
14
17
22
24
23
14
3
-3
-6
-10
-15
-20
-25
-22
-14
-11
-11
-6
1
-6
-3
2
2
2
6
13
13
13
12
9
6
-2
-6
-10
-8
0
7
10
13
13
5
4
8
14
11
13
14
7
2
-5
-14
-17
-20
-13
-2
0
-3
-10
-15
-14
-8
-5
-5
-3
-2
-9
-13
-23
-27
-24
-18
-9
-9
-4
-9
-12
-12
-8
-4
-4
3
12
21
16
11
4
-1
7
8
12
15
17
19
17
27
25
22
17
17
13
9
9
2
2
0
0
-7
-13
-16
-21
-17
-18
-21
-23
-29
-30
-26
-24
-20
-14
-10
-4
-4
-1
1
2
5
7
12
11
14
18
20
18
19
22
25
25
32
35
36
45
46
44
40
31
27
24
24
28
32
27
16
11
4
0
3
5
5
8
9
9
-2
-10
-13
-20
-23
-20
-22
-27
-28
-26
-25
-28
-28
-25
-26
-22
-22
-21
-26
-28
-22
-25
-23
-27
-28
-28
-30
-23
-21
-24
-24
-26
-24
-27
-24
-24
-26
-22
-23
-26
-29
-26
-23
-15
-5
-11
-11
-9
-8
-1
-1
9
16
20
24
23
16
12
10
15
21
29
33
27
22
14
13
14
21
15
14
12
7
4
0
1
-2
7
4
6
10
15
17
16
16
16
21
21
24
25
20
15
7
3
3
10
11
14
14
12
13
15
19
11
5
1
1
6
2
7
8
5
4
3
4
2
6
4
6
7
10
8
14
17
15
11
7
6
-4
-7
-12
-18
-19
-26
-26
-21
-23
-14
-12
-11
-7
0
3
7
15
14
8
7
6
1
4
9
12
10
9
6
2
-2
0
-1
-9
-13
-15
-16
-16
-18
-21
-21
-21
-18
-19
-21
-26
-32
-33
-23
-20
-14
-8
-8
-4
-8
-8
-10
-8
1
4
-2
-9
-13
-14
-14
-10
-5
-5
1
-3
-7
-9
-12
-15
-16
-9
-7
-10
-14
-14
-16
-18
-13
-8
-7
-4
-8
-14
-16
-17
-18
-17
-7
3
9
7
8
7
5
1
-2
5
12
20
28
27
25
23
23
20
28
39
37
37
36
35
28
23
25
32
31
31
34
25
14
8
7
8
10
7
9
12
18
12
9
12
11
8
9
11
7
-4
-8
-10
-14
-17
-21
-21
-18
-14
-16
-14
-6
-4
-3
-2
2
0
-2
-6
-10
-10
-13
-5
-2
1
7
-1
-9
-15
-16
-19
-15
-7
-5
-1
-7
-6
-11
-15
-15
-14
-14
-11
-5
-8
-7
-9
-12
-17
-10
-6
-4
-3
4
-3
-11
-11
-18
-17
-11
-1
2
-3
-7
-14
-20
-22
-17
-11
0
4
8
9
6
4
10
20
29
30
27
22
15
8
2
1
3
9
12
11
7
0
0
-2
0
9
11
10
8
5
1
0
-4
-4
2
5
9
12
11
8
7
5
5
8
10
8
10
10
7
11
11
16
26
26
16
6
2
3
2
4
8
14
14
14
12
4
0
1
-5
-4
-3
-3
-2
-7
-9
-12
-16
-21
-17
-8
-6
1
4
1
-1
-1
0
1
2
2
6
-1
-8
-24
-36
-37
-32
-23
-14
-6
-4
-8
-8
-11
-11
-12
-11
-7
-5
-7
-15
-16
-15
-13
-7
-5
-7
-2
1
8
9
17
22
25
26
19
17
18
15
11
7
3
2
-1
-4
-2
-3
-11
-13
-16
-13
-9
-6
-6
-10
-9
-7
-7
-9
-10
-15
-11
-6
-9
-13
-18
-26
-28
-26
-22
-19
-24
-24
-18
-16
-13
-9
-9
-6
8
15
20
21
22
18
14
11
8
10
12
11
17
19
19
16
10
13
11
17
13
12
12
8
2
-5
-9
-3
0
-1
-3
-3
-3
-4
-6
-7
-4
2
6
13
12
13
12
9
8
3
-1
-9
-11
-10
-9
-4
-4
-9
-10
-8
-2
-5
-5
2
8
17
23
23
15
5
-5
-5
-3
2
9
14
17
17
15
15
16
11
10
14
18
18
16
14
13
7
-2
-1
-2
-4
-5
-5
-4
-2
-2
-3
-1
-3
-6
-9
-8
-6
-7
-11
-12
-7
-7
-3
-1
0
0
1
-3
-1
0
7
10
16
21
11
6
3
10
15
16
22
18
16
4
-7
-15
-21
-21
-20
-13
-10
-11
-11
-15
-15
-17
-11
-3
1
4
4
-3
-5
-8
-7
-3
1
-2
-2
-6
-8
-7
-6
-11
-12
-8
-6
-2
-7
-8
-13
-15
-11
-6
-8
-10
-13
-17
-19
-17
-14
1
12
17
23
19
19
13
10
15
14
16
16
15
5
-4
-11
-12
-12
-8
0
0
4
-1
-8
-12
-13
-12
-7
2
8
7
4
7
4
-3
0
7
10
17
16
10
7
3
-2
4
8
11
11
7
4
0
-4
-7
-5
2
6
10
9
-2
-13
-13
-12
-12
-5
-2
0
2
0
-4
-2
14
19
19
13
12
5
-1
-1
-7
-4
-1
-1
2
4
8
5
5
10
14
16
14
12
13
12
8
1
-1
-4
-8
-7
-10
-17
-20
-20
-24
-27
-27
-27
-28
-27
-28
-29
-29
-27
-33
-36
-29
-29
-22
-18
-15
-14
-10
-1
1
0
-1
-5
-5
2
11
9
8
13
13
11
14
18
19
23
24
21
20
15
3
-3
-2
0
-4
0
4
-2
-8
-13
-14
-13
-13
-12
-4
-3
6
9
-1
-6
-9
-5
-1
6
11
12
11
9
22
33
40
41
38
37
31
26
24
29
32
37
42
40
31
19
13
4
8
16
19
17
12
7
1
-13
-18
-18
-15
-7
6
10
2
-4
-13
-18
-16
-12
-13
-20
-23
-23
-25
-20
-14
-15
-12
1
7
13
12
5
2
1
10
17
23
19
10
7
-1
-6
-14
-14
-16
-17
-20
-19
-30
-40
-44
-44
-44
-49
-45
-47
-44
-42
-40
-28
-24
-17
-11
-9
-3
-3
2
3
-2
-9
-5
8
8
13
12
8
14
14
22
27
24
22
19
16
9
0
-4
-1
7
10
17
23
23
21
14
13
13
9
13
21
30
27
27
22
8
2
-7
-14
-15
-17
-19
-19
-22
-20
-23
-21
-16
-12
-11
-12
-7
-11
-16
-11
-10
-6
0
5
7
15
15
11
18
20
21
24
29
27
21
22
12
6
11
14
19
24
30
22
17
12
12
9
9
18
18
19
14
4
-4
-4
2
9
20
21
17
7
3
3
-5
-1
0
-1
4
6
-2
-15
-20
-25
-22
-10
-4
-1
-3
-6
-8
-12
-9
-3
3
11
17
18
12
8
0
-7
-14
-13
-9
-12
-15
-15
-26
-29
-31
-30
-28
-21
-15
-16
-14
-9
-8
-11
-7
-8
-11
-8
-8
-17
-20
-24
-27
-27
-25
-27
-30
-32
-34
-33
-33
-23
-15
-11
-8
-15
-24
-32
-37
-37
-26
-6
14
26
26
21
11
3
1
-1
-3
7
17
16
18
17
7
1
10
21
25
34
37
30
16
11
7
7
16
21
29
24
24
20
11
12
11
17
24
34
39
32
24
19
19
28
35
44
48
37
24
5
-7
-11
-3
11
25
40
45
39
28
16
3
-4
-5
-1
2
-2
-6
-12
-21
-24
-23
-25
-24
-26
-32
-45
-59
-67
-66
-63
-44
-34
-28
-26
-27
-38
-47
-47
-43
-33
-29
-23
-24
-23
-15
-13
-7
-3
0
-3
-8
-15
-20
-22
-24
-9
-1
-2
1
-2
1
6
17
29
29
30
30
27
22
17
11
15
22
37
46
47
45
41
35
29
35
38
46
61
67
64
54
41
22
13
10
17
27
32
38
35
32
28
22
20
20
20
24
24
22
11
-4
-12
-21
-25
-29
-32
-37
-39
-41
-48
-47
-50
-55
-45
-40
-38
-41
-50
-46
-41
-38
-28
-23
-13
-11
-12
-4
-7
-16
-17
-12
-12
-11
-4
0
-1
-6
-4
-7
-12
-4
11
26
38
42
34
14
-3
-19
-27
-26
-24
-20
-17
