SAMPLES:	15880
BITSPERSAMPLE:	16
CHANNELS:	1
SAMPLERATE:	16000
NORMALIZED:	FALSE
-2
4
0
-1
4
-1
-1
2
-1
1
0
1
0
-5
-1
-2
0
0
-1
-1
1
0
1
2
2
2
2
1
-2
-2
-1
1
-2
0
-1
0
-1
1
1
0
0
-2
0
0
1
-1
-2
-2
-1
0
-1
0
0
-1
0
1
3
1
1
-1
0
-1
1
0
-1
-1
-1
0
1
0
-2
1
1
1
1
-3
-1
2
1
-2
2
1
0
0
-1
2
0
1
0
-1
-1
-3
1
-1
-2
2
4
0
0
-3
1
2
0
1
0
-2
1
1
2
-2
-2
-1
-1
-1
-2
2
-1
-1
0
-1
0
1
0
1
1
-1
-1
-3
-2
1
-1
2
1
0
-1
2
-1
-2
-1
1
1
1
2
-4
-1
4
1
2
-2
-1
1
-2
-2
1
0
-1
1
-4
-2
2
0
1
2
1
0
-3
1
3
0
-1
1
0
1
-1
0
-1
0
0
0
1
2
-1
1
-1
-1
0
-2
0
2
1
2
1
-2
1
-2
1
0
-1
1
-1
1
-1
-1
1
1
-1
-2
1
2
-1
0
-1
1
0
1
1
1
1
1
-1
-3
-1
0
0
-2
0
0
2
1
-1
-2
-1
1
2
-2
-2
2
1
-1
-2
0
1
0
1
2
-1
-2
-1
0
0
1
1
1
1
-2
-2
0
0
1
1
-1
-1
0
0
1
0
0
-3
0
3
2
1
0
-2
-1
-1
0
-3
-1
1
1
0
1
-1
-1
1
-2
2
2
-1
0
2
2
-1
-2
0
3
0
-1
0
-1
0
-3
0
2
2
-1
1
3
-1
0
-3
-2
-1
2
1
0
0
0
0
0
2
-1
0
-2
-1
2
0
0
1
0
-1
-2
-2
1
3
0
0
-1
1
-1
0
0
2
1
2
1
-1
3
-1
-1
-1
1
0
0
-1
-2
0
1
1
-1
0
1
1
-1
-1
2
2
-1
0
0
0
0
-1
-1
0
-1
0
0
0
1
0
0
0
0
2
0
-1
0
0
0
1
-1
-1
1
-1
-2
-3
0
4
0
-2
1
1
0
0
1
-3
-2
-1
0
-1
-1
0
0
3
2
-1
0
0
-1
0
-1
2
1
2
1
1
-2
-1
3
0
-2
1
3
0
0
0
-1
1
-2
1
2
-2
0
-3
-1
0
-1
0
3
2
0
1
-1
0
2
-1
-2
1
-2
-1
0
-1
-1
3
1
-1
1
0
0
-1
0
0
0
1
-1
-1
-2
0
-1
-1
1
5
2
3
-1
-1
0
-2
0
-1
1
-2
-2
2
-2
-3
3
2
-2
1
1
1
1
-2
1
-1
-2
1
2
1
0
0
0
-2
-1
0
2
1
-3
-4
0
-1
1
1
-2
0
1
-2
-1
1
1
1
-1
2
0
0
2
-2
1
-1
-1
0
2
-2
0
1
1
0
-1
1
-2
-3
-2
0
1
1
0
1
0
1
1
0
1
0
-2
1
1
0
1
0
1
-2
-1
0
-2
1
-1
0
1
-1
2
1
-3
1
-1
0
1
-1
0
-1
-1
1
-1
-3
-2
-3
3
2
-2
2
1
0
-2
0
1
-2
-2
2
2
4
-1
-2
0
-1
1
1
0
-1
0
2
-2
-2
1
0
-2
1
2
-2
1
4
1
0
3
1
-1
-3
4
6
5
-4
-8
2
13
6
-8
-5
6
6
-7
-8
1
-2
-9
-7
4
5
0
-4
-5
-2
0
-2
-4
-4
-3
-4
-4
-5
-6
-7
4
-1
-4
-2
4
7
-3
-3
-2
3
6
3
3
7
8
8
1
-2
4
10
4
9
5
9
10
2
-2
4
5
10
8
0
5
5
2
2
2
-1
-3
1
-5
-8
-3
-6
6
2
1
-7
-3
-9
-2
-4
-9
-4
-12
-4
1
-8
-6
-7
1
10
12
-7
-21
4
1
0
-4
-8
-5
-2
-10
-12
0
15
12
-2
-7
-2
5
-4
-20
-12
8
-8
0
-3
4
3
7
7
0
-3
-1
5
0
9
13
-2
-9
11
3
-6
-8
-10
4
6
14
8
1
7
13
5
5
5
0
6
3
7
12
2
7
-8
-4
2
-6
-25
-43
12
47
30
-18
-57
-37
21
19
17
-14
-9
5
5
51
64
63
3
-7
-36
-53
-67
-59
-3
23
36
36
45
43
18
-1
-25
-47
-35
-46
-29
-19
-16
-3
-6
18
27
19
8
-12
-46
-41
-33
-31
-31
-17
36
45
42
-50
-61
8
62
52
-50
-85
-45
10
42
46
29
34
-6
-22
17
9
23
-1
-18
0
1
11
22
25
-6
15
20
18
28
5
-13
-10
21
44
29
29
3
-12
-24
-28
0
3
-20
-9
-43
-44
-7
-5
-6
1
18
-12
-13
-24
5
33
23
0
-2
9
9
11
8
5
16
11
10
2
6
-7
-5
-1
11
14
0
-2
-5
19
6
-1
-6
-1
-2
-6
7
-2
10
20
20
1
6
-10
-12
-15
-3
12
-3
2
0
-3
-21
-1
-17
-1
3
-17
6
-17
-25
-30
-31
2
-9
0
3
1
-15
-18
5
-12
-2
23
0
-11
-2
-15
-3
-7
-16
-9
-4
-2
10
9
-1
8
8
-4
-11
-5
8
-3
2
16
7
13
-2
19
6
0
11
-8
15
13
25
-1
0
14
11
-6
-13
3
-1
5
13
3
-2
12
4
2
-12
-13
6
11
4
1
-8
-21
-4
-8
0
-14
-9
-1
17
12
-18
14
-2
-5
-13
-11
2
5
9
12
-7
-6
22
-4
7
10
-1
13
5
11
5
-6
-3
-8
-1
-2
0
-6
-5
8
0
4
2
-8
-13
6
-5
-17
-14
-11
-7
-7
1
-1
-5
14
-5
-2
-1
-11
-4
-5
9
6
-4
-10
0
-3
1
-1
-3
-2
3
7
5
7
-1
-2
2
0
-6
-1
8
2
4
0
10
2
-1
0
5
4
10
6
7
11
7
4
3
7
2
-6
-13
-4
-13
-8
-1
-3
-10
-3
-12
-1
-3
-8
1
2
4
7
5
8
8
-3
4
4
0
5
6
0
2
7
-2
2
-1
0
9
4
4
2
2
1
5
-2
-5
0
1
1
1
-4
-4
2
1
2
-4
2
4
4
-4
-5
0
-4
-6
-1
1
0
-4
-2
0
-2
-4
-4
-3
-4
-1
-3
-2
-2
-2
0
0
0
-5
-4
-3
0
-3
-2
-1
-1
2
-3
3
1
-2
0
0
0
-1
1
3
-1
0
-1
0
2
1
2
1
2
0
3
2
0
2
-1
0
2
1
2
1
0
-2
2
-2
0
2
-3
-1
4
2
2
1
-2
-2
1
4
2
-1
-1
-2
-2
1
-1
-2
2
1
2
2
-1
0
-1
-1
0
-1
0
0
0
0
-4
1
1
-1
0
3
0
-2
1
0
0
-2
-4
0
1
0
1
2
2
-3
2
0
0
1
-3
-1
1
0
-2
4
1
-1
1
-1
-3
-2
1
2
-2
0
0
-1
-4
-1
3
-1
-1
-2
-1
0
3
2
-1
1
0
1
3
2
-1
-3
-1
0
0
-3
0
1
0
-1
-1
2
-3
1
0
-2
1
1
2
0
-1
0
-1
2
1
0
1
1
-5
-2
0
4
1
-3
-1
-1
1
0
1
0
2
0
-2
-1
-2
1
1
1
1
-1
-1
0
-1
0
0
-1
1
1
0
-1
2
3
-1
1
1
0
0
1
-1
0
-1
-5
0
1
1
2
0
-2
0
-1
5
-1
-5
0
0
3
0
0
-2
1
1
-2
-1
-2
2
-1
-2
-1
-1
2
-1
3
2
1
2
1
1
-1
0
2
-1
-2
0
0
0
0
2
1
-2
-2
-1
3
1
1
2
0
1
3
0
1
1
-2
-2
2
0
-1
-1
0
0
0
0
0
4
2
2
1
1
2
0
0
1
0
0
-2
-2
-1
1
0
0
-4
-4
1
-1
0
3
3
2
1
3
2
2
2
-3
-4
-4
0
-1
-2
-1
-1
1
0
0
2
3
2
3
2
1
2
0
1
-1
-2
0
0
-1
1
-2
-4
-2
-4
0
1
1
0
3
2
2
0
2
1
0
0
-2
-2
-5
-1
-4
-3
0
-3
-1
0
0
4
2
3
3
3
3
2
1
0
-5
-4
-4
-3
-1
-4
-2
0
-1
-3
2
0
4
5
2
4
1
3
0
-2
0
-4
-4
-2
-5
-5
-1
-2
-3
-1
-1
2
2
2
3
3
1
0
1
0
1
-3
-2
-3
-2
-3
-2
0
0
0
1
3
1
2
5
3
2
2
3
2
0
-2
-3
-5
-3
-5
-2
0
-1
0
-2
2
3
4
4
4
3
4
0
3
-1
-2
-2
-3
-3
-2
-3
-4
-4
-2
0
1
3
1
5
3
5
2
3
3
4
0
-2
-3
-3
-3
0
-2
-4
-5
-1
1
3
4
3
0
4
3
1
2
3
0
-2
1
-2
-1
-3
-2
-3
-4
1
2
3
1
5
4
4
4
2
0
-1
-2
1
-1
-5
-3
-2
-4
-3
0
2
-2
-1
5
4
4
3
2
3
3
2
0
0
-2
-1
-1
-2
-4
-2
-2
-5
-1
2
1
2
1
3
4
3
2
3
-1
1
2
-3
-3
-4
-2
-3
-2
-2
2
0
0
0
0
2
1
2
2
2
-1
-2
0
1
-4
0
-4
-1
-2
-3
-1
-3
-1
-1
3
3
0
2
0
1
4
3
-1
-1
-1
-2
-4
-3
0
-2
0
-2
-1
-2
1
3
2
1
0
-1
2
2
0
0
3
0
-4
-2
-2
0
0
-1
-3
-3
0
-2
1
4
2
3
1
0
-1
-1
-2
-3
1
1
-3
1
-1
-1
2
-2
3
1
0
0
1
0
3
2
0
-1
0
1
1
-1
-2
-1
-2
-4
1
0
1
2
4
0
0
0
1
0
-1
0
3
0
-2
1
0
0
-3
-3
0
3
1
1
0
0
2
2
3
2
0
-1
1
-1
2
0
0
1
-1
-1
-2
0
1
1
1
0
0
0
-3
0
0
0
0
2
2
-2
1
2
-1
0
2
1
0
0
2
2
4
2
-3
-5
1
3
0
2
-1
-2
-2
-1
2
-2
-1
-3
-3
1
2
0
-2
0
-2
0
3
0
1
1
0
1
1
2
4
-1
-2
0
-2
-2
-3
-2
1
1
1
-1
-1
1
-3
2
5
-1
0
-2
-3
0
-1
2
0
3
0
0
3
-2
0
-1
-1
-1
-2
0
-1
-3
0
0
-3
-2
0
-1
1
4
0
-2
2
0
1
0
0
2
-1
0
0
-1
1
-1
-1
-1
-3
3
1
0
-2
1
3
-2
2
0
1
-1
4
1
-6
0
2
1
-1
0
-1
0
1
1
1
0
0
-1
1
-2
-3
1
0
-1
1
0
1
3
-1
-1
-2
0
0
2
-1
-1
2
-1
2
0
-3
1
1
-1
0
0
0
1
-1
-3
-2
-2
0
1
3
-1
0
1
-3
1
1
1
-3
-1
-1
0
2
-1
-2
1
-2
-3
-2
1
1
-1
0
-3
-4
-2
3
1
-1
1
1
-1
1
2
-3
2
1
1
1
-1
0
1
1
0
3
0
-3
-1
-2
0
-1
0
-2
-2
3
-2
-1
1
-2
0
3
3
-2
-1
3
0
1
2
0
1
2
-1
0
-1
1
-3
-1
0
-2
0
1
3
-1
1
-4
0
3
0
2
2
2
1
-1
1
1
1
-2
-2
0
1
2
1
1
0
1
-2
-3
-2
-3
-1
1
3
2
0
-1
0
3
1
1
1
-1
1
-1
1
2
2
0
-2
-2
-2
-2
-1
1
1
1
1
-1
1
-1
-1
0
3
-1
-1
0
1
0
-2
0
2
0
1
0
-1
2
2
-1
1
0
-1
-1
1
0
-1
1
-1
-1
0
0
0
1
-1
0
2
0
0
0
0
-1
0
1
0
-1
-1
1
1
0
0
3
-1
-2
2
0
0
-2
0
0
-1
0
1
-1
1
0
-2
1
-2
-1
0
1
1
-3
-2
-2
-2
-1
-1
-2
-1
1
-1
2
0
-2
1
-2
3
0
0
1
-1
1
-1
1
0
-1
0
-2
-1
0
-1
0
0
-3
1
1
-1
0
-2
-1
0
-2
0
1
1
0
-2
1
1
0
0
1
0
-1
2
3
1
1
0
-1
-4
-1
0
-2
-1
0
0
0
0
1
1
0
0
0
0
-3
2
2
-2
1
2
2
0
-1
1
-1
0
0
-1
0
0
2
3
-1
1
-1
1
1
-1
0
0
0
0
-1
1
2
1
0
-1
1
-2
0
0
2
2
1
0
2
-1
0
1
-1
1
0
2
-1
-2
-1
0
-2
1
0
-1
4
4
0
-1
0
-1
-3
0
-2
-1
1
1
1
0
0
-1
1
3
1
1
-1
-3
-1
-2
-1
0
1
2
0
1
-1
-1
-1
-1
4
1
-1
-1
-2
1
0
0
0
1
0
2
1
-3
1
-1
0
1
0
1
2
-1
-3
-2
-1
-1
1
1
1
1
2
2
2
-1
-1
0
1
0
-1
0
-5
0
0
0
-2
1
-2
-1
0
0
1
-1
1
-2
0
-1
1
0
1
-1
-1
0
0
0
-1
1
0
0
1
2
2
-1
-2
-3
-3
-1
-1
1
0
1
0
0
0
-3
0
1
1
1
-1
0
1
0
2
1
0
1
1
1
-2
-2
-1
-3
0
0
0
1
-3
-1
1
1
1
1
-1
0
1
0
1
2
-1
0
-1
0
2
2
-1
0
0
-1
0
-1
-1
1
2
2
-2
-2
0
0
0
0
2
-2
1
0
0
0
-1
2
-1
1
2
0
-1
0
-1
0
0
0
1
0
0
0
0
1
-1
1
0
1
-2
0
0
1
1
2
2
2
2
-2
-2
0
-1
-1
0
0
-3
-2
-1
0
-2
1
2
0
-1
5
-1
-2
1
1
0
2
0
-2
4
-2
0
2
1
0
-2
2
0
-1
1
-1
1
-1
1
-1
-1
-2
-3
0
0
2
0
1
0
1
0
-1
1
-1
-3
0
0
0
1
0
-3
-2
-1
1
-1
1
1
-1
-1
0
-1
-1
1
1
1
-1
0
0
0
3
1
1
1
-2
-1
-1
2
1
-2
0
0
0
-1
1
1
-2
0
-1
1
1
0
-1
-1
-2
-1
-1
-1
2
0
1
3
2
-2
0
-1
1
0
-1
2
0
-2
0
1
-1
1
1
0
1
-1
1
1
-1
0
0
2
0
0
1
0
0
-1
-1
0
1
0
-3
-1
1
-1
1
-1
-2
0
0
2
3
-1
-1
1
2
0
0
1
0
-1
2
2
1
3
-3
-4
1
-1
-2
0
-1
1
3
3
-1
0
0
1
-3
-5
-1
2
1
-1
-3
1
3
1
2
1
2
2
0
-2
0
0
0
-2
0
-2
-3
-2
-2
2
0
0
0
2
4
0
2
0
0
-2
-1
1
1
3
3
3
0
1
1
-1
1
-3
0
-1
-2
0
0
0
-2
-3
-2
1
-1
2
2
0
1
2
2
-1
1
0
0
2
-1
-2
1
1
-2
1
1
1
0
-3
-1
-3
-2
1
-1
2
1
2
0
0
2
0
2
1
-2
-1
0
-2
1
-1
0
1
-1
2
2
1
0
-3
0
1
-3
-1
-1
-1
-1
0
2
1
0
1
1
2
5
0
-1
0
-2
-2
-1
-2
-2
-1
-2
2
0
1
0
2
2
-2
-2
1
0
-3
1
0
-2
-1
0
4
0
2
0
3
0
1
3
-1
-1
-4
-4
-2
-3
-2
0
-3
-3
0
1
0
2
2
1
0
2
2
2
-1
-2
2
-1
-1
3
3
0
1
1
0
-1
-1
-3
-1
-2
-1
0
0
-2
-1
-1
0
1
2
3
-2
-1
0
1
-1
1
1
1
0
0
0
2
0
-1
0
1
1
1
1
-4
-1
-2
-1
-1
-3
-1
0
1
0
3
2
2
2
0
-1
-4
-2
-1
2
1
-1
2
1
-2
-3
2
0
-1
1
0
1
-1
-1
1
1
-3
0
2
0
-1
1
3
0
0
1
0
-3
-1
2
-3
1
1
-2
1
-1
-1
0
-2
-1
2
0
0
0
-2
-1
3
1
-2
1
2
2
0
-2
0
2
1
-1
-2
0
-3
1
-3
-2
-2
1
1
0
-1
1
2
-1
1
-1
2
1
-2
2
-1
0
1
-1
-1
0
0
1
2
0
0
2
1
-4
-2
0
-1
-2
0
1
-1
2
0
1
-1
1
1
1
4
-2
-2
-1
-2
0
3
-1
4
1
0
-1
0
2
0
1
-1
-2
-4
-1
2
0
2
0
1
1
-1
2
2
1
-2
1
-1
-1
-1
-1
1
1
1
-3
0
0
0
0
0
0
-1
1
0
1
2
-1
3
1
-4
1
1
-1
-1
1
2
2
0
1
-4
-3
-2
-1
-2
-1
1
1
3
-1
0
-1
-1
1
0
1
1
0
-1
-2
1
-1
0
2
-1
2
3
-1
-1
0
0
1
1
-2
-1
-2
1
1
-3
0
-2
1
0
-1
0
2
3
-1
-2
1
0
2
0
-1
1
1
1
2
-2
-2
-1
-2
0
0
-1
-1
1
0
2
-2
0
1
-4
-1
2
1
1
1
2
0
-3
-3
-2
3
1
1
0
-1
1
1
1
-1
0
1
-1
0
0
0
-1
-1
0
1
0
0
2
0
-1
-1
1
-1
-2
0
1
2
3
1
-1
0
1
0
2
-1
-2
-2
-3
0
1
-2
1
3
0
-1
-4
-1
1
-3
1
3
1
1
-2
2
-2
1
-3
-1
2
0
2
-3
0
1
-3
-3
1
-1
0
1
-2
0
1
0
0
1
-1
3
2
2
-1
1
0
1
1
-2
1
1
-1
-2
-1
-2
2
2
1
-1
3
0
0
0
0
2
1
-1
-1
-2
0
-1
-1
0
-1
1
-2
0
1
0
2
0
2
2
-1
0
0
2
1
-1
0
3
1
-1
-1
-3
-1
0
2
0
0
0
-2
0
0
-3
1
0
2
-1
-1
-1
2
4
-1
-1
1
1
-1
0
1
0
-1
-2
-2
1
1
1
3
1
-2
-2
1
1
1
0
-2
-1
-1
-1
1
0
2
0
-4
0
-1
3
-1
-2
3
0
1
-2
-2
1
-1
1
-1
-3
1
0
0
3
0
1
1
-1
4
0
-3
-1
1
1
1
2
-2
-1
-1
-1
0
0
1
0
-4
0
0
-2
0
-1
3
3
1
1
0
0
0
1
-2
0
0
0
1
-2
-1
1
2
-1
2
0
-1
0
1
1
-1
1
-1
-2
0
1
1
-2
-1
-1
0
-1
0
-3
0
0
0
0
1
1
2
2
1
0
-2
1
0
-3
0
0
0
-2
3
2
0
0
-2
-1
-1
2
0
0
2
-2
-2
3
0
-2
0
-1
2
1
-2
0
1
0
0
0
0
-2
0
0
0
0
-1
-1
0
-1
0
0
-1
-1
2
2
-1
0
1
2
-2
0
0
0
2
0
0
0
0
-2
-1
2
0
-2
0
-2
2
0
-1
-1
1
2
0
1
0
-1
-1
-2
2
4
0
-1
0
0
1
-1
0
-1
-3
-1
5
2
-3
0
-2
0
4
2
-1
0
0
1
0
-1
1
0
-1
-1
2
0
2
1
-2
0
0
1
2
-1
-2
4
-3
0
-3
-2
1
1
0
0
3
-1
0
-2
0
1
0
-1
2
0
1
1
0
-2
-1
2
-1
1
-2
0
2
-2
-2
1
0
3
1
-3
3
-1
1
2
0
0
2
0
-1
0
-1
2
1
2
-1
-1
-1
0
1
-2
2
-1
-2
2
1
-1
-1
0
0
1
0
1
2
-1
0
3
-1
-1
1
1
2
-1
-1
-3
2
-1
-1
-2
-3
0
1
1
-3
2
0
2
1
-1
-2
1
3
0
-1
1
-1
-1
1
-1
-1
-1
2
-1
0
1
0
-1
-1
-2
2
2
-2
1
-2
0
2
0
-1
2
0
1
-2
-2
3
1
0
0
4
3
-3
-3
0
-1
1
1
-1
-3
1
0
0
0
-1
0
0
0
0
0
1
1
1
-1
-2
2
2
1
1
0
-2
-1
0
2
2
-1
1
-2
-2
1
0
-1
0
-1
2
1
-1
0
0
-1
-1
1
2
2
0
-2
-1
-2
0
3
0
-4
2
0
-4
2
1
-2
-1
1
0
0
3
-1
1
0
0
-1
1
1
-1
0
-2
1
-2
0
3
2
1
-3
1
0
2
0
0
2
0
1
-1
-2
-1
1
0
-2
-3
0
1
0
0
0
0
-1
1
2
0
-1
-2
1
1
0
0
0
1
-2
-3
1
2
0
0
-2
0
1
0
1
-3
1
0
1
1
-1
-3
-2
0
1
-1
2
3
4
7
4
4
-1
-2
-1
-3
0
-1
5
7
8
11
10
1
-3
-4
-7
-4
0
-3
-3
-8
-13
-14
-13
-17
-21
-22
-14
-7
-6
2
2
0
-1
-1
-2
-4
-4
-2
-1
0
1
-1
-2
2
14
29
37
42
48
49
43
28
11
-5
-20
-25
-28
-17
-15
-1
10
22
35
37
33
12
1
-16
-20
-28
-38
-27
-16
-10
-15
-23
-25
-32
-40
-41
-37
-30
-22
4
18
24
22
23
16
9
9
6
5
19
40
59
54
46
40
26
16
-1
-12
-23
-26
-24
-27
-31
-33
-22
-26
-15
-18
-28
-15
-24
-14
-23
-30
-16
-7
-4
-6
10
22
28
49
38
34
26
18
18
-10
-9
-17
7
33
35
51
54
53
4
-30
-59
-114
-146
-158
-140
-110
-82
-36
7
47
70
60
63
74
92
98
96
74
65
55
44
56
70
62
34
6
-13
-21
5
71
72
69
62
5
-56
-96
-129
-161
-189
-175
-122
-65
-38
-30
-22
-25
6
24
53
82
95
74
38
-24
-57
-49
-49
-4
30
55
42
29
-4
9
57
56
44
14
-27
-31
-7
22
82
149
178
194
149
64
-20
-119
-168
-151
-140
-91
-59
-80
-120
-157
-147
-148
-143
-177
-173
-153
-145
-35
49
100
115
113
76
76
96
54
58
91
147
128
120
138
136
171
205
171
55
-59
-93
-39
13
-2
-46
-77
-31
23
25
-24
-36
-6
30
37
3
-56
-139
-145
-93
-60
-75
-29
89
93
22
-178
-297
-204
-1
95
-371
-937
-1072
-400
270
513
738
560
266
254
321
346
267
303
466
530
543
315
-31
-208
-107
130
190
74
-105
-215
-177
-88
-160
-398
-534
-364
-111
38
-184
-817
-1240
-721
337
742
233
-402
-476
-77
356
570
361
67
273
471
367
90
-137
-45
232
512
371
-31
-302
-11
455
459
139
-244
-413
-206
31
124
74
-9
31
168
98
-202
-372
-334
75
167
-66
-499
-957
-1093
-732
154
470
145
-212
-92
94
-267
-873
-724
171
1055
1213
434
-244
-325
119
523
631
420
284
332
338
288
80
-195
-185
-83
-37
-8
-153
-272
-189
14
-6
-224
-405
-486
-375
-203
10
61
-22
-33
-4
28
-90
-150
-20
125
216
132
99
28
17
83
124
91
74
72
72
12
-202
-320
-256
50
284
228
132
110
211
275
316
307
100
3
-1
112
150
-38
-122
-156
-114
-34
35
59
-22
-7
71
168
152
-12
-143
-152
34
123
80
33
53
85
34
108
100
68
2
-9
133
194
220
123
1
-33
0
96
142
68
-143
-171
-66
74
90
14
-1
31
94
54
-56
-176
-100
108
159
64
-45
-69
-39
-39
-104
-161
-111
-2
1
-73
-180
-214
-216
-137
-56
-83
-74
-83
-47
-57
-89
-49
-35
-10
-18
-64
-64
-99
-38
-15
-25
-82
-132
-84
-53
-55
-101
-141
-171
-165
-136
-121
-100
-33
16
47
-20
-85
-111
-137
-73
-50
-11
26
90
132
20
-90
-161
-59
19
31
-23
-107
-84
-42
-10
-7
-38
-47
-17
37
12
-41
-93
-51
24
52
-5
-60
8
124
244
228
144
67
125
174
212
136
14
-44
0
156
174
88
-12
88
212
292
209
70
10
50
99
49
-46
-81
-13
62
101
3
-108
-175
-121
-63
-54
-67
-93
-62
-8
19
-7
-64
-75
-44
-3
4
-20
-34
-23
10
7
-13
-41
-39
-37
-44
-59
-92
-116
-114
-102
-107
-134
-157
-140
-137
-132
-159
-163
-160
-158
-152
-155
-163
-185
-162
-147
-128
-142
-140
-138
-120
-100
-118
-137
-129
-107
-80
-80
-86
-83
-68
-33
-18
-18
-22
-14
-4
9
-1
-8
5
32
60
43
20
10
42
89
106
88
82
85
95
103
99
93
104
151
196
210
165
114
96
127
170
178
173
193
243
292
308
259
176
137
197
285
326
349
367
379
338
270
231
221
271
349
362
306
203
106
78
135
229
286
294
263
252
210
135
65
61
95
150
167
154
188
241
223
110
-39
-19
109
163
230
258
215
132
-63
-284
-405
-320
-95
139
279
262
60
-180
-291
-315
-239
-149
9
66
-30
-155
-352
-446
-345
-118
60
29
-50
-87
-114
-267
-517
-598
-403
-49
208
198
-31
-500
-902
-881
-555
-275
-248
-194
80
218
-76
-513
-756
-764
-565
-135
334
453
224
-123
-370
-445
-411
-193
118
351
440
400
206
-214
-772
-846
-318
301
586
305
-251
-742
-763
-231
302
406
53
-234
-205
-58
-81
-204
-116
108
522
656
579
149
-471
-591
-204
503
777
417
-16
-95
161
329
324
117
63
208
286
284
231
234
290
211
57
-93
-125
63
260
240
-157
-324
-194
-89
-4
-28
283
739
677
166
-417
-618
-432
-118
290
687
672
230
-275
-544
-613
-459
-85
320
530
481
165
-558
-1341
-1432
-372
1144
1761
1006
-726
-1883
-1654
-417
745
1251
1382
928
58
-1012
-1597
-1855
-1653
-681
630
1713
1660
777
-594
-1802
-2219
-1758
-476
651
1279
1423
975
131
-795
-1711
-2121
-1200
402
1454
1563
1024
152
-981
-1483
-931
-101
222
254
246
172
40
-154
-106
49
176
590
1155
1252
622
-163
-313
306
971
1216
1041
357
-526
-1277
-1297
-691
-199
-127
48
447
511
-120
-900
-1294
-1140
-394
690
1629
1643
814
12
-257
-99
-19
133
728
1210
1073
466
369
228
-400
-1072
-669
666
1442
1271
477
-447
-1241
-1451
-562
601
1364
1207
579
-39
-662
-899
-759
-148
458
1046
1254
878
93
-575
-639
-304
-36
187
523
521
64
-422
-376
132
332
118
-70
-170
-332
-321
50
452
281
-216
-250
469
930
497
-494
-926
-537
-165
144
290
364
150
46
289
322
-237
-1116
-1182
-228
693
945
673
331
-235
-795
-885
-606
-404
-372
39
841
1337
862
-450
-1547
-1928
-1514
-570
592
1271
927
104
-650
-870
-902
-853
-427
565
1442
1472
886
280
-291
-805
-887
-304
282
411
255
203
141
-384
-867
-1263
-1231
-806
-121
671
866
305
-566
-1058
-1024
-575
120
928
1423
1014
99
-556
-582
-391
-328
101
874
1356
982
82
-798
-1362
-1307
-798
-38
488
575
323
-45
-276
-580
-899
-1008
-454
404
763
834
843
790
89
-843
-983
-302
502
589
317
331
685
736
135
-594
-947
-881
-303
560
1071
745
135
114
454
372
-324
-808
-599
-215
98
535
888
912
541
172
-113
-522
-978
-1062
-355
727
1509
1430
525
-491
-1177
-1343
-952
-222
591
1035
807
238
-155
-357
-656
-858
-701
-98
508
969
1285
1039
182
-726
-1236
-1314
-925
-31
1153
1776
1440
378
-920
-1877
-2186
-1756
-686
659
1635
1625
552
-787
-1469
-1262
-578
352
1333
1906
1696
948
122
-499
-853
-824
-318
223
477
356
8
-430
-895
-1094
-998
-735
-496
-114
462
887
905
438
-129
-440
-294
207
693
1041
1334
1345
747
-402
-1151
-813
-2
507
582
549
231
-489
-988
-705
-82
-65
-584
-736
-189
484
665
500
319
45
-406
-838
-827
-300
533
1131
1091
587
-57
-454
-749
-886
-539
270
1062
1216
723
59
-236
-309
-525
-629
-221
394
451
185
274
609
333
-488
-756
-281
211
246
188
289
266
37
-246
-340
-368
-178
298
610
401
-250
-617
-349
-6
79
321
766
720
-173
-845
-548
-137
-249
-290
335
855
359
-529
-632
-101
21
-424
-544
-63
306
112
-212
-219
-96
-114
-193
-182
-259
-458
-431
90
700
772
297
-195
-355
-406
-561
-561
30
899
1235
740
19
-331
-585
-976
-1142
-689
234
1081
1273
717
-211
-1011
-1420
-1504
-820
479
1360
1154
493
448
251
-543
-1311
-1003
-9
527
849
1287
1365
324
-1126
-1428
-319
568
290
-406
-266
466
609
288
157
214
-186
-1012
-1400
-973
-130
738
1090
1158
1016
390
-539
-1708
-1969
-1032
310
1336
1806
1886
1027
-527
-1589
-1472
-797
-498
15
1432
2696
2148
174
-1292
-1622
-1669
-1608
-490
1333
2219
1613
488
-197
-822
-1573
-1620
-775
470
1315
1495
1298
605
-399
-1262
-1486
-907
-79
705
1382
1485
761
-387
-900
-599
-325
-451
-344
578
1209
755
-330
-890
-677
-538
-588
-512
29
758
994
520
-391
-1186
-1192
-512
137
467
630
959
755
-322
-1416
-1311
-63
818
623
-218
-540
-211
200
15
-579
-832
-362
343
494
161
-82
197
406
36
-673
-690
-49
476
399
82
101
322
123
-516
-832
-467
194
340
86
48
368
568
77
-821
-1079
-137
1094
1398
837
193
128
38
-469
-697
-482
276
782
773
562
172
-221
-592
-785
-523
53
483
576
376
60
-86
-159
-283
-187
41
391
441
168
-22
196
516
298
-304
-647
-348
140
254
229
287
254
-4
-220
-475
-627
-327
308
912
858
461
-68
-519
-542
-255
151
513
651
490
112
19
-105
-400
-614
-451
-3
1
66
463
635
86
-646
-905
-537
-34
258
337
362
480
155
-339
-626
-464
-142
-72
158
232
15
-239
-111
215
32
-379
-425
-84
-98
-369
-122
390
480
-96
-561
-352
34
103
-183
-450
-395
-82
233
480
407
-6
-614
-1101
-909
-158
636
925
740
417
-71
-744
-1160
-922
-105
697
911
696
363
167
76
-247
-594
-808
-691
20
758
1116
846
194
-276
-577
-692
-818
-431
362
806
802
401
290
25
-681
-1190
-1184
-285
827
1379
1321
598
-200
-925
-1426
-1158
-273
900
1590
1355
675
-25
-616
-1264
-1544
-734
745
1704
1502
773
88
-640
-1275
-1286
-698
249
1156
1618
1347
90
-1006
-1126
-678
26
176
613
1112
929
281
-344
-215
-241
-468
-329
356
785
481
26
-284
-177
283
166
-484
-659
7
413
232
-20
0
158
237
320
-420
-1188
-994
-325
344
468
625
514
-126
-615
-956
-494
0
-152
146
292
522
304
-380
-413
-664
-520
-266
-147
292
336
340
-57
-889
-1205
-1008
-246
471
499
207
-367
-754
-496
-218
-148
-2
345
422
-127
-462
-162
368
347
-165
-337
-164
87
267
448
820
644
41
-402
-442
-160
-51
84
371
550
280
-411
-867
-690
-359
-269
-255
-6
154
-134
-580
-816
-521
-135
6
43
115
290
536
515
248
162
611
1204
1398
1189
928
1108
1475
1569
1356
1164
1001
931
962
1288
1820
1626
1173
582
363
463
243
389
704
793
704
252
-26
-213
-717
-494
-352
-337
-162
46
492
179
-833
-1637
-1394
-317
291
-168
-666
-506
-67
-429
-1428
-1641
-941
-47
48
-580
-720
-525
-740
-1458
-1823
-1218
-487
-526
-888
-1064
-1070
-1378
-1757
-1426
-924
-316
-402
-1081
-1287
-1339
-1037
-688
-362
336
501
423
-215
-789
-311
346
938
470
-699
-1458
-1862
-1592
-1457
-1251
-948
-933
-1428
-2149
-2423
-2419
-2144
-1891
-1532
-1079
-886
-809
-1020
-1186
-941
-509
131
718
1318
1845
1987
1838
1642
1899
2500
3089
3519
3699
3809
3806
3634
3388
3208
3281
3298
3251
3189
2915
2569
1878
1179
723
563
854
917
705
314
-92
-435
-788
-987
-830
-383
17
234
104
-326
-517
-508
-139
209
443
727
745
994
851
552
409
462
821
634
699
1151
1264
806
-117
-613
-173
68
-315
-745
-829
-526
-545
-397
-608
-1733
-2597
-2461
-1819
-1757
-1639
-1264
-1248
-1798
-2267
-1906
-1586
-1684
-2084
-2027
-1340
-860
-876
-1395
-1731
-1775
-1293
-647
-383
-494
-628
-342
-411
-515
-327
418
779
-492
-2187
-3169
-2915
-2225
-1813
-1477
-1620
-2217
-3337
-4427
-4635
-4210
-3261
-2547
-2225
-1976
-2051
-2222
-2687
-2700
-2019
-798
426
1294
1803
1915
1906
1947
2220
2950
3931
4830
5462
5624
5668
5559
5443
5305
5109
5198
5381
5634
5438
4924
4320
3600
3080
2567
2372
2336
2098
1604
848
175
-369
-776
-1229
-1597
-1801
-1838
-1697
-1882
-2069
-2400
-2502
-2496
-2395
-1796
-1218
-583
-503
-599
-569
-378
35
124
386
873
1372
1659
1543
1270
922
840
798
866
1172
1349
1276
564
27
-169
17
-241
-746
-728
-459
-409
-1163
-1661
-1605
-1795
-2202
-2345
-1668
-914
-1006
-1869
-2683
-2547
-2184
-2105
-2050
-1846
-1199
-934
-1097
-1599
-2060
-1779
-1394
-792
-346
-43
151
-273
-632
-849
-704
-772
-1848
-3285
-4216
-3537
-2258
-1522
-1994
-3345
-4507
-5645
-5710
-4994
-3600
-2458
-2510
-2630
-3097
-2962
-2947
-2802
-1959
-983
501
1572
2057
2085
1452
1656
2210
3600
4921
5785
6248
5897
5759
5602
5861
6213
6261
6484
6450
6657
6402
5791
5127
4257
3892
3537
3530
3344
2750
2050
965
230
-275
-607
-792
-1285
-1621
-2105
-2554
-3043
-3769
-3955
-4065
-3483
-3373
-3357
-3372
-3438
-2919
-2780
-2069
-1540
-1066
-669
-549
23
343
873
1241
1581
1966
2064
2353
2326
2369
2238
2174
2406
2369
2250
1762
1459
1183
768
356
351
695
441
-380
-1346
-1823
-1687
-1476
-1350
-1382
-1228
-1477
-1999
-2483
-2819
-2450
-2027
-1291
-810
-861
-724
-1020
-1399
-1781
-1636
-668
-115
117
-59
46
71
-431
-2080
-3699
-4714
-4206
-2838
-1615
-1319
-2752
-5000
-6940
-7317
-6038
-4254
-3056
-2986
-3737
-4475
-4951
-4622
-4033
-2951
-1887
-693
384
808
855
522
773
1779
3303
4897
5859
6096
5723
5450
5798
6526
7272
7544
7575
7276
6948
6858
6605
6353
5852
5418
5110
4982
4690
3899
2914
1947
1347
1153
815
476
-333
-1157
-2014
-2527
-2698
-2982
-3560
-4445
-4821
-4616
-3891
-3547
-3826
-4474
-4954
-4679
-3752
-2502
-1718
-1509
-1658
-1722
-1255
-469
301
827
1128
1533
2124
2571
2783
2550
2402
2507
2961
3318
3292
2933
2285
1753
1590
1522
1426
958
122
-675
-1235
-1119
-864
-944
-1388
-2201
-2794
-3035
-2661
-1990
-1569
-1865
-2485
-2902
-2620
-1974
-1312
-1054
-1180
-1358
-1152
-628
62
434
111
-995
-3189
-4750
-5287
-3361
-1280
-339
-1729
-4670
-6880
-7827
-6614
-4566
-2821
-2355
-3660
-4958
-5773
-5391
-4391
-3461
-2136
-1189
-241
-71
-96
-70
158
1324
2703
4479
5402
5313
5130
4858
5591
6414
7451
8005
7793
7490
6993
7233
7398
7342
7040
6359
6132
5787
5526
4931
4029
3354
2586
2412
1965
1555
735
-353
-979
-1465
-1669
-2283
-3067
-3709
-3983
-3714
-3550
-3884
-4502
-5059
-4842
-4174
-3271
-2852
-2834
-3137
-3066
-2496
-1655
-717
-249
-54
-58
59
722
1314
1906
2056
2262
2486
2658
2737
2549
2515
2509
2653
2645
2515
2120
1307
601
164
63
99
-250
-663
-1203
-1565
-1946
-2265
-2439
-2583
-2536
-2439
-2388
-2459
-2512
-2554
-2305
-2124
-1785
-1397
-1144
-1006
-966
-624
-475
-908
-2791
-4520
-5438
-4218
-1916
-632
-1363
-4593
-7255
-8122
-6596
-3992
-2451
-2547
-4238
-6017
-6396
-5432
-3485
-2449
-1866
-1897
-1466
-908
-571
68
502
1562
2782
3851
4760
4597
4545
4634
5592
6976
7630
7868
7251
6844
6771
7228
8011
7927
7409
6418
5919
5855
5649
5566
4679
4071
3180
2739
2553
2056
1462
299
-228
-719
-1044
-1376
-2123
-2815
-3846
-4326
-4115
-3896
-3607
-4086
-4459
-4703
-4580
-4094
-3605
-3066
-2862
-2617
-2244
-1804
-1310
-1024
-654
-243
334
733
1086
1413
1528
1813
2032
2351
2622
2387
2352
2277
2340
2402
2210
1976
1491
1140
741
486
164
-202
-719
-1104
-1248
-1404
-1569
-1834
-2277
-2580
-2858
-2491
-2202
-1907
-2036
-2325
-2114
-2035
-1580
-1330
-964
-152
-347
-732
-2745
-4659
-5381
-4389
-1225
-232
-854
-4776
-7583
-8171
-6230
-3186
-1798
-2397
-4812
-6909
-6798
-5216
-2750
-2034
-1933
-2372
-2574
-1748
-1207
223
807
1504
2416
3102
3995
3734
4040
4809
5927
7140
7063
7164
6518
6354
6935
7641
8539
7860
6948
6027
5866
6413
6324
6247
5077
4171
3326
3178
3440
2872
2176
895
405
47
-407
-631
-1670
-2305
-3284
-3640
-3509
-3799
-3754
-4349
-4349
-4447
-4553
-4375
-4320
-3815
-3580
-2961
-2478
-2286
-2260
-2333
-1649
-1023
-146
222
411
593
481
1039
1551
2112
2261
1832
1897
1924
2215
2445
2239
2023
1479
1192
1045
932
629
187
-205
-420
-610
-1066
-1503
-1905
-1867
-1810
-1854
-2309
-2735
-2897
-2577
-1700
-1499
-1495
-2231
-2548
-1937
-1036
-39
-871
-2154
-4443
-5120
-4533
-2725
-927
-1743
-3578
-6658
-7403
-6236
-4198
-2533
-3054
-4210
-5782
-6307
-5129
-3844
-2276
-2285
-2323
-2377
-2054
-1246
-697
612
1420
2172
2627
2862
3453
3624
4744
5669
6621
6724
6051
6107
6260
7370
7907
8042
7767
6671
6321
6262
6830
6987
6269
5459
4484
4214
4030
4013
3635
2755
1857
1027
900
593
108
-645
-1394
-1947
-2549
-3064
-3545
-3546
-3632
-3486
-3867
-4249
-4603
-4779
-4248
-3627
-3058
-2955
-3221
-3260
-2925
-2209
-1517
-935
-786
-691
-602
-121
593
937
1250
1205
1372
1677
1801
2027
2015
2125
2050
1897
1837
1625
1297
910
794
622
395
-30
-550
-947
-1162
-1149
-1224
-1466
-2104
-2544
-2522
-2091
-1737
-1775
-1970
-2111
-2099
-1884
-1523
-944
-715
-1543
-2882
-4779
-4692
-3911
-1618
-1124
-2427
-4949
-7214
-6868
-5127
-2950
-2315
-3644
-5420
-6707
-5973
-4119
-2593
-1950
-2820
-3047
-3180
-2086
-1019
-44
940
1183
1807
1878
2276
2934
3697
5224
5765
6173
5713
5422
5929
6625
7793
8001
7642
6846
6251
6558
7043
7498
6890
5903
4952
4571
4853
4789
4655
3603
2611
1763
1366
1437
1071
599
-329
-1104
-1772
-2355
-2678
-3049
-2944
-3428
-3574
-4192
-4677
-4645
-4683
-3915
-3633
-3567
-3765
-4089
-3707
-3011
-2136
-1608
-1517
-1709
-1572
-1026
-215
530
619
671
539
869
1487
1764
2060
1874
1712
1741
1680
1843
1657
1434
1090
807
668
397
151
-247
-556
-828
-1014
-1184
-1415
-1538
-1678
-1950
-2088
-2360
-2281
-1953
-1667
-1394
-1659
-1539
-1586
-992
-1297
-2261
-3545
-4267
-3058
-2500
-1550
-2948
-4323
-5679
-6153
-4741
-3574
-3006
-4071
-5483
-5792
-5272
-4149
-3270
-2913
-2940
-3306
-3006
-2362
-1119
-529
137
806
1223
1679
1641
2540
3573
4552
5247
5108
5401
5221
5740
6608
7247
7686
6932
6663
6551
6972
7365
7153
6908
6075
5529
5281
5372
5392
4662
3862
2925
2706
2361
2056
1652
850
119
-878
-1373
-1679
-1979
-2307
-2749
-3260
-3868
-4250
-4358
-4106
-3982
-4150
-4139
-4254
-4086
-3869
-3553
-3012
-2745
-2607
-2422
-2144
-1576
-1141
-726
-275
-123
98
291
733
1261
1487
1654
1627
1617
1663
1689
1784
1847
1584
1265
928
867
771
582
233
-151
-475
-818
-875
-955
-1128
-1462
-1963
-2226
-2223
-2195
-1702
-1629
-1489
-1920
-2132
-1889
-1141
-491
-930
-1999
-3551
-4039
-3500
-2482
-1455
-2118
-3685
-5328
-6194
-4963
-3848
-2912
-3629
-4929
-5662
-5564
-4347
-3384
-2813
-3104
-3490
-3226
-2607
-1350
-632
16
407
654
1121
1510
2493
3298
4196
4683
4780
4954
4985
5691
6547
7271
7427
6781
6492
6392
7009
7455
7436
6971
6052
5533
5347
5625
5647
5040
4206
3252
2817
2465
2336
2036
1293
562
-564
-1155
-1508
-1608
-1730
-2154
-2895
-3682
-4138
-4118
-3774
-3634
-3760
-4152
-4415
-4320
-3921
-3379
-2958
-2929
-2978
-2893
-2436
-1779
-1222
-806
-645
-536
-406
-65
523
877
1172
1216
1257
1229
1209
1474
1654
1661
1434
1102
749
606
575
604
471
24
-455
-923
-1018
-807
-814
-1044
-1677
-2153
-2157
-1949
-1433
-1315
-1445
-1677
-1898
-1623
-1191
-564
-971
-1860
-3430
-3993
-3284
-2351
-1421
-2361
-3794
-5322
-5896
-4791
-3555
-2858
-3756
-5109
-5666
-5151
-4038
-3359
-3011
-3220
-3388
-3209
-2452
-1342
-773
-294
90
678
1216
1440
2136
3098
4003
4387
4387
4544
4848
5401
6168
6816
6932
6491
6147
6354
6989
7281
7081
6521
5938
5681
5577
5697
5572
4909
4029
3343
3194
2997
2614
1805
1157
556
-8
-545
-941
-1310
-1822
-2311
-3000
-3188
-3637
-3596
-3677
-3721
-3795
-4149
-4171
-3921
-3552
-3270
-3091
-3073
-2909
-2694
-2250
-1636
-1248
-1031
-947
-752
-140
171
625
802
825
1008
1008
1251
1402
1487
1489
1363
1201
1046
856
668
668
527
232
-64
-502
-644
-878
-975
-928
-1221
-1471
-1994
-2197
-1962
-1862
-1598
-1728
-1691
-1611
-1550
-1338
-988
-1071
-1792
-2908
-3753
-3040
-2294
-1569
-2273
-3811
-4828
-5430
-4595
-3534
-3181
-3746
-4938
-5389
-4922
-4097
-3557
-3266
-3267
-3193
-3131
-2623
-1728
-957
-406
-36
379
832
1227
1908
2936
3811
4263
4097
4357
4769
5491
6227
6634
6735
6416
6196
6471
7075
7448
7264
6670
6158
5897
5858
5879
5744
5240
4448
3816
3463
3235
2838
2222
1568
924
473
-140
-611
-1117
-1579
-1840
-2459
-2763
-3479
-3773
-3663
-3683
-3415
-4012
-4390
-4490
-4063
-3519
-3170
-3217
-3383
-3306
-3015
-2158
-1724
-1424
-1487
-1494
-911
-434
97
299
384
616
628
898
1122
1269
1385
1266
1245
1098
1019
826
794
744
523
247
-152
-245
-499
-626
-846
-1068
-1167
-1225
-1368
-1642
-2002
-1857
-1495
-1190
-1175
-1637
-1307
-1377
-446
-1221
-1958
-3502
-3917
-2556
-1739
-1057
-2939
-4704
-5524
-4893
-3455
-2709
-3322
-4614
-5622
-5267
-4161
-3161
-3140
-3457
-3838
-3553
-2786
-2110
-1197
-920
-445
-59
274
899
1306
2280
3183
3978
4176
3898
4136
4859
5986
6614
6589
6186
5900
6345
6931
7592
7487
6745
6129
5768
6043
6173
5937
5370
4552
4020
3638
3498
3259
2733
2067
1208
638
71
-270
-632
-1014
-1444
-2221
-2858
-3303
-3478
-3453
-3444
-3731
-4023
-4544
-4585
-4223
-3792
-3375
-3502
-3596
-3636
-3288
-2621
-1994
-1633
-1653
-1629
-1301
-793
-320
92
298
447
544
647
950
1170
1326
1398
1309
1270
1177
1025
1036
1010
902
644
270
-37
-122
-221
-246
-420
-791
-879
-1230
-1150
-1454
-1271
-1375
-1333
-1401
-1534
-1199
-1201
-778
-560
-771
-1781
-3270
-3684
-2553
-1435
-1313
-2801
-4476
-4979
-4712
-3940
-3218
-3510
-4460
-5328
-5335
-4436
-3622
-3811
-3913
-3938
-3605
-3147
-2826
-1945
-1320
-817
-553
-121
413
867
1690
2729
3695
3871
3624
3920
4905
5957
6329
6302
6167
6280
6603
6945
7520
7450
6992
6467
6249
6437
6357
6041
5607
5183
4679
4148
3769
3435
3179
2437
1772
1223
606
71
-545
-933
-1320
-1882
-2489
-2970
-3304
-3507
-3774
-4010
-4166
-4499
-4474
-4320
-4152
-4032
-4264
-4021
-3712
-3357
-2997
-2774
-2485
-2208
-1934
-1517
-997
-673
-331
-233
43
360
667
1026
1208
1296
1299
1269
1446
1570
1550
1449
1206
1048
825
716
691
569
227
-177
-482
-514
-610
-638
-897
-1221
-1543
-1700
-1226
-1045
-965
-1402
-1548
-1226
-855
-534
-832
-1513
-2386
-3104
-2747
-2091
-1850
-2317
-3639
-4386
-4623
-4479
-3825
-3682
-3998
-4731
-5314
-4991
-4379
-3900
-3911
-3910
-3820
-3581
-3178
-2498
-1683
-1141
-869
-627
-49
600
1378
2325
3016
3527
3572
3806
4560
5387
6133
6310
6323
6271
6437
6866
7292
7551
7306
6884
6586
6550
6560
6322
6040
5611
5035
4474
4058
3867
3479
2969
2182
1511
921
414
-10
-285
-811
-1749
-2539
-3108
-2986
-3123
-3571
-4162
-4758
-4686
-4525
-4425
-4243
-4488
-4631
-4433
-4126
-3542
-3250
-3225
-2921
-2648
-2229
-1927
-1620
-988
-569
-285
-23
78
454
828
1246
1606
1491
1438
1397
1639
1988
1976
1621
1328
1194
1159
1070
861
759
490
115
-289
-556
-659
-759
-678
-751
-1276
-1735
-2033
-1443
-916
-915
-1220
-1714
-1418
-871
-452
-1156
-2448
-3609
-3261
-2165
-1528
-2003
-3762
-4728
-4837
-4248
-3520
-3570
-4214
-5078
-5266
-4718
-4086
-3870
-4135
-4070
-3785
-3327
-3137
-2737
-2012
-1261
-638
-321
-2
353
1101
2177
3111
3587
3499
3603
4408
5447
6160
6258
6151
6154
6505
7003
7447
7529
7140
6746
6568
6710
6762
6396
5969
5457
5072
4636
4178
3856
3421
2876
2200
1610
1097
548
60
-547
-912
-1629
-2298
-2798
-3074
-3016
-3539
-3930
-4557
-4707
-4561
-4415
-4295
-4478
-4639
-4579
-4144
-3732
-3398
-3220
-3112
-2688
-2311
-1840
-1564
-1230
-844
-505
-42
180
524
766
1107
1387
1538
1553
1574
1763
1902
2025
1833
1554
1418
1321
1394
1282
958
692
321
175
149
-44
-214
-516
-729
-878
-1176
-1372
-1240
-1036
-799
-787
-1320
-1183
-1217
-725
-1058
-2025
-3050
-3503
-2523
-2145
-2047
-3473
-4701
-5036
-4679
-3857
-3728
-4244
-5260
-5592
-5120
-4440
-4041
-4317
-4332
-4155
-3798
-3258
-2895
-2181
-1609
-1082
-599
-309
269
863
1997
2865
3335
3413
3464
4321
5245
6116
6325
6234
6262
6462
7059
7430
7591
7335
6917
6840
6836
6908
6535
6136
5672
5295
4871
4330
3982
3526
3101
2417
1727
1126
599
171
-296
-809
-1451
-2186
-2762
-3092
-3250
-3445
-3824
-4223
-4587
-4834
-4772
-4590
-4480
-4468
-4528
-4560
-4272
-3923
-3420
-3023
-2868
-2644
-2455
-2001
-1474
-913
-556
-373
-135
114
658
1041
1305
1433
1455
1644
1758
1889
1909
1917
1854
1702
1605
1451
1325
1176
946
764
588
337
139
-129
-221
-451
-568
-955
-1132
-1058
-971
-899
-970
-1121
-1161
-1262
-865
-1001
-1644
-2654
-3469
-2775
-2322
-2051
-3213
-4159
-4801
-4590
-4311
-4023
-4084
-4786
-5342
-5402
-4874
-4359
-4358
-4338
-4155
-3889
-3598
-3383
-2625
-1888
-1191
-900
-596
-87
538
1463
2384
3110
3325
3311
3902
4823
5731
6071
6072
6177
6453
6876
7143
7487
7455
7160
6836
6763
6881
6736
6342
5830
5463
5020
4569
4226
3901
3412
2742
1920
1421
991
634
95
-466
-1154
-1901
-2434
-2775
-2977
-3344
-3728
-4147
-4484
-4814
-4772
-4674
-4552
-4573
-4766
-4762
-4433
-4097
-3686
-3357
-3209
-3039
-2847
-2296
-1679
-1146
-871
-793
-460
-67
483
952
1254
1336
1374
1489
1754
2122
2218
2262
2112
1959
1918
1843
1911
1789
1441
1118
801
799
742
518
68
-371
-572
-679
-701
-759
-822
-985
-1122
-1515
-1318
-1179
-880
-797
-1798
-2533
-3557
-3234
-2344
-1922
-2537
-4046
-5047
-4992
-4338
-3876
-3969
-4717
-5305
-5526
-5166
-4558
-4185
-4188
-4127
-4097
-3725
-3431
-2832
-2014
-1387
-837
-797
-395
242
1322
2282
2923
3197
3235
3671
4487
5590
6131
6111
5983
6166
6638
7196
7432
7344
7071
6858
6662
6744
6640
6388
6020
5519
5113
4539
4205
3849
3520
2923
2090
1443
915
606
217
-355
-959
-1678
-2232
-2728
-3027
-3229
-3627
-3964
-4477
-4654
-4768
-4631
-4496
-4547
-4768
-4825
-4599
-4162
-3586
-3484
-3292
-3192
-2835
-2309
-1741
-1257
-965
-708
-536
-93
430
884
1143
1307
1354
1529
1854
2057
2295
2251
2145
1952
1909
1978
2006
1929
1490
1084
882
937
871
517
18
-348
-314
-335
-557
-809
-1049
-1020
-776
-992
-1111
-1214
-1136
-691
-1518
-2471
-3917
-3448
-2474
-1868
-2329
-4443
-5166
-5307
-4185
-3587
-3840
-4757
-5755
-5546
-4926
-4145
-4146
-4601
-4460
-4288
-3618
-3349
-2855
-2212
-1637
-1014
-837
-244
200
1159
2233
2801
3225
2958
3566
4519
5586
6118
5782
5889
5963
6738
7284
7437
7289
6819
6692
6636
6925
6789
6403
5945
5451
5182
4648
4371
3977
3572
2941
2157
1632
1188
886
308
-218
-804
-1541
-2017
-2473
-2657
-3087
-3560
-3891
-4235
-4156
-4572
-4670
-4784
-4654
-4530
-4564
-4459
-4342
-3922
-3751
-3331
-3095
-2876
-2500
-2147
-1575
-1186
-927
-685
-309
216
602
865
1045
1308
1625
1857
2081
2154
2236
2223
2306
2277
2273
2118
1826
1731
1585
1416
1234
916
626
277
77
-31
-240
-316
-659
-694
-956
-921
-1173
-885
-904
-757
-1111
-2250
-2906
-4064
-2679
-2285
-2032
-3150
-5291
-5418
-5227
-4009
-3714
-4267
-5204
-6093
-5596
-5002
-4123
-4128
-4558
-4491
-4428
-3640
-3254
-2497
-1807
-1341
-1023
-926
-192
627
1798
2606
2880
3028
3074
3949
4971
6019
6155
5767
5863
6173
7111
7440
7473
7168
6755
6716
6659
6981
6727
6286
5680
5201
4947
4499
4229
3741
3371
2649
1848
1421
939
805
130
-411
-1188
-1902
-2328
-2685
-2923
-3309
-3834
-4270
-4294
-4585
-4509
-4716
-4497
-4568
-4671
-4522
-4243
-3758
-3607
-3457
-3280
-2981
-2554
-2079
-1689
-1301
-995
-744
-202
231
663
906
1074
1425
1702
1930
2123
2273
2266
2212
2206
2363
2400
2201
1862
1657
1507
1450
1258
1073
927
365
120
-291
-209
-179
-383
-486
-986
-967
-1072
-972
-739
-556
-1373
-2399
-3947
-3588
-2229
-1900
-2122
-4492
-5466
-5358
-4487
-3600
-3839
-4712
-5859
-6093
-5395
-4479
-4043
-4502
-4641
-4601
-4149
-3731
-3130
-2130
-1601
-1266
-1326
-874
-105
899
2124
2626
2837
2613
2971
4214
5484
6012
5653
5486
5682
6487
7042
7270
7277
6882
6565
6461
6709
6941
6687
6133
5542
5200
4808
4631
4398
4028
3337
2337
1776
1458
1379
963
159
-590
-1446
-1984
-1941
-2077
-2517
-3413
-4288
-4417
-4179
-4097
-4183
-4751
-4981
-5151
-4914
-4273
-4063
-3916
-4042
-3988
-3490
-3048
-2538
-2036
-1839
-1509
-1399
-1064
-235
244
693
692
742
1080
1362
1991
2170
2264
2090
1943
2157
2413
2635
2369
2057
1728
1636
1693
1586
1506
996
624
322
150
209
-63
-260
-504
-633
-776
-773
-663
-744
-568
-1233
-2260
-3177
-3560
-2389
-1976
-2122
-3476
-5238
-5371
-4815
-3864
-3379
-4288
-5647
-6161
-5757
-4540
-3960
-4193
-4617
-4865
-4482
-3897
-3090
-2316
-1888
-1661
-1563
-1135
-246
598
1631
2281
2455
2518
2693
3804
4963
5687
5553
5253
5409
6047
6905
7241
7213
6783
6442
6509
6786
7098
6755
6197
5629
5212
5049
4783
4580
4108
3507
2726
2079
1758
1481
1130
552
-297
-996
-1616
-1835
-1800
-2289
-2802
-3792
-4249
-4319
-4105
-4006
-4260
-4816
-5322
-5079
-4569
-3943
-3777
-4136
-4261
-3862
-3330
-2605
-2333
-2129
-1965
-1691
-1293
-654
-114
255
490
589
968
1244
1669
2060
2218
2350
2140
2169
2348
2609
2739
2440
2101
1543
1657
1738
1769
1358
742
351
280
247
168
-48
-297
-400
-683
-788
-716
-474
-434
-802
-2222
-2921
-3595
-2218
-2052
-2447
-3419
-5319
-4631
-4834
-3990
-4025
-4537
-5114
-5854
-5459
-5210
-4303
-4376
-4719
-4662
-4764
-4092
-3753
-2746
-2124
-1888
-1736
-1724
-665
230
1371
1857
2073
2303
2446
3513
4494
5290
5289
5086
5409
5827
6732
6868
7044
6945
6679
6652
6629
6973
6819
6489
5811
5415
5209
4852
4753
4317
3819
2980
2275
1933
1747
1490
696
-52
-789
-1284
-1591
-1772
-2132
-2643
-3314
-3803
-4114
-4100
-4222
-4172
-4261
-4758
-4888
-5105
-4456
-3891
-3883
-3985
-4197
-3890
-3211
-2489
-2222
-2022
-2002
-1777
-1107
-496
33
166
448
641
985
1370
1627
2033
2183
2130
2220
2231
2360
2460
2468
2321
2045
1762
1683
1752
1742
1281
690
413
391
464
430
-108
-398
-515
-500
-375
-563
-657
-583
-687
-1571
-2378
-3188
-2554
-1962
-2264
-2965
-4435
-4723
-4558
-4288
-3730
-4251
-4770
-5675
-5611
-4805
-4336
-4178
-4732
-4686
-4522
-3966
-3524
-2929
-2176
-2014
-1824
-1593
-777
144
921
1687
1941
2123
2415
3139
4353
5086
5199
4891
5169
5804
6467
6922
6891
6834
6560
6515
6639
6891
6801
6159
5746
5395
5268
4959
4671
4370
3754
3199
2425
2152
1826
1437
707
29
-405
-1009
-1229
-1717
-1953
-2526
-3150
-3456
-3784
-3718
-4004
-4384
-4313
-4532
-4512
-4637
-4631
-4177
-4027
-3910
-3845
-3562
-3153
-2720
-2334
-2061
-1870
-1702
-1223
-636
-31
58
168
529
846
1320
1505
1707
1915
1970
2041
2182
2347
2323
2280
2122
1984
1796
1677
1663
1640
1286
880
415
321
428
415
240
-390
-665
-893
-482
-449
-439
-781
-999
-858
-1721
-2096
-3298
-2118
-1986
-2023
-2933
-4692
-4164
-4232
-3560
-3858
-4262
-4934
-5433
-5000
-4605
-4042
-4332
-4776
-4564
-4193
-3596
-3403
-2820
-2259
-1989
-1685
-1523
-527
140
988
1440
1727
2176
2359
3363
4182
4961
4888
4762
5257
5845
6532
6546
6563
6611
6526
6567
6571
6760
6515
6134
5668
5458
5272
4871
4593
4203
3813
3138
2451
2090
1860
1408
766
9
-446
-947
-1252
-1560
-1863
-2573
-3122
-3441
-3485
-3421
-4003
-4255
-4378
-4198
-4269
-4307
-4398
-4149
-3922
-3771
-3595
-3392
-3124
-2824
-2431
-2109
-1794
-1641
-1277
-708
-174
24
106
330
749
1128
1361
1617
1751
1866
1883
1949
2219
2168
2128
1996
1892
1862
1672
1576
1408
1322
907
566
388
344
467
362
-133
-461
-780
-353
-221
-106
-524
-775
-1676
-2216
-2779
-2261
-1611
-2079
-2848
-4470
-4571
-3990
-3648
-3714
-4267
-5053
-5338
-5300
-4577
-4304
-4318
-4765
-4747
-4429
-3840
-3545
-3067
-2378
-2154
-1962
-1746
-933
130
815
1307
1490
1939
2392
3227
4151
4808
4956
4736
5072
5742
6492
6801
6593
6486
6393
6530
6687
6819
6715
6138
5672
5415
5368
5087
4693
4210
3614
3217
2621
2270
1924
1444
780
80
-394
-921
-1181
-1622
-1875
-2467
-3101
-3633
-3978
-3425
-3764
-3838
-4673
-4838
-4578
-4447
-3818
-4019
-4085
-4130
-3900
-3314
-2718
-2494
-2454
-2366
-1945
-1436
-1033
-493
-261
-24
210
352
886
1245
1520
1779
1671
1783
1864
2066
2324
2341
2185
1829
1694
1613
1824
1801
1519
987
621
376
542
537
306
-76
-539
-371
-331
-204
-563
-488
-590
-288
-1612
-2099
-2954
-1960
-1375
-2082
-3008
-4565
-3840
-3559
-3186
-4041
-4471
-4872
-4855
-4589
-4334
-4366
-4470
-4684
-4306
-4077
-3636
-3597
-3064
-2443
-2131
-1934
-1762
-767
-100
585
922
1221
1691
2127
3149
3836
4275
4348
4312
5087
5789
6252
6142
6100
6293
6476
6604
6470
6534
6326
6056
5768
5550
5347
5019
4598
4225
3807
3342
2824
2433
2087
1604
900
270
-126
-452
-923
-1322
-1759
-2305
-2823
-3161
-3252
-3372
-3710
-4098
-4242
-4183
-4058
-4138
-4124
-4163
-4036
-3838
-3645
-3117
-3020
-2878
-2657
-2412
-1820
-1512
-1233
-944
-606
-365
-28
367
746
1001
1101
1313
1554
1905
1928
2072
2090
2112
2142
2122
2060
1966
1730
1571
1479
1374
1065
851
553
438
305
90
82
-251
-400
-539
-510
-301
-472
-402
-1181
-1765
-2475
-2473
-1510
-2009
-2202
-4040
-3924
-3696
-3229
-3573
-4406
-4454
-4902
-4479
-4697
-4391
-4202
-4471
-4342
-4397
-3824
-3734
-3333
-2675
-2303
-1923
-2166
-1451
-601
371
909
820
1375
1805
2604
3298
3805
4235
4167
4423
4968
5778
6002
5988
6000
6146
6369
6356
6367
6376
6187
5824
5477
5330
5105
4831
4459
4009
3579
2970
2582
2141
1967
1272
514
18
-407
-551
-957
-1415
-1937
-2427
-2720
-3019
-3051
-3321
-3671
-3944
-4050
-3825
-3993
-3980
-4272
-3961
-3677
-3557
-3280
-3284
-2944
-2676
-2409
-2075
-1737
-1511
-1197
-738
-425
-225
-34
326
775
1057
1203
1153
1443
1779
1974
2119
2000
1975
1984
2085
2125
1884
1672
1438
1447
1376
1200
756
327
321
496
372
-57
-542
-712
-374
-275
-326
-781
-750
-1319
-1618
-2515
-2283
-1558
-2087
-2472
-4118
-3818
-3499
-3210
-3570
-4345
-4462
-4774
-4453
-4284
-4033
-4077
-4507
-4361
-4073
-3384
-3367
-3159
-2561
-2251
-1738
-1773
-1005
-252
364
805
950
1694
1991
2845
3430
4048
4323
4063
4694
5173
5970
5993
5813
6015
6061
6372
6182
6243
6178
5842
5542
5267
5310
4909
4645
4192
3784
3326
2720
2438
2173
1877
1056
358
-66
-313
-546
-1162
-1622
-1976
-2413
-2663
-2995
-3072
-3338
-3690
-3956
-4021
-3933
-3833
-3866
-3926
-3945
-3931
-3617
-3260
-2874
-2754
-2800
-2504
-2019
-1585
-1283
-1072
-845
-517
-124
239
511
817
985
1145
1437
1653
1835
1916
2032
2163
2032
1919
1883
1949
1902
1669
1515
1230
1132
924
780
565
373
262
14
-180
-446
-603
-542
-608
-641
-834
-818
-587
-1452
-1975
-2749
-1673
-1534
-1853
-3008
-4111
-3393
-3053
-2827
-3913
-4236
-4340
-4090
-3983
-4051
-3974
-4158
-3999
-3710
-3431
-3244
-3385
-2793
-2092
-1643
-1600
-1531
-800
-2
626
914
1206
1776
2141
2935
3435
3928
3985
4059
4667
5281
5689
5550
5594
5782
6043
6046
5738
5847
5789
5631
5216
5003
4952
4560
4269
3843
3530
3091
2548
2123
1975
1528
854
326
-36
-287
-777
-1228
-1624
-1958
-2218
-2590
-2753
-3089
-3282
-3622
-3635
-3583
-3643
-3744
-3880
-3671
-3618
-3491
-3404
-3160
-2900
-2719
-2517
-2200
-1841
-1623
-1342
-1000
-645
-306
-129
272
502
742
932
1104
1396
1531
1712
1841
1872
1823
1807
1773
1879
1921
1679
1410
1335
1299
1201
914
620
567
353
198
7
-240
-382
-572
-620
-663
-572
-807
-963
-754
-1386
-1694
-2547
-2017
-1440
-1837
-2621
-3742
-3615
-3033
-2875
-3356
-3980
-4019
-4132
-3898
-3879
-3756
-3601
-3911
-3634
-3587
-3084
-3012
-2594
-1937
-1786
-1511
-1491
-670
132
574
1007
989
1774
2175
2885
3373
3819
4082
3964
4539
5009
5623
5630
5348
5553
5773
5964
5787
5670
5631
5359
5161
4840
4738
4451
4038
3686
3272
2986
2430
2052
1697
1402
872
299
-33
-330
-679
-1065
-1467
-1931
-2284
-2519
-2685
-2635
-3068
-3365
-3742
-3723
-3372
-3447
-3356
-3614
-3544
-3512
-3128
-2775
-2585
-2496
-2468
-2168
-1879
-1393
-1160
-875
-627
-470
-130
61
487
761
843
945
1049
1326
1536
1726
1793
1794
1799
1691
1734
1756
1753
1485
1126
1063
925
895
750
477
86
-175
-189
-255
-187
-542
-735
-950
-890
-750
-703
-725
-860
-1673
-2085
-2399
-1646
-1244
-2002
-2723
-3873
-3209
-2707
-2725
-3254
-3882
-3897
-3956
-3482
-3575
-3438
-3494
-3593
-3153
-3342
-2748
-2810
-2220
-1572
-1505
-1257
-1298
-344
335
838
1112
1108
1749
2181
3009
3518
3791
3852
3783
4529
5033
5482
5310
5110
5336
5402
5666
5426
5495
5311
5051
4767
4427
4409
4098
3905
3424
2950
2578
2116
1941
1686
1369
706
163
-85
-398
-561
-1051
-1472
-1972
-2177
-2297
-2425
-2618
-3013
-3246
-3353
-3200
-3282
-3328
-3418
-3284
-3156
-3041
-2930
-2668
-2438
-2263
-2014
-1877
-1564
-1327
-1086
-681
-438
-149
-5
206
527
864
1020
1046
1135
1226
1421
1529
1683
1599
1465
1416
1390
1427
1207
1030
803
730
558
333
225
161
-20
-314
-478
-420
-487
-508
-787
-912
-881
-882
-737
-795
-821
-1689
-2054
-2337
-1277
-1318
-1929
-2874
-3527
-2715
-2441
-2503
-3145
-3462
-3596
-3547
-3138
-3069
-3021
-3235
-3340
-2881
-2599
-2257
-2375
-1941
-1246
-1170
-929
-886
-181
504
924
1302
1254
1829
2124
2957
3559
3726
3683
3656
4429
4805
5179
4978
4774
5035
5044
5187
5030
5084
4815
4406
4249
4117
4075
3582
3311
2917
2605
2343
1835
1675
1355
1000
431
-69
-237
-524
-717
-1060
-1505
-1899
-2191
-2253
-2289
-2556
-2761
-3090
-3090
-2914
-2929
-3034
-3102
-3029
-2876
-2733
-2607
-2307
-2155
-2058
-1932
-1636
-1266
-1060
-802
-564
-289
-186
61
418
702
893
878
990
1161
1375
1409
1503
1432
1393
1289
1386
1359
1215
983
777
786
630
401
177
171
103
-202
-374
-532
-553
-572
-705
-758
-1014
-810
-700
-640
-699
-1532
-1878
-2336
-1384
-902
-1523
-2408
-3627
-2840
-2271
-1873
-2864
-3546
-3566
-3461
-2742
-3062
-2935
-3251
-3317
-2740
-2719
-2292
-2489
-1988
-1417
-1224
-1013
-1196
-328
293
935
1061
964
1533
1985
2842
3363
3531
3429
3355
3949
4646
5076
4836
4502
4652
4981
5272
5012
4971
4813
4550
4388
4125
4152
3848
3502
3112
2764
2418
2034
1745
1513
1154
585
119
-162
-343
-618
-1050
-1428
-1714
-1978
-2029
-2199
-2437
-2758
-2864
-2867
-2827
-2741
-3033
-2958
-2902
-2749
-2598
-2557
-2348
-2170
-1969
-1895
-1574
-1320
-1067
-882
-739
-309
-210
39
223
519
661
677
970
1044
1276
1268
1287
1241
1227
1218
1180
1217
1036
879
732
605
543
296
242
34
-68
-329
-389
-267
-313
-412
-938
-733
-750
-319
-525
-727
-1080
-1600
-1694
-1705
-971
-1339
-1991
-2963
-3080
-2344
-1977
-2389
-3278
-3559
-3543
-3038
-2750
-3048
-3055
-3357
-3142
-2785
-2416
-2244
-2303
-1801
-1485
-1228
-1092
-781
-27
464
833
885
1204
1716
2157
2860
3136
3374
3296
3530
4231
4638
4845
4574
4494
4773
5045
5037
4916
4739
4556
4346
4218
4101
3955
3534
3141
2843
2643
2350
1893
1614
1356
933
479
76
-154
-361
-746
-1099
-1461
-1781
-2000
-2076
-2245
-2286
-2626
-2931
-2793
-2782
-2642
-2847
-2875
-2908
-2755
-2513
-2373
-2154
-2099
-1985
-1864
-1470
-1180
-908
-740
-637
-341
-148
143
390
496
737
761
893
1125
1139
1280
1295
1302
1243
1188
1200
1113
1043
831
695
610
634
422
269
70
-71
-105
-177
-209
-388
-479
-656
-503
-608
-497
-651
-563
-1118
-1645
-1969
-1378
-703
-1341
-2145
-3305
-2674
-2136
-2017
-2629
-3359
-3238
-3403
-2864
-2990
-2984
-3020
-3342
-2845
-2761
-2356
-2399
-2188
-1562
-1419
-1142
-1189
-472
188
417
789
751
1326
1664
2295
2765
3141
3252
3018
3582
4190
4661
4544
4240
4467
4695
4885
4785
4628
4664
4380
4187
4007
4029
3797
3302
3063
2841
2594
2210
1752
1559
1148
738
321
131
-196
-503
-871
-1133
-1406
-1823
-1936
-1999
-1983
-2382
-2717
-3001
-2762
-2545
-2568
-2789
-3016
-2816
-2756
-2305
-2083
-2114
-2048
-2045
-1588
-1186
-895
-852
-754
-480
-231
52
231
469
550
708
825
1005
1194
1167
1255
1215
1227
1183
1093
1152
1188
1069
687
531
497
560
379
176
-4
-201
-232
-315
-282
-332
-496
-689
-770
-514
-543
-434
-1009
-1534
-1933
-1770
-799
-1136
-1530
-3020
-3219
-2496
-1830
-1853
-3051
-3390
-3709
-3074
-2499
-2625
-2754
-3451
-3219
-2810
-2321
-2120
-2316
-1747
-1542
-1259
-1138
-834
-47
269
809
801
1118
1584
2041
2793
3051
3258
3009
3302
4041
4429
4665
4283
4262
4369
4671
4974
4722
4608
4183
4113
4058
4045
3894
3370
3128
2783
2557
2197
1901
1679
1302
874
318
85
-122
-335
-678
-1045
-1446
-1741
-1866
-2013
-2022
-2278
-2516
-2885
-2800
-2766
-2619
-2575
-2801
-2754
-2869
-2436
-2167
-1964
-2046
-2092
-1834
-1473
-936
-849
-758
-632
-541
-113
135
422
550
610
754
793
1072
1124
1334
1233
1120
1053
1040
1223
1166
1054
760
622
508
461
534
362
200
-209
-383
-388
-257
-215
-432
-553
-841
-823
-628
-418
-387
-609
-1404
-1834
-1809
-934
-687
-1220
-2201
-3098
-2537
-2061
-1588
-2090
-2776
-3149
-3432
-2520
-2444
-2179
-2625
-2960
-2736
-2670
-1800
-1930
-1472
-1423
-1448
-1159
-972
19
214
591
692
699
1294
1649
2481
2760
2918
2882
2776
3503
3974
4296
4188
3957
4059
4006
4370
4430
4427
4149
3725
3617
3559
3686
3432
3014
2585
2283
2145
1843
1635
1359
900
523
141
-15
-196
-426
-763
-1124
-1432
-1650
-1687
-1795
-1898
-2285
-2501
-2613
-2352
-2303
-2270
-2476
-2551
-2471
-2277
-1872
-1878
-1793
-1800
-1590
-1318
-1031
-768
-719
-606
-458
-190
17
243
389
546
629
638
757
915
1074
1110
1097
969
890
1000
1020
998
756
504
444
505
418
250
-1
-122
-151
-244
-206
-323
-313
-600
-593
-587
-514
-545
-570
-722
-1147
-1418
-1731
-1093
-1035
-1088
-2043
-2590
-2362
-2116
-1746
-2264
-2409
-2911
-2866
-2668
-2450
-2220
-2472
-2535
-2518
-2423
-1924
-1838
-1386
-1351
-1179
-1009
-794
-134
177
606
651
838
1242
1586
2166
2494
2709
2818
2766
3213
3573
4046
4018
3820
3817
3899
4211
4162
4153
3831
3663
3556
3409
3410
3132
2824
2487
2258
1978
1662
1453
1168
950
490
100
-86
-309
-443
-838
-1117
-1440
-1604
-1589
-1732
-1893
-2312
-2442
-2327
-2108
-2140
-2239
-2432
-2433
-2133
-1923
-1737
-1763
-1835
-1777
-1483
-1110
-893
-820
-779
-582
-364
-127
70
292
385
480
509
572
771
855
907
955
963
837
780
799
797
807
722
537
369
290
228
240
100
-156
-264
-280
-285
-278
-468
-590
-686
-580
-627
-642
-544
-882
-1175
-1486
-1183
-1033
-1030
-1429
-2102
-1976
-1876
-1629
-1925
-2277
-2330
-2633
-2181
-2237
-2182
-2300
-2440
-2156
-2134
-1675
-1817
-1730
-1315
-1239
-757
-764
-357
-70
195
657
767
1273
1281
1683
2159
2434
2626
2547
2907
3199
3485
3541
3470
3564
3549
3818
3803
3717
3538
3346
3338
3283
3154
2842
2597
2361
2219
2000
1697
1456
1197
964
675
363
139
-73
-353
-584
-798
-1037
-1274
-1386
-1463
-1639
-1858
-2042
-2057
-1964
-1934
-2141
-2230
-2309
-2122
-1846
-1804
-1672
-1803
-1643
-1447
-1184
-866
-901
-800
-665
-364
-151
-13
70
236
418
486
606
641
732
839
840
848
787
721
745
830
767
550
354
293
350
304
121
-105
-275
-259
-314
-386
-500
-591
-628
-534
-674
-808
-823
-767
-481
-760
-963
-1426
-1280
-960
-878
-966
-1591
-1772
-1765
-1407
-1329
-1563
-1749
-2189
-1891
-1835
-1634
-1609
-1866
-1689
-1766
-1334
-1441
-1179
-1027
-904
-560
-689
-288
-153
312
595
665
962
900
1364
1680
2016
2106
2034
2276
2434
2851
2953
2906
2843
2851
3085
3071
3164
3034
2860
2797
2710
2683
2548
2428
2183
1917
1773
1608
1462
1232
1004
748
489
222
-35
-173
-344
-373
-697
-1018
-1236
-1262
-1094
-1222
-1407
-1765
-1780
-1706
-1542
-1501
-1692
-1753
-1712
-1531
-1341
-1165
-1222
-1264
-1166
-928
-701
-504
-449
-379
-264
-143
80
187
305
303
371
402
448
484
453
504
554
470
361
320
340
343
341
158
-43
-129
-92
-23
-167
-341
-602
-586
-527
-464
-555
-725
-822
-779
-701
-692
-769
-802
-914
-1038
-1002
-1009
-1002
-1083
-1221
-1378
-1393
-1413
-1451
-1420
-1417
-1469
-1492
-1582
-1432
-1295
-1259
-1233
-1258
-1248
-990
-748
-610
-582
-546
-389
-153
204
398
537
597
798
1108
1379
1574
1692
1806
2000
2194
2317
2420
2503
2590
2572
2618
2650
2648
2658
2613
2506
2436
2292
2206
2086
2038
1903
1649
1402
1203
1107
907
778
505
246
113
-43
-175
-377
-538
-675
-830
-916
-1059
-1154
-1244
-1283
-1335
-1419
-1412
-1471
-1433
-1309
-1289
-1241
-1195
-1114
-984
-826
-700
-673
-610
-507
-374
-205
-97
-89
-63
42
191
303
318
250
275
268
378
384
317
281
204
179
120
133
30
-72
-104
-165
-222
-332
-371
-452
-522
-585
-633
-633
-676
-743
-768
-795
-806
-795
-715
-689
-792
-979
-1046
-844
-790
-795
-1015
-1150
-1099
-951
-844
-961
-1124
-1223
-1064
-839
-771
-873
-957
-1003
-823
-581
-472
-500
-536
-463
-293
-38
126
158
229
384
543
755
866
998
1078
1228
1394
1456
1564
1640
1772
1841
1903
1918
1893
1987
1988
1993
1982
1922
1849
1837
1796
1699
1513
1356
1256
1165
1103
929
766
528
366
296
227
128
-40
-172
-340
-445
-528
-578
-632
-731
-824
-897
-895
-875
-829
-861
-854
-891
-863
-738
-662
-609
-638
-627
-540
-431
-304
-256
-217
-198
-99
2
103
166
159
152
180
220
233
232
182
148
117
91
45
6
-43
-62
-158
-241
-341
-393
-416
-452
-522
-654
-729
-722
-638
-659
-765
-813
-817
-778
-712
-626
-661
-722
-746
-771
-706
-731
-645
-679
-707
-790
-793
-683
-648
-587
-677
-698
-754
-674
-493
-380
-427
-543
-522
-394
-219
-171
-179
-174
-171
-33
54
220
324
308
365
456
609
719
836
948
1021
1067
1060
1188
1354
1483
1501
1393
1366
1406
1459
1567
1554
1406
1240
1236
1325
1372
1295
1046
882
840
865
879
773
588
446
312
272
264
231
48
-117
-154
-188
-183
-285
-368
-427
-453
-492
-551
-577
-546
-542
-545
-564
-580
-534
-525
-488
-407
-399
-445
-418
-315
-221
-185
-212
-243
-168
-133
-118
-88
-145
-129
-138
-134
-112
-136
-203
-181
-192
-223
-255
-322
-348
-351
-383
-454
-534
-568
-540
-527
-580
-669
-690
-688
-616
-625
-640
-671
-699
-661
-570
-516
-519
-540
-571
-551
-497
-422
-384
-413
-455
-439
-386
-339
-333
-278
-275
-268
-280
-214
-141
-111
-84
-99
-53
-43
17
74
124
186
192
220
307
414
480
554
601
672
726
738
848
926
992
985
959
995
1088
1184
1140
1068
1033
1015
1093
1067
1032
995
896
852
814
823
760
663
548
538
496
382
257
195
155
66
21
-67
-120
-176
-196
-205
-271
-312
-341
-375
-395
-452
-492
-488
-447
-402
-427
-462
-423
-371
-388
-339
-281
-247
-236
-250
-189
-174
-180
-127
-85
-88
-118
-127
-121
-64
-66
-116
-180
-205
-203
-173
-162
-237
-263
-314
-325
-280
-307
-392
-436
-488
-508
-513
-532
-546
-582
-618
-634
-595
-597
-565
-557
-568
-548
-560
-548
-480
-416
-410
-404
-361
-330
-293
-319
-309
-287
-234
-170
-176
-188
-197
-180
-99
-4
-25
-20
-26
33
130
193
253
228
217
301
393
455
490
526
526
574
661
692
756
761
813
831
832
864
902
957
945
917
843
836
827
836
801
745
683
625
625
608
561
449
355
291
320
311
234
120
28
-8
-7
-24
-115
-173
-273
-321
-317
-325
-372
-422
-434
-454
-455
-445
-424
-395
-371
-356
-366
-312
-294
-266
-218
-216
-218
-204
-172
-151
-127
-98
-69
-49
-36
-14
9
12
-11
-49
-49
-40
-23
-51
-80
-96
-157
-226
-207
-185
-181
-240
-349
-406
-398
-321
-319
-408
-515
-549
-504
-446
-436
-497
-555
-528
-475
-442
-421
-420
-384
-357
-327
-274
-263
-238
-185
-136
-138
-148
-138
-82
-23
-11
-12
-5
35
88
127
149
162
199
247
253
254
285
303
311
314
297
328
363
397
433
430
406
420
448
487
475
480
449
419
424
412
431
434
437
424
404
405
395
379
368
369
358
304
240
217
218
220
177
94
22
2
38
39
1
-79
-145
-125
-94
-95
-135
-181
-215
-196
-170
-156
-199
-238
-251
-226
-163
-164
-170
-152
-134
-117
-94
-85
-101
-84
-30
-10
-31
-72
-88
-64
-17
-14
-46
-51
-44
4
2
-28
-50
-65
-56
-17
-29
-88
-118
-129
-106
-96
-131
-172
-202
-195
-186
-188
-229
-244
-231
-224
-210
-232
-270
-276
-268
-254
-257
-282
-302
-282
-237
-206
-207
-220
-205
-168
-128
-93
-73
-79
-57
0
48
56
52
48
114
156
149
141
157
186
228
226
200
194
219
267
285
288
267
273
273
303
307
286
289
285
290
279
260
224
226
228
224
189
131
127
124
134
95
46
44
34
35
34
20
-12
-22
-8
-30
-51
-71
-90
-86
-74
-74
-93
-122
-122
-108
-82
-79
-109
-116
-120
-108
-85
-81
-104
-104
-93
-82
-72
-57
-48
-18
-1
-10
5
-7
8
23
34
37
41
53
37
45
58
73
71
55
50
56
46
33
32
31
21
10
3
-12
-44
-67
-84
-82
-71
-93
-118
-151
-146
-143
-163
-181
-185
-188
-204
-229
-230
-219
-220
-210
-206
-188
-205
-199
-171
-152
-130
-134
-130
-107
-67
-43
-23
-7
-15
13
44
76
87
77
94
131
163
167
161
159
173
193
213
234
237
239
260
259
264
264
255
261
269
274
256
221
204
190
177
160
129
104
69
50
42
23
-13
-26
-36
-45
-57
-72
-74
-92
-111
-120
-124
-118
-133
-159
-156
-146
-146
-130
-128
-126
-150
-148
-125
-105
-105
-147
-134
-123
-103
-92
-86
-82
-77
-50
-23
-19
-10
6
17
33
43
54
51
48
70
103
96
91
86
92
104
113
106
77
72
64
78
82
57
31
31
27
14
-6
-30
-30
-32
-58
-79
-85
-96
-99
-99
-102
-105
-105
-101
-93
-98
-86
-82
-80
-68
-69
-62
-56
-57
-60
-58
-53
-42
-30
-18
-5
9
46
81
84
90
95
119
138
140
131
126
104
108
127
119
105
80
86
89
100
94
78
57
63
82
95
76
61
48
34
40
19
-3
-5
-18
-28
-32
-46
-61
-47
-44
-37
-31
-36
-36
-52
-48
-48
-64
-79
-91
-106
-112
-119
-124
-129
-135
-142
-143
-146
-128
-113
-104
-101
-95
-86
-86
-75
-58
-34
-26
-15
-4
-7
6
19
36
41
56
62
74
80
97
124
129
122
124
129
126
122
110
104
100
90
72
59
52
41
47
29
11
10
3
10
7
1
-19
-12
6
4
-6
-23
-34
-35
-20
-21
-43
-54
-56
-60
-51
-53
-57
-45
-36
-32
-42
-39
-38
-27
-20
-16
-13
-16
0
1
21
1
4
3
15
19
17
9
4
28
41
51
54
44
39
58
62
65
56
51
58
59
46
45
39
35
50
76
58
41
31
43
37
24
11
-10
-23
-42
-33
-50
-66
-79
-80
-97
-94
-101
-118
-113
-109
-98
-103
-117
-118
-102
-98
-86
-85
-92
-87
-85
-72
-50
-42
-42
-26
-6
14
29
23
36
58
67
53
63
53
53
53
53
54
60
68
76
88
84
79
87
111
106
98
94
86
78
77
59
43
29
18
9
4
-12
-29
-13
-7
-6
-16
-32
-34
-20
-6
-5
-3
-28
-52
-53
-51
-64
-72
-65
-71
-65
-74
-70
-61
-51
-40
-31
-24
-32
-27
-22
-16
-13
-5
-4
2
-8
3
10
18
30
34
46
51
58
61
79
87
87
91
84
68
65
62
68
66
55
37
40
46
35
35
40
51
56
37
19
8
1
-10
-12
-25
-30
-35
-46
-51
-58
-70
-63
-51
-43
-47
-50
-51
-51
-42
-48
-46
-47
-48
-54
-57
-51
-49
-53
-55
-56
-65
-62
-58
-57
-46
-39
-38
-32
-33
-34
-20
-21
-14
-6
2
5
9
18
27
42
44
47
51
51
48
50
51
59
57
49
41
31
27
22
25
29
28
22
23
29
27
16
7
3
1
0
-8
-9
-12
-15
-14
-18
-21
-24
-21
-27
-29
-30
-32
-35
-33
-30
-40
-44
-47
-43
-42
-36
-29
-21
-9
5
11
17
28
29
37
32
34
33
26
30
32
28
18
8
7
14
21
25
26
26
33
39
42
41
37
36
33
30
33
22
10
5
-3
-11
-18
-18
-20
-14
-10
-10
-14
-8
0
3
2
6
11
8
7
8
4
0
-5
-2
7
6
2
-1
-4
-7
-12
-18
-20
-16
-11
-15
-15
-13
-19
-24
-17
-12
-8
-9
-5
-7
-4
0
3
10
9
9
8
14
21
24
18
13
8
6
2
-8
-12
-13
-9
-11
-16
-18
-13
-10
-9
-2
-1
-1
-9
-13
-8
-9
-12
-18
-23
-18
-22
-24
-25
-20
-19
-20
-15
-15
-9
-7
-5
-7
-9
-5
-2
0
-4
0
4
9
22
26
25
27
27
34
38
40
41
33
27
29
27
19
13
3
5
7
5
1
-6
-10
-4
2
8
9
3
2
6
11
10
4
-3
-2
-2
0
3
7
10
15
17
13
8
10
12
10
2
-6
-14
-17
-25
-27
-28
-30
-27
-25
-25
-26
-25
-23
-14
-11
-9
0
1
-1
-1
0
0
0
-1
-4
-1
-4
-7
-5
-7
-2
9
10
5
2
4
8
5
0
-16
-25
-25
-25
-28
-28
-27
-27
-25
-19
-20
-14
-11
-13
-8
4
4
-1
-5
-6
-3
-6
-3
-5
-5
-4
0
3
9
12
17
18
21
22
19
19
15
11
9
7
4
3
2
2
1
7
11
13
19
20
21
19
18
19
17
14
13
12
11
9
5
1
0
2
0
-1
-2
-1
1
-1
3
5
1
4
3
0
3
3
0
-2
-3
-4
-2
-4
-5
-2
0
-1
0
2
2
3
7
9
9
10
9
7
9
9
8
6
7
5
-1
-1
-3
-4
-3
-4
-2
-2
4
4
5
4
0
1
2
1
-1
-7
-12
-9
-10
-9
-11
-10
-4
-6
-6
-6
-2
-4
-7
-3
-9
-12
-11
-15
-19
-19
-15
-15
-14
-13
-12
-8
-8
-6
-2
-1
1
3
4
5
3
2
3
5
6
3
4
5
7
8
10
13
11
11
14
19
16
14
13
13
14
8
4
1
3
1
-1
0
-2
-2
1
0
-1
-1
-6
-5
-7
-1
-5
-3
-3
-4
-6
-9
-6
-7
-7
-2
-5
-11
-10
-10
-9
-7
-6
-6
-7
-7
-8
-5
-8
-11
-10
-8
-8
-8
-6
-6
0
-5
-8
-3
-4
1
-1
-3
0
3
6
6
5
8
9
10
10
8
10
5
2
4
1
0
0
0
-2
-1
-1
3
6
4
6
5
6
5
-2
3
4
2
-1
-1
0
-2
1
3
-3
-5
-7
-4
-1
-3
-5
-2
2
-2
-2
-2
-6
-4
-1
-1
-2
-3
-1
-2
1
5
5
4
6
6
5
4
3
6
6
8
6
8
10
12
13
14
13
12
10
10
5
5
-1
-2
1
-2
-3
-4
0
-3
-4
-1
1
0
-2
0
0
0
2
-2
-2
-5
-4
-4
-7
-2
-3
-5
-5
-6
-8
-8
-5
-8
-4
-5
-5
-1
2
1
-3
0
1
3
1
5
5
6
7
10
10
8
9
12
9
10
10
9
9
4
8
6
5
4
0
-1
1
1
-2
-2
-4
-3
-1
-4
-6
-4
-3
-5
-6
-8
-7
-11
-17
-12
-14
-14
-13
-14
-12
-13
-14
-12
-12
-12
-10
-7
-7
-4
-4
-2
-1
0
0
2
1
3
1
2
5
0
2
1
3
3
4
2
5
4
3
1
3
3
1
8
7
5
7
7
5
4
1
2
2
1
2
2
5
0
-1
1
2
5
0
-4
-1
0
-1
2
1
-3
-3
-2
-2
-2
-4
-5
-5
-5
-1
0
-2
-2
-1
-3
-3
-1
1
-1
-1
-1
-2
-4
-10
-7
-4
-2
-5
1
3
0
4
6
6
9
12
11
11
11
10
9
10
13
7
5
3
6
4
1
-3
-1
0
-3
-3
-3
-3
-4
-3
-2
-3
-4
-2
-3
-5
-5
-3
-5
-7
-5
-3
-7
-4
-5
-4
-4
-4
-1
-3
-2
-3
-2
-1
0
-1
0
3
2
2
1
1
1
-2
3
2
4
5
4
6
3
7
5
7
4
2
5
6
4
2
5
3
3
1
6
8
6
2
2
4
4
6
3
6
3
3
7
4
0
0
-1
-5
-6
-5
-9
-7
-5
-5
-8
-10
-7
-6
-9
-6
-6
-8
-7
-9
-5
-3
-4
2
-2
3
2
2
6
6
10
8
8
8
7
8
7
5
4
3
-2
1
0
-5
-4
-4
-5
-3
-3
-5
-7
-3
-1
-4
-3
-5
-3
0
-3
-1
1
0
1
-1
0
0
-3
0
-5
-1
-2
1
0
-1
-3
-5
-4
-5
-3
-4
-3
-1
2
3
4
4
4
4
3
1
0
2
3
2
4
5
3
3
5
5
3
3
4
6
3
-1
0
-1
-5
-5
-4
-2
-2
-2
-1
-2
-3
0
-2
0
-1
-1
0
-2
-1
-2
-4
-6
-4
-1
-5
-2
-3
-2
1
-2
1
3
3
3
2
2
-2
-2
-3
-7
-6
-5
-3
-2
-3
0
0
3
5
4
2
6
8
4
6
5
7
7
9
9
6
5
7
6
5
5
4
5
3
2
2
1
-1
2
0
4
2
-4
-4
-7
-7
-9
-5
-5
-6
-1
-2
-1
2
1
5
5
5
6
3
5
3
2
4
3
2
-1
-2
-1
-3
-2
-3
-8
-6
-4
-4
-6
-2
-4
-4
-3
-4
-1
-1
-1
-3
-2
-1
-7
-6
-8
-7
-6
-3
0
-3
1
2
2
4
6
5
5
7
6
5
0
1
-1
-5
-6
-6
-5
-6
-4
-5
-2
2
4
7
5
4
7
9
9
4
1
0
-1
-3
-6
-9
-9
-5
-1
-4
1
5
2
5
5
7
7
7
6
4
3
2
-1
-4
-5
-4
-5
-4
-3
1
4
4
6
5
8
7
6
3
-4
-1
-2
-8
-10
-11
-13
-9
-9
-8
-3
-5
1
5
6
7
8
8
7
5
4
3
-1
-2
-4
-7
-5
-11
-8
-9
-4
1
5
7
5
9
6
5
4
2
0
-2
-4
-4
-3
-7
-7
-3
-2
0
1
8
8
7
8
4
6
8
6
4
2
0
-1
-5
-5
-6
-5
-2
-1
0
1
1
1
4
1
-1
-1
-2
-4
-2
-5
-6
-7
-9
-6
-3
-1
0
2
5
5
5
4
4
1
1
-2
1
2
0
1
-1
0
2
3
2
4
1
4
2
3
5
3
3
0
-2
-4
-2
-1
0
-1
-1
2
3
2
3
3
1
2
-1
0
-3
-5
-6
-9
-7
-8
-6
-9
-5
-1
-3
0
4
6
5
5
2
2
3
1
2
1
-2
1
-2
-1
1
2
0
3
1
3
4
2
5
1
-1
-2
-3
-3
-3
-4
-6
-9
-4
-1
-2
-1
-1
-2
2
5
4
3
2
2
-3
-1
-4
-4
-5
-1
-3
-4
-1
-1
3
3
3
9
4
4
4
3
3
1
2
-1
-4
-3
-4
-5
-4
-2
0
0
-2
2
3
1
0
3
5
-2
-1
2
-1
-3
-1
-1
0
3
2
2
3
2
3
4
3
0
0
-4
-4
-2
-5
-3
-4
-5
-5
-5
-1
-2
2
2
5
3
0
2
4
5
1
-1
-3
-4
-4
-2
-2
-1
0
0
2
1
1
3
0
1
1
2
1
1
-1
-2
-1
-1
-3
-1
-1
1
1
0
2
4
3
6
4
1
0
-2
-2
-3
-1
-3
-3
-4
-4
-1
1
4
3
5
3
3
0
2
-1
-2
1
1
0
-4
-5
-5
-2
0
-1
-1
-3
1
2
3
2
1
-1
0
-1
-2
-1
-2
-3
-2
0
0
-1
0
2
4
3
3
1
0
4
1
0
1
-1
-4
-3
-1
-1
-2
-2
0
1
2
2
1
2
0
1
2
2
3
-1
1
0
0
-2
-1
-1
0
3
2
1
1
2
1
0
-1
-1
-1
-3
-2
0
-4
-4
-3
-1
-1
1
0
-1
-1
0
0
2
1
1
3
2
2
0
-2
2
1
-1
3
-1
1
0
3
1
0
2
0
0
1
-1
-3
0
-2
0
0
-2
-4
-2
1
0
1
-1
-1
-2
-2
0
-1
-3
-1
2
0
-2
-3
1
0
1
0
-1
0
1
2
4
-2
-1
0
-1
-1
2
0
2
0
-3
1
0
-1
2
-1
0
-1
-1
0
-3
0
0
0
-1
3
1
2
1
2
2
-1
0
-2
2
0
-1
-1
-1
0
2
2
0
1
-2
-1
0
0
0
0
0
-3
1
0
-3
3
1
-2
0
3
2
1
-1
1
1
1
3
3
1
-3
-1
-1
0
-1
-3
1
-1
-2
0
2
1
-1
-1
0
-1
-1
0
-1
-1
-1
0
4
1
-3
-3
2
4
3
3
1
1
3
1
0
0
0
-1
-3
-1
0
-2
-1
1
-3
-3
-2
-1
1
-1
0
2
3
1
1
3
-1
-5
1
0
-2
-2
0
1
-2
1
-1
1
2
2
0
0
1
-2
0
0
0
1
-1
-2
0
2
1
1
-1
1
1
0
3
0
0
3
2
0
-1
-1
0
0
1
1
-1
0
2
1
-1
2
-2
-4
-2
-1
-2
-4
-3
-3
-5
-4
-3
-2
0
-1
0
0
0
-1
2
0
0
2
0
-1
1
1
-1
2
1
0
4
6
3
5
4
2
0
0
3
0
1
-2
-3
-1
-2
-5
-2
-2
0
3
-1
-2
-2
-1
0
1
1
-1
0
0
-1
-1
-3
-2
0
0
2
2
3
3
1
3
2
3
4
0
0
3
-2
-5
0
-1
-1
0
3
0
-1
0
1
1
3
0
1
3
-3
-2
-1
0
0
-1
-2
-3
-2
-2
-1
-1
-2
2
1
-1
-1
-1
1
-2
-2
1
1
-1
1
1
-1
4
-2
0
1
4
2
-1
2
-4
1
-5
-3
-1
-3
-2
1
2
0
2
1
5
2
4
3
6
3
1
0
-1
-2
0
1
0
-2
-1
1
1
3
1
1
2
1
0
1
-1
-1
-1
-1
-2
-6
-4
0
-4
-1
-1
1
3
2
1
2
4
3
6
1
-1
-2
1
0
-3
-3
-1
0
-2
-2
-1
-3
0
3
4
2
1
0
0
-2
-1
-1
-5
-1
-4
-4
-2
0
-1
1
0
-1
2
4
6
0
3
3
-1
0
2
-2
-2
-1
-1
-1
-3
2
-2
-4
1
1
1
1
1
-2
-2
2
0
-1
2
0
1
-2
-1
0
3
3
-1
-1
2
1
-2
1
-3
-3
-1
-2
-2
0
0
1
-2
1
3
4
4
1
4
4
3
3
3
-1
0
0
-3
0
-2
-4
-1
0
2
0
0
4
2
3
0
3
1
-1
-2
-5
-1
-2
-5
-4
-1
1
-4
1
1
-2
1
-2
2
3
2
3
3
0
3
1
0
-2
1
-1
-3
-1
-1
1
-2
0
1
-2
3
2
1
2
3
2
0
0
0
2
1
-2
-2
2
-2
0
0
1
3
0
1
-2
-1
1
-2
-1
-2
-1
0
-3
0
2
1
2
2
1
4
1
1
1
2
1
2
2
2
1
-1
-2
-3
-1
-1
0
-3
0
-1
-2
-3
0
-2
0
3
-2
-1
-2
-4
0
1
0
-1
-3
0
-3
-1
2
0
1
-3
-2
-1
0
-2
1
1
1
2
0
5
1
3
0
-1
-2
-2
-4
-3
-1
-3
-3
-3
-3
-5
0
-1
1
1
1
4
3
4
2
3
1
-1
1
2
0
0
0
-1
3
-3
-1
3
1
0
-2
-1
0
2
-1
1
1
-1
-1
0
-3
-4
-2
0
2
-2
3
3
0
-2
0
1
1
-3
-2
0
-3
0
2
0
1
4
4
0
0
-1
-1
-1
1
2
1
0
1
-1
-1
-4
-3
-2
-2
0
-1
1
-1
0
0
1
4
0
0
0
0
2
2
-2
1
2
0
5
2
6
2
1
0
1
1
2
1
0
0
3
3
2
0
-1
-2
0
1
-2
0
-1
-1
-3
-1
0
-2
1
-2
0
1
-3
-5
-3
1
0
2
3
1
4
3
2
1
2
1
-3
-3
-2
-1
3
3
3
2
2
0
1
1
-2
-1
-3
-4
-2
-2
-3
-2
-1
-3
-1
-3
0
2
-1
-1
-1
1
-1
-2
-3
0
2
-1
0
1
1
-2
1
2
0
-1
0
1
3
3
-1
0
0
1
-1
-2
0
0
-1
1
2
-1
-1
0
1
-1
-2
1
-2
-1
1
0
1
-3
0
-1
-1
-2
-1
2
0
-1
-2
-1
2
0
-2
-5
-1
-1
1
1
2
-1
-2
1
-1
2
0
-1
-1
3
2
0
0
2
-1
0
1
0
2
-1
0
-1
-2
-2
-2
-1
1
1
0
-1
1
-2
-1
-2
-2
-3
1
1
-3
-1
1
2
4
3
2
4
2
3
1
3
-1
-1
3
-1
-1
-2
-2
2
0
1
0
-1
-2
0
-2
-4
1
1
-1
1
-2
0
0
-1
1
-1
0
0
3
2
-3
2
2
2
1
0
1
2
3
0
1
1
0
0
-1
1
1
-2
-3
-3
0
1
2
3
1
3
0
-2
0
1
-2
1
0
-1
3
2
0
0
0
0
2
-1
-2
0
0
0
0
1
-1
-1
0
0
-1
-2
-1
-2
-3
-2
0
-1
0
-2
0
0
-1
0
-1
-2
-1
2
0
2
2
0
4
0
1
0
3
0
-3
0
-1
0
-2
-2
0
-1
0
-1
2
1
-1
-1
-1
-2
2
-1
-1
2
3
1
-3
0
-3
0
0
-1
2
3
0
1
-1
1
0
-4
1
-2
-2
-2
0
-2
-6
0
2
0
0
4
0
-2
3
3
3
-2
-2
-1
2
3
-1
2
0
-2
1
0
-1
2
2
-2
-3
0
-1
-1
-1
1
4
1
0
0
-1
-1
0
0
1
-1
-1
2
1
0
2
0
0
1
-1
-1
0
0
0
-2
1
2
-1
-1
-3
2
-2
-2
1
0
2
1
3
1
1
0
-2
0
0
0
1
-1
2
1
1
-1
-5
1
-3
-1
-2
-1
1
-2
1
0
1
1
2
2
1
4
2
-1
-1
1
0
0
1
-1
-2
-2
-2
0
2
0
1
1
0
1
-2
0
-1
0
1
0
3
2
2
0
3
-1
-3
0
-3
1
0
