SAMPLES:	15952
BITSPERSAMPLE:	16
CHANNELS:	1
SAMPLERATE:	16000
NORMALIZED:	FALSE
26
25
31
31
34
33
29
24
19
18
19
18
14
12
12
5
5
-2
-4
-7
-13
-10
-12
-6
-6
-8
-7
-8
-12
-15
-16
-15
-15
-20
-20
-17
-14
-13
-11
-10
-2
2
1
4
4
3
-1
0
3
7
5
7
8
11
8
9
9
13
14
11
11
3
-3
-5
0
7
11
10
10
6
4
1
-4
-6
-2
4
5
4
8
4
6
11
15
16
15
10
7
3
1
-7
-11
-11
-10
-9
-12
-4
0
1
1
-1
-1
-2
-4
-6
-9
-11
-18
-21
-22
-20
-19
-21
-13
-14
-13
-17
-16
-12
-12
-6
-3
5
9
3
0
3
0
-3
-6
-6
-5
-8
-11
-10
-4
-1
-1
4
5
7
3
-1
2
-6
-11
-14
-14
-10
-6
-5
-4
-2
1
-1
-3
6
10
12
7
4
6
8
14
14
25
26
21
16
12
8
4
0
3
6
6
8
12
11
11
9
1
-7
-13
-15
-13
-11
-11
-14
-14
-13
-13
-7
-5
-2
0
2
0
4
1
-4
0
0
-3
-4
-4
-10
-9
-14
-14
-11
-13
-12
-15
-15
-19
-19
-19
-20
-17
-18
-15
-13
-15
-17
-18
-14
-14
-16
-15
-12
-8
-5
1
-1
-4
-2
1
5
8
13
16
17
13
17
16
15
20
21
25
20
25
24
28
34
29
29
27
28
19
15
11
8
10
8
14
18
14
10
11
14
10
13
11
11
15
10
12
9
9
6
8
5
-3
-2
-3
1
-4
-10
-8
-8
-12
-10
-6
-9
-5
-6
-5
1
2
4
2
-2
-6
-3
-1
-1
-4
-3
-1
1
-2
0
-2
-9
-8
-7
-4
-7
-6
-8
-8
-7
-6
0
-3
3
2
1
-4
-10
-9
-9
-9
-6
-3
-5
-1
-2
0
-2
-3
-3
0
0
-2
1
1
1
2
6
5
2
2
0
2
0
-7
-10
-8
-3
-3
-2
-2
0
0
-4
-7
-8
-11
-12
-12
-14
-10
-7
-6
-4
-3
-4
-4
-1
-4
-7
-7
-10
-11
-12
-11
-12
-9
-8
-9
-10
-10
-12
-13
-14
-7
-11
-11
-10
-11
-2
-2
3
1
5
5
-3
-2
-5
-1
2
7
7
8
13
12
16
14
13
14
17
18
13
11
5
9
11
9
16
18
15
14
16
13
11
10
13
12
11
15
16
16
13
14
7
5
9
10
11
16
14
9
13
9
6
5
-1
-3
-7
-9
-11
-14
-16
-16
-15
-13
-6
-5
-7
-2
3
-1
-7
-7
-13
-13
-12
-11
-10
-7
-9
-9
-7
-5
-1
-7
-8
-4
-9
-14
-12
-15
-10
-10
-6
-8
-10
-10
-12
-11
-5
0
-3
1
6
4
2
5
9
8
4
3
2
6
3
7
12
11
11
12
18
17
17
16
12
18
18
16
14
17
20
13
14
11
15
16
13
15
17
17
15
12
11
11
10
8
4
1
-1
-3
2
-1
-2
-6
-7
-9
-11
-8
-11
-12
-11
-9
-18
-20
-23
-25
-29
-31
-27
-31
-28
-30
-30
-23
-21
-18
-15
-13
-8
-13
-12
-7
-8
-12
-11
-17
-24
-21
-15
-15
-7
2
1
-3
-8
-14
-17
-10
-9
-5
-5
-3
-5
-7
-7
-6
-3
-3
6
8
3
2
4
-1
-1
3
5
7
9
7
-1
-1
3
6
9
14
19
15
13
18
22
23
23
27
23
19
23
22
19
18
24
31
33
30
27
25
26
20
20
18
15
15
9
15
13
13
9
9
10
8
6
1
-5
-4
-5
-8
-12
-12
-14
-18
-15
-11
-12
-14
-15
-16
-13
-17
-15
-10
-9
-12
-14
-7
-6
-5
-4
1
1
-1
-1
-2
-1
0
3
4
8
5
9
7
2
3
3
4
8
13
8
4
3
6
9
8
5
7
3
-2
-4
-5
-16
-10
-10
-11
-16
-18
-15
-21
-19
-20
-19
-23
-20
-18
-18
-19
-17
-10
-10
-6
-6
-6
-9
-14
-13
-14
-13
-13
-16
-8
-4
-5
-4
1
5
3
2
2
7
6
10
15
16
19
15
10
9
15
20
22
21
21
24
20
20
21
24
22
27
27
24
21
20
15
9
14
8
7
1
0
2
-6
-8
-6
-3
-9
-12
-20
-30
-32
-29
-24
-21
-19
-22
-18
-13
-21
-13
-12
-6
-7
-11
-9
-9
-6
-7
-6
-2
0
0
-4
-9
-11
-11
-12
-11
-2
-3
-5
-5
-10
-2
-4
-7
1
1
1
-1
-3
-5
-4
-2
-5
0
-2
-3
1
0
-3
-11
-11
-7
-11
-9
-6
-4
4
7
17
14
19
15
14
15
18
20
16
17
15
13
12
10
13
14
16
24
20
20
10
7
13
20
25
23
26
18
15
11
7
9
5
7
11
8
1
-1
1
4
10
12
6
3
-3
-3
-4
-2
-1
7
10
10
8
0
1
1
-2
1
5
1
-6
-6
-10
-8
3
12
20
21
15
11
7
3
3
3
4
10
8
5
8
6
9
11
13
14
9
-2
-9
-9
-10
-8
-12
-6
-1
-12
-18
-21
-29
-36
-34
-32
-32
-34
-39
-36
-33
-27
-21
-24
-23
-25
-28
-31
-29
-29
-35
-35
-32
-30
-31
-31
-26
-27
-30
-29
-20
-17
-14
-14
-15
-14
-15
-15
-16
-18
-21
-18
-18
-18
-16
-14
-10
-6
-9
-2
5
11
13
13
10
11
12
12
12
13
20
19
16
10
10
6
9
19
25
27
24
18
17
12
13
19
25
33
31
30
25
12
12
17
27
32
30
31
27
26
21
29
31
34
38
35
31
24
19
21
24
20
22
23
22
20
18
15
15
20
27
36
41
39
30
19
7
7
5
4
6
8
10
8
0
-8
-6
1
4
3
6
9
9
5
3
12
14
9
7
5
0
-13
-21
-30
-30
-30
-37
-31
-31
-26
-31
-33
-28
-24
-29
-23
-15
-18
-26
-34
-37
-41
-45
-40
-38
-35
-32
-34
-40
-43
-36
-29
-22
-16
-4
-10
-14
-16
-22
-19
-20
-17
-21
-24
-21
-25
-27
-22
-16
-6
1
6
7
1
1
0
3
3
3
2
-2
-1
-6
-7
-6
0
1
2
2
-1
0
-2
3
6
12
20
23
19
18
14
8
5
3
3
7
8
5
7
10
17
26
22
21
24
30
33
33
31
25
25
24
20
21
15
8
13
13
14
3
2
7
13
15
19
22
14
13
12
10
13
13
11
2
0
3
-1
-12
-12
-5
-8
-11
-2
-1
3
8
9
13
10
9
1
4
8
6
3
5
6
9
5
2
2
1
2
10
11
10
2
0
8
7
2
-3
3
3
-2
-13
-13
-18
-21
-21
-17
-13
-13
-15
-18
-22
-19
-17
-13
-9
-6
-9
-22
-26
-28
-33
-32
-23
-17
-10
-11
-19
-24
-28
-21
-13
-10
-1
2
-3
-4
-11
-7
-4
1
7
6
-1
-7
-5
-3
-2
9
12
18
22
17
21
18
22
28
32
32
26
25
20
23
25
22
21
20
24
22
19
17
19
17
16
17
11
9
5
0
-6
-7
-11
-10
-8
-8
-18
-18
-12
-16
-16
-22
-18
-20
-18
-16
-16
-17
-20
-24
-29
-26
-21
-16
-13
-7
-2
-8
-14
-23
-26
-23
-14
-4
7
5
3
-3
-10
-11
-8
3
11
11
5
-1
-1
-8
-10
-1
9
11
17
12
-2
-13
-14
-6
-1
3
9
6
0
-6
-16
-19
-17
-5
7
17
13
5
2
1
1
7
17
31
37
32
22
12
9
6
9
16
19
23
11
7
7
1
0
5
16
21
16
0
-10
-15
-8
3
8
14
9
1
-2
-10
-13
-8
-5
7
7
6
-1
-4
-7
-8
-2
8
9
9
4
-4
-16
-16
-14
-15
-8
-6
-4
-12
-8
-8
-15
-18
-15
-6
-7
-11
-10
-9
-9
-13
-8
2
7
18
23
27
18
12
3
4
11
15
13
16
18
6
0
4
6
11
15
16
16
3
-6
-14
-13
-7
-6
-6
-3
0
-7
-10
-7
-7
-12
-15
-14
-20
-17
-14
-8
-6
-11
1
1
0
0
3
-2
-1
6
7
11
10
15
17
20
17
18
18
14
19
16
19
19
15
13
16
14
14
9
6
3
-10
-10
-4
-3
-13
-15
-15
-22
-21
-15
-14
-9
-15
-22
-26
-28
-39
-36
-31
-28
-27
-23
-19
-19
-17
-15
-7
-7
-4
-3
-3
-2
-6
0
4
8
12
10
13
9
1
-8
-9
-9
-5
-1
1
6
2
-2
1
3
2
7
8
0
4
3
1
-8
-6
4
3
10
12
13
10
5
6
4
5
7
13
12
14
21
20
21
14
21
23
14
18
20
18
13
14
13
12
14
7
13
9
8
8
-1
0
-3
-2
1
9
12
12
10
8
4
3
0
3
5
8
11
-2
-3
-9
-10
-5
-5
-3
-1
1
0
-1
-13
-11
-11
-7
-2
3
2
-3
-6
-11
-11
-11
-11
-1
5
4
7
-2
-9
-7
-1
3
3
4
1
-1
-2
-5
-3
-9
-6
-3
-6
-5
-7
-11
-9
-5
-2
-3
3
-4
-10
-13
-11
-12
-14
-16
-21
-22
-22
-24
-25
-19
-12
-7
0
7
10
14
2
0
1
-4
-3
-3
-3
-5
-6
-12
-10
-1
1
1
6
12
11
8
4
12
21
16
18
18
6
6
1
-2
-7
-10
-12
-18
-17
-15
-8
-5
-1
2
1
0
1
-2
-5
-4
-6
-6
-3
-10
-12
-18
-12
-7
-7
-3
-1
0
-1
4
6
12
15
19
23
18
17
13
6
8
0
-5
-4
-7
-5
-8
-5
3
8
18
14
16
11
7
12
9
8
6
1
-3
-3
-5
-5
-14
-10
-10
-6
-5
-2
4
2
5
9
8
16
18
14
12
12
8
3
9
2
-1
-3
-4
-4
0
3
5
15
20
11
10
10
3
9
13
11
1
-5
-12
-18
-13
-20
-9
-6
-5
-9
-15
-10
-12
-5
0
9
11
10
4
-3
-6
-8
-10
-8
-5
-2
-5
-9
-6
-12
-1
3
6
7
5
14
14
11
8
7
10
8
2
4
1
5
2
2
3
-2
-6
-3
3
8
16
20
18
7
3
2
0
0
-3
-6
-5
-4
-14
-13
-11
-6
-1
-2
0
1
-2
-3
0
3
3
4
1
4
0
-9
-14
-12
-5
-6
-7
-3
-5
-7
-6
-3
1
4
5
2
4
0
-4
-5
-6
-3
-1
-6
-7
-14
-17
-13
-8
-8
-8
-11
-20
-21
-20
-20
-23
-14
-11
-9
-10
-14
-23
-24
-19
-18
-19
-15
-10
-10
-3
0
-1
1
2
6
6
5
4
6
13
14
16
18
18
16
17
22
22
22
22
24
23
23
27
30
31
27
26
23
21
20
15
14
15
9
6
4
6
6
6
1
-4
-1
0
1
0
0
-3
-5
-9
-4
-3
-5
5
8
10
4
0
-2
-4
1
7
5
5
-1
-2
-2
-1
6
4
4
7
4
3
3
2
5
5
4
4
0
-2
-7
-10
-14
-16
-22
-24
-25
-22
-19
-24
-22
-21
-22
-27
-23
-15
-14
-13
-11
-10
-11
-13
-14
-13
-17
-24
-22
-24
-25
-23
-24
-20
-13
-7
-4
-6
-4
-3
-7
-1
0
0
0
3
2
1
-1
2
7
5
9
8
11
17
14
11
12
15
21
23
21
20
19
15
15
10
14
14
15
22
17
14
9
6
5
8
7
9
6
0
-8
-14
-17
-14
-9
-1
-3
2
-5
-14
-16
-16
-3
1
4
10
10
4
0
1
2
6
5
9
13
6
4
6
10
17
22
28
30
26
24
14
9
12
14
15
17
20
17
14
11
5
3
-1
2
3
2
4
-1
-3
-6
-10
-8
-11
-10
-14
-19
-24
-25
-25
-23
-21
-15
-11
-15
-19
-24
-20
-12
-17
-9
-7
-8
-5
-1
-5
-8
-9
-8
0
5
6
4
-3
1
3
7
13
15
24
27
27
23
19
13
15
19
18
20
22
18
11
8
6
-2
8
7
7
8
0
-2
-10
-8
-11
-12
-11
-20
-22
-28
-32
-30
-29
-31
-25
-19
-17
-17
-17
-15
-12
-16
-13
-14
-9
-8
-11
-4
-6
-9
-6
0
5
6
13
10
2
6
7
12
12
9
6
3
5
3
3
1
-1
0
-5
-8
-7
-10
-12
-12
-17
-17
-12
-15
-12
-9
-9
-9
-10
-11
-8
-6
-7
0
3
-1
-2
4
5
5
7
5
3
0
-1
-4
-4
3
7
10
6
2
1
-2
-5
-9
0
2
2
-2
-7
-6
-7
-6
-4
-5
0
2
-2
8
12
15
18
17
13
17
21
24
31
28
25
24
27
25
22
17
13
7
5
1
-1
5
2
1
2
2
0
0
7
12
12
18
17
7
10
5
10
11
12
12
11
12
17
21
15
14
16
13
12
14
16
14
7
1
-7
-11
-20
-22
-14
-13
-13
-9
-8
-16
-17
-18
-13
-19
-20
-17
-23
-25
-29
-25
-23
-12
-5
-9
-12
-21
-23
-19
-14
-5
-2
-4
-6
-13
-21
-21
-17
-9
-3
9
12
14
5
2
2
3
14
20
21
20
16
3
0
3
8
14
15
9
7
9
10
15
21
23
17
9
5
-2
-11
-16
-12
-10
-4
-1
-4
-12
-22
-25
-23
-15
-11
-6
-4
-2
-1
-2
-1
-3
4
-1
0
0
-6
-2
-1
4
8
13
15
11
8
2
-5
-6
-5
-3
1
-6
-12
-24
-34
-30
-32
-24
-17
-18
-19
-22
-18
-16
-13
-5
3
10
10
7
0
-2
-3
-2
-1
-3
-3
-6
-7
-1
0
-3
-1
3
2
2
7
6
7
6
4
7
8
10
6
9
4
5
8
11
18
16
18
24
22
17
14
16
17
21
23
16
9
7
-1
-5
-10
-8
-2
-4
-1
-4
-2
5
8
3
12
15
18
24
19
20
26
23
25
25
23
22
15
15
17
19
16
14
12
10
3
8
8
8
17
15
12
9
10
10
5
3
3
1
-4
-3
0
-2
-2
-5
-8
-9
-12
-14
-15
-11
-16
-24
-30
-29
-23
-25
-29
-25
-24
-30
-32
-35
-43
-38
-37
-35
-27
-20
-16
-15
-15
-15
-14
-12
-10
-14
-17
-21
-21
-13
-10
-12
-8
-9
-6
-4
-6
0
1
-4
-6
-6
-6
-9
-7
-8
-4
-2
-6
-3
-8
-9
-6
-10
-9
-1
2
1
0
5
0
-3
-4
-3
-1
-3
-7
-11
-8
-17
-15
-7
-4
8
11
10
12
13
13
14
18
21
21
21
22
26
29
24
25
28
26
24
20
18
18
19
15
15
16
23
32
43
48
44
43
38
36
34
36
35
34
35
32
30
28
23
24
21
15
15
12
9
2
4
8
6
6
3
-6
-14
-25
-28
-29
-29
-24
-22
-13
-12
-12
-7
-6
-5
-8
-11
-7
-3
-7
-13
-17
-20
-22
-20
-21
-23
-21
-28
-34
-29
-29
-29
-24
-20
-15
-21
-23
-22
-26
-32
-27
-21
-21
-17
-21
-26
-28
-28
-29
-27
-24
-20
-14
-12
-15
-16
-17
-19
-22
-21
-19
-17
-15
-17
-14
-16
-12
-9
-7
-1
-4
-3
-2
3
6
12
22
30
29
26
23
20
13
6
13
15
20
20
18
16
15
18
20
22
20
17
22
18
12
10
11
12
15
15
13
14
9
2
-1
-3
1
9
7
14
25
23
22
21
20
19
23
23
19
16
14
17
22
28
33
35
36
34
36
35
37
39
35
35
30
26
20
14
14
17
17
11
12
7
6
1
-11
-12
-15
-14
-15
-15
-19
-23
-21
-27
-29
-31
-30
-34
-33
-34
-36
-37
-44
-41
-39
-38
-33
-27
-27
-31
-33
-38
-36
-34
-27
-22
-17
-10
-6
-4
-7
-4
2
6
8
10
5
2
4
-1
-6
-11
0
2
7
9
3
-6
-9
-12
-14
-12
-6
-4
-14
-19
-28
-33
-30
-31
-30
-23
-22
-19
-18
-18
-13
-9
-3
6
14
19
17
9
7
3
8
16
15
16
15
8
2
1
1
-3
0
3
6
11
9
7
5
3
2
7
10
8
3
0
-3
-3
0
6
8
10
8
2
-1
-9
-7
-5
-6
-1
7
2
-5
-10
-12
-10
-6
-4
5
10
13
17
17
21
25
27
32
33
38
31
26
30
30
38
45
52
56
55
44
34
27
24
26
28
32
29
21
22
16
12
10
15
16
21
24
19
21
13
6
4
1
2
-4
-8
-10
-10
-12
-13
-12
-12
-9
-15
-17
-20
-25
-32
-30
-30
-26
-22
-22
-24
-24
-28
-29
-26
-26
-17
-17
-18
-17
-19
-22
-25
-23
-19
-15
-9
-15
-18
-27
-32
-32
-30
-26
-24
-19
-26
-26
-31
-34
-33
-28
-19
-19
-17
-17
-18
-17
-13
-13
-10
-8
-2
3
0
3
0
-1
3
10
18
15
18
16
5
8
0
6
11
12
16
10
8
9
10
12
14
16
13
9
8
9
12
12
20
22
19
23
19
18
20
25
21
20
29
26
21
19
6
2
-2
1
0
-6
-1
5
-1
-2
-5
5
8
-1
13
-2
13
10
10
6
-8
-8
-4
8
8
8
-17
-14
-22
-18
-12
-18
-18
-25
-17
-20
-32
-20
-3
-5
-3
-15
-23
-16
-9
-14
-22
-13
8
3
-6
-14
-11
-17
-18
-4
9
24
15
14
21
19
9
13
26
-1
-3
12
23
-23
-7
-3
-2
20
-9
18
-3
7
27
-16
7
37
26
25
-11
0
2
-6
7
-8
-29
-2
4
13
49
-3
19
2
26
34
-7
0
4
56
43
-6
5
13
33
62
14
-2
-11
21
28
-21
-12
-12
-43
-10
-50
-27
-8
2
-2
-40
-53
-71
-42
-41
-45
-71
-36
-16
-4
-31
-21
-20
-51
-23
12
-11
-18
1
-11
34
5
-39
1
73
64
14
-15
14
66
27
64
111
86
62
44
44
79
91
-2
-39
21
21
7
21
24
41
19
5
8
-6
-35
-88
-21
-26
8
-5
-43
-41
-44
13
-20
0
35
25
-5
-18
-52
-7
29
-13
-23
-68
-35
-24
15
35
5
-13
-23
25
15
11
26
-15
-34
-16
14
-15
-23
4
-10
-31
-12
-51
-54
-33
-121
-4
71
32
28
4
19
-27
-54
-77
350
507
-8
-737
-310
606
283
-375
-623
187
430
38
-160
-368
29
-16
-52
25
-9
94
-139
-60
-113
-29
-9
-19
126
-21
76
6
21
76
-104
24
47
-2
26
0
21
-16
52
54
-57
21
79
38
112
22
-49
6
-6
58
13
-32
-3
-8
-32
-81
-37
70
0
-45
-52
-39
-12
-24
-5
18
-54
-18
-6
-63
-7
9
18
-6
9
8
42
62
20
28
83
129
59
29
37
11
68
107
105
91
60
39
37
82
48
-1
103
54
65
44
16
67
11
10
62
43
74
74
-7
11
4
14
-30
-18
-59
-97
-80
-46
17
-100
-113
-105
-92
-54
-80
-37
-72
-48
-12
-62
-143
-127
-49
-82
-31
46
-36
-90
-77
-98
8
48
-4
16
-33
-27
14
50
-35
-29
-82
-26
29
-22
14
-35
-17
8
12
-25
-25
-13
-25
-32
-41
82
47
29
20
2
11
-2
46
-31
-66
16
81
45
-12
-56
-52
33
6
-13
38
-40
61
9
-12
6
-6
11
-75
-71
-12
57
31
6
20
39
17
-6
17
62
63
-26
-4
7
-24
48
52
59
10
1
100
42
-66
22
114
26
-10
32
3
-31
-29
-52
65
145
71
55
51
75
123
70
9
5
15
-1
-33
-30
-23
-60
-84
28
50
27
-99
-70
-37
-39
49
-6
49
59
97
92
26
21
-11
0
58
45
5
-46
-8
29
-37
-103
-126
-119
-71
-49
-103
-27
-8
-94
-61
-75
-32
-91
0
104
48
17
38
27
-61
22
102
15
20
34
50
-78
-36
62
11
36
20
40
-54
-41
12
-33
-50
50
130
-26
-24
51
33
-4
7
43
22
-3
-17
-31
-44
-48
-28
-15
-56
-69
-36
-24
21
24
13
74
30
-49
-28
29
40
46
22
-12
-43
16
28
-32
20
12
-28
-70
-68
-84
-81
-106
-128
-52
17
-9
-62
-26
50
140
66
61
113
104
57
122
48
36
39
-12
23
-22
-49
-42
-86
-47
6
-13
-8
4
20
-14
-7
-15
3
-20
-87
-46
-54
-4
-62
-2
41
0
-16
4
12
6
-6
-56
-24
-36
29
-44
-114
-44
28
75
57
73
86
59
-15
54
97
87
63
14
66
26
57
48
-15
37
-22
-65
-13
-45
-68
-122
-43
77
83
12
-48
-43
-49
-2
8
-40
-55
-21
-82
-36
-18
-136
-92
7
43
-102
-75
-46
-15
-70
-61
0
27
-62
-138
-5
-19
10
-2
13
10
-57
-13
52
55
72
31
49
39
32
62
-7
30
8
9
75
-3
4
41
109
34
54
97
59
63
69
139
109
60
-18
12
74
65
12
-61
7
23
50
176
59
-63
-24
40
42
-83
-73
-14
-83
-68
-18
4
63
54
-7
-81
9
8
-117
-138
-17
52
69
-29
3
75
706
987
-101
-1299
-1000
50
-191
-414
-82
507
900
530
59
-218
-429
-262
-384
-324
-315
-88
578
463
87
-220
449
-126
-527
-175
-131
-77
-493
270
449
10
-51
95
257
-192
208
380
-217
-899
-511
361
692
454
-52
17
332
360
-213
-455
-296
-126
-22
175
202
146
141
175
27
-288
-292
-151
-100
-139
65
219
184
113
168
-6
-68
-113
-54
-31
-44
6
116
193
29
-34
-13
54
-5
-92
-88
69
83
86
102
18
74
-3
-48
-115
-123
3
78
44
-36
12
-35
-33
9
-34
-49
30
-35
-3
17
32
124
73
63
-23
42
21
-72
12
11
63
117
65
28
-69
-24
82
-110
-199
-216
32
86
-3
-52
-176
-167
-192
19
-4
-15
-115
-300
-330
-165
141
305
202
-51
-250
-309
-78
119
250
55
-217
-259
-121
42
140
82
-106
-146
-69
-191
-111
82
261
198
-75
-140
-120
-65
37
159
235
163
39
-16
89
281
321
216
-37
21
154
-32
-3
66
158
111
117
3
134
55
3
-135
-444
-462
-314
546
138
155
-119
37
501
329
246
-197
-253
-185
66
346
74
-218
-366
-172
186
165
-65
-61
127
14
-397
-246
95
109
-53
-195
35
222
108
-106
-27
-30
-34
-99
-197
-176
3
47
-43
35
153
245
32
-339
-612
-318
-50
311
820
752
-104
-999
-644
-110
-141
-345
38
751
804
291
-18
-123
-347
-570
-504
-31
179
335
378
270
177
77
-120
-243
-333
-347
-110
212
320
307
272
191
91
10
-125
-218
-201
-128
162
355
328
194
107
-29
-188
-205
-116
-50
-77
10
179
153
125
62
-164
-140
-101
-63
-15
71
115
76
48
98
-5
-165
-102
-40
35
21
24
72
110
69
-28
20
60
-38
-49
-29
81
64
-14
11
-33
-99
-21
36
48
24
9
-12
-26
-56
-29
-6
-62
-87
-73
13
-1
-11
-24
-47
-88
-95
-40
-24
20
43
-3
2
16
-19
-73
-194
-124
-64
-60
-21
14
-15
-126
-106
-54
-14
-49
-13
37
69
46
60
41
-13
-56
-63
7
56
101
24
13
52
20
20
-46
-11
43
69
53
77
64
21
-26
-42
2
53
67
8
10
9
42
54
25
-8
-52
-19
-5
54
49
-36
-29
-9
-14
-24
3
0
-11
-3
3
9
-12
-26
-2
40
45
2
6
27
44
40
-5
-39
-20
-18
-29
-23
-23
-36
-58
-47
-78
-20
30
40
-18
-28
-12
-29
-11
-34
-11
11
60
65
24
32
-10
-25
-8
11
21
-12
10
67
56
-21
-63
-8
28
19
-1
-15
-47
-25
10
-2
-27
-35
40
48
17
14
13
23
68
68
45
44
13
-17
-24
7
45
32
2
2
41
17
-20
17
64
32
0
24
2
-42
-29
4
4
-16
30
68
41
-16
-27
23
44
55
64
51
8
-39
-18
8
-40
-87
-48
3
-18
-74
-45
34
57
-3
-61
-112
-75
10
24
8
-22
-26
-21
-8
-22
-63
-74
-81
-81
-76
-69
-56
-35
8
3
-23
-45
-61
-42
-53
-62
-67
-43
-27
-49
-26
-9
-11
-34
-6
0
-12
-8
10
39
39
26
23
9
-10
-6
-18
-47
-50
28
85
90
63
42
48
37
50
58
95
94
52
52
63
123
145
118
68
6
-10
-39
-11
35
69
112
144
158
90
17
-26
-52
-81
-53
17
53
65
58
16
-26
-75
-121
-136
-93
-4
53
93
98
52
-16
-77
-99
-91
-37
3
29
53
48
29
-7
-42
-54
-48
9
55
52
37
10
2
-12
-23
-42
-52
-38
-13
13
18
9
11
8
-24
-46
-13
21
-4
-33
-36
9
34
21
5
-17
-29
-48
-49
-46
-47
-42
-41
-44
-44
-69
-104
-110
-62
-32
-41
-44
-40
-38
-74
-77
-54
-54
-39
-13
8
16
6
12
23
15
-4
-23
-29
5
44
45
42
46
34
45
51
41
50
67
82
69
49
31
-4
-24
-30
-11
4
25
52
44
26
19
33
21
9
13
30
52
53
55
42
34
11
6
14
25
37
47
56
33
29
11
-19
-44
-52
-25
-16
-20
-11
-2
-8
-35
-53
-51
-56
-51
-44
-21
3
19
28
18
2
-21
-29
-17
-11
-21
-32
-20
-12
-8
-17
-27
-19
-10
2
0
-3
-8
-6
-1
-11
-36
-44
-28
-29
-38
-33
-14
8
23
44
43
24
16
22
35
37
41
41
39
63
74
55
14
4
3
-3
-3
-2
17
29
47
51
20
-11
-26
-34
-27
-27
-16
-17
-24
-38
-49
-48
-40
-17
-16
-25
-21
-12
-10
-34
-62
-61
-38
-5
8
16
0
-5
10
7
-8
-17
-3
4
9
12
27
23
13
37
56
44
18
2
-1
3
23
26
18
14
10
3
-10
-5
9
23
33
33
23
-16
-30
1
32
47
43
43
38
34
23
5
4
5
-3
1
-11
-25
-22
-16
-23
-19
-6
-1
9
12
0
-12
-21
-24
-21
-15
-8
0
12
11
-5
-17
-31
-32
-30
-35
-31
-16
-11
-31
-50
-59
-44
-26
-3
10
-12
-38
-47
-38
-21
-1
19
24
14
15
18
14
-2
-7
-3
6
13
1
0
15
30
32
15
8
13
11
6
0
-11
-8
11
29
31
13
5
4
8
1
-8
-8
3
16
26
13
-4
-25
-39
-35
-22
-1
18
33
27
16
-10
-22
-16
-5
14
33
41
17
-17
-32
-25
-19
-23
-22
-8
-2
-2
-6
-12
-7
12
35
46
47
35
37
39
38
31
13
0
1
11
2
-14
-9
-13
-15
-17
-13
-20
-33
-42
-48
-40
-20
-4
-6
-2
-2
-5
-6
-5
-8
-3
13
28
26
23
24
27
38
40
38
30
35
41
32
16
3
0
17
43
35
7
4
-6
-11
-6
3
16
14
22
29
24
1
-33
-50
-57
-50
-21
1
4
-3
-14
-47
-81
-88
-80
-51
-22
9
12
-20
-49
-73
-89
-76
-37
-7
7
1
-23
-49
-60
-51
-36
-16
16
36
39
19
-13
-16
7
35
46
52
54
44
40
37
35
25
34
55
81
84
61
52
43
22
0
4
26
36
31
10
-9
-4
0
-4
-11
-22
-20
-19
-8
-9
-26
-34
-29
-19
-27
-24
-7
11
18
6
-14
-29
-45
-23
5
23
33
43
43
8
-17
-19
-7
8
22
36
33
25
24
19
13
2
3
14
19
19
7
0
-3
-1
-3
-10
-16
-9
3
8
10
35
47
38
20
3
-19
-35
-37
-28
-24
-34
-48
-38
-24
-26
-34
-47
-42
-38
-39
-49
-48
-33
-38
-42
-42
-44
-42
-46
-25
-1
-1
-5
-3
2
-11
-23
-32
-20
5
20
22
14
1
-25
-44
-52
-32
-4
11
20
28
36
4
-28
-30
-11
17
41
58
54
40
31
11
3
22
35
57
64
74
59
39
18
8
14
10
35
60
82
34
-14
-47
-40
-7
30
65
49
18
-16
-14
-1
12
34
42
40
14
-16
-47
-54
-14
18
43
47
22
-46
-125
-120
-95
-45
8
42
81
67
31
-12
-40
-33
5
72
83
82
65
30
6
-13
-37
-52
-20
11
35
24
-7
-33
-40
-49
-42
-21
-21
15
18
-13
-41
-67
-58
-20
-14
-3
31
30
-18
-23
-46
-50
10
53
57
18
-12
-60
-49
-67
-65
-3
40
59
12
-26
-50
-28
2
16
53
59
36
-24
-63
-43
-17
27
29
78
74
23
36
9
7
-1
44
51
97
94
51
9
-57
-78
-107
-66
-24
-6
-12
-25
18
61
11
-79
-81
-115
-82
-5
2
-9
-7
22
-58
-88
-91
-45
-13
39
66
55
40
9
-56
-115
-36
-2
33
54
23
-4
-23
-45
-99
-91
-28
32
32
46
79
27
-14
-71
-66
-47
42
90
108
67
0
-31
-8
31
59
98
135
105
43
13
-22
-3
-3
68
98
92
80
29
-51
-46
-43
-52
58
109
107
36
2
-42
-112
-108
-25
65
118
125
70
-54
-42
-98
-160
-188
-56
35
36
76
-22
-67
-77
-10
25
82
1
-42
7
-38
-136
-140
36
58
74
18
-43
-152
-99
13
61
123
154
117
-57
-64
-71
-44
63
161
180
83
8
-106
-172
-119
-45
98
149
255
149
8
-78
-152
-95
-51
83
104
142
-20
-93
-1
-50
-70
-68
123
61
-44
-76
-91
-110
-120
-97
-116
-65
-58
17
44
47
-33
-129
-131
-211
-163
-70
84
165
106
109
-3
-35
-117
-116
-62
102
244
174
108
64
19
-63
-50
14
154
217
160
87
16
4
-49
-38
47
140
106
56
51
34
20
26
-18
-115
-172
-46
81
142
67
-32
28
-7
-61
-69
-58
-202
-186
-74
-55
-64
-72
-7
-133
-243
-247
-195
-55
8
10
37
158
-24
-269
-176
-43
-15
-46
30
72
89
193
147
100
25
-76
-118
62
160
102
-45
-126
-41
-110
-160
-95
44
160
123
-26
-108
-107
-188
-170
203
471
393
162
131
-20
-157
-119
-76
103
275
324
149
226
209
-198
-331
-71
93
-131
-56
91
145
31
112
94
-145
-181
-127
-121
-44
172
271
208
-31
-315
-296
-41
64
142
255
326
-46
-272
-72
17
-191
-270
88
557
462
105
-320
-369
-352
-89
246
387
329
-35
-170
-30
11
-251
-217
110
248
204
200
214
0
-384
-331
-53
234
325
25
-110
-3
-137
-175
145
155
-80
-18
120
-162
-214
-88
-112
39
77
49
-167
-138
42
156
-396
-583
-183
204
209
469
143
-392
-95
-2
119
-157
321
331
472
216
132
-46
-266
-33
-356
-274
303
484
33
-301
-36
-222
-403
189
109
-24
-617
93
296
116
-179
-106
-17
-116
-105
-418
-267
-108
-51
-9
421
260
-460
-500
-716
-376
-44
271
180
105
-193
-414
136
-399
-100
-157
-44
363
436
606
74
-451
-251
327
179
-14
155
117
9
236
333
214
4
-182
-464
-56
517
455
-397
-89
103
-271
176
63
66
-298
-77
163
371
168
524
415
273
294
125
-303
-529
-531
102
465
753
-109
-736
322
285
-372
-896
199
197
410
228
189
-252
-832
-469
666
648
-353
-208
-247
-45
362
370
156
-18
-15
-220
238
-169
-1050
347
774
237
-790
848
-205
-947
-169
284
-41
-168
649
170
349
-262
37
204
346
93
-168
253
-25
-48
468
-332
415
183
-267
329
-249
115
-686
470
-18
-109
193
-336
303
253
79
-522
-7
376
24
214
-351
84
7
-309
-477
206
379
-184
-557
-126
312
-70
-373
276
163
-326
-69
280
-94
-472
-344
680
418
-1019
142
405
-83
-541
398
352
-208
198
-62
-6
-322
157
268
-341
354
-734
696
-276
-107
53
-451
275
89
-158
-547
525
-141
-771
-11
69
-442
85
397
-87
-1157
282
278
6
-231
344
37
-661
-530
409
362
-191
259
-198
-808
187
364
8
-49
294
260
-608
53
315
196
-1014
210
226
263
227
-124
276
-285
722
179
-269
-565
897
120
-538
472
798
-301
-701
31
97
-58
118
129
-296
122
675
-296
-642
312
255
-278
237
101
401
355
-202
-331
441
346
-284
-323
545
306
227
371
-586
-114
199
-9
-1163
940
941
-890
-186
832
388
-732
275
351
-650
-152
849
-120
-756
726
267
-753
-157
976
-488
-170
283
250
-203
-294
913
-631
-454
235
616
-1124
-433
907
-326
-702
427
253
-404
-625
736
79
-820
546
425
-736
-497
1074
-718
-1006
732
334
-646
-278
904
-804
-864
140
467
-571
278
1329
-1071
-382
521
147
-948
-103
1171
-411
-111
330
191
-398
-572
623
-201
-169
409
-71
-44
70
842
24
-741
266
449
-1178
324
1119
-296
-643
990
-317
-1465
985
722
-909
-770
1263
101
-658
-123
377
-136
226
178
-191
927
406
-115
-770
206
690
-259
-402
790
450
-340
-885
-407
834
-705
-29
356
209
281
-171
-574
-647
825
336
-260
241
-218
487
-232
316
-681
475
-77
514
-463
-751
362
-302
277
-702
1084
518
-73
-218
-318
-115
357
-138
777
355
-324
278
-568
-582
76
-200
-527
232
1237
-74
-51
-418
-1370
-96
424
562
-153
895
-393
-1176
1076
633
-1251
-469
418
-445
-268
552
272
-601
249
849
-1567
131
1229
-1036
-93
791
616
-915
234
448
-718
518
1306
-427
-964
932
315
-1288
516
871
-1148
-80
517
-218
-806
-104
-189
273
-56
788
-180
-400
-170
-216
130
-279
1282
-239
-397
410
187
-1621
1061
217
-830
-385
642
24
-1028
214
-147
206
-63
575
765
-200
-207
-134
418
-596
-55
942
145
-2
-670
728
-844
-133
297
452
-71
599
-610
144
60
-767
-746
958
886
-641
448
248
-1217
-816
976
470
-118
-653
519
52
598
-818
226
1004
-847
-584
894
833
-970
-321
355
215
-334
188
-192
267
7
-1381
558
219
254
-817
195
595
-634
-233
592
-564
-453
761
-7
-70
543
575
-738
-13
-213
173
705
392
-892
342
441
-182
-524
1126
-951
-1091
81
260
-54
-282
-231
718
543
68
-974
359
-304
-650
950
1407
745
-932
-91
-650
172
-193
140
146
-41
661
-159
596
-1298
-353
317
-37
60
1556
-343
-598
-531
-223
-303
-340
590
-368
1125
-960
-915
1728
211
-1142
158
1078
-383
-790
1244
-1066
-306
-70
-290
197
878
-597
-1015
420
807
-29
-133
1676
-1570
-1465
779
542
429
145
-30
-523
432
-755
-299
-142
151
33
444
1652
-799
-455
-1100
-153
351
952
435
-962
658
205
-522
1388
-400
-565
-712
41
990
484
42
-1221
551
-971
-1447
1535
798
-737
-122
398
122
-349
-542
-237
575
620
-277
494
663
-1340
-855
1028
173
80
162
491
-1059
-425
918
871
558
-1164
-680
511
512
-51
-14
-493
-321
-646
531
881
-153
-1237
348
1252
-346
119
-427
-264
325
-425
504
142
-653
-155
241
642
242
-191
-460
-172
94
-437
-94
573
367
-362
169
-240
-68
19
-59
206
261
-189
-293
1591
-352
-1053
-83
170
-402
-475
788
-578
-876
28
1298
-68
-953
439
117
-142
343
661
27
-400
-535
95
-349
331
292
92
-715
-105
213
-925
700
735
-167
-199
166
610
-1372
-480
633
848
-1243
142
1008
-427
-750
307
868
-312
136
-89
-165
-157
325
878
-452
413
-202
-1469
657
179
-308
-622
1341
605
-707
16
511
-240
-285
-593
392
308
-323
421
-508
337
-467
-119
825
-458
-503
-472
883
417
8
463
-166
407
-864
466
79
-562
70
311
1482
-1252
-292
860
-279
-201
359
379
-513
372
-88
-180
659
204
172
202
-36
-190
-150
194
542
-890
66
-622
-219
711
-391
525
-71
-1546
899
735
-716
236
-337
-325
-1153
919
-4
-514
528
142
113
-642
476
-499
-507
1108
496
250
-421
-485
539
41
-202
857
311
-573
452
238
1218
-530
115
-922
-582
1343
-1067
-235
287
-48
-1178
-982
443
-660
-596
-56
699
-293
-705
-87
-99
-642
198
987
-526
-4
610
764
-803
-542
3
-1741
-526
1470
304
-318
443
-328
-626
-279
-106
-885
668
835
1375
185
-573
392
-502
-94
1384
110
-491
38
944
215
-787
1195
-120
-1322
404
757
-174
-24
1019
-285
-1093
659
-557
-1440
-146
663
-1174
517
1016
-1006
-1324
390
-258
-768
971
1020
31
506
1053
186
-282
248
-162
-508
1307
650
721
319
620
-345
-772
782
319
608
-471
970
607
-339
464
-330
-684
-114
84
365
273
19
-389
-624
103
-157
-1462
41
-331
179
-18
-254
453
-499
-785
-751
200
-240
-351
1050
166
97
-218
250
-36
-1297
952
77
528
712
-614
-419
-663
8
-384
704
-310
-502
36
610
236
-357
-320
359
133
-468
-51
-661
451
901
-325
543
-265
-646
-537
111
968
491
-70
-122
594
-117
-656
618
300
146
822
275
65
-393
299
-728
-592
426
1084
504
-94
462
-509
-372
284
41
-182
155
-356
-150
-159
101
-666
-1213
-880
-993
169
-162
-755
24
-807
-727
-234
1092
-172
-731
617
11
-75
188
343
-903
-339
10
340
-787
-553
-561
-1179
439
2
111
-875
204
719
206
580
444
591
-289
330
548
865
347
-96
-913
611
394
204
-173
-105
441
822
1054
105
-42
-819
172
1087
640
723
268
283
711
-184
-149
-376
-188
-459
131
1086
-6
-519
-477
-774
-122
-511
1149
-100
-685
-79
224
415
-380
-785
-288
443
77
526
697
621
-30
-1282
-1247
283
1136
-523
612
-5
-766
-508
24
221
-595
464
1707
1812
2161
1636
785
529
333
-10
650
1058
82
354
511
300
-406
-1158
-1757
-1235
-595
-576
151
386
-1276
-1966
-1142
-1069
-1274
-767
-240
-438
-11
195
-594
-1076
-1175
-618
-160
580
295
929
320
-98
-282
-881
-226
-327
-134
-591
53
726
-777
-447
-552
-666
-1118
-414
1100
-205
205
-224
353
-600
-814
-204
-114
-73
10
1298
756
201
165
16
-385
459
-71
545
965
330
-128
133
364
-312
-163
907
393
653
398
680
411
-217
-406
260
851
189
371
1544
832
-473
-545
-638
596
335
186
977
538
275
-68
481
539
-44
401
572
897
1091
522
-459
-283
-731
-242
163
813
291
-226
367
8
7
-489
-573
-314
-948
-496
-528
-378
-1389
-1463
-1454
-1211
-65
276
490
-202
590
810
900
655
547
668
1107
1093
899
643
-1195
-611
-638
150
473
306
11
-858
-624
-630
49
590
206
221
119
586
-213
-656
-221
159
-256
-431
15
434
-395
-1084
-1078
-34
-86
-725
-593
271
-101
-608
309
-50
-1013
-881
-417
-24
186
913
-307
44
-208
-1140
-644
15
-97
-589
783
1044
279
-116
-614
-829
-804
-360
69
1099
675
-471
-219
-76
-956
-1255
48
-345
-844
-556
-619
-814
-1174
-1831
-1837
-1374
-1211
-1481
-1375
-1168
-1940
-2232
-1805
-1485
-1609
-1629
-821
-204
-16
-89
103
333
561
1323
1885
1996
2182
2607
3012
2965
3205
3194
3332
3320
3202
3708
3987
3350
2708
2900
3039
2494
2426
2561
2154
2171
2433
2334
1326
457
214
668
1522
930
106
-198
-342
-168
-121
122
-74
-716
-478
-489
-424
-106
-663
-90
-1221
-1688
-621
-838
-1140
-1898
-1084
-1565
-2188
-1333
-1551
-1555
-1921
-1307
-819
-959
-775
-1277
-739
-484
-354
249
662
732
1175
1143
418
-2303
-5910
-7392
-6235
-3435
-2211
-2354
-3801
-6599
-8261
-8571
-7850
-7397
-7088
-5814
-4300
-2576
-2140
-2948
-4187
-5522
-4515
-1625
1926
4354
4736
4304
3498
3470
4048
4958
5923
6508
7681
9133
9965
9269
7408
5737
4531
4651
5814
6885
6811
5204
3368
1889
903
336
-215
-690
-1228
-1221
-877
-896
-1900
-3688
-5116
-5454
-4146
-2366
-1204
-1055
-1841
-2558
-2527
-1439
-380
145
612
1337
2482
3355
3450
2608
1370
1073
1839
3281
4153
3354
1944
726
-109
-345
132
647
-400
-1290
-553
-280
-1055
-2171
-2339
-2468
-2120
-778
-10
-169
-1229
-1889
-1957
-1679
-842
-767
-250
545
466
321
586
1645
1015
-87
630
1495
1740
1534
2056
2369
1955
1082
-1129
-5315
-8416
-8667
-5566
-2646
-2233
-4219
-7637
-9911
-11285
-10729
-9350
-8225
-7532
-6519
-4278
-3069
-3872
-5545
-6703
-5876
-3070
1544
5614
6549
5174
3365
3438
4674
6428
8254
9302
10048
10491
11030
10792
9007
6639
5405
5922
7254
8162
7891
5922
2862
291
-445
-12
98
-482
-1265
-1978
-2662
-3284
-3815
-4731
-5545
-5233
-3752
-1944
-1420
-1996
-3436
-4480
-4211
-2267
254
1572
1893
1492
1567
1772
2024
2578
2804
3248
3798
4845
5256
4185
2689
1042
595
989
1997
2861
2075
573
-1116
-1669
-1528
-1370
-1381
-1615
-1362
-989
-501
-112
-828
-2236
-2420
-1178
616
1663
1797
958
-31
-149
675
2005
2727
2650
2200
2045
2225
2216
1969
2081
2361
1596
-2543
-8503
-11619
-8821
-3340
-1337
-3562
-7626
-10910
-13136
-13631
-11428
-9064
-8615
-8465
-6665
-4040
-3614
-5713
-7754
-7522
-4717
563
6478
9295
7274
3261
2027
4310
7917
10620
12195
12212
11305
10994
11369
10762
8314
6157
6230
7945
9081
8571
6316
2410
-1548
-2838
-999
1075
590
-1839
-4359
-5910
-6361
-5750
-5001
-5148
-5845
-5596
-3620
-2053
-2216
-3574
-4232
-3318
-1121
1895
3966
3544
1320
105
1451
4118
5934
6334
5545
4349
3702
3933
4473
3846
2418
1394
1782
2696
2611
1276
-1021
-3188
-3713
-2028
353
905
-328
-2203
-3080
-2480
-1285
-24
486
387
276
908
1747
1609
810
434
1015
2238
3510
4411
4078
2981
1964
2030
3019
4275
3045
-3097
-11131
-13925
-8075
-385
1227
-4058
-10529
-14333
-15896
-14459
-10689
-7684
-8207
-9617
-7593
-4439
-4088
-7247
-9265
-7662
-3195
3553
9488
10947
5989
274
388
5717
11522
14076
14201
12486
10018
9389
10621
11150
8859
6514
7073
8948
9353
7166
3583
-721
-4136
-3666
191
2770
119
-5539
-9410
-10012
-8309
-5747
-3673
-3926
-6063
-7037
-5470
-3437
-3349
-3855
-2882
-566
2068
4153
4681
2696
83
19
3599
7895
9416
7941
5102
2797
2155
3407
5327
5516
3788
1981
1563
1608
570
-1149
-2771
-3235
-2387
-357
1009
-347
-3443
-5811
-4876
-1805
1182
2457
1584
-186
-1426
-597
1263
2692
2882
2783
3176
3983
4347
4203
3546
3069
3021
4119
4928
1185
-7453
-14813
-11769
-2295
3410
-456
-8372
-13609
-16734
-16571
-13002
-7586
-6038
-9010
-9565
-7004
-4822
-7490
-10199
-8403
-3930
2253
7694
10863
7132
-289
-2334
3543
11930
15688
15190
12752
9151
7097
8318
11489
11637
8715
7500
8637
9016
6155
2488
-143
-2366
-2547
300
3248
1004
-6213
-11609
-11701
-8204
-4792
-2732
-3177
-6524
-9653
-8915
-5049
-2354
-2172
-2144
-754
788
1869
2734
2670
1520
1448
4844
9434
10544
7613
3642
1932
2719
5350
8251
8535
5350
830
-1195
-194
975
869
-270
-1161
-1706
-1865
-1509
-2208
-4198
-5766
-4426
-692
2011
1922
-353
-2564
-3096
-1121
2372
4741
4547
2812
1882
2653
3914
4601
4415
4222
4197
5039
4977
806
-8209
-15190
-11146
-675
5425
343
-9290
-15511
-17892
-16460
-11964
-5799
-4356
-8360
-10642
-8914
-6477
-8644
-10540
-7578
-1913
3680
6841
7921
3632
-2740
-2763
5314
14650
16933
13657
9385
6196
5634
8423
12950
13686
10135
7220
7157
7190
4537
1535
583
579
902
1887
1944
-2247
-9488
-12937
-9694
-3993
-1216
-2501
-6215
-10468
-12223
-9009
-3299
-46
-1015
-2838
-2494
-1056
219
1319
2447
3339
4417
6971
9316
8378
4584
2029
3827
7576
10163
9893
6599
2037
-1283
-470
2929
4839
3154
-324
-2577
-3304
-3047
-2464
-2216
-2644
-3076
-2191
-613
-455
-2225
-3795
-3010
-293
2560
3887
3284
1460
323
1282
3797
5692
5763
4564
3839
4054
5405
5021
-198
-9369
-14593
-8059
2938
6753
-1653
-12386
-17181
-17163
-13897
-9273
-4426
-5374
-10422
-11944
-8891
-6107
-8915
-10444
-6510
-63
4692
5828
4980
261
-3757
-542
9265
16882
15488
9567
5443
5018
7527
11549
14693
13079
8144
5395
6376
7286
5234
2655
2104
2296
1943
1238
-628
-5119
-10143
-10224
-4939
-648
-2154
-7473
-11546
-12331
-9599
-4291
-271
-765
-4715
-7058
-4922
-1017
1760
2830
3012
3099
3272
4730
6087
5775
4240
4467
7410
9711
8841
5359
2215
947
1950
4508
6143
4359
-209
-3790
-3686
-1356
250
-74
-1568
-3330
-4085
-3388
-1779
-1234
-1927
-2281
-1086
752
1365
666
-68
216
1647
3736
5275
5188
3553
2420
3036
4884
6628
5368
-704
-9960
-13868
-6455
4390
6840
-2958
-13449
-17006
-15218
-11858
-8349
-4714
-6166
-10547
-11849
-8734
-6594
-9650
-10519
-5590
1521
4780
3500
1199
-2104
-3071
2117
11494
16559
12480
5592
3221
5984
10279
13558
14486
11436
6568
4684
6788
8475
6675
3827
3217
3467
2474
513
-1617
-4268
-6696
-5802
-2155
-742
-4647
-10337
-12023
-9091
-4767
-1989
-1996
-4873
-8329
-8464
-4029
929
2460
1268
71
414
1437
3117
4933
5586
5124
5247
6913
7835
6148
3619
3077
4641
6083
6213
4924
2077
-951
-1816
236
2715
2251
-440
-2969
-3480
-2642
-1658
-634
-825
-1840
-2656
-1826
-480
-231
-650
-482
745
1980
2836
3012
2694
2127
2598
4108
5565
5543
1268
-6552
-13165
-9681
1370
8275
2639
-9760
-16100
-15542
-12019
-8653
-4752
-3393
-7829
-11973
-11372
-7875
-8280
-10242
-6920
-437
3393
1643
-936
-2480
-3116
294
8166
14693
12711
5287
1772
4824
10168
13550
14371
12061
7363
4469
6427
9896
9838
6560
4249
3862
2981
1490
703
100
-1661
-3332
-2454
-1484
-3806
-7971
-9329
-6357
-3316
-2731
-4420
-6899
-9090
-8699
-4626
26
895
-1749
-4005
-3422
-819
2067
4466
4765
3160
1731
2886
5432
6241
5418
4631
5016
5392
4979
4269
3309
2277
1701
2605
3688
2984
580
-1282
-1208
-52
708
591
-253
-1638
-2440
-1821
-402
150
-695
-1491
-1171
31
1148
1643
1724
1845
2296
2921
3577
4009
1960
-4372
-11029
-10264
-655
7068
3795
-6985
-14096
-14235
-11895
-8735
-4632
-2335
-6114
-11554
-11955
-8659
-7566
-8831
-6506
-1423
929
-747
-2323
-2275
-2255
-270
5693
11382
10242
4292
1609
4842
9553
12368
13167
11369
7039
4254
6526
10767
11228
8043
5255
4174
3133
2372
3309
3755
1628
-1608
-2358
-1352
-2015
-3961
-4642
-3461
-3043
-3986
-4961
-5669
-6435
-6276
-3955
-1586
-1881
-4150
-5417
-4312
-2018
367
2158
2015
54
-1490
-4
3188
4883
4422
3346
2982
2924
3212
4133
4686
3840
2582
2430
3126
3152
2289
1669
1535
1351
1104
1149
945
16
-914
-702
199
305
-553
-1407
-1374
-871
-223
450
773
506
269
746
1653
2380
2253
-533
-6196
-10449
-7623
700
5004
585
-8025
-12513
-12395
-9997
-6330
-2724
-2460
-7062
-10721
-9879
-6989
-6185
-6131
-3856
-1784
-1677
-2411
-1602
-949
-1101
675
4959
7442
5418
2630
3061
5969
8355
10041
10354
8159
4923
4720
8136
10639
9516
6730
4911
3676
3082
4306
6079
5374
1758
-1049
-1075
-171
-20
-148
-236
-1429
-3275
-3961
-3277
-3004
-3330
-2945
-2218
-2462
-3829
-4193
-3443
-2437
-1691
-764
-149
-1154
-2314
-2005
46
1473
1724
1473
1148
758
718
2034
3296
3353
2315
1784
2092
2350
2518
2752
2653
1691
821
764
960
470
-138
-188
13
-328
-886
-1201
-1435
-1958
-2251
-1770
-1217
-1190
-1512
-1327
-1031
-751
-392
337
921
416
-566
-2438
-3883
-4720
-2830
145
1127
-1060
-4771
-6526
-7056
-5805
-3766
-1549
-1417
-3514
-5277
-5845
-5341
-4608
-2792
-750
-264
-1265
-2222
-1819
-1158
-262
1099
2665
2808
1699
1143
2029
3325
4201
4935
5016
4102
3118
3620
4948
5470
4946
4398
3914
3216
2770
3225
3690
3181
2112
1410
1148
684
455
851
1292
966
170
-285
-401
-505
-275
279
421
-268
-847
-621
-249
-283
-425
-182
-36
-169
-226
12
-59
-495
-548
-102
241
-39
-427
-621
-876
-1070
-832
-341
-287
-771
-1053
-1001
-953
-995
-888
-673
-649
-759
-684
-561
-623
-810
-746
-465
-303
-341
-512
-556
-627
-465
-68
323
251
-364
-835
-897
-469
20
370
379
-80
-499
-651
-587
-711
-791
-745
-533
-332
-170
-156
-667
-1328
-1592
-1057
-301
-31
-223
-576
-854
-1021
-1074
-803
-524
-468
-536
-577
-590
-671
-760
-657
-375
-139
-131
-221
-221
-82
64
335
561
551
331
109
184
396
650
790
765
475
175
214
711
1244
1457
1362
1218
1198
1368
1733
2061
2100
1897
1825
1883
1928
1891
1822
1752
1656
1579
1484
1251
945
760
874
1095
953
450
-36
-267
-343
-249
-32
63
-276
-814
-1013
-838
-698
-728
-818
-915
-1003
-1041
-909
-818
-937
-1140
-1082
-811
-740
-930
-1137
-1153
-1048
-805
-385
-112
-283
-818
-1178
-1038
-577
-78
140
55
-310
-595
-652
-541
-310
-125
73
86
-32
-142
-142
-99
-159
-50
235
461
335
56
-47
20
147
213
221
123
-158
-341
-299
-166
-226
-494
-701
-774
-718
-636
-588
-698
-904
-1025
-970
-882
-925
-981
-963
-829
-689
-522
-368
-378
-523
-545
-194
280
562
603
590
658
799
1099
1434
1600
1520
1423
1483
1590
1658
1602
1593
1593
1575
1557
1481
1311
1075
1063
1237
1339
1163
811
540
402
401
570
716
602
186
-240
-381
-258
-87
-55
-148
-376
-661
-816
-791
-661
-624
-623
-615
-690
-896
-1128
-1127
-927
-726
-621
-546
-575
-739
-892
-818
-521
-260
-165
-260
-442
-567
-503
-271
-89
-97
-209
-251
-188
-72
77
210
175
-4
-93
48
263
385
408
389
314
229
195
252
330
405
481
467
342
92
-126
-131
92
259
171
-138
-448
-628
-649
-591
-588
-642
-862
-1048
-1101
-963
-779
-755
-948
-1151
-1075
-717
-357
-263
-312
-321
-183
-26
150
370
488
477
478
601
699
646
628
737
881
874
759
644
538
491
626
870
928
718
448
363
381
434
539
641
574
299
99
121
280
352
354
288
142
-19
-61
52
121
85
12
-31
-141
-294
-302
-194
-88
-60
-63
-51
-167
-322
-365
-158
95
201
116
-104
-270
-293
-125
32
19
-173
-288
-267
-169
-110
-120
-127
-174
-180
-136
-29
42
39
-19
-51
-8
37
39
8
29
128
204
190
81
-11
-9
76
157
157
42
-140
-245
-210
-120
-143
-238
-388
-478
-500
-463
-388
-393
-527
-688
-697
-516
-316
-195
-202
-266
-265
-188
-7
171
236
186
129
140
224
264
306
318
345
270
130
27
11
75
100
96
58
-2
-55
-69
-48
-24
-25
-34
-70
-146
-212
-170
-18
69
23
-34
-69
-68
-75
-54
28
91
114
115
58
-72
-158
-127
-4
110
165
159
113
66
-10
8
150
321
404
376
287
230
263
329
385
366
336
334
326
303
259
239
215
192
172
158
175
175
155
145
204
196
127
-12
-58
19
116
155
106
46
7
11
36
46
57
18
-55
-118
-144
-160
-184
-188
-229
-295
-340
-329
-331
-389
-436
-429
-331
-238
-237
-280
-275
-173
-60
-1
6
3
39
92
133
107
59
44
81
139
175
154
9
-148
-217
-137
6
77
-6
-187
-330
-363
-306
-233
-143
-99
-127
-222
-334
-359
-301
-176
-78
-66
-131
-245
-304
-252
-126
-16
21
-28
-149
-290
-291
-145
32
136
142
111
36
-54
-89
1
187
331
354
281
158
103
145
237
273
214
210
273
301
252
158
133
178
247
268
239
201
188
234
321
393
358
249
157
186
279
352
326
232
152
127
151
166
168
171
164
129
37
-48
-93
-61
-11
-32
-119
-184
-226
-277
-312
-301
-239
-204
-201
-222
-216
-217
-236
-197
-124
-23
14
-3
-56
-136
-190
-175
-88
-2
7
-58
-160
-248
-308
-278
-179
-68
-56
-153
-249
-273
-239
-212
-162
-101
-65
-109
-203
-258
-229
-119
7
89
78
-42
-194
-221
-72
118
221
178
44
-148
-259
-193
1
160
210
137
16
-79
-89
-9
115
197
217
172
125
106
121
184
215
180
127
133
155
136
95
106
150
158
105
44
32
62
147
222
237
173
69
52
151
290
339
306
242
198
205
240
293
314
297
267
206
154
91
79
117
186
218
126
-34
-138
-153
-126
-60
-19
-26
-108
-177
-186
-152
-94
-67
-38
-29
-51
-84
-96
-144
-227
-292
-262
-138
-88
-173
-314
-424
-456
-447
-366
-256
-226
-317
-434
-462
-412
-341
-291
-254
-226
-199
-241
-324
-352
-288
-157
-44
13
0
-54
-81
-36
106
216
225
151
77
27
29
88
192
244
245
205
119
62
67
163
261
286
233
153
89
119
202
261
202
78
11
36
106
149
154
118
83
31
-12
-15
31
104
115
116
102
67
-7
-18
66
159
178
114
73
61
88
134
208
263
262
197
151
124
127
161
252
318
276
153
38
-6
10
57
98
114
78
17
-27
-5
52
84
76
60
47
20
-4
-21
-42
-81
-112
-119
-109
-103
-171
-274
-373
-428
-424
-364
-295
-296
-391
-488
-536
-514
-448
-353
-265
-262
-347
-444
-441
-345
-249
-183
-124
-85
-75
-106
-104
-47
29
97
165
194
157
73
32
55
109
179
214
216
147
77
43
77
167
184
158
132
107
119
129
160
169
125
77
57
117
186
186
162
116
69
45
33
80
114
133
163
159
91
-13
-69
2
117
178
154
95
64
42
98
154
189
177
129
66
8
1
40
132
209
178
81
-32
-98
-127
-89
-6
64
45
-14
-87
-133
-90
-42
20
42
45
36
27
14
3
-1
35
39
32
-36
-79
-102
-176
-207
-204
-133
-88
-100
-153
-214
-230
-208
-165
-73
-26
-49
-177
-312
-357
-313
-187
-98
-40
-68
-126
-196
-204
-136
-53
38
119
131
12
-101
-151
-61
72
143
116
23
-57
-102
-89
-22
62
95
35
-44
-74
-15
54
48
70
28
-12
28
57
104
129
168
184
150
130
58
81
170
289
360
243
155
63
39
167
286
335
235
143
91
94
162
159
166
156
93
16
-37
-16
-5
19
66
16
-92
-172
-238
-246
-194
-131
-90
-116
-193
-242
-246
-164
-77
-36
-58
-95
-83
-30
4
42
33
67
126
127
143
78
53
-6
8
48
115
140
-6
-132
-167
-113
-23
35
38
-49
-191
-209
-217
-116
18
74
15
-61
-62
-82
-49
-67
-17
35
39
36
-28
-26
-109
-79
-8
57
6
-122
-105
-149
-153
-110
-88
-120
-132
-236
-260
-203
-128
-68
-111
-42
-68
-79
-48
-31
19
12
92
114
82
75
57
67
161
257
225
205
145
135
205
257
355
296
186
142
181
281
269
231
236
181
157
131
102
150
163
65
87
109
44
-47
-152
-146
-72
18
16
-18
-123
-188
-191
-129
-57
-30
-23
-104
-147
-160
-83
-33
-23
-4
5
-69
-116
-67
-54
-39
14
48
2
-130
-227
-243
-239
-155
-79
-93
-173
-282
-293
-259
-135
20
-59
2
-199
-625
-663
-239
441
593
732
368
-218
-238
-22
46
112
532
720
793
619
353
-159
-489
-383
-354
-67
81
196
180
84
73
-160
-323
-361
-371
-356
-261
-40
22
59
71
89
20
-34
-12
-113
-58
51
182
137
65
11
-151
-269
-134
-104
-434
-631
-489
21
446
929
1012
754
493
64
-195
-419
-366
-324
-151
222
447
737
588
69
-698
-911
-499
-261
326
791
986
1244
774
34
-674
-908
-832
-600
217
703
1139
1244
1025
453
-132
-356
-706
-662
-572
-420
-189
62
295
158
149
-30
-160
-302
-462
-456
-522
-522
-491
-399
-279
-300
-339
-440
-368
-235
199
394
399
319
-148
-293
-287
84
-227
-1100
-1468
-966
48
534
1422
1419
1285
883
295
-48
-722
-542
-464
-98
447
661
919
709
607
226
-85
-280
-407
-305
-326
-78
55
142
217
141
-22
-97
-131
-196
-159
-101
-49
85
77
-76
-141
-181
-104
60
64
9
-40
-57
37
-83
-45
-35
-90
-18
-25
-23
27
4
-318
-293
-251
-131
-171
-189
-96
-208
-47
-2
-66
-339
-462
-154
130
566
752
954
999
781
772
455
430
280
277
542
597
572
385
228
4
-183
-238
-132
-113
-140
-250
-124
-259
-583
-1003
-1771
-2377
-2228
-1256
-520
510
1227
1422
1355
750
221
-404
-684
-663
-478
6
606
945
855
571
220
-222
-333
-312
-181
-48
137
271
304
248
-12
-131
-298
-258
-59
131
84
-63
-32
-374
-550
-393
-220
-66
117
62
44
145
-152
-464
-274
-9
87
265
470
439
406
237
125
-86
-235
-143
246
-216
-653
-554
-151
165
532
686
187
215
174
-158
-516
-278
-176
-141
159
224
296
713
604
42
-294
-581
-987
-1070
86
704
862
980
853
537
-179
-460
-173
-434
-586
54
10
100
600
1098
703
304
-426
-1377
-1415
-1072
-598
577
1835
1635
501
352
173
-639
-772
-1089
-1359
-802
-144
755
1854
1240
134
303
791
290
-766
-1183
-1222
-874
-15
1685
1779
1160
1020
-284
-1732
-2222
-1477
-740
2
1094
1517
1464
-375
-1174
-1113
-1626
-1188
-731
915
1133
1623
711
-956
-611
-507
-1445
-957
456
694
776
1526
978
-665
-189
-1642
-2069
-632
666
1493
2035
1605
226
-1385
-2477
-2539
-950
869
1063
1417
3006
1005
-698
-1301
-2051
-1665
-602
1311
2039
1068
405
468
-92
-844
-1353
-232
-613
434
255
241
616
846
270
-1166
-66
-135
-1307
325
1613
153
703
45
-190
95
315
151
-1076
848
849
135
-267
-1157
-534
22
370
729
1668
-543
-2150
-1359
-625
280
1608
520
251
866
-1233
-983
-323
109
-298
1356
756
-224
1248
-7
-748
-1115
-761
-491
1432
1878
668
85
-622
-437
-415
78
-570
-1134
220
958
1194
514
-1102
-393
-425
273
-329
-885
-492
-257
842
434
43
699
-785
-655
-275
-820
1015
-314
693
-701
48
785
-329
961
-765
-296
-488
730
956
-998
-80
92
23
-299
213
331
-206
282
-445
-845
398
-583
-232
1015
1022
586
-1504
-563
217
-62
85
702
783
-151
305
-378
-1942
19
241
647
1490
1501
-932
-557
208
-1119
-470
1292
-34
-904
1128
765
538
-333
-1080
-1771
1123
-422
130
-11
-417
819
-840
377
1051
-385
-1322
396
-246
-681
414
479
547
37
721
298
-52
-1095
-1089
-45
566
888
-459
1268
-155
-841
526
-337
68
-676
78
431
-470
771
21
-146
-568
469
-377
309
842
-1344
-153
597
-864
-109
925
-151
-164
1345
-931
-1764
79
-87
-24
256
752
-1326
188
34
468
645
-217
-230
-975
-827
714
631
709
1201
-345
-1644
-946
724
325
-667
1498
436
77
404
-749
297
-1028
117
139
225
1189
-173
116
-728
18
451
93
-345
-5
570
-670
1824
819
-291
-1104
-563
-349
492
570
-347
1414
-281
53
-586
416
-723
-976
-310
880
1286
-1299
-175
-298
399
-1023
-753
1105
-309
308
444
280
-801
337
538
-49
217
-634
67
-138
884
-77
-143
317
-454
222
-122
-1325
720
878
491
-385
-269
-716
125
423
-261
230
-181
-407
-1102
433
1183
164
-371
-660
-245
35
-326
-174
605
18
397
240
132
-411
-318
-1160
95
960
562
734
-647
-76
-533
-622
-836
-721
1169
110
502
580
-836
-750
-161
789
-1050
1416
515
-242
-820
-1013
1211
623
644
-904
-323
-43
-726
303
209
977
752
694
-132
-291
-441
-1420
-669
1243
315
526
1109
-361
-618
-882
-1843
439
671
1155
-847
544
539
-414
-356
364
527
-1687
298
-3
320
1002
546
-739
-751
-195
-883
528
1241
1073
281
-1008
-960
-322
828
782
-34
267
363
428
-318
-438
-750
-485
-189
-897
878
1178
-346
-50
-322
-553
-13
674
-1181
-29
1095
-697
420
522
348
-836
218
-307
-575
1155
31
73
917
649
-364
-1063
-386
36
-141
1126
-373
917
-398
-177
-381
-281
364
-1059
222
574
267
-296
-128
-405
-468
183
121
410
334
-547
390
-743
569
-454
504
7
-197
-80
-329
523
-508
-144
53
189
-511
329
129
45
-246
177
63
57
161
-1146
75
986
-234
467
847
613
-586
-1057
-344
558
-414
-296
885
-1
-87
21
-152
-127
-560
149
-137
1086
236
-536
-502
117
-35
-780
732
46
414
-30
-272
-291
-712
494
-202
671
583
179
-183
-122
-1012
-552
1004
-583
239
-61
530
-6
-741
-452
120
48
-619
669
-289
668
-522
-150
234
-272
776
-157
-277
-202
435
-124
128
132
-240
968
352
-662
366
210
-430
487
-112
394
93
-708
-732
93
229
569
775
-287
-269
-955
207
-376
157
1283
75
129
-227
-16
13
-83
322
-687
1012
37
31
298
-566
-102
-179
150
-440
290
645
7
-721
-301
387
-165
-364
-240
325
129
-9
452
-483
-515
-449
237
278
114
302
-25
-361
-530
663
-181
27
267
-497
307
373
-6
-121
-267
56
-286
-190
761
189
-879
198
1052
-23
-1111
-543
895
-279
-389
587
564
-428
-413
90
20
-186
-174
-230
6
747
-660
-775
556
387
-643
-293
304
242
92
19
686
178
442
-255
73
292
-34
-414
-9
719
-330
-62
-120
-541
176
-1116
-139
992
314
279
-448
707
-944
-1347
353
40
1099
-23
831
434
-819
-439
-576
-207
50
711
1146
-282
-738
-240
-658
87
-543
321
141
1268
62
-1075
791
-676
-122
-167
828
387
-665
481
-109
222
-716
-1169
114
588
123
-88
275
541
-779
-344
147
515
112
546
-612
452
31
733
-299
-913
963
-486
651
-446
31
-529
-330
1102
-648
-191
-115
800
-1345
381
747
91
-619
-627
232
-301
1362
-512
-13
-12
788
-224
-250
233
-687
-70
498
542
193
-181
-966
63
393
75
46
393
-531
56
321
120
-53
-391
75
-40
-486
522
496
237
-214
-487
-317
-36
114
-661
584
574
-762
475
355
-157
-770
-147
420
258
215
877
423
-720
-132
-230
-423
202
46
17
135
-169
19
-381
628
29
-452
131
1
166
-406
-89
28
-341
70
202
349
-388
-497
-210
-823
629
365
-243
177
598
1
-328
-107
-535
-483
22
622
313
805
-5
-769
-973
126
283
432
723
-357
224
-47
260
-514
-166
-22
-64
600
-177
236
454
73
-101
-718
-244
286
284
261
-522
-148
564
387
-254
-470
-379
-568
179
714
367
-419
-188
-57
-63
-37
-131
264
375
-474
469
-291
-7
713
34
146
-400
161
-662
110
674
-573
-200
521
-112
77
-556
-321
56
-9
-93
172
1284
-460
-322
621
-226
-376
286
154
-169
609
92
-427
171
346
-451
-228
349
170
-310
469
-272
48
226
-128
367
-824
-559
-55
609
587
424
400
-1019
2
-227
-262
82
77
803
-318
-68
126
-429
-449
186
-766
-144
122
-86
107
190
439
-438
-533
38
126
478
21
618
-708
-44
96
65
581
-81
-446
-944
563
605
-278
-354
392
-627
-120
81
363
39
-175
-325
14
91
-568
-74
607
-237
249
143
-236
262
77
-1257
292
770
-336
32
-89
485
360
566
-1459
-891
249
337
-825
1121
873
-101
144
-765
206
-683
-696
-82
745
756
741
558
-1405
-66
144
-361
547
178
883
-12
187
-147
-138
640
-319
-380
-819
1119
448
-88
-209
363
-610
-335
298
178
452
-104
234
-458
91
115
17
110
-454
-78
-118
238
805
-332
-840
798
-259
-490
168
394
-47
-872
364
239
21
-948
16
-234
327
31
278
575
-210
-11
100
-26
-569
98
-601
232
815
-342
366
285
-901
-838
474
606
-431
163
543
-542
476
112
-4
-648
666
152
-407
432
-608
-58
-294
465
-612
122
703
-341
-367
-609
58
383
532
22
206
-129
-466
-65
-10
43
-21
805
-397
140
-657
-264
-811
634
806
-28
545
-842
27
-632
-375
279
887
446
-558
1047
-844
-201
-113
67
-5
-98
650
-477
647
614
-760
-509
160
103
-654
105
545
92
1013
51
-574
-1408
-339
659
131
60
515
383
-508
14
-391
-563
343
-128
576
-231
181
-29
-134
380
-57
-166
-507
52
-107
430
198
-197
412
74
82
-115
-138
-550
-47
-99
223
653
427
-250
208
-111
-33
-9
34
304
132
633
-390
137
-450
-200
507
-346
54
26
170
-490
-600
357
-469
430
-177
354
-6
-236
525
-382
182
-347
92
-262
384
722
-289
-321
-344
-93
-285
-128
109
16
460
-102
-417
139
333
-393
-549
-208
499
113
-218
-226
438
-100
-383
450
624
-132
-492
-515
-105
-103
491
333
-8
53
-339
59
-179
-518
294
920
454
15
65
-56
-293
-333
165
300
316
329
-276
-676
497
53
-866
553
14
-1081
133
249
-212
-60
238
-136
656
547
-647
-911
-99
283
-375
931
534
-98
-108
-303
-553
-327
407
-63
736
154
-385
265
238
-902
-405
229
255
471
-113
-52
63
626
-84
-362
154
-488
96
381
181
-361
-226
399
-177
201
-152
-258
-314
374
126
240
-250
264
64
-352
-401
-388
1187
290
145
-456
-67
268
-236
-161
-342
818
80
217
56
-265
-467
-455
-231
185
280
540
230
344
-323
-629
-373
-32
98
181
508
357
-146
96
-502
-60
37
-837
150
-185
744
5
83
231
-128
175
-322
74
-329
307
265
19
435
-444
-320
-283
-97
-119
42
735
11
-633
487
-93
-502
-242
497
194
102
368
-753
-275
26
-176
-223
777
607
-902
301
187
-345
-53
-340
-327
95
257
145
728
-127
-264
-522
-91
37
9
292
45
-232
172
84
-266
66
62
-374
88
188
-116
563
86
-391
528
243
-271
-404
555
32
-438
624
-32
-15
71
-397
158
-365
125
-176
-311
321
471
150
-333
581
-62
-150
-279
27
162
-219
644
171
-290
178
-327
-517
-302
201
-18
383
-227
-158
-237
159
263
156
226
-511
167
-42
-452
-330
565
112
-515
798
-440
-158
-117
-338
-688
-201
839
154
437
-299
-25
-478
356
-104
-214
-102
-177
659
487
168
-91
293
-581
-644
-326
64
923
53
-50
39
-183
405
94
-709
-124
175
413
-57
-103
-63
19
161
-272
530
-7
-504
-472
-743
515
33
245
844
-152
-514
-525
80
309
-239
380
569
0
144
282
-743
-58
7
238
-129
110
859
-511
359
-162
-309
-501
154
260
-559
319
144
17
102
-4
-31
-75
196
-172
190
-575
155
730
237
289
129
-259
-192
467
-652
-464
171
788
249
-104
29
-795
318
-43
-129
41
217
-221
-25
509
-155
74
-86
-539
-552
364
188
168
219
282
-512
189
67
-1156
-8
-207
-206
409
1050
57
-688
-112
-197
-324
419
239
107
45
584
436
-503
-365
-321
238
242
128
-81
431
-341
50
80
-39
390
-368
-659
413
-83
-215
223
643
-403
-766
-5
-15
419
515
373
-496
-352
-182
72
103
-233
199
283
557
93
-126
-818
-498
28
73
574
481
-379
-575
-93
-101
129
-607
-203
-159
519
264
236
153
-298
-27
-585
74
73
104
164
784
100
-210
-316
-209
-727
104
51
432
-197
660
157
-928
80
-202
-169
104
819
-5
303
767
-866
-844
-9
1197
-73
-112
-382
-10
465
206
-168
-38
-172
-459
-272
178
31
-262
606
-15
155
68
-756
122
94
-37
-309
711
179
-420
393
-889
-350
515
541
-164
-27
150
-457
-70
482
-164
-93
210
-200
-172
549
55
-608
-80
78
528
92
102
-275
-208
396
231
-35
-509
476
-42
-358
241
49
-718
13
407
-16
271
435
-372
-129
526
159
-435
221
-84
273
366
-191
-595
-435
517
-483
101
202
270
-50
-534
-52
24
183
-255
72
463
-362
496
493
-265
-170
-59
-157
-189
67
-143
-220
325
308
-596
283
-281
-383
-12
144
309
542
94
-407
285
-160
-49
-51
-140
-177
488
239
-569
434
-135
-469
168
-211
-158
137
94
-527
579
838
-116
-619
381
-948
153
380
658
-312
134
-89
-789
479
167
17
153
543
-373
86
-261
-291
126
-331
96
-196
266
4
-311
77
-267
-135
284
-63
31
50
541
116
-384
208
-315
139
-744
717
150
-715
264
-190
70
2
358
-633
-173
379
-471
105
1
543
-424
114
367
-565
76
-179
477
-199
287
164
-264
74
-111
-320
-276
130
184
-182
226
677
-292
-61
299
-496
-202
231
476
-136
272
350
-120
-116
22
-421
-370
105
291
430
309
-105
85
401
-598
-371
411
61
-197
265
224
-109
184
161
-577
-111
229
-349
54
411
359
-321
-321
184
-43
-221
223
-230
38
18
-150
362
120
355
-113
195
-492
271
-192
-866
297
667
766
85
-57
-479
-81
-304
-210
-136
155
295
302
94
-485
150
-102
-522
268
260
-416
-10
125
116
518
369
-337
-970
-328
-32
214
461
-197
25
216
-189
-100
-161
-323
-440
275
7
94
73
395
83
-472
-56
-608
-123
20
222
14
291
391
-761
12
-571
359
119
-63
452
-113
106
69
84
-224
-11
187
-98
-73
-62
399
-326
313
107
-105
-204
196
-154
90
323
-412
-418
301
519
243
-32
-146
-165
-216
100
139
262
373
-182
-154
259
-307
-133
-4
88
192
56
268
238
-312
8
-469
136
199
-2
19
-217
152
-16
189
-172
-206
-273
230
-504
97
79
90
78
421
-79
-505
71
-92
136
-159
474
-6
-43
0
33
-405
122
147
38
400
152
212
-557
-378
-580
336
192
-12
91
-316
75
72
416
-179
-75
191
115
-166
49
471
14
-103
-33
-11
-273
-132
69
-128
-365
113
111
146
-293
-152
-129
92
203
144
-315
-24
-3
-137
81
71
125
109
19
148
169
-63
104
-68
-14
216
120
-157
-161
71
-217
-55
27
101
337
-249
-290
161
337
-473
-48
255
18
-408
689
365
-246
-4
-212
-313
47
583
-107
89
11
2
70
79
-471
-218
-79
140
265
139
93
-405
274
-379
-339
108
60
33
-237
254
509
-229
-91
-136
-189
82
-3
-62
-16
-100
134
211
1
-72
-546
-62
511
-117
-237
480
-49
35
309
2
-202
-174
-280
237
240
81
-63
-90
149
-355
12
165
-13
-21
7
-153
-3
-72
-257
50
41
358
490
-312
-291
-103
-32
-341
373
191
-21
311
-27
-16
-60
-372
-195
247
49
-253
211
297
87
-322
181
56
-232
-102
-155
81
-103
222
92
372
75
-188
-41
-192
-357
123
-1
226
579
3
163
263
-315
-208
-83
56
-221
61
361
338
120
-96
-293
-100
-357
-98
96
-116
165
515
53
-351
-8
-203
84
165
-123
-144
63
-95
143
585
-19
-254
-185
-392
108
-447
150
249
182
-248
70
317
-605
-392
-443
90
494
59
86
86
-388
-141
43
160
-58
-49
224
-198
375
-44
291
118
-288
-449
-102
734
-191
-502
490
443
-385
-43
490
-132
-132
100
-170
256
51
-70
16
265
-469
-401
329
-26
-215
-128
379
22
-391
-101
107
312
-323
113
334
-221
-83
285
-344
180
-54
-274
54
165
76
105
885
-467
-169
34
-367
222
-235
184
432
274
-215
16
-329
-404
-280
-140
-317
555
511
-44
348
-95
-530
-628
325
210
-236
251
232
280
187
-141
34
-215
-237
-81
345
315
8
248
225
193
-157
-355
-495
-483
151
173
703
634
-263
-592
-324
-309
-34
518
-21
-175
192
51
-77
367
-126
-836
-177
148
-122
412
354
-334
201
41
29
-334
182
-208
11
234
-5
89
365
-312
-338
284
6
-693
-12
352
-219
215
106
502
-102
47
-453
-287
-305
1
165
105
393
39
-9
-210
349
-651
-322
195
112
-321
417
820
-407
252
74
-349
-231
-195
-18
453
645
392
63
299
-696
-600
-225
-448
447
292
423
77
13
-455
-309
222
-285
-471
-3
436
-71
-78
283
588
-352
-615
-414
-241
6
167
179
24
543
-43
-391
83
-177
-355
-219
307
427
360
-33
51
-113
-400
-305
14
190
90
209
-43
72
267
-17
-326
-83
-55
-259
359
635
-153
-322
26
-180
-507
343
518
-69
-46
447
174
41
188
-301
-330
263
187
-41
423
412
-244
-155
259
-340
39
-200
-213
99
577
199
28
313
-230
-444
-256
91
-61
236
175
93
-229
-26
228
-377
-322
-56
-56
60
-10
316
-204
196
129
-756
-56
538
82
-271
308
86
-421
202
437
-310
-271
394
-208
-87
60
9
-25
170
143
-732
-224
285
93
-326
273
108
-271
-307
-186
-199
-74
236
384
104
-136
-296
-151
-23
-46
9
167
119
-53
81
147
-82
-153
-258
-344
-204
51
-42
95
434
198
-562
-149
68
-449
-46
290
251
28
132
3
-4
-65
-116
91
46
148
-96
126
392
-64
102
17
49
-25
32
-241
-143
214
-60
177
396
113
-94
33
-164
-233
26
391
118
13
449
279
150
72
-144
-358
-572
20
173
426
640
178
-229
-97
-241
-659
-163
83
11
162
614
153
83
-83
-242
-187
-166
-98
-235
144
353
244
3
150
-34
-512
-547
82
99
30
249
403
-187
-65
248
-276
-461
-373
244
-246
71
259
194
-92
-131
59
-379
36
108
-143
-57
102
78
-22
-22
93
-333
-347
202
668
-179
-286
215
-61
-507
-19
353
31
-71
-77
205
41
48
-316
176
126
-202
-23
-182
33
-6
66
256
27
-56
-212
148
66
-132
148
126
40
-140
125
33
133
30
-406
9
51
-30
249
173
-161
126
-52
-308
-4
-158
-324
-33
337
115
-108
299
217
-82
-12
-186
-196
-112
44
226
516
386
-61
-87
-370
-200
-59
198
296
187
76
5
192
14
-407
-253
-48
-191
-78
56
124
35
44
44
250
83
-344
-52
-114
-300
306
284
125
-100
178
44
-85
26
-403
-128
220
65
-126
-2
1
94
264
-116
-418
138
-106
-159
211
37
-117
-91
-1
-216
-186
77
196
97
21
23
-38
74
-40
124
232
17
64
97
-205
-414
-27
-40
-51
191
20
12
98
-236
-204
-19
-31
14
158
282
50
23
-276
-457
-86
261
265
302
-36
-346
-136
130
-169
-84
382
17
-18
156
-10
-265
-94
-17
-54
-9
210
130
-16
-70
-25
-19
75
130
62
-65
-79
72
151
362
115
-242
-239
222
15
-41
281
223
-56
-177
-43
-147
55
-41
-61
213
387
15
-310
-59
-3
-26
143
172
-18
-76
-45
145
152
-20
-253
-332
-36
14
-167
21
152
-79
-65
-96
96
106
-58
-80
-111
-32
-50
106
255
125
-19
15
-33
-192
-248
-170
45
159
130
90
-3
-244
-267
-155
-88
78
175
154
95
-2
-2
-96
-121
54
15
112
108
76
-141
-205
-76
45
179
221
45
-63
-31
-29
-179
-188
108
226
-24
35
-139
-127
-81
-128
158
167
-30
-563
-383
152
142
179
166
98
-130
-106
-159
-134
133
78
33
272
462
125
-246
-366
-240
-130
18
102
134
240
318
93
-40
-128
-145
-37
-52
22
231
58
-80
43
97
97
-95
-96
-218
-131
-111
-198
192
543
276
-205
-192
-120
-200
-113
64
118
339
345
76
-57
-70
-184
-219
-82
179
276
107
-47
-199
-47
82
189
-12
-183
-114
-155
-79
-14
130
255
78
-63
94
25
-115
-200
-144
30
394
414
106
-137
-186
-127
42
49
-193
-91
57
271
275
68
-291
-375
-228
-110
271
401
108
-180
-166
-105
-61
-16
-15
28
185
224
119
-10
-235
-311
-179
49
222
167
53
-54
-114
-122
-30
-90
-173
-65
168
253
188
13
-248
-275
-75
153
155
7
-156
-201
-7
293
315
55
-239
-266
-159
-27
103
-56
-67
103
200
228
-4
-185
-235
-271
-90
259
435
283
5
-221
-119
97
126
-85
-177
-42
18
134
286
63
-347
-341
-106
-3
205
276
-24
-180
-172
-113
111
176
-56
-272
-176
85
214
145
39
1
-191
-260
-37
57
-15
-57
-94
-106
-58
74
0
-164
-89
-55
-32
39
91
21
25
49
-3
-53
-6
101
3
-55
40
117
106
148
118
-210
-213
43
129
143
102
44
16
29
37
115
179
119
-1
-56
59
63
-14
-78
-17
17
6
198
163
-73
-222
-193
-156
72
335
245
79
34
-47
-108
76
190
-10
-105
-30
14
139
203
89
-28
-114
-241
-221
84
174
93
33
-100
-210
-198
-40
97
92
-33
-151
-192
-61
99
31
-111
-100
-145
-136
89
201
143
90
-43
-247
-271
-46
50
64
212
218
62
34
77
41
-16
-8
-64
-46
124
224
172
35
-23
-135
-292
-277
-176
-1
186
270
167
-60
-262
-395
-325
-126
130
246
218
127
-48
-100
-75
-96
-99
-58
-23
14
147
144
7
-61
-94
-98
-122
-118
-97
58
224
171
64
-14
-95
-52
49
36
5
37
20
5
146
206
90
-85
-214
-182
-90
58
215
324
283
-12
-250
-287
-211
-103
41
238
222
15
-194
-293
-236
-121
3
112
117
-2
-96
-93
-45
71
107
18
-33
-73
-172
-146
-4
43
139
215
38
-121
-116
-127
11
251
272
80
-19
-66
-117
-4
75
104
121
73
-71
-142
-55
13
162
344
321
139
-21
-158
-258
-192
-3
167
253
210
100
-8
-87
-81
-95
-78
-25
-2
-19
-43
-12
7
77
121
7
-148
-183
-190
-225
-139
52
221
301
202
-7
-184
-244
-224
-70
186
282
218
95
4
-74
-58
-14
28
89
9
-115
-91
-43
-48
2
111
200
121
-44
-185
-223
-176
-108
44
220
335
245
4
-191
-316
-349
-211
-4
137
158
127
-7
-160
-209
-175
-88
54
206
146
-12
-43
-49
-51
20
111
193
257
188
37
-74
-169
-203
-128
53
202
234
142
-34
-141
-192
-200
-115
21
114
148
131
38
-91
-198
-221
-153
-4
89
160
163
83
-31
-152
-190
-127
10
113
135
53
-42
-60
-100
-112
-59
52
157
171
109
32
2
-79
-196
-149
24
153
221
156
53
-49
-139
-218
-137
8
125
188
179
98
-104
-237
-222
-133
-15
118
184
173
136
4
-188
-269
-253
-169
10
148
235
257
130
-86
-255
-290
-235
-31
177
305
305
165
14
-125
-197
-165
-99
25
209
337
308
165
-19
-198
-275
-253
-145
17
156
237
265
174
-15
-210
-304
-236
-94
82
199
249
180
17
-140
-247
-274
-224
-71
124
261
284
190
73
-52
-162
-229
-163
19
146
242
265
200
38
-134
-254
-330
-265
-120
87
257
299
193
-25
-191
-274
-273
-189
-42
99
199
241
165
3
-145
-250
-307
-259
-128
19
161
222
202
116
-9
-161
-255
-209
-81
32
128
197
180
101
21
-42
-93
-120
-97
-21
29
85
120
116
79
20
-38
-83
-109
-117
-96
-51
18
75
112
117
118
97
31
-21
-21
11
65
122
125
113
79
18
-17
-39
-81
-98
-54
23
87
110
107
87
37
-20
-56
-83
-103
-83
-27
29
90
116
89
42
-18
-77
-100
-81
-45
-22
0
35
64
72
36
-27
-64
-77
-96
-86
-50
-30
4
49
42
-4
-43
-59
-57
-44
-41
-38
-10
10
10
9
34
55
54
39
13
-4
-12
10
41
61
67
45
24
18
9
-13
-44
-60
-58
-46
-9
40
64
33
-19
-59
-79
-95
-91
-59
-18
8
16
22
18
10
15
30
12
-22
-45
-69
-70
-23
39
49
5
-43
-35
4
18
-6
-6
24
42
35
25
26
7
-31
-62
-54
-32
-24
-21
-7
8
-4
-32
-45
-36
-13
1
16
40
44
24
-11
-15
17
40
15
0
17
16
6
-3
-1
-7
-12
-8
15
50
52
31
26
39
48
49
65
97
101
67
23
4
-13
-28
-21
11
36
38
35
17
-1
-27
-51
-50
-16
12
24
24
7
-1
-6
-22
-46
-55
-43
-16
-5
-24
-39
-58
-83
-86
-52
-21
-7
-7
-11
-9
-5
-9
-1
11
21
45
70
75
58
7
-37
-28
16
36
36
55
56
37
-9
-34
-29
-23
-28
-24
-1
11
-2
-35
-28
1
-2
-5
-15
-7
5
0
-12
-29
-35
-36
-18
23
49
40
26
4
-22
-28
-24
-4
23
43
40
33
28
31
24
13
21
29
25
9
4
-2
-7
-13
-18
-10
-9
-23
-14
-8
-27
-25
-1
11
8
21
28
37
33
-3
-36
-27
2
8
11
14
-8
-38
-45
-37
-27
-25
-23
-35
-43
-47
-56
-57
-58
-58
-42
-28
-17
1
17
34
42
35
27
17
13
19
25
37
38
39
45
36
3
-37
-46
-33
-26
-17
-8
1
0
-5
-12
-17
-11
-6
4
11
15
14
6
10
13
10
3
4
-1
-4
5
7
13
20
18
20
17
14
6
0
6
21
41
52
46
42
40
33
24
12
-6
-5
-1
-14
-13
-9
-21
-29
-19
-25
-38
-47
-56
-49
-37
-33
-36
-29
-35
-42
-44
-40
-37
-33
-23
-18
-13
-11
-11
-8
-2
13
25
20
12
16
31
37
33
31
34
36
46
59
59
51
42
33
22
9
1
-10
-9
10
24
22
13
13
-1
-5
-3
-12
-17
-10
3
17
32
24
20
17
15
8
19
21
30
44
45
35
17
10
-11
-13
-4
7
5
0
-12
-20
-18
-22
-21
-17
-8
-6
-15
-13
-8
-13
-22
-24
-34
-46
-39
-32
-40
-42
-45
-46
-50
-45
-48
-55
-62
-62
-44
-42
-36
-43
-36
-29
-32
-21
-21
-19
-19
-11
11
17
11
-1
-10
-8
4
8
8
17
19
15
9
-2
-14
-13
7
34
55
57
48
41
29
16
12
25
36
41
52
51
42
20
12
16
27
36
37
44
42
35
25
11
11
15
15
18
17
12
6
7
10
11
13
15
17
27
26
16
18
27
34
32
34
21
1
-8
-10
1
23
37
43
33
19
12
-2
-14
-15
-8
0
10
11
-11
-30
-50
-54
-41
-32
-33
-24
-17
-21
-23
-25
-25
-19
-16
-20
-15
-16
-29
-37
-44
-45
-45
-44
-45
-45
-41
-47
-48
-41
-40
-32
-29
-21
-19
-31
-32
-37
-30
-19
-13
-13
-18
-22
-17
-8
-6
-3
1
4
6
6
4
3
3
9
18
34
36
36
41
42
42
41
53
63
62
62
58
49
34
24
18
16
19
15
16
16
11
7
0
-1
1
-1
4
1
-6
-10
-15
-15
-18
-23
-27
-27
-22
-18
-24
-25
-28
-22
-16
-9
-1
2
2
-4
-7
-3
-2
1
4
9
16
21
14
6
7
10
12
14
11
6
0
-5
-1
-4
1
1
6
8
0
-9
-21
-24
-20
-14
-5
7
9
9
1
-7
-11
-14
-12
-5
4
10
8
6
3
10
17
18
23
26
29
25
22
22
19
21
30
31
30
20
3
-7
-8
-5
-3
2
7
1
-10
-22
-30
-31
-32
-28
-18
-13
-16
-22
-26
-23
-26
-27
-20
-15
-8
-8
-8
-8
-7
-6
-5
4
12
12
10
6
4
7
15
24
28
29
29
23
14
10
8
11
16
17
15
7
-4
-15
-20
-24
-21
-19
-13
-14
-19
-21
-30
-29
-31
-20
-10
-4
-4
0
-1
3
2
3
10
12
15
18
18
14
15
12
15
18
15
10
5
0
-4
-8
-6
-5
1
4
0
-8
-9
-11
-10
-15
-11
-3
-3
-3
-8
-12
-17
-16
-13
-10
-2
-1
-5
-9
-12
-12
-13
-8
2
0
-4
-9
-13
-10
-9
-7
3
10
4
-1
-4
-9
-12
-5
0
6
14
15
15
13
12
10
8
17
23
28
30
23
23
19
18
21
22
22
25
18
18
11
9
9
8
12
9
8
2
0
1
1
0
-2
2
4
2
1
-3
-9
-12
-13
-9
-11
-18
-23
-27
-29
-28
-27
-28
-24
-17
-19
-25
-25
-20
-19
-13
-10
-11
-13
-13
-12
-9
-5
3
7
10
12
12
8
4
5
10
13
14
13
16
9
4
4
-2
1
1
7
9
9
15
13
7
2
-2
-6
-2
-2
1
0
-2
-4
1
7
12
16
20
21
19
14
14
17
21
20
16
10
4
0
0
2
8
15
19
25
24
19
17
10
5
6
12
14
15
18
11
1
-2
-4
-4
0
4
3
8
11
2
3
-2
0
3
5
5
1
-6
-14
-15
-21
-23
-22
-19
-17
-19
-18
-25
-26
-27
-28
-23
-24
-21
-27
-23
-23
-27
-19
-17
-14
-16
-21
-21
-21
-25
-24
-22
-22
-18
-9
-8
-6
-8
-17
-18
-18
-17
-16
-15
-17
-21
-24
-27
-28
-24
-14
-4
1
6
13
12
9
6
5
12
20
27
22
20
20
14
12
12
14
21
25
24
21
18
13
13
16
21
19
14
9
0
-8
-17
-16
-16
-13
-10
-1
-4
-6
-5
-4
5
1
7
9
8
4
-1
-4
-3
1
1
4
1
-4
-10
-13
-19
-18
-13
-9
-10
-7
-1
-4
-5
3
11
15
16
7
13
18
17
19
15
23
21
20
23
28
33
32
32
36
38
37
36
36
31
27
29
22
23
19
10
13
14
18
17
17
17
15
15
14
14
15
18
18
13
15
9
8
6
2
-3
-4
-9
-11
-4
-5
-4
-7
-14
-17
-18
-22
-22
-13
-8
-6
-9
-7
-9
-9
-9
-5
1
4
4
0
-6
-12
-15
-16
-14
-7
0
-4
-8
-10
-17
-24
-29
-27
-30
-29
-30
-34
-33
-35
-33
-36
-32
-29
-25
-21
-24
-21
-24
-24
-24
-18
-17
-22
-25
-31
-30
-32
-30
-24
-18
-13
-14
-13
-13
-16
-11
-9
0
3
2
1
1
3
0
3
10
15
16
17
19
16
14
15
16
19
21
21
24
22
20
16
18
14
13
14
20
20
14
13
5
4
0
1
2
-1
6
4
-1
-1
-1
-1
2
3
6
8
6
5
4
0
5
7
9
6
2
2
0
2
1
5
7
6
7
5
4
1
1
4
4
6
10
12
13
17
16
21
25
22
27
25
27
24
18
18
16
22
22
21
15
10
0
-3
0
0
3
1
3
1
-1
-4
-9
-10
-8
-9
-6
-4
-8
-13
-17
-18
-17
-17
-17
-15
-16
-17
-19
-18
-21
-19
-15
-15
-11
-9
-5
-16
-16
-17
-17
-13
-11
-9
-7
-5
-11
-7
-8
-8
-7
-4
-1
-2
-1
-2
0
-3
-4
-3
-2
-1
1
0
-3
-6
-2
-4
-3
2
0
0
-4
-6
-7
-1
-2
-2
5
11
10
10
9
8
11
14
15
16
14
12
13
11
6
9
12
14
13
10
13
10
10
10
10
11
13
11
7
8
1
-2
-1
4
5
3
5
2
4
3
2
4
6
6
7
7
9
8
1
0
-3
0
1
3
-1
-2
-5
-8
-7
-8
-10
-13
-12
-10
-11
-14
-13
-13
-15
-12
-13
-10
-11
-12
-12
-14
-10
-13
-11
-10
-11
-13
-15
-14
-19
-16
-17
-15
-16
-15
-13
-18
-16
-12
-9
-11
-10
-3
-7
-8
-9
-6
-1
1
7
8
7
10
9
6
7
6
8
9
10
9
10
11
5
4
7
10
9
11
11
7
3
-3
-2
0
1
0
3
0
-6
-4
-2
3
2
3
8
11
8
3
0
4
7
6
8
13
12
9
10
7
8
12
8
5
9
2
-2
-3
-6
-2
3
6
10
14
8
6
8
9
11
12
15
13
13
13
9
9
14
16
15
15
11
4
1
2
1
5
7
6
10
4
-4
