SAMPLES:	15827
BITSPERSAMPLE:	16
CHANNELS:	1
SAMPLERATE:	16000
NORMALIZED:	FALSE
-2
-2
-2
-5
-2
-6
-5
-11
-6
-6
-13
-19
-13
-9
-11
-8
-4
4
5
7
12
11
6
9
11
18
13
11
6
-6
-2
-4
-7
-8
-13
-14
-19
-20
-18
-14
-14
-20
-22
-25
-25
-28
-30
-27
-27
-20
-19
-17
-9
-9
-2
2
3
3
7
13
19
17
20
21
20
17
14
20
13
14
15
11
11
8
10
6
5
5
5
3
1
0
-8
-5
1
0
2
7
5
3
4
11
16
16
24
19
17
20
15
20
11
4
0
1
6
14
13
6
0
-7
-17
-11
-8
-11
-11
-17
-13
-11
-10
-2
2
6
8
16
15
13
10
9
17
16
17
15
12
4
1
-2
-2
-4
-1
-5
-3
-9
-12
-10
-10
-3
-5
8
1
-7
-5
-16
-11
-17
-23
-20
-21
-14
-10
-6
-3
1
10
8
6
12
8
9
8
2
3
4
4
8
16
22
17
16
16
4
-6
-2
6
-1
-3
-14
-17
-20
-30
-13
-15
-18
-14
-17
-20
-17
-17
-10
-10
-3
-3
-6
0
-7
-19
-24
-18
-18
-24
-23
-20
-21
-19
-13
-10
-5
4
11
12
15
14
13
2
9
9
11
16
6
12
9
10
12
14
12
13
12
9
5
0
-11
-14
-13
-10
-6
-8
-5
-8
-6
-1
2
-5
0
5
4
2
2
5
1
10
0
5
15
8
15
13
18
14
1
2
5
17
18
12
8
-1
-6
-7
-1
7
2
8
1
7
13
0
4
3
15
15
11
13
9
4
11
2
4
1
-1
5
0
9
12
14
16
17
16
4
3
2
8
8
2
-3
-4
3
1
5
5
5
3
-4
-1
-2
-13
-25
-23
-13
-22
-21
-24
-20
-23
-35
-24
-25
-33
-23
-23
-7
0
1
4
2
4
8
18
17
17
16
4
6
6
7
8
7
7
6
8
8
2
0
3
-1
1
2
12
11
6
8
12
10
2
4
5
2
-7
-14
-14
-24
-26
-30
-31
-13
-13
-9
-8
4
5
4
12
2
4
2
1
11
13
13
11
9
9
8
2
-3
-11
1
2
2
3
-1
-2
-11
0
-5
4
10
-1
-5
-2
5
-5
-9
-13
-20
-26
-18
-17
-26
-28
-21
-21
-12
-10
-7
2
1
4
1
8
12
14
17
12
16
3
-9
-1
-7
-5
-5
5
0
-11
-2
-9
-7
-13
-11
-9
-7
-5
-4
-10
-5
-4
-10
-6
-8
-1
-4
3
7
7
8
3
15
14
5
9
12
17
17
11
11
6
10
11
12
13
13
13
2
3
2
-2
3
0
2
0
3
9
3
5
7
9
11
9
8
4
4
6
18
20
16
13
-1
-6
-2
-7
-10
-13
-11
-10
-15
-16
-19
-15
-12
-7
0
0
4
0
6
11
10
12
8
8
8
10
16
10
9
8
10
11
14
11
7
17
10
5
-4
-6
2
4
7
8
11
6
-4
-4
-12
-9
-7
-6
-11
-12
-10
-5
0
-10
-8
-11
-6
0
-7
-2
-6
-4
-13
-18
-10
-11
-9
-11
-5
-2
-8
-3
-5
-4
2
-2
-5
-8
-11
-14
-9
-7
4
3
0
5
1
3
5
13
15
14
13
9
10
19
17
16
12
23
24
13
8
-4
-10
-12
-11
-16
-15
-15
-14
-6
-5
0
5
7
6
7
2
3
-2
-8
-13
-11
-11
-13
-11
-5
3
2
-6
-13
-20
-19
-17
-9
0
0
3
-2
-2
2
1
-1
1
4
-3
-5
-8
-8
-6
-9
-2
-3
3
10
7
10
13
9
3
2
3
6
12
7
6
-2
2
6
4
12
13
14
4
8
9
3
3
1
1
3
-2
4
3
-7
-3
-9
-19
-17
-10
-10
-15
-15
-14
-1
10
14
13
4
6
-10
-12
-9
-10
-15
-19
-9
-6
-1
3
2
5
8
9
10
10
9
4
1
2
1
-7
-11
-6
2
2
-7
-6
0
-3
-6
6
11
5
9
9
11
18
26
19
15
16
12
12
7
9
-4
-3
-5
-3
0
2
15
17
16
14
11
6
10
6
2
3
-7
-11
-8
-18
-9
-11
-15
-15
-20
-24
-21
-20
-22
-19
-22
-15
-8
5
11
6
9
4
3
14
17
15
9
-2
1
8
11
1
-4
-9
-7
-7
-7
-2
-4
-5
-8
-9
-9
-14
-21
-20
-22
-6
-4
-1
11
5
8
11
14
11
4
6
6
10
15
4
0
-9
-11
-3
-7
-1
-13
-13
-10
-10
-6
3
3
-6
2
4
-6
0
-5
0
2
-3
7
3
13
22
12
20
21
17
24
18
16
19
19
18
17
15
5
10
-3
-14
-13
-11
-3
-10
-8
-15
-18
-15
-14
-10
-16
-12
-23
-24
-23
-10
-6
-17
-14
-16
-21
-11
-8
2
-3
-4
6
7
7
15
7
6
12
8
4
0
6
-6
-9
1
5
6
-10
-7
-6
-1
1
-2
-3
-6
2
0
6
6
2
-4
-8
2
4
2
10
16
14
17
25
24
22
22
12
10
14
10
5
-8
1
16
18
26
21
25
7
3
2
-5
6
-1
0
0
2
9
3
1
1
-2
-3
-3
2
3
9
6
7
-1
-8
0
-9
-6
-2
-5
-3
1
-2
5
5
15
25
23
6
-8
-10
-27
-23
-15
-19
-16
-24
-24
-23
-14
-15
-18
-11
-15
-20
-18
-20
-16
-20
-15
-17
-14
-10
-11
-6
-3
0
-5
-6
4
16
24
18
5
-2
0
2
4
12
12
12
17
21
21
21
11
0
-4
-2
-4
-11
-18
-19
2
4
-2
1
0
-9
-20
-21
-12
-5
-8
-6
4
8
8
6
6
7
9
-14
-6
-5
0
3
7
16
20
19
11
26
20
23
25
25
23
13
7
10
18
16
10
-8
-27
-16
-15
-13
1
2
2
-7
-3
-7
-8
-22
-34
-25
-27
-18
-17
-24
-14
-8
-3
-6
-1
-4
-18
-10
-17
-21
-20
-34
-33
-24
-17
-14
-9
-4
-6
-4
7
17
14
12
26
17
19
18
14
6
-3
-1
-11
-13
-18
-11
-10
-6
11
15
20
32
19
23
27
29
37
26
22
15
-3
-11
-7
-6
-4
-1
-1
16
27
25
23
19
30
28
22
24
14
2
3
-6
-3
-7
-12
-9
-4
9
8
5
8
12
12
10
5
2
-1
-12
-23
-19
-19
-22
-14
-18
-15
-7
-1
5
17
17
8
2
7
8
1
-2
-9
-21
-23
-31
-38
-38
-34
-27
-26
-19
-18
-18
-24
-16
-9
-12
-12
-4
-12
-10
-5
-6
2
0
-2
-6
-9
-5
8
9
14
16
12
17
16
22
16
5
16
8
7
10
9
6
8
11
3
9
13
14
9
9
9
7
10
8
-6
-2
2
7
16
20
24
21
16
18
16
11
3
1
-1
-8
-12
-21
-27
-26
-22
-23
-25
-23
-22
-23
-15
-9
-11
-3
10
4
6
11
4
12
7
-2
-3
-6
-2
1
0
11
0
-8
-12
2
6
2
6
-5
0
4
5
4
-7
-3
6
7
16
19
6
-5
-5
-2
11
10
2
-1
-7
-2
-4
-3
8
6
3
4
7
-4
-7
7
11
14
5
-9
-18
-9
5
6
5
-4
-5
-10
-13
-12
-16
-25
-23
-21
-20
-21
-16
-19
-14
-13
-16
-10
-12
9
12
23
24
18
19
10
11
8
8
5
0
7
3
-7
-11
-9
-4
-2
4
7
4
-8
-18
-22
-20
-20
-26
-25
-27
-29
-32
-26
-4
4
7
13
19
21
21
33
50
52
46
34
28
28
27
31
23
17
13
8
9
13
17
9
5
6
-2
-3
-9
-8
11
4
5
9
20
29
21
9
1
3
-3
1
0
-6
-5
-9
-13
-5
-3
2
0
7
14
22
26
25
30
19
16
8
8
6
4
1
-17
-15
-23
-33
-29
-11
-4
-7
4
12
26
20
13
16
12
3
-9
-14
-25
-20
-19
-24
-20
-25
-31
-31
-24
-12
-13
-30
-30
-32
-32
-35
-28
-26
-33
-43
-42
-40
-43
-19
-15
-20
-8
-1
4
1
-6
-10
-18
-17
-19
4
5
3
2
0
10
15
31
26
26
13
1
3
8
8
-1
-11
-11
-1
-7
1
5
8
13
22
21
10
9
2
13
14
17
17
12
8
-1
5
4
-2
2
4
7
4
-3
-14
-18
-8
-13
-4
-13
-21
-20
-18
-4
-13
-14
-25
-15
-1
9
27
18
28
23
14
27
22
27
38
44
32
21
23
20
14
7
15
14
15
17
9
15
17
22
32
34
33
24
22
9
1
-8
-10
-5
-11
-8
-13
-8
-16
-18
-22
-16
-11
-24
-22
-29
-39
-29
-20
-16
-21
-5
-8
-18
-1
-3
4
-3
1
4
17
19
19
24
17
11
8
12
12
10
-1
-7
-15
-17
-17
-13
-4
-1
-7
-28
-24
-21
-17
-13
-16
-10
-8
-11
-10
-2
-5
-11
-6
-5
-12
-4
7
10
10
1
11
20
26
41
36
29
25
6
4
2
5
1
-2
-2
4
15
5
10
9
-3
-5
-21
-22
-21
-29
-20
-24
-14
-8
-5
4
-4
18
12
10
10
6
13
11
18
18
13
11
-1
9
0
-7
-1
-5
-7
-14
-5
-7
-14
-25
-26
-30
-23
-20
-34
-29
-29
-28
-28
-17
-5
4
20
24
23
33
35
34
29
19
12
-4
-16
-19
-5
4
12
16
14
17
-2
-8
-18
-26
-28
-41
-38
-36
-26
-19
-7
3
6
6
8
7
15
27
36
30
21
22
21
12
9
16
23
31
32
37
37
40
51
36
34
36
32
27
38
39
25
12
-4
-17
-23
-31
-14
-23
-21
-7
-16
-9
-6
-3
-8
-21
-22
-16
-5
7
-5
-20
-50
-49
-57
-60
-49
-49
-33
-42
-35
-14
-16
-19
-29
-36
-36
-23
-18
-17
-13
-20
-23
-15
-25
-15
-23
-13
4
-10
0
13
26
24
26
28
44
67
56
40
46
35
20
13
4
5
12
12
7
34
49
34
25
2
11
26
39
47
51
66
30
22
18
4
-29
-60
-48
-36
-16
-15
-20
-5
-18
-5
-15
-14
-28
-50
-40
-56
-46
-37
-40
-18
3
2
-7
-20
-30
-53
-66
-36
-17
9
56
59
50
43
44
33
9
23
41
48
34
24
44
42
25
21
32
59
52
37
21
-12
-33
-53
-56
-37
-10
-3
-25
-37
-42
-44
-27
-18
-15
-13
-20
-21
-23
-17
8
36
42
25
18
7
-9
-42
-59
-43
-38
-19
1
9
10
19
-6
-52
-72
-50
-13
19
32
46
39
-11
-27
-47
-42
-26
-30
18
60
76
51
6
-22
-22
23
27
-8
-6
4
17
-5
-33
-22
-7
-21
-35
-43
-42
-10
-1
4
29
44
41
28
22
22
8
8
14
18
26
39
36
14
3
-14
-6
3
24
32
53
87
103
89
63
62
64
54
29
23
44
40
40
9
-27
-29
-42
-18
-23
-37
-51
-94
-111
-101
-85
-82
-53
4
-4
-11
-6
-19
-14
-47
-13
45
70
103
91
50
8
4
14
-5
-23
-18
-33
-13
6
-1
-29
-54
-50
-65
-72
-95
-49
3
3
10
7
12
-28
-40
-42
-37
-28
-4
41
57
96
109
80
48
17
-9
-33
-28
-11
2
17
3
-11
-41
-42
-44
-41
-49
-54
-10
14
19
2
-14
-39
-66
-60
-33
-5
24
22
-8
-8
40
75
94
77
21
-10
-7
8
28
5
-42
-54
-71
-36
-22
1
10
19
-11
-18
-9
-36
-8
38
77
62
52
42
35
41
28
-34
-116
-103
-40
35
48
40
10
-6
20
12
10
36
129
159
153
141
135
127
119
100
65
57
57
61
61
38
2
-68
-191
-266
-258
-229
-176
-136
-134
-79
-30
57
39
-14
-73
-59
11
86
123
83
91
141
127
96
41
29
45
-8
-6
-28
-77
-194
-195
-100
-87
-66
-109
-158
-154
-141
-48
27
116
86
41
-7
-12
-19
-35
68
67
45
-1
-43
-43
0
58
89
57
-12
-26
-9
58
25
-26
-64
-62
15
3
-18
-79
-114
-27
75
140
52
-11
80
155
152
82
-35
-100
-98
-76
-34
15
59
69
83
61
80
68
81
106
109
125
66
-17
-112
-149
-111
-139
-193
-218
-112
37
37
-15
-62
-71
-80
-9
14
-21
-115
-109
-16
90
164
104
15
37
150
227
210
89
24
80
176
136
81
-17
-32
-100
-132
-171
-150
-36
-40
-42
-140
-148
-90
0
64
61
-31
-91
-107
-51
29
60
75
-22
-26
24
125
139
132
50
-70
-6
57
155
137
179
235
257
130
-75
-200
-234
-111
-60
38
-6
-88
-126
-88
28
-17
-32
-77
-50
-23
-3
51
88
96
4
-28
-17
-21
-165
-257
-281
-159
-49
62
134
54
-92
-194
-117
125
171
235
155
125
141
53
13
-111
-104
-208
-199
-95
147
285
225
126
48
100
140
174
26
-172
-300
-339
-188
-2
146
109
-74
-237
-222
-11
289
408
281
-74
-413
-479
-229
47
103
28
-31
98
178
198
99
-49
-84
-17
141
189
111
-3
-55
-150
-159
-123
-15
37
-38
-88
-190
-46
56
188
219
181
60
-163
-173
-34
207
130
-11
-145
-189
-114
44
217
254
127
-56
-196
-114
190
240
252
49
-144
-218
-137
95
167
205
45
-165
-225
-169
-17
-71
-125
-224
-99
78
195
254
68
-151
-206
-94
-27
-27
-150
-116
-15
103
94
-77
-40
121
259
54
-71
-249
-130
33
72
92
-42
-116
-160
-99
66
176
220
32
-95
-70
0
106
110
250
186
104
-24
-32
33
142
121
47
-31
-47
19
6
104
36
-56
-48
54
174
196
7
-251
-338
-94
87
252
75
-19
-14
-65
-88
-183
-54
-43
-5
34
15
71
-1
-85
-165
-167
8
30
63
-53
-154
-50
5
114
100
137
180
122
142
53
-80
-193
-417
-324
-172
64
45
-87
-86
-112
4
-35
-87
103
296
332
239
-92
-193
-225
-126
-32
128
132
-116
-267
-231
-2
210
327
287
167
-50
-38
121
253
193
-28
-202
-132
25
79
-32
-267
-354
-266
29
158
82
-7
-99
47
228
223
120
-136
-152
-76
-67
-20
-66
-26
-86
-45
-16
88
217
225
187
30
-56
-168
-89
-136
-125
-101
4
103
175
147
-26
-161
-207
-29
1
-132
-209
-199
106
360
128
-193
-296
10
300
415
296
38
73
73
144
173
-45
-382
-601
-379
-126
113
93
-49
-36
66
150
96
-4
-75
-68
93
160
-22
-121
-82
88
162
94
116
132
126
-63
-105
-169
-20
161
281
318
-17
-19
-291
-101
-67
-126
-166
-402
-192
-26
135
179
112
81
41
-5
-89
-88
29
-62
53
195
389
307
-91
-138
-93
71
25
-88
-236
49
434
460
164
-219
-305
-115
144
194
11
-199
-67
165
322
202
26
-286
-168
-167
82
9
-33
144
85
212
-30
30
-137
-51
-97
-257
-156
-98
205
239
234
185
281
211
-71
-182
-338
-256
-40
-76
71
92
119
52
-196
-67
-219
67
31
27
-73
-55
-4
-91
14
-179
50
12
121
-36
-77
-92
-177
-133
-265
-28
-22
209
29
-54
-196
-128
-31
-167
-20
-87
63
-25
-111
-171
-126
86
-51
-180
-125
-92
8
-186
-237
-35
113
293
59
-75
-106
65
220
315
388
381
341
188
32
-106
-184
-42
-26
-94
-303
-325
65
105
275
170
49
286
272
308
28
-252
-252
-51
75
88
-94
-98
-123
-179
-186
-457
-318
-287
-96
-57
11
233
130
70
-202
-96
185
285
193
-106
-175
86
265
382
45
123
155
337
354
-82
-259
-501
-224
76
150
79
-126
71
341
303
202
-74
-98
27
15
255
73
117
41
137
378
47
-200
-157
-112
-22
-141
-183
-61
-53
361
192
194
-102
-73
6
29
-52
-153
-289
-155
168
66
92
-255
109
-35
27
-55
-267
-185
-71
-13
-355
-601
-149
200
457
192
-259
-282
-198
319
150
-199
-308
-46
297
326
284
162
112
115
-195
-46
-326
-21
39
49
46
-150
95
144
378
162
-152
-351
-319
-63
434
435
316
-186
-445
-309
-124
62
139
144
-64
-167
-208
196
303
295
65
67
132
63
-10
-61
5
-245
-375
-526
-192
256
478
510
316
86
-341
-410
-435
-117
-186
31
95
308
468
216
32
-288
-402
-345
-238
17
286
411
154
-316
-273
-82
412
253
-346
-442
-420
-15
36
-98
63
182
339
130
-49
-270
-127
6
216
173
-292
-254
-167
281
275
148
-90
-182
-136
-175
-119
-49
60
-22
-3
48
144
201
113
-12
139
209
247
-177
-200
-302
-40
60
-15
-14
9
75
6
-23
-88
115
-100
27
102
315
250
45
145
-39
33
-289
-237
-169
-132
37
-139
283
250
376
248
-163
-158
-152
215
263
171
-88
-262
-402
-326
-281
-223
-16
-54
379
198
343
96
131
308
152
28
-388
-255
-73
64
275
139
67
-142
-178
-20
67
127
-142
-125
-183
4
323
286
196
4
-58
36
11
26
-121
-64
194
159
-18
-357
-296
144
246
150
-195
-112
-20
158
-19
-150
-232
-159
95
84
92
-210
-293
-280
45
159
359
247
96
-147
-278
-160
-171
-58
73
83
197
4
9
-70
50
94
-62
-408
-523
-281
74
412
281
121
-134
67
14
106
-191
-6
213
283
290
47
-24
-169
-92
-178
-94
-21
316
447
371
89
-229
-330
-482
-433
-243
-121
123
54
351
173
9
-215
-45
262
189
-9
-233
-159
111
22
-358
-434
-360
484
499
429
118
48
272
40
-18
-308
-43
106
19
-146
-380
-19
-95
211
100
-25
-67
-40
142
26
-8
-76
-18
244
144
232
-165
-364
-308
-113
324
331
259
207
289
139
-163
-400
-293
0
139
175
-17
-306
-231
-74
349
229
248
-85
-151
-140
-40
0
-56
-77
-194
-65
47
330
166
-29
-311
-235
23
55
211
-208
-186
-346
-309
-34
58
385
265
191
109
-1
-43
-229
36
216
91
-20
-167
-124
-235
-148
152
123
177
229
230
285
-119
-250
-536
-352
-110
-154
182
104
277
239
248
208
-123
-80
-236
-69
-40
51
-126
-24
161
42
291
-172
-15
-103
-41
146
-78
-40
54
93
-84
-253
-431
-336
-214
54
-71
114
234
260
506
136
201
-115
-128
-45
-183
-197
-332
-237
-20
-81
61
-9
-10
90
216
233
-48
-67
-162
134
108
-10
-411
-386
-36
425
670
457
-2
10
186
502
288
-96
-405
-541
-123
154
45
-346
-265
-111
115
28
-40
122
197
441
298
102
19
-205
-48
-321
-243
-16
185
433
221
163
-96
-22
14
36
177
338
210
-195
-413
-253
47
-158
-474
-285
125
599
603
227
59
-87
-134
-303
-255
-238
-213
-257
-261
282
394
523
-14
-73
100
76
-9
-323
-251
83
167
-69
-193
-288
-432
-454
-187
144
408
138
-30
-15
318
185
-424
-513
-272
164
83
-158
-102
-6
117
143
47
249
249
489
145
104
-58
74
193
381
500
177
-35
-329
-327
-650
-766
-562
-82
140
190
-76
-35
-198
-184
-297
-229
33
116
328
227
209
3
-191
-139
-23
-20
9
29
-70
-110
-98
114
106
-106
-43
219
456
214
-57
80
282
94
-265
-442
-167
-193
-121
-125
-169
3
66
465
530
699
526
340
27
-207
-37
42
94
-149
-238
-251
-102
-125
-110
-103
140
302
193
105
-118
-47
10
164
-94
-263
-291
30
-249
-231
13
120
216
36
357
321
404
286
67
-146
-379
-507
-464
-208
83
276
412
431
49
-311
-437
-319
-184
-154
47
328
492
497
-63
-573
-702
-264
10
-35
-203
-54
296
275
-40
-301
93
463
714
309
-68
-80
12
187
-199
-323
-340
-161
373
292
187
-377
-579
-528
-373
26
142
416
421
347
265
175
187
151
-143
-610
-814
-269
237
548
118
-533
-337
-15
261
-53
30
33
-71
-424
-332
52
296
434
157
-60
-395
-230
-96
79
12
-71
61
277
675
669
308
-313
-826
-731
-365
-17
-24
-116
75
375
878
736
456
-60
-476
-428
-296
135
249
-286
-432
-355
483
970
582
146
-633
-330
-84
177
-120
-530
-431
-228
706
1261
1029
-46
-673
-480
292
323
15
-217
-228
326
259
394
77
-317
-555
-687
-270
-60
-47
-147
-231
202
474
602
409
280
285
7
-129
-471
-355
-198
-67
-4
-113
-103
-209
-95
-105
-113
-80
-114
108
-75
52
95
19
-147
-695
-701
-463
334
976
891
798
297
357
344
40
124
-143
151
249
131
17
-295
-398
-461
-358
-510
-239
-160
130
-53
-483
-271
25
373
54
-84
-198
196
470
58
-639
-981
-301
227
458
145
-24
175
183
150
-303
-735
-775
-544
-245
-139
-91
64
159
82
-56
-363
-338
-27
348
427
15
49
261
681
308
-157
-422
-167
256
-105
-205
-175
716
1208
1004
430
-359
-363
-44
234
205
-355
-394
-221
102
179
-349
-395
-223
225
455
398
-10
-461
-717
-741
-284
68
476
558
428
-64
-288
-344
-288
-248
-474
-150
40
318
365
176
258
210
-65
-484
-678
-317
214
786
767
365
89
-36
107
78
-36
-222
-97
191
449
522
577
189
-56
20
202
791
793
820
388
93
-53
-270
-353
-727
-819
-695
-267
210
451
132
-114
-268
-195
-104
176
423
406
374
17
339
597
667
174
-364
-489
-374
-58
15
-58
-192
-296
-492
-364
-266
-297
-281
-321
-96
-185
-347
-416
-228
179
147
71
-199
119
482
567
440
149
-8
-106
-212
-224
-102
67
230
182
189
235
321
184
-24
-327
-543
-573
-560
-260
-215
-63
147
224
321
25
-75
-422
-472
-487
-511
-366
-358
-200
20
261
236
229
140
88
-52
74
-2
15
-58
-82
-63
-185
-185
-359
-310
-39
288
268
131
71
156
131
105
41
-8
-51
-94
-206
-193
70
219
368
301
349
266
170
162
139
204
76
124
205
204
314
308
219
118
-113
-298
-345
-301
-208
-256
-307
-290
-182
-3
88
129
116
95
89
99
303
407
461
359
204
101
-64
-85
-186
-320
-433
-553
-481
-319
-322
-203
-234
-201
-182
-10
98
102
141
83
128
204
131
169
207
149
279
194
-5
-300
-436
-343
-249
39
285
259
232
128
226
314
194
58
-98
-147
-80
139
220
419
485
440
432
241
228
181
-2
-153
-274
-430
-520
-434
-461
-417
-367
-254
-196
-157
-48
-29
-21
-122
-284
-234
-157
-174
-121
-79
86
232
244
314
214
63
-66
-206
-337
-530
-516
-421
-200
-126
-124
-164
-255
-249
-251
-203
-253
-269
-179
17
190
277
440
622
711
694
705
682
654
631
677
648
739
853
955
1051
1038
912
858
803
784
786
676
529
407
276
231
314
428
534
515
571
555
673
762
629
447
215
164
192
128
54
-34
67
72
53
-152
-428
-506
-480
-290
-167
27
154
100
-30
-144
-182
-259
-389
-577
-692
-524
-363
-117
217
841
1248
852
-653
-2952
-5306
-7751
-9825
-11359
-12095
-12008
-11261
-9785
-7789
-5191
-2440
-24
1811
3026
3997
4686
5140
5586
6241
7031
7693
8261
8864
9551
10001
9745
8786
7169
5316
3286
1308
-227
-1447
-2277
-2941
-3330
-3128
-2555
-1749
-1109
-798
-706
-743
-460
72
867
1779
2792
3761
4423
4938
5275
5490
5404
4884
3949
2746
1635
854
329
-34
-468
-885
-1373
-1842
-2284
-2607
-2895
-3350
-3822
-4169
-4188
-3713
-2813
-1719
-589
383
1132
1775
2296
2664
2779
2514
2031
1559
1185
960
856
621
223
-420
-1182
-1908
-2583
-3129
-3610
-3988
-4243
-4254
-3896
-3165
-2120
-1209
-480
-119
74
264
558
1013
1230
1237
1013
869
976
990
896
700
417
210
-44
-292
-312
28
205
-332
-1905
-4251
-6817
-9772
-12597
-14680
-15339
-14719
-13439
-11480
-8964
-5709
-1940
1413
4092
5926
7200
7877
8086
8376
8957
9743
10157
10305
10447
10573
10588
9851
8458
6423
3825
930
-1918
-4071
-5264
-5658
-5587
-5225
-4220
-2691
-922
937
2461
3745
4496
4874
5225
5778
6747
7797
8631
8895
8913
8807
8322
7413
5873
4015
1878
-520
-2617
-4182
-5085
-5559
-6113
-6538
-6793
-6587
-5779
-4745
-3566
-2537
-1557
-707
304
1719
3366
4927
5879
6222
6020
5582
4958
4053
2977
1593
64
-1565
-2838
-3441
-3531
-3497
-3775
-4069
-4334
-4316
-3908
-3297
-2508
-1902
-1346
-810
-127
877
1973
2793
3036
2731
2218
1795
1397
1033
626
-53
-810
-1486
-1744
-1589
-1481
-1454
-1821
-2096
-2332
-2472
-2402
-2260
-1814
-1548
-1248
-669
330
1656
2357
1919
217
-2352
-5396
-8798
-12304
-15037
-16214
-15854
-14354
-12053
-8882
-5060
-1184
1993
4277
5876
6810
7196
7057
6900
7252
7996
8739
9192
9726
10236
10188
9116
7087
4595
1752
-1371
-4180
-6182
-6806
-6478
-5583
-4099
-2232
212
2320
3904
5019
5675
5998
5914
5897
6288
7136
8033
8634
8840
8716
8234
7116
5327
3117
872
-1467
-3747
-5522
-6398
-6376
-5885
-5230
-4439
-3663
-3132
-2876
-2661
-2352
-1764
-866
149
1346
2891
4495
5734
6456
6475
5992
4842
3057
1251
-418
-1832
-3033
-3755
-4049
-3932
-3631
-3337
-2985
-2836
-2670
-2692
-2630
-2413
-1704
-714
426
1692
2793
3709
4050
4018
3552
2754
1785
632
-466
-1244
-1678
-1689
-1729
-1741
-1652
-1549
-1607
-1868
-2088
-2187
-2026
-1728
-1235
-482
385
1105
1516
1651
1804
2101
2280
2261
1780
440
-1988
-5645
-9924
-14064
-16837
-17573
-16712
-14592
-11947
-8492
-4620
-786
2928
5965
8121
8889
8687
8220
8050
8631
9433
10097
10147
9670
8930
7768
6212
4114
1379
-1962
-5671
-8476
-9731
-9253
-7517
-5322
-2834
-362
2165
4525
6683
8585
9582
9596
8895
8204
8257
8670
9117
9051
8179
6648
4622
2465
341
-1870
-3946
-6079
-7750
-8504
-8131
-6716
-5111
-3265
-1852
-640
273
1039
1924
2427
2573
2378
2028
2310
3187
4273
4886
4582
3582
1952
181
-1392
-2640
-3538
-4464
-5184
-5388
-4956
-3906
-2712
-1589
-985
-808
-881
-762
-160
591
1597
2317
2794
3140
3488
3963
4030
3545
2243
606
-1018
-2290
-3026
-3143
-3135
-3114
-2980
-2911
-2485
-2064
-1747
-1500
-1511
-1532
-1272
-652
668
1806
2837
3367
3505
3460
2909
2475
1888
1617
1287
768
-421
-2887
-6527
-11043
-15132
-18008
-18643
-17292
-14662
-11111
-7428
-3111
1211
5231
8651
10473
11119
10316
9240
8497
8156
8621
8587
8258
7163
5621
4326
2583
665
-2065
-5306
-8307
-10592
-10755
-9199
-6168
-2562
734
3839
6445
8855
10660
11696
11773
10719
9171
7601
6748
6566
6243
5772
4432
2604
508
-1722
-3527
-5438
-6989
-8314
-8993
-8378
-6729
-3899
-1140
1360
3362
4394
5185
5387
5593
5538
4911
4017
2940
2162
1396
684
-622
-2658
-4749
-6367
-7001
-6920
-6085
-4893
-3589
-2394
-1241
245
1495
2303
2589
2372
1919
1402
1190
1243
1547
1788
1730
1545
1189
1016
847
313
-383
-1281
-2004
-2464
-2574
-2227
-1693
-1201
-1117
-1131
-1160
-1100
-853
-727
-562
-355
93
1036
1950
2571
2704
2600
2367
2084
1762
1518
1185
623
58
-619
-749
-612
64
292
-1249
-4756
-10219
-15097
-18268
-18567
-16454
-13588
-9751
-6172
-1789
2840
7017
10788
12249
11991
9813
7302
6036
5622
6386
6464
5874
4732
2989
2004
797
-384
-2387
-5766
-8820
-10828
-9862
-6644
-2225
2292
5403
7976
9601
11142
12366
12451
11540
8976
6149
3866
2830
3097
3388
3320
1972
-176
-2472
-4457
-5438
-6290
-6851
-7405
-7407
-5712
-2726
1418
5069
7390
8167
7407
6259
5047
4189
3315
1968
454
-1030
-1847
-1732
-1973
-2966
-4866
-6901
-7751
-7960
-6713
-4849
-2760
-673
682
2309
3515
4649
5291
4836
3699
1939
834
-48
-221
-77
88
274
-435
-795
-1023
-874
-778
-1323
-1755
-2265
-2074
-1562
-916
-138
204
149
-342
-692
-731
-446
-113
149
436
665
1094
1579
2162
2333
2062
1711
946
396
-194
-412
-399
-610
-722
-890
-450
201
1095
1247
-551
-4690
-10649
-15789
-18773
-18500
-16057
-12580
-8246
-4259
465
4981
8941
11932
12501
11484
8587
6106
4932
4941
6024
6188
6024
4783
2979
1499
-121
-1426
-3908
-7068
-9675
-10559
-8315
-4198
1064
5911
9191
11146
11676
12036
11963
11171
9339
6310
3659
1858
1551
2252
2891
2985
1471
-913
-3497
-5477
-6275
-6621
-6406
-5954
-4687
-2178
1225
5119
7885
9137
8507
6529
4351
2285
1162
382
-303
-1083
-1972
-2318
-2642
-2876
-3973
-5794
-7328
-8290
-7558
-5786
-2974
14
2484
4347
5059
5538
5288
4713
3464
1542
-192
-1520
-1723
-1431
-584
83
147
-189
-1084
-1590
-1993
-2182
-2196
-2133
-1737
-1095
-111
876
1762
2004
1551
642
-486
-1096
-1273
-1010
-616
29
690
1189
1592
1574
1492
771
-226
-1015
-1680
-1612
-1416
-840
-104
350
1077
1562
2115
2822
2802
1486
-2740
-9343
-15656
-19635
-19478
-16853
-12949
-8326
-4186
281
4172
7983
11171
12183
11364
8354
5534
4273
4729
6524
7281
7203
5626
3082
626
-1830
-3281
-5506
-8465
-11103
-11982
-9204
-4251
1940
7453
10914
12482
11937
11281
10777
10075
8693
5940
3441
1686
1386
2232
2978
3172
1504
-1524
-4893
-7360
-7972
-7390
-6015
-4631
-2790
-15
3271
6872
9442
10288
9036
6015
2896
398
-884
-1165
-1533
-1673
-2227
-2517
-2915
-4091
-4988
-6193
-6289
-6418
-5976
-4043
-1630
1857
3981
5622
6125
5513
4732
3141
1817
228
-903
-1988
-2414
-2099
-1442
-368
-178
-231
-703
-1258
-1636
-1905
-1497
-959
-228
313
819
1297
1599
1565
767
-120
-1170
-1891
-2168
-1834
-702
503
1608
2109
2202
1970
1164
251
-800
-1576
-2032
-2219
-1901
-1268
-107
680
1450
1906
2214
2796
2909
2662
330
-4469
-10956
-17019
-19888
-19235
-15960
-11460
-6696
-2312
1884
5560
8862
11178
11633
10332
7554
5277
4450
5377
7030
7717
7072
4781
1639
-1383
-3897
-5507
-7346
-9414
-10705
-10009
-6435
-1080
4795
9531
12185
12601
11394
10118
9030
8259
6958
4885
3108
1804
1624
2098
2281
1749
-353
-3447
-6582
-8299
-8149
-6616
-4216
-1908
641
3305
5966
8473
9790
9566
7474
4191
1223
-963
-1900
-2079
-1989
-1694
-2068
-2886
-4030
-5243
-6090
-6786
-6934
-6209
-4350
-1588
1789
4452
6447
7175
6333
4875
2643
961
-526
-1720
-2428
-2566
-2120
-1566
-927
-690
-729
-1301
-2016
-2393
-2380
-1618
-542
682
1757
2390
2552
2138
1468
420
-631
-1751
-2630
-2685
-2078
-869
427
1399
1719
1735
1303
697
-117
-1170
-1822
-2214
-1713
-807
143
1075
1359
1517
1227
1025
1310
1546
2203
2018
227
-3831
-10480
-16341
-19761
-19266
-15690
-11618
-6680
-2781
1247
5223
8209
11209
11764
10980
8522
5775
5113
5423
7094
7420
6338
4110
361
-2575
-5197
-6506
-7525
-9231
-9845
-9335
-5773
-313
5388
10428
12517
12808
11228
9523
8764
7992
7350
5448
3495
2098
1412
1798
1698
1006
-1098
-4272
-7001
-8603
-7674
-5378
-2556
140
2209
4539
6650
8449
9361
8583
6539
3394
474
-1346
-1791
-1144
-773
-923
-2072
-3359
-4763
-5838
-6477
-7013
-6666
-5889
-3611
-821
2562
5408
6701
6904
5172
3313
1243
-121
-818
-1386
-1588
-1817
-1526
-1381
-1046
-1041
-1387
-1831
-2635
-2626
-2061
-785
853
2037
2866
2903
2321
1441
515
-585
-1647
-2494
-2802
-2318
-1448
-207
853
1502
1461
893
202
-163
-386
-640
-831
-892
-549
68
592
1053
1421
1508
1392
1044
863
1048
1358
1901
1337
-1197
-6281
-13209
-18213
-20312
-18018
-13628
-8945
-3898
-261
3711
6685
9189
11196
10940
9665
6713
4925
5115
6356
8339
8107
6493
2945
-1689
-5179
-7925
-8537
-9246
-9890
-9269
-7174
-2044
3563
8962
12540
13159
11927
9226
7519
7024
6954
6794
5476
4279
3087
2241
1878
784
-770
-3930
-7215
-9283
-9394
-6748
-3287
576
3503
5351
6693
7187
7627
7253
6060
4113
1645
126
-575
-149
319
109
-734
-2736
-4699
-6368
-7003
-6605
-6465
-6408
-6006
-4405
-966
2345
5145
6221
5416
3989
1801
840
637
822
997
325
-320
-963
-1178
-1449
-1809
-2395
-3292
-3801
-3849
-2472
-418
1657
2989
3109
2649
1745
1075
403
-198
-702
-1321
-1516
-1137
-132
1010
1546
1164
234
-924
-1640
-1655
-1307
-246
607
1102
1120
820
1009
1217
1334
976
407
-196
-589
-627
128
1093
1874
2103
-136
-4855
-12092
-18106
-20439
-18791
-14075
-9064
-3678
619
4291
7273
9180
10692
10161
8357
5550
3530
4190
6173
8608
9106
7258
3606
-1502
-5728
-8619
-9681
-9709
-9897
-8604
-5688
-332
5598
10119
12921
12640
10582
7537
5664
5816
6476
7196
6715
5891
4818
3382
2077
164
-2171
-5201
-8059
-9396
-8611
-5390
-1304
2379
4893
5916
6195
5794
5430
5013
4209
3070
1655
954
984
1460
1379
305
-1470
-3952
-6341
-8826
-9776
-9199
-6963
-3902
-1321
1874
3466
4938
5143
4098
3213
1219
202
-444
-265
629
1191
1196
304
-1069
-2787
-3843
-4523
-4345
-3348
-2091
-402
1119
2515
3440
3541
2689
1257
-262
-1430
-1936
-1763
-978
-53
579
835
754
451
-121
-707
-1040
-1133
-971
-511
228
1104
1599
1777
1375
631
-35
-652
-416
-40
604
954
1037
923
552
646
816
1554
979
-2075
-8197
-15542
-19929
-20180
-15981
-10372
-4611
301
3206
5381
6245
7523
8367
7689
6524
4631
5010
7175
9798
11725
10285
6647
516
-5947
-10131
-11734
-10215
-8609
-6618
-4100
-919
3405
6807
9445
9983
8383
5948
3942
4519
6995
9762
11308
10531
8472
5141
1739
-1006
-3307
-4927
-6811
-7750
-7126
-4834
-1109
1928
3753
3771
2544
1328
575
1333
2926
4370
4872
4504
3951
3174
2066
332
-1746
-4037
-6262
-7464
-7493
-6813
-5584
-4670
-3042
-1145
111
1786
2029
2734
2733
2097
2348
1892
2500
2610
2008
1072
-471
-1859
-3203
-3973
-4277
-3485
-2625
-1517
-126
942
2239
2498
2211
1514
769
279
26
106
446
810
714
349
-157
-638
-1134
-1638
-1760
-1404
-774
-21
638
1291
1602
1329
805
-55
-515
-607
-459
96
593
1448
1709
1557
982
189
-217
-326
32
-749
-3676
-9754
-16115
-19789
-18990
-14077
-8441
-2768
911
2922
3888
4211
5434
6367
6911
6801
6432
7447
9253
11438
11912
9456
4676
-1817
-7305
-10456
-10348
-7679
-5091
-2887
-1481
46
1965
3454
4882
5022
4490
3811
4080
6497
9571
12478
13279
11505
8042
3539
-6
-2505
-3610
-3772
-3793
-3624
-3415
-2370
-998
-38
37
-833
-1541
-1836
-962
1129
3745
6090
6652
5902
4119
1936
165
-1387
-2030
-2702
-3303
-4253
-5180
-5248
-4708
-2842
-2007
-1303
-1496
-1649
-569
161
1946
2719
2955
2574
1524
991
341
173
-505
-1110
-1796
-2267
-1912
-1467
-300
252
459
276
-181
-99
112
652
1078
1112
767
203
-144
-233
-190
-281
-649
-1001
-1224
-985
-386
354
931
1271
1185
942
485
-192
-268
-573
-443
-327
-122
712
946
1307
820
121
-255
-478
86
319
350
-1191
-4736
-10158
-15740
-18638
-18218
-13961
-8624
-3529
-52
1392
2065
1955
2534
3551
4765
6247
7694
9738
11662
12774
12160
9080
4448
-1008
-5227
-7147
-6821
-4609
-2393
-844
-446
-746
-970
-1027
-617
-149
839
2516
4919
8162
10991
12855
12810
10526
7123
3326
640
-496
-523
254
623
569
-147
-1135
-2167
-3440
-4259
-5102
-4948
-3858
-1613
1324
3759
5360
5333
4273
2437
798
-144
-296
151
536
793
483
-220
-1497
-3695
-5368
-6648
-5797
-3907
-2119
338
1034
1900
1401
402
270
-369
-6
125
353
965
1270
1443
1115
554
-240
-742
-1065
-949
-116
451
1308
1370
1002
551
-174
-349
-625
-771
-893
-977
-825
-671
-367
-163
-42
-160
-355
-303
-123
288
579
995
1200
1503
1528
1348
1286
835
359
-716
-1480
-1578
-1099
-159
294
275
-328
-2329
-5191
-9731
-14451
-17396
-17970
-14012
-8999
-3812
-111
677
972
-331
-471
694
2684
5983
8542
11195
12762
12888
11728
8310
4406
-90
-3257
-4229
-3781
-1416
240
1017
334
-1774
-3374
-4688
-4255
-2700
-299
2831
5639
8504
10171
10899
10207
8062
5811
3590
2740
3170
4058
5162
4891
3523
1142
-1813
-3976
-5495
-5739
-5240
-4103
-2543
-1164
239
979
1271
883
153
-216
-74
773
1900
2945
3274
2637
1223
-518
-1952
-2751
-2543
-1890
-1211
-977
-1130
-1302
-1609
-1774
-1974
-2009
-1833
-1310
-489
369
929
916
465
-192
-616
-530
9
942
1715
2044
1842
1202
673
323
89
-2
-101
-163
-265
-419
-555
-805
-1183
-1710
-1997
-1906
-1436
-673
-37
414
500
382
305
425
946
1294
1495
1571
1596
1841
1614
1219
317
-796
-1577
-1991
-1526
-1005
-644
-1689
-4479
-8748
-13655
-16611
-17231
-14417
-9602
-5370
-1981
-1421
-1594
-1827
-1843
138
2297
5448
8591
10766
12676
12700
11585
8937
5321
2220
-87
-235
617
1832
2364
1055
-1023
-3949
-5838
-6192
-5507
-3113
-934
1552
3653
5073
6418
6559
6394
5717
5282
5536
6368
7699
8253
7898
6277
3813
1437
-741
-1840
-2262
-2402
-2236
-2458
-2652
-3040
-3547
-3699
-3849
-3485
-2854
-1713
-72
1218
2312
2232
1554
365
-477
-206
677
2280
2964
2936
1967
382
-767
-1792
-2083
-2103
-1958
-1641
-1406
-1257
-1322
-1789
-2490
-3070
-3210
-2522
-1299
386
1721
2548
2588
2031
1512
1127
1439
1928
2440
2561
2213
1504
585
-234
-1080
-1704
-2272
-2451
-2315
-1857
-1404
-1331
-1475
-1950
-2006
-1750
-1166
-36
940
1965
2491
2427
2170
1633
1357
788
350
-150
-259
-89
-111
-211
-1766
-4273
-8043
-12546
-15707
-16768
-14425
-9885
-5913
-3482
-3529
-5000
-5766
-5368
-2640
1449
5540
9007
10919
11896
11680
10591
8811
6718
5181
4279
4615
5486
5804
4985
2219
-1387
-4759
-6740
-6566
-4940
-2587
-841
-89
-56
-163
171
954
2142
3509
4954
6526
8006
9093
9318
8421
6755
4671
3293
2914
3110
3590
3177
1918
-214
-2605
-4444
-5452
-5640
-5353
-4680
-4039
-3201
-2594
-2211
-1978
-2202
-2583
-2426
-1728
192
2228
3910
4803
3855
2767
1213
683
1103
1608
2228
1899
1059
-124
-1326
-2460
-3194
-3851
-4127
-3950
-3414
-2430
-1683
-1147
-1072
-1110
-893
-116
1180
2548
3624
3924
3669
2982
2330
1914
1593
1528
1262
816
276
-473
-1136
-1927
-2648
-3165
-3366
-3060
-2575
-1884
-1241
-767
-513
-381
-143
196
797
1161
1474
1670
1695
1642
1194
539
-320
-1644
-4041
-7853
-12486
-15511
-15538
-12367
-8279
-5693
-5188
-7054
-8942
-9434
-7385
-2821
2174
6131
8450
9263
9440
9364
9023
8868
8507
8340
8636
9177
9727
9003
6507
2699
-1183
-3752
-4333
-3118
-1438
-649
-1410
-3412
-5037
-5404
-4169
-1845
307
2237
3567
4535
5466
6319
6817
6803
6365
6036
6453
7030
7479
7187
5699
3593
1258
-489
-1293
-1579
-1939
-2855
-4269
-5657
-6440
-6297
-5725
-4942
-4645
-4198
-4126
-4029
-3008
-1818
866
2224
3178
3566
3098
3922
3746
4147
3954
3296
2646
1923
1400
757
146
-1599
-2636
-3962
-4463
-4147
-4062
-3326
-3080
-2897
-2627
-2202
-1280
-180
747
1483
2030
2481
2926
3265
3538
3530
3123
2505
1966
1718
1499
1039
218
-893
-2040
-2888
-3127
-2624
-2069
-1878
-2305
-2641
-2656
-2230
-1436
-605
230
478
591
747
1213
1351
270
-2350
-6666
-11492
-14401
-13963
-9848
-5484
-3940
-5443
-9037
-11338
-11337
-8375
-3485
1121
4236
5275
5557
5778
6504
7078
7408
7902
8593
9888
10894
11208
10077
7165
3712
793
-122
804
2090
2483
1080
-1337
-3974
-5497
-5252
-3658
-1717
-537
-131
-32
392
1132
2165
3105
3950
4673
5339
6125
6832
6976
6313
5262
4159
3710
3722
3799
3319
1931
-136
-2324
-3710
-4299
-4133
-4050
-4182
-4550
-5038
-5586
-6400
-6339
-5653
-3432
-1393
-29
1094
1008
1652
1741
2415
3377
3941
4608
4477
4198
3444
2613
1232
241
-549
-1258
-1334
-1905
-2188
-2753
-3550
-3996
-4187
-3676
-2776
-1740
-954
-334
3
158
586
1042
1897
2533
2881
2944
2756
2551
2181
1674
1195
841
426
306
201
72
-594
-1468
-2092
-2356
-1895
-1737
-1596
-1547
-1433
-721
-549
-599
-2037
-4965
-9016
-13116
-14272
-12472
-7799
-4579
-4403
-6799
-10611
-11653
-10571
-6253
-942
2761
4839
4456
4257
4508
5632
7153
8219
9406
10041
10837
11033
10217
8609
5767
3485
2199
2429
3498
3508
2327
-497
-3447
-5307
-5424
-3693
-1875
-550
-777
-1728
-2095
-1781
-74
1619
3224
4460
4914
5560
5874
6087
5768
5064
4678
4606
5203
5428
5112
3776
1630
-315
-1830
-2259
-2209
-2162
-2621
-3657
-4826
-5687
-5971
-6006
-5810
-5722
-5084
-3716
-2055
-678
-215
-89
-156
463
1713
3278
4857
5280
4814
3774
2790
2285
2052
1926
1547
867
-115
-981
-1761
-2319
-2676
-3128
-3428
-3488
-3089
-2589
-2140
-1833
-1560
-1162
-567
321
1221
1842
2098
2135
2008
1973
1921
2031
2243
2333
2415
2064
1341
386
-800
-1247
-1115
-890
-654
-1345
-1763
-1902
-2032
-1641
-2171
-3590
-5900
-9648
-12717
-13794
-11841
-7363
-5045
-5561
-8666
-11814
-11898
-9844
-4972
-396
2547
3391
2393
2474
3336
5529
7577
8806
10069
10602
11151
10990
10086
8914
6767
5185
4674
5155
5710
4645
2336
-930
-3568
-4699
-4305
-2572
-1467
-1414
-2685
-4285
-4401
-3467
-1478
540
2003
3046
3355
3753
4265
4942
5253
5421
5823
6266
6826
6573
5730
4370
2556
1291
473
362
333
-358
-1598
-3419
-4788
-5766
-6274
-6338
-6435
-5890
-5425
-4547
-3827
-3488
-2886
-2577
-1416
-180
1286
2704
3356
3805
3641
3660
3722
3892
4016
3693
3260
2345
1548
814
22
-661
-1395
-1949
-2451
-2712
-2956
-3164
-3385
-3554
-3330
-2850
-2007
-1151
-486
-170
-30
351
926
1713
2240
2440
2495
2334
2435
2510
2521
2442
1907
1325
445
-111
-363
-472
-486
-898
-1067
-1495
-2680
-5213
-9323
-12831
-13937
-11955
-7855
-5302
-5821
-9050
-12976
-14065
-11886
-6871
-1584
1389
1994
707
68
1047
3573
6823
9025
10305
10597
10508
10650
10328
9845
8836
7818
7466
7367
7386
6314
4050
1228
-1417
-2512
-2394
-1542
-1109
-2216
-4043
-5892
-6388
-5323
-3517
-1661
-641
-287
-144
229
1298
2738
4114
5104
5690
6233
6711
6990
6842
6168
5339
4536
3974
3574
2976
2030
354
-1426
-2786
-3546
-3721
-4101
-4923
-6247
-7605
-8009
-7336
-5664
-3914
-3215
-3317
-3710
-3252
-1713
335
2252
3371
3752
3665
3656
3991
4449
4676
4376
3909
3457
3042
2533
1655
501
-749
-1763
-2245
-2309
-2199
-2432
-3165
-3953
-4320
-3954
-3202
-2326
-1645
-1286
-1195
-1138
-695
43
1150
2100
2714
2867
2678
2581
2528
2658
2837
2672
2172
1363
757
885
1095
1161
-208
-3181
-7474
-11843
-13409
-11621
-7268
-4308
-5463
-9615
-14244
-15588
-12878
-7972
-2724
-167
-525
-2176
-3156
-1233
2226
5877
8306
9139
9483
9374
9773
10292
10442
10254
9495
9351
9639
9557
8385
5700
2854
737
-13
458
898
491
-1533
-4428
-6539
-7015
-5647
-3861
-2741
-2676
-3472
-3879
-3454
-1832
236
1828
2784
3215
3789
4665
5500
6229
6478
6466
6410
6261
6097
5482
4394
2916
1589
732
224
-598
-2031
-3997
-5622
-6168
-5971
-5429
-5429
-5851
-6401
-6667
-6013
-4591
-3037
-1796
-1082
-693
-116
773
2009
3227
4011
4285
4327
4298
4456
4658
4417
3885
3028
2215
1675
1135
562
-345
-1379
-2440
-3136
-3294
-3309
-3349
-3698
-4058
-4236
-4043
-3379
-2554
-1775
-1126
-696
-310
164
825
1631
2552
3332
3604
3249
2701
2460
2686
3180
3693
3303
1070
-2848
-7396
-9953
-9597
-6944
-4343
-4617
-7647
-12062
-15025
-14464
-11024
-6593
-3434
-3214
-4585
-5919
-5306
-2311
1392
4854
6630
7236
7338
7689
8737
9776
10693
11083
11136
11166
10910
10130
8628
6712
5085
4128
3781
3643
2658
754
-1713
-3883
-4794
-4592
-3718
-3285
-3781
-4907
-5859
-5787
-4638
-2864
-1452
-807
-609
-351
419
1669
3080
4288
5072
5398
5573
5660
5673
5493
5127
4760
4378
3980
3245
2135
597
-1056
-2336
-3060
-3375
-3747
-4347
-5080
-5810
-6243
-6207
-5821
-5080
-4368
-3776
-3081
-2404
-1459
-538
358
1295
2086
2838
3377
3779
4075
4322
4399
4333
4218
3871
3423
2698
1911
1154
446
-16
-487
-1026
-1828
-2575
-3172
-3646
-3857
-3903
-3800
-3486
-3105
-2625
-2145
-1820
-1682
-1313
-525
710
1823
2119
2116
1980
2624
3617
3193
728
-3865
-7508
-7852
-5113
-1421
-552
-3611
-8867
-13301
-14083
-10752
-6052
-2717
-3017
-5967
-8460
-8599
-5446
-1124
2397
3841
3429
2945
3388
5338
7746
9380
10062
9933
9943
10358
10331
9896
8825
7557
6920
6705
6687
5859
3858
1316
-805
-1563
-1198
-594
-921
-2459
-4465
-5919
-5996
-4734
-3155
-2237
-2374
-3159
-3483
-2911
-1403
335
1654
2186
2233
2325
2924
3879
4489
4679
4387
4200
4162
4062
3593
2709
1680
1023
653
377
-124
-1214
-2494
-3689
-4138
-3869
-3443
-3384
-3838
-4495
-4846
-4465
-3610
-2547
-1671
-1239
-1020
-776
-166
739
1650
2323
2685
2962
3099
3320
3417
3392
3320
2917
2558
2135
1716
1216
526
-81
-544
-877
-1277
-1708
-2356
-3116
-3518
-3419
-2733
-2208
-2175
-2430
-2526
-2004
-1230
-379
45
293
378
1120
2231
1559
-1559
-6393
-8520
-6620
-2255
590
-691
-5174
-10467
-12915
-11291
-6275
-2024
-1068
-3913
-7850
-9120
-7212
-2756
1172
3159
2785
1135
613
2096
5215
7787
8878
8742
8429
8554
8912
9236
9190
8684
7969
7529
7489
7301
6091
3885
1786
723
800
1100
765
-506
-2495
-4229
-4892
-4034
-2760
-2135
-2659
-3742
-4285
-3918
-2572
-1117
4
266
43
91
700
1833
2858
3367
3368
3354
3229
3294
3278
2921
2509
1905
1743
1693
1407
670
-588
-1570
-1992
-1691
-1314
-1395
-2146
-3276
-3939
-3932
-3224
-2396
-1938
-2045
-2408
-2501
-1960
-909
34
675
859
908
1084
1486
2026
2386
2618
2569
2507
2442
2422
2242
1771
1229
712
477
255
43
-483
-1199
-1825
-2166
-1910
-1507
-1487
-1999
-2567
-2682
-2231
-1543
-852
-397
-233
183
-68
-1547
-4639
-7950
-8171
-5490
-1529
-356
-2890
-7500
-11249
-11702
-8647
-3839
-996
-1546
-5145
-8356
-8336
-5133
-635
2353
2982
1636
133
209
2486
5849
8144
8692
7865
7301
7473
8204
8915
9246
9142
8421
7714
7209
6787
5913
4499
3272
2704
2621
2171
1056
-578
-2197
-3079
-3137
-2319
-1847
-2423
-3770
-5049
-4990
-3774
-2118
-1041
-840
-1401
-2004
-1644
-297
1474
2606
2601
2045
1530
1481
2001
2826
3585
3666
2905
1805
1157
1017
1188
1057
688
89
-608
-1051
-1423
-1591
-1920
-2237
-2510
-2400
-2181
-2144
-2311
-2543
-2400
-2035
-1425
-911
-474
-390
-341
-214
296
1062
1578
1742
1603
1563
1624
1847
2082
2195
1942
1408
901
720
650
389
-47
-385
-600
-781
-992
-1435
-1652
-1753
-1541
-1339
-1220
-1394
-1474
-1387
-685
-11
-1061
-4233
-8540
-9428
-6691
-2053
-318
-2866
-7481
-11425
-11575
-8518
-3445
-485
-1262
-4994
-8341
-7978
-4483
114
2610
2697
1013
-493
-62
2423
5930
7926
8016
6745
6195
6727
7913
8853
9159
8974
8217
7610
7168
6917
6236
5035
4009
3595
3698
3213
1813
-22
-1580
-2159
-1915
-1220
-1084
-2068
-3805
-5168
-5105
-3876
-2416
-1700
-1944
-2734
-3166
-2710
-1230
544
1362
1185
361
105
773
2130
3365
3627
3074
1908
1431
1621
2422
2846
2271
1245
210
-131
-76
188
-43
-697
-1545
-2175
-2104
-1794
-1468
-1632
-2062
-2313
-2173
-1759
-1297
-960
-1019
-994
-881
-394
172
395
408
277
524
905
1319
1642
1675
1499
1060
854
855
1120
1182
895
372
-130
-278
-540
-604
-614
-530
-486
-819
-1292
-1626
-1433
-739
108
-603
-3417
-7761
-9805
-7912
-3664
-912
-2649
-6692
-10989
-12006
-9662
-5296
-1564
-1474
-4315
-7897
-8430
-5520
-1029
2107
2638
1426
-291
-347
1485
4871
7530
8086
7113
6110
6409
7345
8421
8917
9033
8668
7974
7537
7239
6853
5879
4784
4274
4272
4033
2913
1228
-314
-1140
-1183
-864
-630
-1348
-2881
-4442
-4807
-3887
-2688
-2002
-2462
-3168
-3856
-3615
-2458
-890
188
-11
-723
-1173
-335
1014
2372
2761
2271
1669
1319
1929
2769
3267
2925
1895
1082
799
955
1014
806
186
-499
-1063
-1267
-1175
-1197
-1423
-1872
-2011
-2004
-1735
-1554
-1439
-1393
-1417
-1132
-880
-338
-44
-44
-55
-47
405
862
1217
1212
966
670
541
707
980
1123
921
642
296
181
84
90
40
-181
-177
-347
-387
-794
-910
-782
-202
-699
-2907
-6333
-8481
-7481
-4759
-2274
-3220
-6374
-10178
-11846
-10234
-6604
-3091
-2598
-4715
-7721
-8544
-6324
-2573
804
1841
1088
-367
-488
1229
4262
6831
7634
7189
6381
6489
7372
8591
9410
9560
8950
8161
7805
7739
7478
6721
5670
4961
4531
4146
3394
2286
945
-250
-734
-869
-637
-1134
-2308
-3596
-4342
-3982
-3213
-2509
-2596
-3228
-3932
-3923
-3085
-1915
-828
-566
-746
-1350
-1420
-676
664
2119
2480
1918
1096
763
1387
2341
3036
3114
2445
1492
887
906
1380
1597
1135
320
-519
-974
-1095
-945
-837
-976
-1358
-1766
-1962
-1848
-1708
-1584
-1475
-1333
-1070
-868
-711
-604
-426
-204
72
500
755
935
806
560
497
564
842
1022
1029
851
527
237
-51
-9
29
254
266
184
-115
-396
-421
-18
4
-1409
-4378
-7585
-7709
-5417
-2130
-1919
-4803
-8925
-11710
-10916
-7879
-3886
-2336
-3813
-7151
-9387
-8118
-4498
-582
1195
756
-745
-1627
-549
2187
5462
7134
6971
5881
5574
6549
7953
9153
9486
9361
8635
8245
8192
8258
7793
6671
5802
5378
5328
4874
3715
2154
682
-49
-232
-40
-243
-1237
-2758
-4120
-4325
-3707
-2747
-2531
-3001
-3921
-4498
-4220
-3230
-1945
-1257
-1504
-2168
-2327
-1524
-63
1092
1405
995
403
544
1322
2321
2842
2611
1934
1270
1290
1674
2015
1852
1234
599
190
134
233
172
-236
-829
-1208
-1172
-892
-706
-1047
-1559
-1940
-1903
-1480
-1030
-759
-832
-1134
-1259
-870
-231
244
445
303
181
179
342
661
800
955
871
755
530
437
493
553
741
685
642
255
-165
-391
-226
182
-428
-2241
-5006
-6677
-6400
-4662
-3070
-3550
-5668
-8642
-10311
-9816
-7526
-4987
-4191
-5129
-7020
-7843
-6918
-4537
-1923
-480
-232
-756
-581
545
2596
4529
5659
6133
6207
6756
7496
8380
8906
8953
8810
8632
8884
9124
8947
8008
6791
5857
5567
5684
5473
4570
2909
1194
-6
-341
-108
-30
-638
-1947
-3357
-4154
-4083
-3518
-2947
-3009
-3628
-4215
-4349
-3814
-2985
-2402
-2219
-2453
-2361
-1688
-587
290
517
229
33
430
1316
2264
2612
2386
1653
1183
1309
1979
2548
2394
1585
668
152
165
592
795
606
-143
-933
-1296
-1083
-666
-585
-907
-1385
-1643
-1652
-1335
-1065
-877
-989
-1156
-1062
-766
-322
-100
-132
-213
-187
3
339
639
730
664
412
434
574
725
738
506
500
423
509
341
277
336
442
105
-1219
-3215
-5248
-5845
-5120
-3490
-2892
-3957
-6317
-8699
-9483
-8671
-6518
-4808
-4274
-5359
-6769
-7350
-6412
-4218
-2218
-841
-497
-445
-117
830
2351
3789
4892
5568
6234
6958
7629
8071
8115
8102
8137
8626
9125
9333
8820
7632
6353
5426
5431
5606
5615
4700
3136
1525
359
22
52
36
-500
-1460
-2605
-3386
-3612
-3486
-3336
-3447
-3626
-3766
-3675
-3475
-3302
-3241
-3201
-2789
-2026
-1131
-613
-460
-632
-656
-225
586
1553
2127
2116
1682
1232
1219
1669
2162
2374
2111
1572
928
677
702
813
748
323
-131
-549
-611
-591
-667
-954
-1314
-1414
-1353
-1138
-1019
-1113
-1354
-1570
-1463
-1113
-591
-325
-347
-596
-766
-536
-223
189
407
414
408
396
515
622
670
661
625
552
461
353
298
354
508
549
21
-1272
-3035
-4429
-4846
-4353
-3704
-3570
-4284
-5682
-7120
-7867
-7564
-6493
-5559
-5131
-5327
-5639
-5698
-5269
-4381
-3206
-2063
-1208
-395
434
1427
2272
3016
3633
4434
5481
6565
7559
8019
8044
7774
7581
7913
8520
9042
8887
8153
7089
6184
5593
5296
5107
4609
3803
2659
1654
822
214
-355
-922
-1429
-1960
-2330
-2700
-2995
-3376
-3724
-3882
-3791
-3412
-3275
-3245
-3362
-3311
-2930
-2461
-1804
-1245
-823
-603
-512
-206
217
743
1101
1296
1436
1557
1686
1753
1780
1668
1486
1268
1181
1204
1193
1027
686
282
-12
-156
-214
-318
-482
-815
-1085
-1258
-1267
-1217
-1211
-1227
-1278
-1275
-1254
-1106
-889
-675
-604
-571
-542
-475
-291
-159
-52
71
175
372
462
424
359
279
278
271
340
297
229
167
38
165
-47
-751
-1926
-3262
-3961
-4172
-3979
-3857
-3945
-4438
-5418
-6232
-6721
-6479
-5975
-5518
-5116
-4923
-4685
-4517
-4107
-3528
-2747
-2009
-1260
-279
808
1933
2632
3146
3608
4251
5042
5878
6886
7636
8011
7787
7569
7570
7745
7914
7748
7544
7032
6370
5625
4978
4499
3901
3220
2409
1779
1176
570
-62
-800
-1429
-2046
-2419
-2606
-2652
-2744
-2985
-3246
-3461
-3482
-3492
-3267
-3042
-2630
-2319
-2048
-1757
-1545
-1139
-823
-348
-25
273
620
958
1187
1277
1325
1295
1360
1376
1443
1472
1368
1223
951
681
455
264
163
45
1
-183
-397
-608
-826
-962
-1145
-1156
-1233
-1151
-1101
-1085
-1151
-1268
-1281
-1203
-984
-840
-639
-651
-629
-625
-590
-444
-260
-47
136
183
84
-113
-240
-177
9
206
287
236
-14
-196
-265
-109
-65
-496
-1405
-2486
-3254
-3439
-3367
-3192
-3243
-3513
-4061
-4739
-5056
-5075
-4837
-4675
-4463
-4157
-3702
-3190
-2753
-2429
-2107
-1808
-1343
-560
507
1710
2587
3064
3329
3632
4161
4834
5590
6293
6692
6867
6873
6866
6927
6839
6539
6110
5669
5382
5161
4859
4370
3670
2783
1998
1355
1020
768
327
-327
-1048
-1530
-1800
-1966
-2094
-2243
-2513
-2720
-2826
-2786
-2677
-2580
-2432
-2311
-2107
-1871
-1586
-1231
-930
-707
-478
-297
-31
293
541
788
884
853
798
782
850
909
967
857
730
603
520
423
306
154
-41
-156
-300
-353
-492
-596
-695
-837
-967
-1211
-1375
-1368
-1262
-1178
-1141
-1148
-1105
-1040
-951
-836
-803
-758
-692
-614
-515
-394
-186
2
110
65
-64
-194
-267
-294
-339
-230
-74
106
213
180
167
35
-263
-787
-1474
-2042
-2423
-2474
-2480
-2454
-2503
-2759
-3185
-3691
-3855
-3920
-3735
-3618
-3426
-3099
-2885
-2508
-2277
-1877
-1566
-1241
-907
-428
416
1211
1960
2481
2915
3271
3606
4000
4370
4887
5235
5514
5643
5695
5705
5597
5399
5106
4814
4479
4187
3940
3653
3210
2655
2061
1456
1023
621
207
-163
-540
-795
-1074
-1246
-1429
-1577
-1746
-2093
-2295
-2352
-2094
-1751
-1636
-1595
-1564
-1435
-1292
-1130
-985
-714
-525
-330
-132
42
309
398
375
297
343
413
504
585
583
583
492
421
419
327
113
-110
-294
-354
-371
-463
-645
-787
-950
-1121
-1257
-1250
-1175
-1101
-1118
-1294
-1298
-1241
-997
-709
-576
-421
-464
-444
-563
-637
-561
-376
-99
128
259
188
95
-85
-216
-305
-340
-218
-70
10
-12
-61
-154
-109
-30
36
-49
-413
-1121
-1753
-1994
-2012
-1890
-1943
-2038
-2230
-2468
-2647
-2773
-2727
-2801
-2774
-2771
-2586
-2147
-1784
-1380
-1208
-1026
-837
-624
-225
237
971
1493
1819
2117
2431
2904
3273
3613
3908
4125
4162
4196
4348
4409
4454
4306
4109
3840
3626
3409
3244
2978
2514
2090
1578
1274
974
736
523
163
-119
-402
-597
-752
-856
-1020
-1213
-1382
-1510
-1439
-1344
-1281
-1252
-1248
-1149
-980
-877
-763
-658
-550
-366
-264
-78
76
171
192
150
62
63
194
305
339
221
71
-168
-234
-251
-265
-247
-402
-592
-745
-818
-762
-696
-724
-849
-1109
-1342
-1277
-1049
-765
-693
-753
-758
-724
-590
-548
-579
-667
-676
-571
-436
-74
112
133
-62
-397
-618
-588
-447
-190
-42
-44
-60
-197
-157
-98
-159
-301
-368
-305
-104
121
215
300
341
213
-172
-776
-1300
-1538
-1565
-1457
-1447
-1429
-1478
-1635
-1762
-1897
-1872
-1862
-1915
-1983
-1907
-1662
-1256
-837
-613
-412
-358
-298
-107
241
753
1139
1409
1641
1992
2367
2681
2913
2961
3013
3026
3097
3227
3351
3531
3424
3219
2915
2700
2536
2288
2104
1830
1553
1384
1254
1087
974
718
387
71
-205
-279
-442
-406
-454
-524
-537
-698
-705
-715
-694
-738
-751
-754
-644
-484
-399
-311
-336
-336
-294
-273
-227
-236
-255
-240
-304
-320
-306
-260
-272
-313
-446
-572
-639
-659
-642
-667
-673
-739
-726
-605
-546
-535
-685
-813
-909
-952
-839
-670
-514
-470
-551
-602
-585
-458
-271
-291
-315
-372
-319
-231
-252
-137
-166
-275
-436
-571
-426
-143
25
-97
-370
-622
-552
-256
-18
109
13
-89
-103
-165
-280
-376
-251
46
269
206
-81
-470
-725
-898
-1032
-1217
-1399
-1464
-1436
-1283
-1178
-1159
-1204
-1299
-1358
-1437
-1355
-1226
-1051
-855
-668
-396
-148
98
319
535
757
896
1029
1235
1512
1838
2120
2345
2500
2525
2522
2583
2626
2680
2696
2583
2510
2412
2398
2355
2255
2034
1738
1461
1224
1050
905
837
669
525
342
133
-25
-147
-256
-324
-393
-493
-461
-420
-414
-425
-517
-613
-607
-459
-387
-297
-352
-382
-422
-487
-448
-411
-297
-215
-324
-487
-637
-753
-669
-522
-479
-559
-662
-736
-777
-862
-895
-782
-743
-728
-719
-612
-480
-377
-301
-291
-322
-406
-430
-430
-479
-488
-423
-269
-227
-244
-119
22
31
-135
-325
-423
-467
-320
-241
-121
-40
-90
-88
-208
-291
-405
-423
-319
-308
-198
-159
-178
-224
-345
-317
-367
-321
-232
-104
79
177
153
-36
-358
-659
-958
-1072
-983
-943
-852
-792
-778
-755
-757
-850
-931
-991
-1141
-1171
-1032
-826
-568
-329
-120
-51
-15
69
199
406
557
694
869
1076
1384
1622
1798
1951
1970
1976
2012
2017
2106
2194
2174
2142
2059
1958
1935
1867
1792
1652
1414
1170
968
832
825
810
728
621
395
141
-24
-61
-145
-169
-127
-216
-294
-427
-490
-543
-600
-587
-653
-627
-567
-389
-289
-370
-523
-695
-772
-739
-665
-545
-447
-430
-275
-117
-204
-381
-558
-556
-525
-398
-336
-343
-279
-313
-153
-130
-177
-166
-279
-360
-590
-622
-407
-155
46
-37
-362
-544
-493
-278
-23
-59
-39
-126
-182
-243
-352
-283
-376
-346
-275
-250
-160
-126
-116
-293
-547
-715
-742
-682
-559
-353
-198
-116
-197
-294
-347
-371
-397
-354
-229
-86
98
121
0
-164
-448
-579
-654
-620
-687
-806
-941
-1007
-853
-721
-566
-570
-634
-770
-901
-853
-692
-559
-461
-386
-267
-78
157
379
476
557
577
662
851
1020
1259
1489
1635
1664
1626
1658
1781
1895
1848
1813
1810
1770
1773
1729
1630
1498
1324
1176
1141
972
878
762
687
589
362
143
-20
-77
-73
-158
-238
-242
-280
-390
-472
-496
-416
-342
-392
-458
-469
-316
-228
-304
-414
-482
-354
-251
-138
-71
-136
-209
-374
-322
-91
57
88
-23
-184
-341
-370
-115
288
379
140
-332
-524
-292
-113
86
106
-181
-410
-395
-69
62
-108
-481
-849
-770
-492
-372
-441
-631
-675
-612
-528
-534
-769
-742
-710
-624
-583
-550
-430
-504
-499
-498
-388
-307
-221
-122
-138
-327
-506
-458
-357
-203
-176
-169
-131
-17
82
-7
-219
-378
-330
-168
-70
-13
-36
4
-104
-271
-415
-457
-363
-401
-404
-326
-277
-166
-146
-240
-303
-346
-319
-227
-67
5
27
77
160
254
360
441
438
573
737
774
816
897
1011
1086
1109
1071
1132
1239
1296
1273
1164
1071
948
889
833
834
779
639
585
474
442
396
397
431
389
312
134
44
137
140
144
148
224
227
101
63
98
70
1
52
51
84
3
-84
-23
31
7
-92
-180
-125
-21
-3
-21
-81
-113
-174
-263
-245
-184
-291
-378
-345
-161
61
80
-94
-371
-646
-659
-441
-138
-158
-456
-703
-792
-489
-291
-375
-625
-810
-619
-401
-430
-553
-748
-697
-598
-412
-209
-308
-302
-393
-492
-524
-450
-246
-208
-166
-167
-206
-136
-162
-118
-64
-106
-62
-38
-89
-16
59
76
95
22
-124
-174
-190
-117
-80
-136
-192
-256
-282
-326
-447
-494
-384
-270
-300
-396
-478
-466
-482
-449
-306
-204
-119
-166
-252
-263
-46
74
83
105
233
464
517
473
354
423
560
596
660
725
899
1085
1144
1018
805
741
719
738
785
817
810
726
666
559
492
579
709
640
482
346
260
196
141
202
322
478
527
500
348
169
88
23
-54
55
185
371
396
344
295
165
86
39
59
118
156
150
186
191
197
-15
-263
-395
-384
-180
-34
106
143
-39
-279
-466
-438
-443
-597
-583
-479
-268
-278
-414
-366
-368
-336
-429
-482
-467
-561
-581
-681
-623
-297
-65
-77
-402
-583
-656
-781
-895
-829
-408
-79
72
52
-286
-424
-499
-432
-460
-407
-149
-77
-95
-89
-108
-237
-288
-173
-115
-149
-130
-198
-321
-345
-303
-124
9
55
32
-54
-274
-341
-366
-373
-135
94
243
121
-132
-205
-88
16
81
-7
-46
11
113
111
-9
-123
-118
-119
-161
-155
-159
-55
97
264
363
345
348
286
176
166
175
245
341
443
601
572
507
530
619
664
682
630
481
532
638
782
835
877
825
665
513
438
523
559
644
523
441
319
187
292
383
402
343
183
74
151
255
342
369
314
178
-6
-89
-278
-361
-221
-31
206
138
92
-135
-296
-213
-27
140
134
-37
-192
-291
-266
-142
-178
-191
-215
-149
-234
-378
-518
-586
-414
-336
-364
-557
-682
-572
-449
-273
-307
-397
-473
-423
-269
-136
-159
-369
-488
-562
-374
-84
93
121
-36
-197
-260
-210
-279
-321
-604
-718
-534
-224
138
11
-102
-291
-370
-397
-643
-657
-407
153
360
178
-130
-294
-245
-142
-42
-125
-179
-262
-165
-32
-94
-115
-196
-168
-32
39
49
17
-43
-22
21
91
15
-40
-22
144
231
127
106
-96
-50
23
131
341
315
346
228
88
-89
4
271
382
439
345
285
236
262
308
273
280
224
163
264
294
368
477
522
571
510
362
342
444
563
617
559
471
474
549
560
614
442
329
275
366
506
457
307
131
84
15
96
137
132
160
202
204
24
-312
-369
-166
170
255
64
-167
-128
318
417
280
-52
-456
-309
-280
-179
-237
-371
-439
-504
-248
-185
-8
-20
-300
-333
-454
-433
-427
-669
-732
-615
-574
-398
-178
-25
45
-15
-185
-482
-793
-696
-545
-367
-351
-273
-64
164
244
57
-91
-258
-189
-190
-398
-531
-329
-144
-178
-199
-280
-312
-349
-262
-85
-43
-194
-187
-243
-257
-324
-441
-347
-493
-166
16
327
426
328
216
-11
-73
-244
-330
-173
-15
194
393
461
618
556
423
169
-116
-144
-248
-207
8
162
264
333
326
349
252
126
121
15
20
161
487
531
254
109
240
492
503
108
-310
-281
77
313
429
257
244
251
128
24
-36
18
114
440
452
376
354
222
311
224
337
340
120
25
137
306
377
348
339
431
465
389
-152
-370
-325
-18
307
411
326
186
192
162
29
-211
-497
-389
-211
28
181
161
186
44
5
-212
-288
-349
-444
-578
-583
-252
127
359
242
-154
-335
-365
-437
-322
-357
-434
-296
-52
162
338
227
76
-214
-262
-156
-320
-363
-372
-76
-7
3
32
32
-50
-250
-523
-761
-566
-314
-51
15
-48
-161
-245
-379
-278
-123
-117
-142
-248
-241
-170
-101
-71
-130
-152
-162
-217
-72
5
65
151
100
196
269
-46
-217
-288
-299
-198
-83
122
276
302
252
287
172
-28
-348
-375
-157
177
119
-12
167
403
610
369
131
-71
-96
-53
-45
67
233
279
47
-131
-198
-50
164
335
255
134
59
36
-50
-261
-241
91
323
367
226
252
477
604
509
269
70
57
38
105
164
102
123
120
405
363
421
381
133
-97
-523
-500
-260
18
201
111
118
129
350
439
401
176
3
-187
-296
-76
121
491
493
331
-21
-62
132
142
138
-20
-276
-374
-166
-4
5
-65
-165
-167
-101
160
420
368
-28
-604
-739
-596
-225
-99
-42
79
25
98
-27
-138
-370
-467
-292
-203
-29
-241
-204
-107
39
-197
-412
-477
-373
-290
-285
-183
-243
-182
-498
-533
-167
331
286
-181
-182
86
345
308
87
94
45
316
230
124
-142
-181
-30
29
130
-161
-105
-127
-46
-155
-227
-340
-307
-292
-161
1
-12
-58
-179
7
203
348
146
30
-351
-365
-97
-84
101
65
177
267
179
-13
-51
11
152
224
125
-27
61
330
455
537
134
-18
-85
39
89
-29
163
253
416
87
-69
-140
-75
-91
-174
-44
139
460
435
330
129
179
306
199
-84
-429
-313
-106
146
252
204
167
-31
-218
-80
128
103
149
39
205
9
-192
-213
69
407
414
395
290
213
75
25
-78
-49
-162
-5
103
169
150
3
-158
-326
-25
103
35
-48
-300
-157
-120
-79
-17
-35
232
11
-52
-86
-173
-334
-476
-184
71
-47
-381
-526
-144
240
324
120
-135
-139
-60
9
-24
111
90
61
231
269
254
-84
-161
-286
-133
107
-75
155
17
35
-293
-276
-16
107
117
-282
-274
-419
-308
-68
-59
-191
-374
-217
134
318
37
-288
-312
-9
158
249
361
293
188
-101
-131
-28
55
233
224
123
-206
-209
-233
29
142
69
27
17
33
-190
-438
-510
-243
89
358
264
260
109
-229
-332
-221
40
55
-12
61
34
124
143
302
269
-36
-286
-257
186
317
265
85
-26
-55
42
258
381
311
37
-112
-317
-236
-147
119
150
122
36
14
7
-127
-194
-319
-40
-14
112
125
48
-98
-79
-48
3
10
73
198
250
270
102
83
13
-105
-198
-176
3
374
198
160
-32
23
-78
-161
-156
-233
180
219
339
102
83
100
99
-12
-46
82
121
168
166
98
84
64
19
202
171
5
-402
-519
-328
70
290
196
5
-216
-258
-304
-341
-230
-206
-303
-296
-118
-11
148
29
-69
21
33
61
-100
-26
6
25
26
-5
102
202
201
74
-96
-250
-245
-259
-48
66
51
-40
-153
-199
-283
-149
82
253
158
-10
-106
-129
-97
32
221
285
272
113
0
28
47
20
-74
-87
40
155
247
179
35
-41
-88
-54
-187
-126
-43
-23
-137
-202
-55
51
131
1
-156
-287
-342
-156
147
317
201
28
17
133
252
244
106
111
196
248
76
-93
-180
-125
-22
-35
83
116
153
11
-94
-186
-210
-127
-138
16
85
74
-86
-105
-7
62
-4
10
212
247
210
-50
-199
-203
-73
145
233
135
62
-56
-66
38
39
13
-40
-91
-136
-80
-115
-4
76
253
307
184
77
-35
40
-14
-36
-122
-107
42
72
30
-109
-61
185
158
40
-246
-236
-142
-189
-222
-114
140
259
147
-112
-222
-197
-24
-26
18
-77
-162
-184
-124
21
168
66
-165
-268
-97
107
180
167
19
6
70
128
20
-260
-267
40
294
315
93
-13
-52
-55
-114
-59
-11
-15
15
-4
-35
-80
-19
114
68
69
-8
90
178
-28
-162
-257
-84
54
61
-93
-47
-7
99
50
-36
-104
-154
-24
-56
104
96
64
-12
-72
-110
-161
-86
-61
44
59
165
66
-100
-127
-22
142
48
18
-30
39
113
246
367
268
-82
-312
-252
-67
7
85
159
98
201
152
206
131
26
-91
-105
51
-84
-111
-42
163
248
235
177
39
45
55
159
171
111
42
-1
-25
-63
-78
-148
-65
9
58
-15
-159
-63
93
165
63
-139
-151
6
142
243
255
102
69
-62
-105
-127
-313
-380
-423
-166
96
197
208
19
-149
-203
-156
-66
-152
-309
-365
-258
-30
89
190
190
70
-18
-66
-136
-177
-240
-275
-115
137
280
301
161
-2
-104
-47
35
-25
-75
-78
-92
-47
32
12
14
4
122
242
227
83
-80
-131
-102
-92
-117
-77
74
184
123
37
71
141
49
3
-49
-41
-47
-45
-40
-22
38
62
117
180
135
113
51
-62
-184
-200
-74
29
11
-21
-124
-172
-209
-114
97
185
90
-183
-240
-98
37
28
-45
-135
1
-3
-2
-118
-82
78
155
224
64
-11
-150
-161
-115
48
105
60
46
99
243
310
165
-132
-241
-195
-19
77
35
-7
65
66
61
32
-23
-129
-74
6
-42
-102
-196
-27
120
92
-69
-238
-65
144
164
114
-38
-57
21
179
220
164
95
114
95
107
54
25
84
76
43
16
79
49
33
15
24
-32
-11
10
86
76
-34
-90
-19
153
176
224
143
108
81
-69
-85
-114
-47
88
141
151
65
-23
-12
-105
-243
-256
-164
12
115
69
146
254
215
-41
-312
-330
-198
-88
-173
-143
-11
70
140
27
-77
-168
-224
-284
-385
-249
-126
21
111
157
221
133
29
-38
-71
-109
-110
-75
-42
-34
30
25
-31
-93
-63
0
-97
-145
-200
-94
39
39
-102
-199
-95
-45
29
-30
-2
72
117
86
-16
-68
-103
9
36
25
6
33
88
100
80
122
98
36
-119
-116
113
332
272
-2
-43
-27
106
149
96
29
-11
-11
-102
-136
-133
-52
51
54
61
23
2
69
104
31
-46
-51
24
74
113
152
182
252
258
138
-9
-68
-20
-10
-21
-38
-57
67
108
41
-72
-173
-159
-126
-62
7
-4
22
-107
-161
-87
-18
73
-8
-38
-68
-30
103
79
36
-9
55
163
91
5
-60
-50
-17
-84
-48
-14
100
125
74
7
-120
-143
-186
-133
-79
-86
-70
-57
-14
2
36
38
90
79
-8
-5
-64
-85
-62
-66
-20
85
103
121
76
98
33
-6
-28
-102
-89
-62
0
55
177
198
173
45
-40
-81
-133
-129
-134
-79
18
26
16
36
18
-51
-138
-131
-49
53
34
-9
5
126
197
213
149
-44
-135
-159
-95
-42
-61
25
131
134
37
-56
-67
-97
-145
-165
-125
-37
38
31
13
85
152
169
74
-6
20
3
-48
-94
-106
-47
58
100
102
-13
-146
-166
-93
-20
53
90
40
74
76
33
-49
-107
-81
5
95
128
134
121
156
105
10
-98
-153
-66
1
34
44
17
-8
-73
-77
-63
-40
-5
-35
-72
-153
-165
-92
20
87
39
13
46
21
47
101
83
52
19
36
92
84
48
29
-3
-2
22
79
94
31
-83
-155
-158
-132
4
108
116
95
14
-55
-144
-180
-141
-64
5
-25
-31
-23
18
60
102
95
-11
-37
-89
-68
-39
-16
-4
22
116
94
60
13
-79
-155
-134
-84
-27
-20
15
66
-16
-153
-225
-199
-105
43
149
124
-12
-58
52
128
83
0
-8
82
166
129
41
-3
7
114
172
197
130
48
-23
-68
-51
-81
1
155
223
192
102
-13
-97
-127
-89
-66
11
170
215
201
111
2
-56
-84
-101
-76
-31
59
147
201
200
113
36
-70
-99
-129
-71
-5
0
-2
-32
7
23
57
34
-44
-118
-199
-264
-294
-265
-201
-52
44
120
152
44
-106
-214
-224
-184
-120
-78
11
105
132
133
90
16
-38
-76
-96
-112
-136
-87
1
97
133
87
68
73
49
-35
-90
-125
-107
-51
4
56
143
212
89
-86
-230
-225
-114
-3
74
87
30
-57
-48
-1
41
4
-63
-88
-75
-33
-93
-119
-55
8
84
121
142
116
33
-26
-79
-123
-138
-111
-39
78
162
188
125
36
-48
-109
-136
-159
-103
-16
65
164
204
193
201
183
85
-26
-98
-97
-8
74
128
160
141
84
40
-13
-32
-57
-104
-105
-108
-77
-12
13
53
52
36
49
30
40
-9
-33
-40
-16
64
92
81
43
11
46
111
159
158
106
47
-35
-108
-144
-120
-64
-1
19
81
148
141
97
-12
-143
-196
-175
-100
-11
48
91
120
136
123
114
44
-60
-196
-252
-218
-129
9
86
111
116
59
-28
-100
-166
-207
-207
-141
-104
-102
-79
-21
25
89
129
193
205
156
126
88
51
24
45
62
101
155
168
142
68
-31
-153
-249
-303
-298
-230
-136
-60
-32
-42
-53
-58
-74
-97
-111
-102
-64
3
62
84
90
100
121
131
116
85
70
31
11
26
34
56
41
44
52
33
2
-34
-81
-126
-177
-208
-177
-121
-43
-11
-19
10
25
23
2
-5
-17
-44
-42
-31
12
40
56
70
109
149
141
105
44
26
45
46
63
83
105
103
92
120
150
126
69
19
-2
-7
-18
-2
16
12
-14
-32
-60
-76
-38
-31
-33
-77
-126
-119
-118
-107
-106
-90
-56
-30
21
56
76
86
96
100
55
27
43
86
97
78
64
68
73
43
-51
-143
-207
-209
-178
-130
-75
-53
-20
-17
-9
-29
-72
-122
-163
-132
-107
-56
17
51
75
89
93
103
77
37
-3
-37
-42
-2
60
94
100
89
61
25
6
-7
-59
-74
-56
-26
47
97
127
113
97
59
4
-15
-58
-27
-20
5
52
30
19
-4
-13
-39
-66
-101
-137
-152
-147
-116
-47
-2
24
18
24
24
-20
-48
-58
-60
-84
-65
-35
-9
19
10
0
14
1
-15
-41
-73
-91
-93
-81
-55
-20
11
63
111
109
76
54
2
-38
-49
-10
33
105
166
186
209
191
137
81
21
42
37
22
23
25
57
49
48
32
-7
-47
-66
-68
-82
-83
-85
-61
-40
-30
4
21
15
-3
-19
-16
-18
-21
-35
-8
56
95
134
134
116
93
58
45
29
20
8
5
30
42
17
-11
-1
1
-10
-27
-65
-45
-3
21
18
34
37
32
10
-12
-13
-29
-43
-70
-50
-24
-22
-11
25
28
-31
-67
-71
-67
-63
-95
-106
-84
-65
-14
18
33
-29
-58
-61
-62
-53
-65
-68
-63
-28
1
20
33
57
32
2
-26
-53
-60
-54
-54
-19
28
36
59
56
53
43
32
34
14
-6
5
10
43
88
103
89
39
28
-22
-55
-80
-97
-59
-64
-28
-12
-13
-15
-31
-53
-80
-104
-116
-103
-89
-36
12
23
51
68
59
77
54
6
-18
-8
28
53
83
70
64
60
42
47
24
-6
-23
-19
22
29
31
36
31
17
3
4
-9
-6
-7
13
30
38
38
53
90
80
73
69
70
82
63
34
22
32
37
37
38
49
40
23
9
-17
6
-7
-34
-37
-38
-19
-6
-21
-56
-69
-76
-64
-49
-62
-52
-34
-30
-19
-49
-86
-90
-63
-44
-39
-51
-40
-37
-31
-22
-26
-20
-40
-57
-65
-75
-77
-79
-70
-54
-30
-14
-30
-33
-12
-10
-6
8
17
29
33
54
69
61
42
48
60
35
22
10
-7
34
35
26
47
42
55
51
61
73
57
49
28
-3
-27
-41
-41
-30
-36
-37
-31
-30
-31
-28
1
22
44
30
-7
9
23
37
49
52
73
68
55
74
52
21
-4
-11
-3
0
17
11
-10
-27
-30
-18
2
11
14
8
17
25
10
-12
-20
-10
-1
10
15
-3
-11
-14
-43
-44
-41
-25
-3
-21
-21
-14
-1
13
-1
-6
-28
-22
-18
-19
-15
-24
-28
-35
-35
-27
-34
-40
-22
-14
-18
-14
0
-7
-18
-23
-11
17
23
26
41
43
40
60
51
59
65
59
54
20
18
-1
-20
-8
0
14
29
29
13
18
16
20
22
4
20
14
8
12
9
14
4
4
-20
-9
-19
-35
-21
-41
-28
-33
-40
-49
-44
-44
-43
-50
-39
-31
-12
19
25
26
25
8
-1
7
11
7
-5
-23
-10
9
-2
2
-15
-18
-21
-32
-28
-20
-21
-15
-2
-21
-32
-26
-22
-19
-12
-25
-37
-37
-22
-23
-9
0
-3
-4
-8
3
7
-7
-1
14
17
27
28
24
39
41
41
45
31
24
13
8
15
9
2
-17
-4
-8
-2
14
9
13
23
22
31
17
-7
-9
-18
-16
-13
-32
-29
-43
-37
-21
-9
16
16
5
16
10
10
12
17
24
18
17
-6
-6
-26
-7
1
1
19
13
17
39
48
42
34
8
10
9
14
17
14
19
31
23
17
16
10
2
-18
-24
-28
-44
-51
-48
-30
-22
-18
-17
-19
-8
-18
-31
-38
-42
-52
-59
-42
-19
-40
-42
-33
-21
-16
-18
0
5
21
1
-3
0
7
14
4
8
6
2
-4
1
19
26
21
11
23
43
59
54
44
37
27
29
45
55
56
27
13
13
20
13
-3
2
2
-2
9
8
5
13
1
7
3
-1
-6
-34
-29
-20
-26
-45
-40
-29
-10
-2
0
17
24
24
21
22
5
12
19
24
26
37
29
24
28
36
22
3
7
9
14
4
4
9
9
-14
-11
0
2
-11
-23
-21
-13
-15
-16
-15
-28
-32
-33
-22
-27
-25
-17
-29
-30
-39
-43
-35
-33
-37
-25
-24
-22
-21
-16
5
8
10
10
18
15
-2
-9
-8
-21
-18
-7
0
-4
-5
0
10
6
-3
-5
-6
8
6
5
11
29
28
30
40
38
39
27
38
40
43
41
13
11
0
-8
-7
-12
2
9
2
-2
-2
-1
1
-9
-11
3
-2
11
25
18
24
23
14
13
19
15
4
1
-10
-15
-16
-12
-2
-9
-13
-11
-5
-14
-24
-37
-35
-30
-27
-21
-27
-40
-42
-40
-35
-14
-21
-32
-37
-29
-17
-16
-14
-11
-19
-11
-11
6
16
12
10
1
1
-4
-6
-1
-7
-4
-4
5
18
23
29
18
12
2
-13
-22
-29
-21
-12
1
12
16
19
12
8
3
2
17
10
11
6
19
37
29
37
33
24
26
26
21
13
8
7
8
8
-13
-11
-7
1
16
29
18
-14
-16
-13
0
9
-1
-5
-10
-5
-10
-2
3
2
24
24
40
34
12
1
0
6
19
17
16
7
-2
-6
-11
-21
-35
-47
-48
-43
-37
-39
-33
-23
-24
-18
-6
-9
-9
8
9
8
17
10
6
6
8
15
6
12
11
7
1
2
9
5
12
5
-6
-14
-14
-11
-16
-9
-7
3
9
17
27
16
11
6
8
17
11
5
9
-2
-2
-2
-8
-16
-49
-54
-48
-47
-25
-27
-17
10
20
32
23
10
10
7
7
9
9
-1
6
29
30
36
28
17
27
35
49
44
36
26
7
1
-19
-17
-19
-34
-31
-25
-26
-29
-16
-11
-1
12
15
14
6
21
20
25
28
15
12
-3
0
3
-9
-10
-2
9
27
43
41
32
36
35
22
11
1
-9
-24
-31
-26
-24
-27
-17
-13
-11
-18
-21
-19
-13
4
-8
-6
-12
-17
-22
-29
-31
-46
-50
-46
-37
-33
-20
-7
-7
-2
3
-7
-9
-4
-1
8
21
12
14
13
-5
-12
-22
-28
-27
-26
-23
-25
-8
-6
-12
-11
-8
-8
-15
-18
-24
-8
9
22
23
32
34
27
31
28
29
20
10
20
20
-1
-18
-22
-25
-24
-15
-18
-21
-13
-4
4
23
29
28
28
13
19
16
18
17
9
17
16
14
18
16
18
25
34
47
42
47
31
37
23
12
14
19
29
13
12
6
-2
-13
-30
-28
-23
-12
-10
-9
-8
-18
-23
-28
-28
-23
-25
-22
-17
-21
-23
-21
-29
-22
-21
-19
-11
-11
0
1
-7
-5
-3
-6
-7
-15
-7
1
-6
0
7
11
6
1
-3
-5
-12
-19
-7
9
4
1
0
-6
-13
-18
-12
-9
8
23
45
57
58
49
41
30
22
21
10
7
0
-4
5
0
3
1
-11
-12
-21
-16
-13
-10
-2
-2
5
1
1
22
39
50
41
37
34
23
14
7
6
-8
-13
-22
-25
-27
-43
-47
-54
-50
-41
-46
-36
-36
-28
-33
-27
-20
-18
-25
-25
-13
-17
-17
-15
-12
-10
3
2
7
14
28
32
25
31
32
26
18
17
16
2
-7
-15
-12
-3
-3
-3
-4
-3
-3
-2
3
-3
4
6
7
24
25
22
19
23
27
26
17
17
20
27
28
24
25
12
-6
-9
-9
-7
0
-12
-13
-19
-14
-10
-14
-15
-9
-14
-9
-11
-28
-24
-27
-27
-21
-11
-14
-5
-4
1
18
37
41
41
36
22
11
10
-2
-10
12
10
19
26
7
-1
-11
-16
-17
-3
-6
-11
-3
-14
-10
-7
-3
5
-3
-3
-11
-11
-15
-22
-17
-11
-6
8
15
16
22
17
12
19
25
23
11
-2
2
-6
7
5
-2
-2
-13
-11
-24
-37
-44
-58
-49
-40
-35
-22
-20
-20
-9
6
9
12
3
6
14
7
18
24
27
29
36
46
62
53
36
29
29
34
17
16
7
-8
8
9
5
10
0
-6
-12
-14
-16
-11
-19
-19
-3
-6
-2
-1
5
4
-5
-3
3
8
9
7
6
-1
-8
-15
-18
-8
-23
-16
-23
-25
-9
-18
-18
-21
-15
-26
-20
-18
-22
-14
-11
-11
-14
-15
-7
-17
-3
-3
-6
2
-3
10
7
9
4
7
11
5
-3
0
6
10
7
19
14
16
2
-8
-6
-19
-9
-8
-25
-10
-6
-7
-12
-17
-9
-8
0
5
9
-6
3
8
5
15
15
18
19
16
22
16
15
20
-2
-3
-7
-14
-15
-13
-18
-15
-4
0
9
14
0
-1
-6
-22
-27
-30
-17
-22
-12
-7
-3
9
3
0
2
6
14
19
20
22
22
21
15
14
16
19
28
24
26
20
14
17
5
9
13
6
1
4
-4
-11
1
6
6
10
19
26
25
17
1
-6
-5
-9
-8
-14
-12
-8
-10
-9
-13
-9
-10
-2
-7
-8
7
4
1
5
7
5
1
-9
-21
-21
-26
-16
-12
-14
-14
-14
-11
-14
-18
-34
-40
-33
-35
-43
-27
-15
-12
-4
1
16
22
20
17
12
27
37
29
20
20
18
18
22
30
23
25
14
24
25
11
10
-4
-7
-17
-23
-29
-21
-14
-13
6
15
12
20
8
9
8
4
8
-5
-7
2
9
10
14
13
13
13
12
20
23
11
5
1
-1
4
9
8
-4
-9
-5
1
-1
0
-1
-6
5
7
12
7
-13
-14
-13
-14
-5
-9
-10
-17
-25
-21
-26
-13
-13
-25
-36
-38
-31
-42
-30
-26
-10
6
-8
-1
-1
2
2
9
15
12
8
8
5
7
-3
-6
2
13
-3
-4
-5
3
22
5
12
17
18
29
9
3
0
-8
-24
-21
-7
-8
-8
-15
-5
-5
-14
-2
-27
-15
-5
-14
-11
-29
-23
-28
-23
-10
-8
-1
4
31
41
44
27
30
45
44
43
43
33
25
19
12
23
28
31
48
57
57
44
8
-3
-27
-25
-12
0
1
-25
-19
-24
-13
-17
-24
-30
-39
-26
-23
-24
-24
-22
-5
-7
-1
2
-11
-9
-22
-21
-26
-25
-15
-17
-2
15
23
20
24
13
23
24
20
18
16
7
-2
-15
-27
-28
-32
-30
-31
-39
-37
-32
-15
-15
-10
14
22
44
44
41
47
39
47
35
23
19
7
-9
-16
-17
-23
-29
-19
-30
-17
-8
-9
-9
-17
0
-6
-13
-21
-27
-22
-21
-12
-8
-22
-7
12
25
36
28
16
0
-8
-21
-31
-33
-24
-19
-11
-5
-9
0
-1
12
22
13
5
-6
1
10
17
45
47
33
26
23
31
38
43
36
24
27
23
27
14
2
-6
-26
-27
-39
-54
-59
-65
-56
-38
-39
-37
-36
-49
-40
-15
-20
0
2
-5
2
-3
9
30
7
2
24
20
25
29
24
15
5
2
21
20
9
20
16
19
33
30
25
30
39
59
54
49
51
35
17
4
-2
-4
7
-2
-13
-14
-14
-19
-25
-22
-28
-25
-40
-39
-38
-40
-35
-20
-12
-18
0
-10
-4
-6
-13
2
-8
-14
-8
-15
-1
9
16
6
-4
-9
-16
6
8
17
13
-10
-15
-14
-8
14
23
25
18
13
19
7
6
6
-1
-1
13
22
21
24
18
14
17
28
26
27
24
7
8
7
-8
-18
-14
-15
-18
-16
-19
-25
-19
-23
-20
-2
2
-2
-17
-37
-38
-45
-46
-40
-32
-26
-34
-35
-33
-14
-18
-3
13
24
45
34
28
24
26
26
18
27
28
21
15
-5
-15
-26
-13
6
11
18
5
-7
-15
-15
-16
-13
-18
-13
1
10
10
19
9
2
10
21
41
37
44
33
35
30
25
11
7
9
5
0
-19
-29
-24
-12
-3
21
20
21
13
1
-9
-23
-14
-11
-6
1
-2
-2
-4
-3
-2
2
16
15
15
9
18
19
19
11
1
13
15
11
-8
-25
-20
-25
-25
-15
-17
-12
-26
-26
-27
-26
-20
-28
-16
-17
-28
-29
-40
-45
-44
-46
-40
-21
-17
-29
-22
-15
-23
-31
-16
-7
4
28
8
0
-3
-7
0
-4
11
14
11
9
3
-1
-5
-5
-5
-1
2
-6
16
22
21
32
26
25
34
46
37
33
43
36
31
46
45
41
42
44
38
29
35
27
22
17
13
13
-3
-10
-13
-14
-14
-24
-20
-32
-38
-53
-59
-49
-54
-39
-34
-32
-13
-18
-15
-10
-18
-15
-14
0
-10
-2
-1
-10
7
8
23
19
12
17
6
5
11
10
16
8
14
20
24
27
25
21
26
26
15
-2
-2
4
-7
-3
-4
-2
-4
-7
18
14
5
2
-22
-21
-19
-14
1
-5
5
10
24
41
39
48
29
20
1
-4
-11
-3
-8
-15
-10
-12
-19
-22
-11
-10
-2
-7
-11
-22
-31
-36
-35
-35
-24
-8
-1
3
10
14
13
2
-5
-2
1
9
10
12
0
-10
-21
-16
-5
-1
-9
-3
-10
-20
-13
-17
-4
-8
-8
4
15
13
-3
2
-4
-5
1
-8
-11
-26
-35
-43
-51
-34
-28
-20
-3
13
30
25
21
21
30
27
15
18
8
13
12
21
31
35
41
27
40
55
57
51
44
33
0
-13
-14
-20
-26
-36
-35
-29
-14
2
27
38
37
36
22
19
12
11
17
9
3
-6
-16
-21
-50
-44
-35
-26
-26
-31
-25
-16
-20
-8
0
5
11
10
11
8
6
-3
-12
-9
-3
5
5
13
13
11
8
18
21
3
4
-1
-4
-1
-21
-31
-50
-48
-46
-42
-27
-28
-12
-22
-10
-3
-23
-7
-7
-1
4
-11
-15
-19
-18
-11
-3
1
3
2
7
15
16
16
13
14
24
23
16
18
11
3
8
6
7
5
12
8
10
9
6
9
4
8
12
14
13
7
0
6
7
2
6
12
20
22
31
25
23
21
8
19
6
-9
-2
-14
-17
-17
-17
-12
-11
-11
1
6
-5
-7
-6
1
6
4
2
-6
-9
-7
-12
-10
-19
-10
-7
-5
2
-3
-4
-2
-4
-1
9
14
19
-2
3
6
-7
-5
5
-8
-17
-19
-19
-13
-11
-1
-5
-2
2
21
28
30
29
17
15
8
7
1
-9
-15
-24
-24
-20
-24
-20
-11
4
0
-4
-8
-17
-28
-32
-25
-15
-18
-26
-30
-27
-9
-4
-6
-3
10
16
8
16
34
16
12
17
15
25
15
12
10
5
10
12
3
3
8
9
2
6
-3
-12
-22
-19
-9
-9
-8
-8
-5
-5
-4
-13
-13
2
6
12
25
42
38
30
22
14
18
9
0
-6
-9
4
13
14
20
26
18
12
14
10
-2
-22
-31
-24
-25
-12
3
13
20
14
14
13
21
22
23
29
33
31
9
8
5
-7
-10
-20
-29
-25
-31
-25
-21
-18
-15
-22
-35
-41
-39
-41
-37
-27
-27
-24
-24
-20
-11
-4
6
15
26
25
28
18
11
17
14
19
12
1
-1
-7
3
8
5
-7
-12
1
6
12
15
18
20
13
19
7
7
7
-3
9
20
14
13
5
-4
-6
-12
-17
-13
-11
-17
-13
-8
-8
0
-9
-15
-11
-14
-9
-17
-22
-19
-15
-13
-18
-19
-8
-5
2
5
1
0
-9
-21
-17
-11
-5
2
3
-1
0
8
12
22
28
25
18
23
28
21
17
18
22
9
8
4
4
5
-3
0
-3
4
1
-11
-12
1
1
1
0
-3
2
1
11
13
12
12
12
13
11
10
12
7
16
14
7
0
2
3
3
2
-4
2
-8
-14
-5
-6
1
-2
-4
-4
-11
-12
-16
-14
-17
-16
-13
-13
-1
0
0
2
-2
-13
-22
-19
-24
-18
-9
-10
-1
-4
-8
-7
-8
-15
-13
-3
-10
-10
-11
-15
-19
-13
-9
-5
-1
-1
5
17
22
19
23
31
30
32
22
23
15
7
8
-2
-5
-6
-8
-6
14
22
20
14
6
12
6
0
7
-1
-3
-12
-16
-19
-21
-17
-19
-9
-6
-13
-19
-10
-1
3
0
-2
0
-14
-16
-8
-5
-2
2
3
6
2
-4
-8
-3
6
12
13
16
15
8
7
0
-4
-7
-17
-10
-9
-11
-13
-13
-8
-4
12
11
4
10
10
13
9
8
4
-2
6
7
16
20
10
6
1
1
-2
-5
3
4
9
4
8
9
4
5
1
-9
-18
-24
-27
-19
-8
1
1
10
22
36
40
39
40
32
26
16
12
9
4
-8
-8
-10
-11
-12
-11
-5
-4
-6
-7
-9
-12
-20
-20
-14
-12
-24
-29
-36
-40
-31
-34
-32
-19
-14
-10
-6
4
0
-5
12
4
14
6
-7
-15
-30
-40
-41
-45
-42
-38
-32
-26
-16
2
11
26
