SAMPLES:	16049
BITSPERSAMPLE:	16
CHANNELS:	1
SAMPLERATE:	16000
NORMALIZED:	FALSE
-5
3
5
10
22
24
18
16
13
3
-4
-9
-14
-14
-16
-14
-13
-13
-7
1
12
17
21
13
0
-3
-1
-2
2
8
13
14
10
6
7
3
-5
-11
-11
-13
-20
-22
-17
-6
8
11
22
25
20
13
10
11
-2
-1
9
22
32
35
33
33
29
20
22
24
21
19
21
31
30
15
9
2
-7
-9
-21
-25
-19
-14
-10
-2
-2
-11
-19
-31
-40
-47
-48
-42
-43
-31
-19
-15
-19
-20
-13
-5
-2
-3
-1
-5
-12
-18
-16
-14
-9
-6
-1
4
9
4
-6
3
9
12
15
23
36
38
39
41
49
45
41
49
49
49
48
48
52
60
60
62
56
42
32
25
15
12
10
12
16
17
10
1
-16
-24
-23
-24
-22
-24
-20
-18
-25
-19
-23
-30
-32
-35
-35
-35
-33
-35
-32
-25
-20
-16
-13
-7
2
-5
-12
-11
-20
-40
-46
-47
-57
-61
-64
-51
-43
-33
-22
-18
-16
-11
-8
-10
-5
-1
3
4
7
7
-3
-11
-14
-7
3
10
15
21
24
14
0
-10
-8
-5
0
7
7
11
16
27
35
43
62
77
85
88
87
82
74
69
66
71
75
69
61
49
35
21
10
3
6
15
14
14
9
-4
-26
-48
-53
-61
-63
-61
-60
-56
-59
-54
-60
-58
-54
-54
-51
-52
-45
-46
-37
-22
-16
-11
-2
-4
-11
-23
-35
-39
-40
-30
-22
-19
-18
-22
-27
-28
-26
-20
-15
-9
-8
-12
-8
-3
-4
-5
7
20
22
20
24
26
27
33
47
66
82
85
79
74
63
47
32
29
34
25
7
2
2
-2
-8
-4
-7
-24
-35
-41
-41
-43
-50
-49
-37
-18
-11
-7
-4
-2
-4
2
16
32
46
50
57
58
48
30
24
26
21
22
25
22
14
-4
-26
-34
-42
-46
-51
-53
-55
-53
-50
-49
-50
-44
-43
-44
-39
-29
-16
-8
0
8
15
15
18
10
17
14
13
16
22
27
22
22
15
14
15
12
9
3
0
-12
-15
-10
-10
-9
-10
-7
-1
0
3
7
14
23
28
37
47
48
49
54
58
57
49
38
31
23
12
8
12
11
8
5
-1
-9
-11
-22
-23
-20
-22
-22
-28
-33
-33
-32
-31
-32
-28
-19
-13
-7
-6
1
-4
-1
14
16
18
10
7
1
-7
-9
-12
-13
-4
-5
-7
-11
-10
-17
-23
-17
-15
-9
-5
-3
-6
-3
-5
-3
4
2
6
12
4
1
-3
2
7
7
12
10
13
8
5
5
0
5
1
3
-1
-8
-14
-23
-18
-24
-22
-20
-20
-16
-10
-4
2
5
7
9
19
20
18
16
15
17
18
19
17
14
11
5
-5
-21
-35
-44
-49
-53
-55
-52
-51
-52
-49
-42
-36
-31
-26
-25
-17
-12
-11
-9
-5
5
12
15
22
21
23
24
22
24
21
21
23
24
24
30
31
25
25
26
24
22
24
25
31
35
35
38
37
37
41
35
31
24
18
19
25
22
18
19
20
23
20
24
24
24
30
23
27
18
11
7
3
-4
-16
-21
-25
-26
-28
-31
-32
-35
-34
-33
-28
-22
-15
-15
-13
-6
-4
-4
-3
-6
-3
1
12
17
16
13
6
1
-6
-11
-17
-23
-29
-26
-32
-37
-46
-55
-62
-58
-58
-58
-51
-42
-29
-20
-8
0
1
6
14
13
19
30
36
34
34
28
16
6
4
8
9
14
13
11
7
-9
-8
-11
-14
-13
-11
-16
-32
-44
-54
-54
-52
-49
-40
-38
-33
-29
-24
-16
-15
-12
-6
9
22
32
36
37
48
45
52
64
69
73
73
75
64
53
46
38
34
36
47
48
40
45
33
20
15
16
20
18
24
23
19
25
26
21
14
7
-3
-14
-12
-7
-12
-33
-35
-42
-53
-58
-64
-70
-69
-69
-70
-67
-70
-65
-53
-44
-34
-28
-27
-26
-24
-12
-7
0
9
16
16
14
15
11
14
19
16
20
28
22
19
23
22
13
11
9
3
5
5
1
-2
7
10
9
18
25
27
26
26
34
32
32
37
43
48
41
48
44
40
37
29
36
30
28
24
18
16
1
0
-8
-22
-37
-57
-69
-73
-78
-89
-89
-90
-92
-89
-80
-70
-57
-43
-40
-39
-28
-26
-26
-29
-35
-37
-46
-43
-45
-39
-30
-23
-5
-6
1
1
7
14
20
27
18
19
14
10
11
-1
-2
10
11
27
32
33
26
23
30
31
48
54
66
76
73
66
57
49
43
37
38
28
30
26
14
2
-10
-7
-8
-7
2
8
0
-8
-8
-12
-15
-19
-18
-16
-19
-20
-17
-9
-1
4
8
17
23
31
27
19
19
8
-4
-14
-18
-15
-12
-10
-15
-22
-27
-24
-25
-28
-36
-38
-31
-22
-12
0
13
30
38
36
23
9
-4
-8
-16
-15
-6
0
6
9
16
15
11
7
15
27
39
42
48
53
43
35
33
24
20
26
35
37
35
34
34
38
45
47
49
54
38
11
7
-10
-25
-26
-25
-18
-23
-27
-31
-50
-66
-75
-85
-97
-100
-92
-91
-89
-86
-92
-93
-89
-84
-71
-60
-49
-49
-47
-33
-19
-7
10
29
34
37
40
33
35
27
37
51
70
73
65
62
49
36
20
13
10
10
1
-11
-18
-22
-20
-14
-4
4
5
7
7
5
-4
-18
-19
-7
5
17
22
26
25
16
8
7
0
-6
-8
-5
6
5
-4
-8
-9
-10
-4
4
8
4
2
-6
-11
-7
-2
14
23
28
34
31
25
28
40
45
45
46
41
32
21
6
-10
-20
-23
-31
-34
-37
-46
-46
-44
-42
-35
-32
-31
-21
-19
-21
-23
-21
-24
-25
-21
-1
15
28
31
31
33
28
26
20
25
40
49
56
72
69
66
58
54
51
39
26
18
20
11
-5
-17
-24
-31
-38
-38
-43
-41
-41
-42
-35
-27
-21
-15
-6
-3
-4
-9
-21
-29
-33
-35
-33
-23
-16
-17
-13
-12
-10
-12
-14
-9
-10
-9
-12
-16
-29
-34
-36
-38
-31
-25
-17
-12
-7
4
12
17
24
24
24
22
21
19
15
12
10
0
-11
-17
-21
-22
-27
-29
-30
-36
-41
-43
-49
-52
-49
-43
-36
-29
-27
-23
-22
-19
-14
-7
9
14
21
26
25
28
27
31
38
45
54
57
57
63
62
64
66
72
74
66
60
57
54
46
38
33
28
22
19
28
25
22
24
27
30
35
44
43
48
46
39
41
39
38
34
27
17
8
0
-16
-24
-29
-29
-28
-29
-26
-20
-22
-27
-28
-30
-35
-37
-46
-47
-43
-33
-32
-28
-21
-21
-24
-26
-23
-20
-14
-8
1
9
8
-1
-18
-28
-38
-48
-55
-61
-66
-73
-77
-70
-63
-63
-69
-68
-60
-51
-40
-41
-31
-29
-38
-41
-38
-28
-17
-1
13
25
32
38
40
42
51
52
56
62
68
67
57
56
53
55
54
49
39
28
20
21
22
29
32
45
51
49
47
46
38
29
23
18
18
11
6
5
2
-7
-22
-29
-31
-41
-46
-48
-52
-55
-64
-71
-76
-79
-78
-75
-76
-76
-77
-88
-89
-77
-68
-56
-45
-44
-34
-20
0
15
29
42
49
54
62
71
65
57
61
68
74
72
65
54
46
37
32
28
21
13
10
10
13
18
15
10
8
6
1
-3
-5
-14
-16
-18
-20
-16
-11
-3
2
9
9
8
1
-6
-8
-8
-17
-21
-18
-20
-24
-24
-20
-20
-7
11
17
30
37
47
49
53
55
52
60
60
56
52
51
46
35
37
44
51
55
57
59
59
46
35
33
24
13
-3
-12
-16
-38
-47
-54
-52
-50
-48
-41
-39
-44
-58
-59
-66
-68
-65
-54
-50
-47
-46
-41
-32
-23
-15
-15
-11
-10
-10
-13
-16
-25
-38
-44
-46
-50
-51
-59
-66
-67
-62
-53
-46
-35
-33
-20
-3
-4
-5
-8
-6
-6
-5
8
18
26
29
43
52
57
60
58
62
55
40
35
32
25
21
14
10
11
12
13
15
24
29
33
39
45
52
53
55
57
64
68
65
60
56
55
58
53
50
53
56
47
38
35
24
13
-12
-35
-51
-69
-85
-96
-101
-93
-89
-85
-77
-79
-86
-87
-89
-81
-79
-77
-68
-64
-54
-54
-46
-32
-11
-2
1
11
17
23
25
21
22
21
20
21
16
5
-8
-14
-18
-12
-9
-9
-18
-18
-12
-10
1
4
7
13
16
21
18
17
10
7
14
25
36
32
32
35
26
15
2
-6
-13
-27
-27
-27
-33
-38
-41
-36
-26
-15
-13
-1
1
6
13
17
26
28
34
37
36
33
31
29
38
47
51
58
62
62
64
66
56
47
37
33
29
20
14
10
8
6
3
-4
-13
-26
-30
-25
-15
-7
-4
-1
2
10
10
4
0
0
8
18
27
31
30
26
16
10
-3
-18
-28
-37
-34
-37
-47
-53
-57
-61
-56
-57
-53
-50
-53
-40
-34
-34
-32
-25
-8
7
25
38
40
35
37
35
37
50
52
55
58
59
55
41
31
24
22
22
23
21
18
12
1
-3
-3
-5
-9
-1
7
7
17
19
13
6
4
8
4
3
4
-3
-4
-5
-17
-25
-23
-19
-14
-18
-27
-34
-44
-45
-44
-49
-48
-50
-51
-49
-53
-46
-45
-47
-48
-48
-44
-39
-25
-10
10
31
45
50
55
53
51
48
50
43
39
36
28
23
12
4
-5
-6
-14
-28
-43
-51
-58
-65
-63
-61
-52
-45
-43
-42
-47
-48
-62
-64
-58
-53
-48
-42
-30
-28
-24
-19
-20
-26
-22
-14
-10
-2
-1
1
-2
4
10
5
1
9
14
12
16
18
15
9
10
21
36
50
57
60
61
61
60
66
79
81
81
82
79
77
71
63
58
50
41
40
38
28
14
2
-8
-10
-12
-12
-9
-16
-23
-28
-33
-44
-45
-36
-29
-20
-10
3
7
15
23
25
33
39
43
47
38
33
29
28
25
16
10
4
1
-7
-15
-18
-19
-17
-19
-18
-20
-29
-31
-21
-18
-13
-7
-5
0
-3
1
-1
-5
-6
-5
5
15
17
10
2
-11
-17
-24
-22
-17
-23
-28
-36
-35
-44
-51
-41
-30
-28
-22
-11
-3
-5
-11
-10
-7
-5
-1
-9
-15
-18
-18
-26
-22
-14
-10
4
14
14
14
15
7
5
1
8
6
6
7
-2
-17
-38
-52
-53
-41
-38
-38
-31
-18
-11
-7
2
14
27
29
33
38
41
39
37
43
46
48
48
47
46
36
32
31
26
24
22
32
32
31
29
18
13
8
5
0
-2
-1
-10
-13
-6
3
10
19
20
20
21
12
7
2
3
2
-2
-6
-10
-21
-33
-48
-58
-57
-59
-55
-51
-50
-52
-47
-40
-27
-22
-16
-17
-18
-13
-12
-3
-2
-7
-11
-5
-8
-11
-4
4
10
15
25
26
25
27
29
23
18
7
3
6
12
9
4
6
9
9
3
5
9
6
6
0
1
11
13
7
13
20
9
6
10
6
2
5
7
13
23
23
24
19
17
7
0
6
6
0
-11
-19
-33
-39
-38
-37
-41
-43
-41
-37
-34
-22
-15
-20
-13
-9
-2
1
2
1
0
6
8
4
2
1
-3
-6
-8
-15
-19
-18
-24
-22
-13
-16
-13
-9
-7
-6
-5
7
11
17
27
30
30
30
31
34
30
28
30
33
28
21
22
30
35
34
34
34
32
29
27
24
20
12
-5
-8
-13
-22
-30
-32
-30
-26
-18
-13
-13
-9
0
5
8
7
15
20
20
17
18
25
28
24
21
20
11
2
3
4
2
4
8
10
14
10
4
6
1
-11
-16
-27
-31
-29
-35
-30
-24
-16
-9
-11
-15
-20
-18
-11
-7
-1
8
7
5
3
3
4
-1
4
1
-1
0
-10
-17
-27
-35
-41
-47
-45
-46
-45
-40
-42
-48
-58
-59
-57
-52
-52
-53
-52
-44
-36
-26
-19
-11
-2
5
15
22
24
30
41
44
51
58
53
50
42
28
20
13
7
6
15
22
23
29
33
42
52
48
46
44
43
37
31
36
35
32
33
35
32
23
18
13
9
13
10
4
8
1
-9
-19
-19
-24
-29
-20
-25
-21
-20
-17
-20
-16
-13
-15
-5
-2
-4
-2
-2
-4
-15
-19
-21
-23
-20
-24
-19
-11
-6
-2
4
13
20
18
18
16
11
7
4
6
4
3
-4
-3
-5
-8
-8
-11
-10
-14
-11
-13
-15
-15
-18
-18
-17
-19
-19
-19
-19
-23
-16
-9
-2
0
2
-1
-7
-21
-26
-23
-16
-11
-8
-12
-15
-19
-26
-23
-16
-13
-8
-1
14
21
23
24
23
20
16
24
23
25
20
9
10
14
19
20
25
21
12
8
6
3
2
9
10
16
26
31
23
14
8
-3
-10
-12
-2
-4
-9
-4
3
2
-4
-9
-12
0
13
16
10
8
7
4
6
12
13
14
16
18
16
12
10
9
12
16
20
24
33
32
22
14
15
6
0
10
10
3
-4
-4
-3
-8
-9
-13
-15
-10
-12
-18
-22
-24
-36
-48
-42
-33
-35
-41
-41
-28
-26
-28
-25
-20
-12
-12
-15
-18
-12
-14
-21
-15
-20
-30
-40
-46
-52
-45
-34
-21
-11
-6
-5
-20
-18
-8
-3
4
10
11
8
16
23
21
14
14
19
22
34
46
53
46
35
27
29
35
36
43
43
38
31
29
41
45
53
64
69
67
63
65
58
43
24
2
-7
1
-5
-22
-29
-29
-31
-36
-41
-49
-56
-64
-55
-35
-33
-25
-25
-27
-22
-28
-24
-25
-18
-17
-10
-8
-17
-17
-25
-21
-22
-26
-35
-42
-34
-32
-25
-16
-2
12
12
7
3
8
5
4
2
-3
2
3
-2
-3
4
-2
-16
-9
4
11
13
6
7
12
17
21
27
34
28
13
16
25
26
22
17
13
8
6
-3
5
16
14
10
4
-4
-25
-35
-29
-17
4
19
24
16
9
-3
-12
-9
0
4
-4
-18
-29
-38
-42
-31
-23
-30
-36
-40
-34
-27
-20
-17
-5
10
12
10
-3
-13
-17
-16
-10
7
20
22
24
29
25
17
15
11
11
11
32
51
63
62
48
34
22
25
36
38
47
54
54
43
30
39
46
39
33
31
21
9
6
6
10
15
12
2
-6
-5
1
0
-2
-2
-15
-31
-36
-31
-32
-33
-38
-41
-41
-40
-32
-28
-20
-14
-23
-24
-9
-4
-8
-5
-4
-9
-12
-22
-32
-37
-32
-31
-21
-8
0
-12
-26
-32
-35
-31
-25
-18
-15
-14
-11
-11
-9
5
6
-1
-4
-1
-3
-7
-6
7
4
-8
-10
-1
15
11
9
2
3
3
-7
6
24
32
34
32
19
5
1
12
26
38
39
33
21
1
-7
-8
-5
8
17
24
24
15
2
-3
-9
-14
-18
-18
-16
-23
-30
-31
-25
-19
-11
4
12
13
0
-10
-17
-26
-32
-38
-33
-21
-3
3
10
6
1
-5
-12
-9
-2
6
4
0
1
-6
-4
-4
3
16
12
17
20
23
12
2
12
28
40
35
29
18
5
-5
-6
-2
9
16
12
13
9
-14
-28
-22
6
27
34
45
47
35
15
10
5
-2
-1
1
11
8
13
4
5
10
11
16
11
10
5
-6
-28
-35
-29
-22
-10
-12
-22
-26
-29
-32
-37
-42
-43
-33
-23
-14
-14
-22
-32
-38
-39
-36
-24
-19
-12
-12
-13
-8
-3
8
15
20
22
31
38
32
29
25
16
19
29
43
37
35
38
24
13
-1
-2
0
6
5
5
-1
-6
-12
-14
-4
6
17
24
18
12
11
9
6
3
2
8
6
-9
-19
-28
-35
-35
-21
-8
-7
-15
-27
-28
-25
-21
-22
-18
-14
-21
-16
-9
-4
-6
-3
0
0
7
5
8
13
17
13
18
29
25
28
37
37
19
1
10
15
11
18
41
43
30
21
14
8
4
-12
-13
-4
3
6
-6
-6
-8
-16
-22
-20
-17
-15
-17
-18
-24
-26
-15
0
17
20
26
22
12
17
8
3
-5
-5
4
15
14
-6
-18
-38
-45
-32
-15
-10
-8
-11
-23
-16
4
9
6
4
0
-9
-15
-25
-21
2
13
8
-1
-10
-20
-37
-33
-21
-20
-35
-50
-46
-39
-30
-19
-7
9
17
7
-2
10
16
5
14
14
-3
9
32
29
20
8
4
8
16
10
-9
-9
12
21
5
9
23
18
3
-6
-15
-21
-14
7
19
45
54
20
-21
-36
-15
-14
-27
-27
-23
-9
-25
-24
-24
-6
11
-1
-29
-54
-36
16
76
85
68
77
73
40
47
52
31
38
39
11
3
24
18
-8
-7
37
53
59
18
-35
-34
26
102
139
152
128
71
33
29
23
17
29
-2
-36
-64
-80
-59
-78
-116
-101
-64
-59
-66
-73
-87
-57
-19
-23
3
51
47
-11
-75
-68
-50
-55
-68
-59
-77
-102
-55
-37
-105
-150
-145
-139
-104
-80
-40
56
134
133
25
-16
3
17
51
141
256
218
119
103
129
64
-27
-16
41
62
0
-49
-14
24
15
35
36
-43
-83
-37
23
72
108
96
81
55
-2
-92
-136
-78
-18
35
51
24
-57
-77
-26
-47
-36
-4
6
3
52
99
6
-70
3
66
58
55
66
27
-1
-3
-19
-50
-68
-60
-41
-26
-97
-150
-209
-261
-222
-225
-212
-107
8
25
-2
-16
-87
-155
-163
-44
91
118
134
148
81
-68
-90
-18
-8
13
105
180
140
132
130
3
-57
-41
-29
-84
-108
-99
-64
8
46
110
71
-67
-118
-59
30
148
224
189
147
129
44
30
126
183
184
173
115
-115
-257
-158
21
150
183
180
74
-83
-260
-334
-229
-123
-44
70
178
84
-73
-95
-92
-69
57
283
452
467
309
159
80
9
12
45
76
62
41
69
-17
-161
-179
-58
57
75
-15
-187
-285
-221
-53
160
180
10
-121
-199
-283
-285
-44
181
207
85
-41
-64
-93
-80
48
187
235
103
-26
-97
-200
-213
-28
124
25
-109
-154
-127
-168
-188
-190
-190
-205
-164
-42
-5
-48
-115
-94
-15
-43
-73
-101
10
122
151
208
202
252
239
266
167
-21
3
-49
-117
-31
194
109
-104
-134
-172
-375
-422
-136
93
82
25
95
75
-48
-32
150
219
31
-86
98
362
169
-72
126
157
-36
-146
66
-10
-157
37
86
12
-101
-22
32
-120
-381
-342
-74
137
78
22
-97
-151
-145
-142
35
151
347
287
206
186
149
58
-126
-16
184
308
143
-29
41
-60
-229
-153
176
132
-110
-156
-136
-259
-213
-186
-103
-4
107
125
-41
-100
-167
89
258
349
314
241
83
-209
-60
185
146
124
69
199
102
-234
-181
-53
-93
-346
-166
8
-53
-202
-196
81
-76
-115
24
155
98
-113
-27
279
234
-18
28
177
14
-126
106
-77
-181
-192
108
359
75
-172
-61
33
-415
-290
-76
12
226
166
-145
-254
-105
-288
-120
297
64
-80
-69
300
-47
-323
181
279
77
-153
-8
7
-20
-195
-223
122
466
-14
-587
-205
157
-84
-329
469
649
81
-364
-297
83
100
267
39
294
210
-159
201
6
-346
-217
-15
-48
93
346
-68
-189
-41
105
49
-286
-342
-66
184
110
169
325
-300
-209
5
-132
122
82
124
-58
408
152
-285
-29
-58
-56
128
625
159
-165
85
-57
-75
-41
644
167
-235
120
287
-14
-514
79
-33
70
-154
-640
-369
-134
-16
363
288
154
-297
-278
-4
117
279
193
572
141
-199
-487
122
373
-205
-30
483
190
-422
-640
-262
173
53
-59
83
64
-487
-552
289
477
-104
-408
360
381
-448
-307
-30
26
-222
200
613
137
-343
47
248
-554
-387
-161
-21
2
209
-33
-370
-196
-263
-33
917
129
-545
-25
-82
13
-11
340
588
-30
-379
-528
125
19
-345
-34
648
418
-422
110
-95
-347
136
-2
-176
417
-12
-471
135
733
-154
-516
70
357
-273
16
453
337
-81
-30
252
161
67
-437
-89
191
72
-261
220
409
-280
120
209
-318
-381
-58
-102
79
660
40
-69
146
-25
-422
-50
592
-55
-244
35
70
68
90
-171
-371
74
231
-576
134
12
-324
285
485
-109
-387
-17
-175
24
187
-44
-130
563
-404
-419
432
325
-416
-89
420
-380
133
342
35
55
77
-184
-506
595
54
-273
190
142
17
-302
505
-145
-612
-55
327
374
-380
451
491
-468
-7
62
220
-520
124
550
-400
-236
321
-288
-182
234
-855
-590
38
-26
-282
227
531
81
33
-419
-65
-554
9
-99
-64
398
179
122
-56
101
-252
188
-303
362
201
-66
-41
241
123
-725
-152
133
552
-302
338
45
-191
356
-418
107
66
384
-355
161
465
-378
-216
241
729
-366
-195
1133
-433
-162
67
244
5
-177
389
155
430
-915
-569
-212
-34
59
136
227
46
22
-202
31
265
-90
188
160
220
-164
-256
167
-318
-366
82
254
-360
130
-54
-240
346
-70
-572
-274
731
-439
35
310
-173
-228
315
711
12
48
29
-200
341
-29
-316
-57
349
-573
-68
430
-402
-360
107
268
-549
-289
-218
612
-311
-173
-149
374
242
185
775
-208
-17
22
-66
-358
-131
448
121
356
-574
-454
655
-319
-653
-284
691
-445
-174
77
82
-88
-142
-154
-217
150
-102
573
627
-520
-103
275
-382
-510
747
783
-470
-11
163
-302
-43
-239
56
-77
19
88
223
662
-385
210
43
-396
143
39
-479
446
261
211
42
113
-56
-95
430
-810
-100
79
-276
86
575
-62
-693
306
261
205
581
-299
-825
156
157
-173
369
45
-460
-360
541
-248
-501
-13
-411
544
-227
275
82
-7
-49
-235
685
-819
-143
189
-45
427
497
312
-714
-21
382
-255
-62
-324
121
-53
415
689
93
-230
-418
-79
-683
197
425
177
84
263
450
-328
195
-101
-224
340
-90
303
-476
-233
87
-189
-182
-178
113
116
258
-63
568
-180
-212
-54
-484
-46
241
365
-884
117
413
-1188
307
-166
-132
-75
132
482
88
493
-667
-369
-108
91
279
-28
99
-245
-14
-18
-142
-253
-232
665
357
171
380
-288
-484
-292
102
169
562
-74
-424
241
320
-276
-465
-269
256
488
-271
610
210
301
212
264
-491
-72
-676
-168
160
455
324
-416
-278
-453
539
-786
-119
134
528
696
-100
612
22
-250
34
-693
234
439
454
64
504
-77
-593
187
-156
367
-179
-168
212
289
-364
-313
-55
-373
-651
268
-411
-812
-554
108
166
-653
839
27
-152
106
1129
-445
186
653
-291
437
435
297
-613
-35
314
290
-702
426
266
239
-576
699
-280
-769
606
-133
-229
-425
209
-1167
-285
650
-29
83
447
73
-412
760
64
-626
343
-98
-114
695
538
-1049
-563
99
-770
101
867
121
163
-7
-364
-731
185
-512
-444
423
410
-123
-58
677
-877
608
682
-154
60
-1
225
-247
535
-342
-679
-260
-416
-429
742
650
-155
102
89
-37
-571
471
392
-54
326
69
133
222
100
-647
239
387
-9
-86
79
25
-1072
191
-25
-120
519
-416
-332
19
365
-1095
-94
124
-302
224
-25
685
-391
-164
93
-439
314
-250
0
-356
791
241
-55
181
-121
-197
-343
157
95
57
512
-33
123
116
-377
333
-111
353
-500
376
100
-179
495
-43
-323
341
-243
452
-172
-241
-86
-572
107
-105
513
57
392
746
162
317
345
-365
77
-76
313
-547
347
37
-943
310
16
-666
-125
212
185
-562
971
-292
-721
957
-834
-428
-436
-555
-288
-285
826
-361
418
320
-631
274
-255
222
-272
288
-298
336
-87
331
-212
51
59
259
151
-205
654
11
190
-121
-235
-812
105
342
-544
444
431
-387
37
392
688
-236
663
482
-374
440
-787
-185
-48
341
12
55
563
-1386
200
265
-338
-51
19
129
418
420
-553
-154
-720
-450
-420
135
322
189
476
47
270
307
-694
-4
-381
255
-646
425
408
-751
293
-518
-223
-634
-195
636
511
816
-213
44
-360
-606
221
342
107
-65
-325
112
-244
-23
-209
712
100
-19
-42
-135
-34
-764
48
200
412
-254
-556
624
21
-289
827
138
550
-326
606
-99
128
534
-333
186
-57
-295
-260
-28
-108
-182
241
269
129
-98
-229
-332
59
122
249
195
-217
42
262
-69
248
-636
-16
-248
325
973
-917
938
-288
466
-1008
-54
382
-719
33
-539
-207
-447
-234
123
711
269
7
19
-232
170
-290
187
102
33
-483
651
249
-417
6
-572
-145
-264
470
629
75
-347
-833
530
158
213
589
710
616
-48
-141
-887
-311
-468
-317
281
222
-449
-231
-84
-132
-158
521
190
-529
218
2
122
-507
378
194
-685
324
72
641
-558
42
-402
563
324
-9
-66
-921
-194
98
378
571
78
487
-370
50
162
-42
531
-522
-159
109
107
-627
-262
359
-180
1006
872
-471
-166
-178
-744
169
327
-437
-590
782
-121
-122
227
-187
-611
-283
916
-565
674
481
-427
315
363
-200
324
38
-499
-61
270
-341
-822
-97
-610
241
706
361
1
-141
103
-862
618
180
-208
588
825
-285
-229
318
-491
-427
277
-143
117
-271
221
359
-472
472
-76
-161
-774
-225
75
333
34
-250
-220
323
71
65
-131
145
137
373
708
459
-408
-417
625
-423
-286
-557
528
152
204
365
-293
-172
-439
-62
-655
63
211
340
-38
124
-718
-228
292
-1105
371
467
558
48
165
-158
-632
-478
-536
92
-385
362
-391
-605
258
430
1071
333
298
-435
232
348
424
509
-46
362
73
-430
-180
10
-397
-117
625
28
-478
-308
-127
-39
-343
992
-224
-101
-454
-12
-24
-840
276
658
70
-125
563
-237
-223
111
-327
-419
317
394
-168
208
356
-99
-821
-510
-249
-827
413
308
743
797
430
202
-427
-80
-553
-136
148
-49
650
741
-64
-523
-696
-403
189
617
1025
71
212
-371
-292
-587
110
124
-408
390
368
-118
-679
335
82
-292
9
335
-430
44
520
-8
-18
-557
-732
-1039
-666
349
636
889
293
-76
-454
-463
55
824
721
287
336
-41
-282
-626
-539
299
-82
-6
226
14
-42
-243
-427
-443
555
823
253
477
-113
-820
-564
-261
236
62
971
145
258
-149
0
-709
-299
327
-636
395
277
248
-510
-208
-453
-498
346
-792
-61
151
285
122
151
672
-623
-490
2
694
1225
487
579
399
166
482
473
562
-569
-214
-315
185
-432
-651
-952
-1288
-1100
364
269
198
-150
-253
188
782
307
-402
120
83
56
26
591
-5
-132
-479
653
16
-459
-398
-275
705
338
521
343
-286
-830
-262
323
315
334
-511
169
-278
-64
-341
-292
-445
346
938
358
322
-438
-129
-60
-135
-136
138
390
385
202
242
-21
-74
-616
113
-648
-435
429
405
290
-954
-243
-104
521
91
236
-280
-126
339
-563
-211
-120
299
-213
1265
419
52
752
200
-182
425
853
-42
-107
-98
-352
-60
-303
-971
-1528
-914
-517
64
897
-65
-590
-632
-924
-893
-309
991
595
253
502
596
-76
-896
-178
87
-117
690
1766
1469
183
-424
-1117
-922
-215
-238
365
812
404
51
-168
-370
-1445
-1303
204
726
1554
1316
554
-798
-347
-483
-160
-144
-397
356
465
978
-49
-93
-848
-896
-333
609
357
-103
76
302
333
545
455
347
-462
-481
-178
223
231
23
-143
-155
35
400
-35
-568
-602
-36
11
-57
167
-202
-488
-907
274
-405
861
266
-380
-348
-200
328
-261
565
132
535
251
358
-110
-981
-107
-507
16
450
-23
-301
-540
-1156
-723
-307
145
-101
-228
145
-594
-71
-415
287
269
41
446
291
850
712
452
297
697
566
-139
173
399
400
545
807
268
-762
-589
-607
-211
-225
306
471
498
294
-252
-342
-509
-88
146
442
1209
891
-349
-314
6
-693
-505
723
878
364
706
609
-256
-1138
-725
-26
523
1191
1054
547
-288
-924
-752
111
866
905
740
751
530
27
-164
-517
-337
-106
439
803
786
575
136
588
240
138
592
737
-6
-502
-156
-611
-875
-1045
-1295
-1518
-1804
-1871
-2342
-2557
-2544
-3014
-3181
-3059
-2886
-3002
-3156
-3284
-3310
-3049
-2533
-2035
-1860
-1521
-1157
-829
-296
47
141
528
1288
2144
2741
3233
3694
3873
3619
3679
4395
4651
4698
4902
4862
4833
4285
3892
2955
2659
2258
2145
2557
1570
1287
1223
1614
844
804
737
-40
-729
-916
-168
273
77
-897
-1250
-817
-432
-768
-863
-1047
-788
-408
169
225
-31
-1067
-1480
-491
-122
-904
-1156
-1155
-1617
-988
-328
-468
-1425
-1558
-1169
-1351
-745
17
46
125
881
795
-1775
-5160
-7960
-7841
-4892
-2448
-1881
-2831
-4623
-7311
-9221
-8501
-7173
-6514
-5434
-3667
-2235
-2178
-3008
-4070
-5096
-4749
-2360
1218
4124
4614
3920
3072
2878
3403
4552
6135
7014
7641
8335
9151
9118
7697
6515
5943
5906
6239
7062
7395
5959
3956
2528
2044
2075
1924
1495
571
-617
-1518
-1758
-1971
-2796
-3599
-3742
-3481
-3422
-3332
-3402
-3874
-4289
-3885
-2426
-1085
-498
-588
-681
-548
-305
638
1537
1868
2154
2786
3447
3490
2938
2125
1644
1961
2611
3383
3769
3052
1591
51
-1080
-1419
-868
105
302
-36
-852
-1561
-1955
-3065
-3406
-2790
-1812
-1581
-1628
-1292
-1496
-2039
-1535
-402
330
507
1068
1009
747
1000
1469
2316
2584
1447
-1127
-3842
-5861
-7156
-5935
-3454
-2395
-3592
-6236
-8264
-10107
-10778
-9812
-7994
-6397
-5945
-5166
-4740
-5128
-6107
-6584
-5074
-2813
-19
2602
4112
4081
2701
2625
3987
5775
7417
8674
9805
9704
9324
9353
9252
8781
7909
8050
8487
8288
7534
6182
4901
3414
2643
2796
2768
1882
156
-1170
-1949
-2465
-2454
-2352
-2483
-3186
-3815
-3731
-3776
-4130
-4630
-4593
-4103
-3126
-2084
-1070
-872
-1485
-1732
-1023
634
1982
2849
3089
2711
2444
2578
3093
3354
3180
3234
3337
3500
3098
2398
1809
1138
965
1033
1643
1648
724
-434
-1281
-1341
-1033
-547
-508
-1010
-1528
-1939
-1997
-1532
-1116
-666
-104
521
874
1015
1256
1323
1038
1091
1558
1786
371
-3623
-7982
-9342
-6019
-1870
-731
-3279
-7540
-11068
-13050
-11873
-8649
-6171
-5952
-7031
-6831
-6421
-6515
-6801
-6395
-4615
-2371
1127
4167
4672
2842
903
1995
4930
8295
10551
10986
9970
8254
8235
9628
10541
10029
9135
8951
8625
7770
6580
5260
3728
2383
2400
3220
2883
590
-2310
-4129
-4516
-3787
-2419
-1927
-3311
-5432
-6520
-6164
-5281
-4615
-4229
-3946
-3546
-2933
-2152
-1538
-1396
-1128
126
2193
3952
4393
3654
2763
2578
3460
5087
6418
6207
4847
3494
2727
2606
2730
2861
2691
2211
1773
1286
568
-509
-1454
-1575
-833
327
838
143
-1479
-2932
-2972
-1658
134
1072
891
304
-171
260
1175
1782
1857
1938
2134
236
-4953
-10195
-10143
-4402
559
258
-4167
-9213
-13276
-14998
-12195
-6844
-3784
-5266
-7984
-8500
-8248
-8444
-7859
-5385
-2734
-994
1426
3838
3668
848
-243
2993
7675
10918
11964
11259
8844
6586
7500
10684
12721
11901
10155
8960
7476
5873
5421
5895
5442
3927
2996
2562
899
-2203
-4380
-4335
-3207
-2370
-2127
-3126
-5810
-8477
-8694
-6260
-3859
-2858
-3044
-3884
-4856
-5288
-3781
-1554
-95
552
1651
3062
3121
2445
2082
2920
4318
6038
7673
7473
5570
3045
2170
3095
4545
5380
4783
3400
1289
-67
-170
376
750
423
284
-86
-737
-1549
-2164
-2143
-1911
-1116
17
831
602
-257
-519
38
1311
2514
3128
3003
2542
999
-3381
-9283
-11285
-5902
1616
3298
-2030
-8985
-13669
-15658
-13363
-7043
-1806
-2971
-8219
-11083
-10344
-8890
-7626
-4817
-1753
-1063
-1176
325
2085
1228
77
2590
7442
10402
10089
8766
7212
5831
6736
10534
13825
12783
9075
6442
5699
5701
6290
7796
8035
5442
1795
22
-127
-913
-1865
-1551
-832
-1805
-4154
-5906
-6993
-7822
-7363
-4958
-2827
-3320
-5374
-6979
-7240
-6316
-3622
-103
1598
652
-1228
-1352
21
1902
3787
5528
6379
5607
4600
4173
4319
4648
5188
6210
6351
5212
3361
1952
1533
1611
2335
2936
2638
1043
-916
-1774
-1509
-653
9
117
-442
-1511
-2096
-1660
-433
991
1644
1523
770
472
1228
2447
3585
2570
-2002
-8737
-11742
-6574
1662
4356
-1164
-9066
-14065
-15488
-12637
-6335
-1062
-2685
-9142
-12906
-11580
-8438
-6485
-4148
-2000
-2128
-3053
-1970
850
1506
753
2378
6366
8977
8461
7356
6935
6989
8044
10955
13545
12425
8633
6066
6382
7597
8457
9098
8391
5255
1260
-147
964
1913
1375
205
-1079
-3424
-5806
-6551
-5540
-4664
-4675
-4712
-5141
-6647
-8143
-7911
-5933
-4137
-2752
-1786
-1821
-2912
-3698
-1980
1039
3549
4284
3932
3203
2506
2963
4741
6916
7586
6607
5127
4127
3751
3971
4718
5193
4549
3046
1656
981
788
903
1204
1281
664
-507
-1482
-1981
-2107
-1817
-1029
-100
309
-23
-602
-963
-397
807
2054
2692
2220
-578
-6340
-10920
-9105
-1238
4427
2082
-5532
-12232
-14873
-13582
-8048
-1471
159
-5160
-11823
-13199
-10080
-6279
-3233
-1001
-1054
-3730
-4969
-2500
1106
2587
3064
4671
6055
5871
5356
6517
8200
9175
10144
11370
11172
8765
6854
7395
9196
9924
9366
8165
5769
2696
1130
2378
4216
3959
1758
-830
-3047
-4772
-4750
-2964
-1540
-2486
-4896
-6753
-7502
-7346
-6210
-4422
-3600
-4200
-5148
-4836
-3770
-2577
-1246
123
1142
964
745
1216
2485
3758
4651
5473
5464
4669
3673
3713
4754
5605
5900
5249
4089
2532
1576
1961
2858
3299
2486
1167
-60
-908
-1083
-677
-174
-351
-1102
-1590
-1301
-586
-223
-175
-41
365
839
1186
1417
387
-3340
-8207
-9491
-4544
1907
2890
-2683
-9655
-13369
-13208
-9441
-3612
-33
-2859
-9611
-13301
-11331
-6941
-3470
-1385
-1265
-3791
-6145
-4732
-177
3059
3374
2975
3132
3353
3955
6283
8986
9746
8678
8058
8376
8497
8608
9602
10654
9957
7904
6429
5954
5485
4882
4987
5196
4028
1595
-343
-938
-1071
-1169
-1032
-981
-2280
-4435
-5689
-5635
-5367
-5195
-4615
-3957
-4549
-5845
-6136
-4922
-3196
-2169
-1323
-1047
-1475
-1974
-1079
1251
2973
3306
2712
2386
2381
2851
4150
5308
5524
4436
3402
3212
3590
4115
4287
4066
3036
1764
1171
1571
1991
1708
939
-111
-1076
-1638
-1263
-373
110
-247
-942
-1437
-1596
-1176
-393
565
527
-930
-4290
-7735
-8448
-4842
41
1001
-2943
-8669
-11697
-11444
-8275
-3832
-1222
-3171
-8367
-11428
-10052
-6234
-2945
-1251
-1436
-3829
-5788
-4567
-432
2933
3404
2479
1609
1523
2616
5483
8253
8794
7165
5746
5727
6619
8204
9809
10305
8480
5920
4780
5373
6431
6816
6711
5522
3354
1366
877
1714
2077
1579
510
-736
-2071
-2854
-2620
-2125
-2357
-3136
-3820
-4305
-4556
-4303
-3387
-2871
-3059
-3542
-3503
-2987
-2371
-1587
-870
-519
-676
-710
-89
811
1544
1876
2022
1981
1869
2172
2821
3455
3449
2991
2396
2015
1974
2179
2403
2208
1516
489
-403
-757
-662
-398
-456
-873
-1696
-2507
-2724
-2260
-1657
-1424
-1478
-1597
-1720
-1743
-1346
-977
-1242
-2661
-4161
-4840
-3813
-1772
-497
-1294
-3865
-5890
-6465
-5392
-3559
-1889
-1695
-3455
-5385
-5733
-4341
-2690
-1609
-1164
-1642
-2452
-2444
-970
797
1462
1242
763
651
1187
2681
4215
4651
3842
3035
3203
4156
5359
6187
6102
4966
3756
3527
4382
5290
5551
4888
3494
1993
1332
1805
2621
2830
2142
997
-124
-699
-419
395
808
323
-596
-1224
-1265
-852
-154
260
10
-774
-1365
-1172
-541
82
301
60
-429
-878
-793
-358
106
245
34
-425
-933
-1043
-719
-285
-250
-663
-1153
-1403
-1316
-997
-771
-818
-1103
-1389
-1427
-1178
-701
-398
-533
-951
-1221
-1104
-700
-299
-170
-352
-663
-832
-691
-302
-13
-82
-398
-709
-713
-401
-19
117
-143
-573
-980
-1068
-757
-219
63
-175
-726
-1147
-1212
-975
-600
-325
-389
-808
-1222
-1253
-866
-506
-397
-562
-797
-928
-819
-502
-235
-152
-211
-215
-126
-15
156
368
535
605
640
731
805
843
775
682
581
527
568
648
766
799
742
612
570
705
935
1201
1379
1435
1425
1439
1557
1741
1929
2028
2006
1904
1826
1842
1894
1895
1811
1703
1511
1284
1103
1086
1146
1070
831
518
251
69
-59
-97
-146
-273
-490
-709
-843
-953
-1054
-1137
-1123
-1089
-1115
-1185
-1299
-1394
-1524
-1508
-1326
-1136
-1052
-1180
-1323
-1412
-1366
-1217
-1020
-857
-882
-1012
-1085
-952
-713
-464
-245
-197
-347
-579
-597
-359
-30
188
178
4
-168
-193
-30
215
336
226
-26
-176
-102
119
221
91
-193
-426
-454
-339
-194
-186
-319
-553
-713
-699
-602
-502
-494
-528
-606
-657
-617
-514
-406
-423
-507
-580
-552
-401
-235
-112
-116
-177
-215
-135
107
400
673
810
839
870
992
1211
1466
1711
1857
1874
1790
1752
1832
1934
1971
1934
1844
1699
1542
1462
1519
1614
1595
1385
1080
807
661
632
651
598
403
127
-120
-256
-319
-334
-348
-435
-639
-857
-977
-996
-981
-992
-1030
-1097
-1198
-1282
-1291
-1227
-1177
-1176
-1174
-1148
-1113
-1104
-1091
-1042
-964
-825
-640
-478
-421
-441
-451
-370
-206
-13
139
163
79
9
92
289
437
443
327
206
184
310
482
513
373
213
152
199
290
333
292
178
55
-8
-39
-64
-103
-142
-211
-316
-427
-517
-561
-647
-787
-934
-1014
-980
-907
-862
-891
-958
-1031
-1070
-999
-821
-585
-451
-422
-428
-383
-212
45
349
592
680
630
587
668
855
1049
1171
1207
1122
990
949
1060
1228
1276
1192
1065
962
892
878
930
997
973
835
669
543
485
501
568
587
466
279
162
146
180
166
92
-18
-129
-209
-258
-283
-350
-423
-500
-541
-548
-519
-442
-367
-328
-357
-409
-458
-461
-404
-309
-203
-114
-99
-157
-225
-265
-258
-213
-134
-53
-28
-115
-284
-357
-280
-112
2
-7
-107
-209
-218
-119
48
122
57
-43
-88
-46
12
48
30
-2
-8
-1
0
-50
-105
-181
-269
-295
-263
-216
-268
-398
-500
-508
-455
-455
-489
-517
-502
-463
-406
-346
-305
-251
-164
-34
44
42
17
53
199
322
335
252
182
168
166
187
235
280
232
117
35
20
55
98
132
105
23
-50
-69
-34
6
29
47
32
-12
-71
-73
-15
49
94
70
3
-49
-10
97
178
201
176
130
81
85
177
307
389
402
351
291
280
353
446
494
491
450
443
455
452
407
338
317
318
349
356
285
159
63
36
49
106
122
50
-60
-115
-81
-28
-24
-53
-86
-131
-180
-201
-185
-156
-136
-145
-171
-198
-218
-227
-228
-215
-223
-256
-297
-372
-412
-362
-256
-177
-215
-314
-409
-407
-279
-119
8
13
-85
-137
-77
42
138
190
214
183
111
49
87
195
262
226
142
53
-39
-112
-115
-52
-30
-91
-209
-269
-290
-296
-289
-270
-245
-269
-305
-300
-268
-255
-257
-246
-217
-200
-229
-261
-248
-202
-161
-124
-98
-76
-76
-106
-174
-183
-79
57
145
133
61
3
35
143
269
357
347
283
238
229
243
261
315
378
405
386
354
335
317
296
263
231
226
252
283
295
302
291
222
133
128
180
219
211
174
118
62
41
47
65
97
108
64
10
-2
0
-45
-115
-159
-152
-86
-26
-39
-170
-318
-362
-284
-138
-51
-50
-94
-130
-101
-24
63
99
69
1
-61
-84
-80
-50
-19
-32
-99
-171
-200
-224
-231
-227
-198
-178
-189
-196
-209
-215
-217
-195
-165
-146
-165
-186
-184
-181
-160
-144
-102
-78
-94
-114
-111
-36
54
117
123
67
-19
-81
-51
39
119
136
71
-5
-35
-18
33
123
208
225
165
76
45
93
180
221
194
141
98
114
146
145
83
24
16
50
91
86
62
35
42
82
115
123
124
135
164
205
240
233
181
133
131
191
261
273
217
160
153
155
162
155
146
140
119
108
58
6
-33
-78
-79
-70
-64
-87
-139
-194
-223
-197
-155
-130
-157
-202
-247
-280
-283
-258
-210
-209
-270
-321
-332
-292
-272
-268
-281
-289
-289
-304
-302
-261
-221
-205
-194
-200
-194
-194
-165
-132
-110
-85
-83
-91
-119
-108
-67
-17
48
100
122
113
76
27
50
157
276
318
280
219
136
103
153
258
339
317
232
123
66
104
195
280
289
215
110
68
91
128
132
85
6
-77
-90
-69
-46
-25
-33
-77
-125
-130
-95
-30
47
113
134
120
77
54
88
173
254
282
268
232
221
263
326
354
331
283
260
268
263
221
179
147
145
154
157
130
66
-11
-43
-17
30
35
-36
-133
-195
-186
-153
-131
-160
-249
-363
-409
-359
-284
-248
-288
-349
-390
-405
-377
-342
-303
-303
-321
-346
-371
-386
-381
-343
-330
-337
-353
-341
-302
-261
-238
-250
-243
-200
-142
-80
-48
-30
-35
-8
58
122
172
176
166
146
155
173
204
243
257
239
191
190
222
265
265
219
170
151
181
210
245
241
192
129
89
85
92
116
119
113
117
101
50
-14
-11
49
118
166
161
111
39
21
53
122
172
195
196
188
180
173
172
143
141
138
150
163
110
32
-23
-9
25
38
39
0
-65
-126
-85
18
72
29
-61
-100
-96
-28
30
35
-10
-93
-173
-166
-96
-21
14
-11
-102
-187
-195
-139
-74
-27
-40
-111
-220
-298
-285
-198
-150
-190
-279
-336
-333
-286
-215
-167
-180
-243
-295
-272
-188
-95
-34
-37
-37
-57
-61
-28
5
29
19
25
44
42
36
12
-20
8
27
39
37
25
37
50
71
92
99
85
54
38
50
80
113
137
166
188
166
157
198
205
211
194
195
206
209
210
183
151
109
135
189
214
206
173
131
93
98
106
113
102
58
5
5
37
24
5
-21
-44
-106
-182
-218
-223
-188
-143
-114
-147
-174
-177
-190
-186
-168
-120
-75
-84
-137
-177
-174
-63
44
52
-25
-56
-41
-34
37
102
148
108
53
29
14
31
38
28
-22
-59
-74
-87
-71
-17
31
16
-41
-90
-67
23
45
25
10
-5
-51
-65
-36
-58
-75
-63
-40
-30
-17
7
-29
-92
-132
-107
-75
-45
-39
-83
-121
-111
-52
-39
-5
21
32
44
80
79
74
122
161
129
103
114
101
53
80
184
210
158
104
78
84
124
173
227
229
178
134
138
144
147
195
237
192
107
75
69
49
52
80
56
-23
-131
-168
-96
0
41
-3
-48
-114
-215
-255
-214
-172
-202
-207
-191
-166
-191
-186
-121
-87
-70
-85
-85
-108
-105
-87
-110
-100
-65
-12
-34
-104
-119
-57
-50
-73
-57
-75
-113
-154
-121
-39
-17
-46
-63
-27
-27
-26
3
-1
-11
11
67
83
107
95
88
99
132
137
78
33
16
29
13
58
84
35
-80
-89
-64
-41
-2
13
-3
-57
-22
1
37
29
29
38
-13
-85
-122
-64
10
44
30
1
9
-1
19
65
76
71
90
97
94
115
156
141
113
159
208
199
157
147
108
116
155
192
210
140
56
40
92
87
44
29
-8
-28
-23
-16
51
74
49
18
-12
-26
-47
-3
-32
26
63
5
-64
-114
-100
-138
-110
-73
-62
-121
-206
-180
-163
-164
-160
-145
-139
-165
-151
-153
-203
-203
-173
-155
-165
-128
-138
-142
-88
-11
-21
-46
-40
-67
-59
-40
-13
7
72
135
151
99
-2
12
69
96
93
108
119
98
62
36
74
44
-5
-18
30
9
-20
-30
-8
72
82
62
21
-29
7
62
87
40
1
19
-27
-89
-35
56
94
44
-15
-15
-24
-3
41
42
63
170
188
104
45
100
124
113
141
81
17
-8
-23
20
61
49
-12
-31
2
19
-8
-18
-9
0
7
25
73
30
81
104
98
32
21
70
69
11
-88
-98
-123
-83
-84
-79
-97
-65
-253
-640
-656
-70
602
710
595
337
-70
-617
-839
-781
-544
-58
329
637
549
339
-20
-418
-624
-681
-399
-175
115
291
325
223
63
-96
-189
-273
-276
-488
-661
-312
544
1089
924
743
274
-251
-1079
-1597
-1443
-636
300
641
1188
1555
1428
831
40
-404
-832
-778
-385
279
821
1154
1103
19
-1121
-1444
-874
-364
466
1189
1303
916
351
-327
-935
-956
-686
-132
421
782
785
610
305
-123
-421
-658
-626
-481
-208
89
337
497
310
77
-208
-526
-559
-317
-21
51
229
318
225
10
-169
-201
-203
-111
-97
84
238
253
155
30
-42
-31
-1
-25
-60
-21
-50
-152
-220
-205
-158
9
104
-138
-636
-890
-635
79
641
1045
982
688
92
-577
-815
-796
-401
-341
-304
-96
373
670
424
58
-177
-165
-185
69
71
99
171
259
300
55
34
-147
-158
-101
78
240
244
200
-56
-295
-320
-217
-15
172
304
220
118
111
16
-174
-362
-427
-485
-493
-345
-64
301
535
661
755
726
499
-9
-442
-717
-592
-261
-208
-609
-944
-551
93
623
945
896
681
330
-264
-942
-1225
-565
543
1505
2045
2048
1611
623
-305
-942
-1161
-841
-239
358
703
746
572
244
-309
-665
-778
-806
-713
-623
-587
-586
-480
-509
-572
-460
-488
-704
-648
-223
434
995
1393
1427
1164
603
-161
-564
-613
-45
656
1313
1558
1174
350
-587
-1012
-1383
-1848
-2127
-1775
-897
-30
983
1571
1543
938
86
-593
-1199
-1145
-484
460
1288
1691
1459
483
-560
-1194
-1293
-884
-209
465
816
702
231
-557
-1129
-1220
-983
-534
217
968
1401
1157
963
455
-405
-712
-848
-945
-788
-220
470
738
923
717
256
-308
-583
-751
-901
-509
205
733
752
785
441
-181
-634
-618
-674
-650
-215
38
220
315
328
121
-168
-418
-618
-370
57
272
454
464
364
-51
-296
-70
-203
-48
317
633
576
378
193
-98
-329
-489
-213
270
373
161
170
237
548
262
-417
-558
-509
-249
-56
501
313
173
595
592
64
-490
-212
-419
-336
4
340
649
495
285
-84
-63
319
239
43
56
-304
-418
-513
-197
167
162
690
601
-216
-1127
-1149
-435
-362
253
718
664
415
-50
-480
-519
-457
-187
-80
271
432
342
300
134
-467
-554
-365
-220
-359
9
589
351
-188
-322
-13
-404
-631
-21
470
56
-9
227
435
322
479
542
-420
-389
-217
-215
-469
168
583
-87
-135
97
161
-299
-581
-529
-625
-279
169
457
819
689
186
-423
-151
-294
-936
-528
486
934
1313
948
496
-198
-715
-802
-805
40
421
371
500
1082
1178
-649
-1420
4
-326
-1122
151
945
-36
-321
1104
409
-409
525
131
-1600
-1385
-328
-36
348
665
895
672
347
-950
-1333
-1225
-882
292
1242
1233
913
908
-35
-1592
-1510
-1461
-945
309
1810
1298
1130
1643
-573
-2226
-2003
-1842
-1006
1072
3123
2389
1972
1278
-1643
-2989
-3718
-2154
935
3313
3314
2012
923
-1876
-3664
-3542
-1455
379
2265
3336
2216
669
-2035
-2541
-2478
-829
562
1200
2512
2270
362
-1148
-1251
-1943
29
913
171
1311
1359
359
-1250
-57
-539
-727
914
-316
837
760
363
-480
-450
-316
-1377
1305
966
-208
14
199
-695
-570
558
-170
701
-304
-245
70
-746
80
472
215
-139
925
-570
-1932
1018
64
-541
445
184
270
-155
895
-716
-825
40
-657
264
1040
913
-849
-397
503
-282
-1148
-643
620
578
1087
270
-457
-805
-194
-193
-823
1202
-1
815
398
-100
-551
-680
-77
-178
691
222
-9
73
291
-1350
-1121
1396
356
57
486
516
-1933
-302
-180
-644
976
1107
210
-1
409
-974
-783
1075
-214
-753
183
1914
239
-846
671
-286
-502
-508
-517
274
995
633
-279
-1099
-1003
72
963
993
230
-445
-130
-635
-575
-596
266
1410
1237
182
-294
-958
-1607
-820
1488
889
350
73
-449
229
-770
-742
-202
824
1026
-990
-572
-214
1214
-881
-647
1138
549
376
-687
226
-866
743
669
-274
-962
779
529
-1106
1118
309
-180
-257
-400
-496
-271
863
-163
7
856
-487
73
-1151
-1
16
209
467
808
-481
-1142
654
-73
517
-133
9
-1055
123
944
-832
207
534
96
-1099
279
-393
-333
541
400
697
-155
-832
221
-763
-859
11
1590
-165
127
135
-1242
-90
773
513
-869
117
-172
-192
615
619
-1422
874
1302
-759
-867
218
177
-356
-129
813
416
62
-144
-1072
359
193
582
-763
287
312
382
-118
112
-662
-364
222
-39
-196
-186
477
-130
286
-285
-260
-131
51
-488
-51
383
492
-65
312
162
-634
-705
670
-309
-139
552
1204
394
-980
209
-1040
44
-331
77
27
-34
582
644
40
-722
-1264
-252
868
476
544
558
710
-1197
-504
311
-380
273
365
-576
22
860
159
-885
501
655
-868
-268
543
-309
275
172
-346
-106
672
566
-290
223
-995
-11
746
76
-180
28
839
-1683
101
835
-489
86
527
285
-1049
-384
347
-10
509
765
-488
-207
148
216
-1283
836
388
-609
833
-98
-664
-542
117
-760
288
443
69
62
970
-399
-1713
303
3
773
702
-23
-69
-969
301
-488
70
0
-199
1401
-838
-685
-295
598
366
-1084
616
-121
69
-326
-396
370
194
459
-254
170
-77
110
-399
-697
437
453
565
-343
-203
351
-378
159
-521
434
941
-169
-421
-255
-106
471
410
184
-601
72
257
92
132
-144
-308
12
-736
118
-135
751
177
-786
365
297
320
-747
-478
97
-59
574
443
-409
157
-396
-643
-64
38
297
256
524
-306
-156
-246
-305
-372
216
494
-359
344
508
42
-716
276
482
-1337
607
195
-69
739
754
-364
-732
397
-803
-378
617
894
-119
660
-44
-229
-435
272
-452
304
504
-576
-244
743
475
-120
-325
182
-54
-929
22
-149
186
544
426
-389
99
-600
-1178
-899
1233
457
279
817
69
167
-1455
-350
234
-643
515
502
1158
-233
-96
-1180
-304
684
-785
-449
393
1184
261
-50
-161
-337
134
-233
19
-101
461
-279
233
292
-746
314
138
-585
-451
-262
309
393
269
-786
557
952
-1055
-512
93
20
-877
699
1246
-1020
287
-344
-506
260
-165
-186
185
956
-384
117
-484
-428
-438
317
376
576
877
-939
-576
898
225
-388
56
642
-991
-97
768
-330
777
381
-754
-70
-97
-171
-311
402
774
73
-245
159
-1010
105
768
148
-561
912
613
-1559
-34
506
189
173
-334
-353
230
124
-289
-1211
955
802
-517
-675
931
53
-714
-28
-167
280
105
370
198
986
-513
-808
-184
169
205
-511
807
-104
-386
314
430
-604
-455
579
-711
-84
666
616
-318
530
-480
-994
704
-219
-254
-132
795
-81
-378
-95
177
334
-410
-578
476
295
-785
169
1088
395
-999
-378
105
-158
1
-807
214
765
-96
-767
-333
413
-189
-282
-169
362
579
-179
-608
218
-228
-120
208
574
330
-346
233
-218
626
-385
-417
556
-29
-368
-116
645
-53
-104
496
-491
487
-455
-68
327
166
-10
39
379
158
-112
-335
-241
226
358
-511
-75
-71
371
-366
510
-106
82
-172
-554
-331
-158
959
206
-574
-273
-116
706
-527
167
540
333
-108
-679
-716
-2
783
568
97
-531
22
-379
169
-763
317
1042
162
351
-496
175
-413
149
225
-789
843
-214
532
-479
55
-34
-779
674
-353
12
-325
-229
166
55
302
-294
121
-267
4
305
-366
222
199
-94
-186
724
105
-641
-101
282
-517
-34
828
-201
-438
354
-626
149
493
-583
-455
458
600
-541
249
-79
286
-637
-355
719
-473
-35
726
233
-1053
199
22
-303
338
287
107
-384
-81
-178
-266
933
477
130
63
-1098
118
132
404
59
886
-135
-641
779
-1111
471
-113
319
-143
197
-425
-502
807
-365
63
-70
-103
-246
59
-330
-189
353
142
329
628
-470
-616
446
-378
-657
751
583
-416
322
187
-545
284
656
-1110
-410
850
352
-591
505
686
-1061
-375
129
301
-166
-81
350
-864
432
488
-20
410
332
-736
-589
132
-347
55
638
1078
-289
127
-137
-1715
-90
-427
-7
1206
776
-502
-913
103
-263
165
-184
324
707
-461
70
176
788
-109
-465
101
-463
11
-95
184
66
707
20
-105
-666
-118
-48
-158
-287
1087
485
-695
647
-139
-741
-560
354
-44
176
736
-420
-81
248
-549
-1076
425
217
-1315
1405
976
-857
-238
669
-582
-644
43
-280
781
956
-210
-548
413
-141
-383
-772
267
448
519
-534
591
421
-499
-173
-231
-137
-477
600
399
-277
809
172
-212
-269
-622
327
268
144
213
778
-277
-580
112
157
-571
211
375
-61
136
372
-468
-123
166
-450
-179
1025
356
-1015
-201
-101
-124
-255
207
42
-172
573
-172
-838
286
-269
229
-145
603
292
-527
787
-1567
684
-162
914
-318
-320
963
-606
245
-630
800
-166
-420
-170
-738
127
-309
481
187
-603
-151
250
-242
104
792
-579
-273
581
16
-207
199
553
97
286
-190
-90
-508
-303
2
88
1177
-227
320
197
-769
-342
-155
921
-347
493
363
151
-494
-171
469
-1053
-131
223
292
324
140
-281
5
381
-441
-767
110
342
-106
28
880
-357
-444
-179
-363
148
691
433
-221
127
-334
-811
12
248
-155
456
242
-214
-615
80
365
-600
476
32
310
-137
-11
-660
-246
803
-610
232
155
12
-331
-26
-347
-499
549
394
-278
717
-209
-212
-332
163
-293
-397
453
42
517
-27
2
-422
92
58
-642
396
681
-16
-290
193
308
-208
-210
242
-488
476
194
242
-131
-373
252
-485
347
-435
728
211
-453
97
-136
526
-235
352
-858
357
710
-419
-103
-181
218
-124
66
447
183
449
-734
12
277
-402
-310
95
407
79
763
-608
-576
550
56
-451
-39
638
-78
-118
-70
-469
15
-70
-224
-277
306
124
-387
-143
-641
308
292
221
-477
339
52
-288
270
-320
405
264
-30
-757
319
474
-859
598
82
-39
449
-646
-344
-458
500
350
159
-196
-447
751
-64
-524
-217
125
393
43
-59
90
168
-304
-247
101
416
113
146
24
-786
-480
944
225
-301
503
-240
-36
-639
337
-162
206
530
-761
71
9
801
-207
347
-420
-335
289
-62
-44
81
527
-409
-60
-556
-242
445
-137
74
382
397
-467
-145
99
-940
790
209
88
-65
-12
-47
-15
154
-588
913
-372
-97
229
244
-90
-429
396
-234
-189
26
98
-20
-187
179
-51
105
-117
127
101
-271
-461
-337
742
-141
-168
641
171
-147
-637
89
-146
406
462
-886
354
75
336
189
-198
-21
-789
351
-117
848
-310
78
158
13
-786
-456
448
-310
558
474
470
-1044
-88
-215
-663
11
512
435
-183
883
-355
198
-96
-402
-508
-283
778
406
503
58
-138
-333
-605
-203
-35
459
146
720
-281
-417
69
51
-464
-119
247
94
-137
136
41
-430
24
121
-302
-348
1086
85
-373
70
-92
-91
233
-242
138
549
100
-332
29
-551
354
100
-181
-732
487
726
-788
82
195
-448
102
440
-582
-612
801
-59
-25
420
-120
192
-1040
225
324
-54
302
479
-83
-819
542
-474
-570
430
701
506
-639
412
-220
-281
-239
-214
279
73
118
-274
489
-212
-217
-364
-15
373
263
156
40
-672
10
573
-8
147
539
49
-742
448
161
-516
-59
404
-157
272
223
-27
-24
231
-624
-619
305
149
-53
266
343
-270
93
24
-330
-134
-202
377
319
513
-314
70
300
-150
19
-557
-210
113
165
557
-577
-582
270
-181
-122
191
222
-537
363
252
-1034
115
583
-472
78
126
334
-103
-83
-45
-444
-248
-643
1013
289
506
-223
-232
206
-563
-201
-572
792
612
153
257
-616
-234
54
-88
119
-515
249
41
-63
317
40
-337
0
-26
-439
-146
804
-55
165
-69
348
-467
10
310
-211
31
388
350
-480
-189
32
-273
126
-334
150
503
-310
-329
297
-119
3
-65
-64
239
106
74
297
-324
76
-711
214
-101
-3
470
100
-48
-1073
327
166
12
190
397
-113
-295
492
-276
393
656
-246
-615
129
319
-366
-59
739
211
-213
140
-840
-261
383
-390
494
590
-100
-31
-35
-393
-1088
569
187
78
362
-97
-21
-97
237
-588
-254
410
128
-321
220
81
100
-275
420
-237
-420
-253
-176
242
316
379
386
376
-410
-873
-265
486
-257
452
769
-6
-633
-96
-84
-138
267
4
25
-313
-181
316
426
-207
-260
-258
266
16
-530
169
446
-77
-163
-23
135
-143
-413
482
7
-27
41
78
124
-207
-450
216
28
444
-508
486
228
-623
3
-266
706
-369
42
346
134
171
-719
105
-277
-117
905
-200
-193
316
-433
92
349
550
-394
-254
290
20
184
25
-40
-8
4
-418
-33
-429
221
259
-2
60
-58
-332
-516
-618
561
1011
-14
79
43
-281
-142
-99
282
-335
399
518
-546
-191
136
95
-77
520
-225
-172
516
-541
-131
260
430
129
85
12
-804
66
-349
442
175
-100
177
-165
22
-543
-312
-181
118
660
-460
215
-401
124
65
-452
-641
272
719
-104
249
330
-87
-927
36
-138
-39
655
-4
-208
445
-218
-495
311
-277
-342
-140
888
227
283
114
-283
-66
-942
-121
-345
840
287
338
660
-566
549
-223
-918
181
280
-299
-346
1280
127
-855
545
-62
-762
-644
-265
-153
485
971
-3
143
142
-330
-449
-710
27
624
476
120
283
204
-773
-500
-13
-220
160
802
640
-248
-16
-331
-560
68
39
449
-170
694
292
-466
-297
-378
1
69
591
-275
150
63
-214
-97
40
-219
-333
239
-51
685
134
425
-528
-247
54
-555
110
453
255
-922
506
689
-516
-254
-261
-311
-352
755
447
-80
599
-583
-267
267
622
-461
-369
120
32
362
-39
356
84
-324
-702
197
-71
-677
489
540
148
108
683
-621
-813
273
-702
-361
980
410
-559
568
607
-1299
-231
50
-83
125
553
106
-392
529
-295
-377
-143
-63
36
248
326
13
133
-381
141
271
-607
341
612
-270
-451
-56
141
158
355
87
-104
-45
-38
-231
13
-197
93
185
188
-82
184
-395
-556
246
-245
161
322
444
-378
-413
160
-98
148
-550
331
66
-354
209
-207
11
45
341
-704
315
200
-253
-341
251
30
-68
595
-313
274
-384
-95
-226
347
136
-20
601
-113
-384
-259
-402
364
734
356
-382
-313
251
-204
0
-445
428
554
209
-49
-740
-269
-440
480
459
535
156
-240
-622
38
328
-221
465
136
150
-334
192
63
-737
-54
539
166
-28
129
-107
-844
117
156
237
354
-185
77
-45
-81
-341
158
168
121
203
-403
-432
358
384
-561
205
784
-461
-652
333
-210
-277
436
448
-450
319
26
-985
-186
225
353
-111
804
-195
-766
323
119
-372
-139
79
-348
236
268
-140
-70
196
-474
-146
324
352
-269
-217
47
105
-328
236
127
-588
-91
257
320
-201
605
-265
-239
195
-611
19
12
406
11
443
427
-303
-174
-383
407
-306
296
588
-303
117
-29
98
-601
67
24
-428
383
79
-113
-299
524
100
-369
34
206
-353
-254
165
283
640
-170
-33
103
-370
-325
471
18
-135
519
-35
-19
126
319
-516
-189
522
215
-111
57
-64
-468
203
451
-253
321
130
-453
-387
130
63
-308
114
-122
191
-293
-162
92
-97
-321
448
356
-615
-194
541
-180
-545
311
236
215
-156
-210
-102
49
350
-325
339
201
-163
-370
-95
-373
-183
536
534
196
230
-220
-801
-171
377
-485
438
773
-153
-332
-52
65
-525
238
-57
-6
-162
351
200
-98
261
-319
-282
-245
188
-191
-34
313
31
-256
11
396
-394
-378
173
174
259
-119
641
-232
-244
-367
-114
478
-104
157
-1
200
19
45
-17
-171
296
-17
3
94
383
-194
-355
-212
-232
-65
138
576
-428
-47
420
266
-298
-270
-87
-361
157
97
412
195
184
-250
-478
223
-135
223
-192
254
202
226
211
-486
-170
-330
11
287
67
368
184
110
-140
192
116
-1072
-295
385
498
238
207
116
-76
-584
-596
-524
-37
444
26
462
198
-261
-189
-364
-439
-290
324
255
199
522
-417
-77
25
-101
-312
-493
417
210
524
166
329
-112
-486
-144
-548
219
62
504
505
133
248
-440
-180
-375
-380
110
581
488
-135
160
-385
-435
126
-117
-109
71
243
306
79
-65
-122
-394
-195
8
179
-86
226
507
-51
-163
158
-329
-528
-87
281
160
288
147
41
-82
-198
-507
124
-292
-343
441
155
47
249
-6
-591
-291
336
-304
252
725
-80
-183
-175
63
-367
143
-160
-93
577
257
35
110
-354
-268
-39
516
-107
-16
242
-379
-13
38
-24
93
-62
-168
-251
256
228
-134
-94
-42
413
-21
-116
34
146
-511
-216
466
465
97
-329
109
-82
-331
382
36
-110
30
27
221
193
89
-440
-105
-440
-74
210
319
251
6
67
-306
-284
-166
-249
802
-72
-423
-142
115
108
-298
253
98
57
-100
8
-82
135
203
13
-90
93
-171
82
254
-140
200
-1
-73
-167
-134
144
-359
-234
155
334
553
-222
116
-445
-543
-221
171
612
201
568
-145
-680
-92
100
-401
30
402
-155
129
366
38
-175
197
-203
-178
-97
-48
-67
93
819
-307
439
5
-901
-450
-150
259
131
686
-33
-191
205
-108
-453
-152
121
-279
-134
762
264
-342
177
-368
-583
39
83
240
235
205
-5
199
111
-335
-123
-268
-176
465
402
188
104
138
-321
-735
-33
229
-139
260
298
415
121
-93
-468
-232
-81
-559
-192
909
658
-156
-183
-50
-316
-326
-257
-516
357
497
270
390
368
-145
-509
-453
-594
-266
87
595
609
506
332
-166
-455
-892
-885
-87
389
137
383
586
405
-790
-835
-2
-226
-293
280
520
295
396
296
-316
-381
-268
-486
44
358
-130
219
367
333
-73
88
-324
-279
-9
-57
232
845
262
-251
365
-177
-579
-168
390
-161
42
492
-232
-107
200
-275
-208
285
147
-376
160
347
-207
-397
575
8
-82
214
159
-289
-661
359
-63
33
523
-67
136
-315
-78
-150
-405
146
-126
88
66
144
432
-303
-482
-448
-171
102
106
360
258
145
-131
-61
-474
-250
-240
-69
437
367
9
-67
-374
148
119
-325
38
105
180
-77
385
153
94
-15
-104
-160
-230
271
181
14
229
72
98
-308
-132
29
108
166
-504
364
215
349
22
-18
-228
-530
130
-96
495
283
273
-594
-334
-142
-270
83
172
356
-481
334
97
26
-98
-147
-95
-341
338
210
-140
178
242
-54
-170
159
-489
-570
186
352
76
-13
161
-496
-563
9
222
-19
93
105
-48
-7
137
27
142
9
162
182
-433
-110
175
-65
299
615
3
-410
465
-87
-739
218
355
-95
-210
223
-342
-459
488
107
91
284
49
-474
-107
251
-80
253
209
238
-204
19
-50
-81
-165
-216
148
-219
50
176
119
-186
54
116
-486
-107
377
-59
-129
315
-150
-252
344
19
-286
-50
34
-109
14
-22
-335
-64
180
379
61
14
-86
-299
51
-244
-42
283
-11
134
89
180
-126
-108
108
-422
86
155
154
378
280
-320
-24
110
-258
127
272
-131
-166
251
-39
-179
96
-26
3
55
-128
-207
-126
9
93
287
76
-44
-33
-306
-242
116
386
-121
163
202
-210
-372
155
126
-436
79
145
-96
-145
6
-207
-157
203
145
50
139
130
-186
-390
-45
229
291
221
170
-191
-399
-268
-71
70
103
359
152
-51
-221
-215
-190
-12
166
180
341
155
-148
-141
-142
69
353
145
58
-354
-212
49
63
431
268
5
-195
130
-151
-564
-138
159
76
34
147
5
-142
-413
-180
237
202
-109
-68
-239
-447
65
359
242
25
66
-78
-349
-4
56
-72
255
176
-13
141
-99
-128
-208
-1
-99
-27
249
47
182
124
219
45
-241
38
-323
101
319
313
246
-154
-6
-159
-110
-10
-91
217
282
72
-42
170
69
-402
14
166
-157
341
347
-247
-251
117
-156
-267
364
280
-306
-171
159
-84
-29
-85
-244
-22
47
-286
-208
79
-27
-114
132
85
-234
-336
85
-28
118
46
-77
90
220
-66
-157
166
-314
-134
337
445
-119
-123
35
-335
13
41
150
148
-85
-88
-75
50
-76
52
89
-40
-6
-64
33
153
25
28
163
80
-206
48
79
-73
-136
50
-145
-88
249
157
100
138
73
-208
-225
-109
-87
172
299
91
-11
103
-224
-524
-152
36
-82
-60
317
367
10
-170
-147
-47
-101
22
-32
24
196
-69
35
294
176
-326
-214
11
-54
126
-27
18
286
274
-69
-146
-59
-380
-383
152
412
167
25
171
-34
-256
-307
-231
-57
78
116
46
277
226
-69
-241
4
36
-188
41
97
151
28
20
336
107
29
-127
-216
-269
-140
258
20
129
372
162
-112
-136
-251
-627
-189
216
272
190
308
233
-73
-191
-421
-418
-156
162
141
112
249
305
-31
-175
-150
-263
-25
173
206
146
39
136
193
154
-18
-104
-339
-518
-145
24
201
355
298
-28
-248
-265
-379
-149
133
257
267
308
264
-197
-282
-207
-112
16
191
281
151
62
-58
-109
37
162
67
-28
36
180
19
-170
-208
-158
-193
-20
31
-52
85
-122
-332
-259
-18
-44
23
75
-28
42
-17
83
86
161
-44
-199
-47
-31
56
100
211
-44
-122
-28
-61
-57
-3
110
44
84
238
-3
-181
-212
-143
25
96
182
57
12
-41
-196
-102
-20
23
-11
94
157
62
-19
-39
-25
-38
47
215
254
56
-57
40
-9
7
103
-38
-96
-116
64
155
151
25
-122
-17
-27
-88
-91
47
94
-54
32
65
34
-30
-113
-2
-133
-50
-8
107
111
24
66
-105
-120
-151
33
95
-25
-80
-33
100
-92
-120
-29
-49
-55
81
87
-28
-81
-121
-120
-2
-2
-27
153
180
34
-88
174
311
40
-109
-79
45
50
120
147
95
15
-66
-92
-49
33
-43
170
204
-69
-148
-25
166
-131
-150
-46
10
157
58
-35
-143
-30
-60
-48
94
26
-48
-48
-103
-142
-74
-16
81
31
-121
-151
-61
-117
-102
196
-44
-222
-35
-112
-161
-156
23
94
21
-23
-63
13
200
210
67
13
28
-16
-59
142
55
-10
89
140
141
11
9
-71
-87
-45
54
114
51
4
-46
-50
-83
-74
10
62
30
23
46
10
48
54
0
-67
-25
-85
-74
41
62
26
77
156
91
-15
-39
13
-101
36
14
15
-11
-24
36
-52
88
33
-36
32
-88
-133
-133
-46
-42
41
149
-46
-165
-148
-57
29
159
80
-81
7
-22
-74
60
90
36
0
59
-2
-51
110
102
137
31
60
-27
-184
-89
-107
-149
-132
-4
1
88
119
19
-123
-4
-58
-92
77
168
116
65
147
108
20
-1
-49
-51
-28
-13
154
202
146
98
110
125
-24
-33
-158
-224
-86
-14
32
77
90
-26
-103
-157
-167
-148
-47
-3
108
106
53
-67
-88
-122
-253
-88
39
133
112
69
-8
-27
-49
-168
-183
-78
-39
-56
55
157
135
9
-9
36
-28
-90
19
-21
-95
-61
59
28
-14
-52
-75
-50
44
37
54
163
165
186
121
70
-29
-73
-50
-35
38
74
37
106
127
106
-1
-70
-53
-102
-122
-91
6
122
149
62
-50
-106
-139
-137
-113
-52
-2
64
32
105
87
-73
-53
1
16
24
51
-22
-71
-32
-57
13
67
58
57
-15
-117
-150
-184
-157
-21
103
84
94
88
37
-35
-108
-94
-84
-19
80
170
105
35
-19
-16
-6
-10
-5
16
81
162
131
74
3
-89
-88
-57
-64
-79
-29
15
33
28
-24
-9
12
-4
-77
-16
32
7
-31
-79
-100
3
32
24
87
93
69
-32
-86
-105
-78
-35
40
98
92
45
-35
-123
-116
-49
-18
33
82
136
68
41
-19
-83
-70
-32
10
88
202
183
113
34
-55
-118
-72
-40
18
105
133
71
-4
-92
-124
-91
-73
-41
12
59
68
30
-33
-50
-85
-76
-60
-3
68
80
101
77
13
-103
-139
-89
-42
37
92
172
162
54
-51
-112
-92
-73
-3
78
142
160
104
47
-51
-102
-96
-36
25
45
74
66
19
-48
-136
-175
-150
-87
-40
-4
58
104
110
17
-86
-137
-139
-91
1
81
127
141
117
22
-93
-145
-123
-51
51
117
143
149
143
52
-83
-136
-127
-78
-4
67
81
75
33
-55
-130
-164
-148
-82
18
106
126
108
75
0
-81
-140
-150
-86
6
53
70
88
44
-53
-154
-208
-163
-81
-3
62
102
88
32
-7
-31
-47
-42
-21
24
90
128
130
105
75
25
-34
-67
-43
12
55
81
83
62
10
-16
-15
-18
-21
-30
-23
8
42
46
28
11
-10
-44
-65
-64
-40
-2
26
40
36
25
10
-10
-29
-38
-30
-7
15
20
10
-9
-25
-25
-29
-48
-58
-51
-32
-23
-8
20
25
23
17
13
29
31
37
40
42
41
26
10
5
31
58
66
52
33
31
31
47
50
35
16
-4
7
17
1
-18
-23
-20
-28
-28
-32
-29
9
34
40
37
17
-13
-13
6
12
3
-10
-24
-13
-5
-33
-54
-46
-28
-16
-1
7
1
-7
-12
-26
-39
-51
-48
-16
24
27
3
-2
3
3
-6
-16
3
21
27
16
2
-3
-9
-22
-32
-18
-4
19
27
14
2
-17
-38
-29
-12
-12
-16
-20
-35
-47
-51
-52
-53
-48
-32
-6
3
7
17
15
14
11
40
51
57
55
27
2
-13
-11
-5
-1
-4
-8
-1
0
5
5
-9
-12
-15
-16
-20
-27
-51
-68
-59
-50
-46
-35
-28
-37
-50
-48
-36
-28
-15
3
20
9
-19
-42
-40
-27
-16
-8
3
23
20
11
8
16
26
36
55
79
78
66
67
67
72
66
50
42
45
48
45
58
71
69
70
76
74
62
56
57
56
57
53
49
41
29
20
2
-4
1
11
4
-9
-11
-16
-26
-45
-63
-75
-81
-79
-79
-80
-85
-94
-90
-75
-56
-41
-33
-26
-22
-30
-37
-26
-11
-2
-5
-7
-2
2
4
-1
1
3
9
5
-5
-16
-20
-21
-22
-14
-8
0
-1
-12
-19
-32
-28
-16
-11
-3
-4
-6
-12
-7
-11
-8
12
34
57
70
66
55
51
47
54
62
67
72
76
79
70
48
26
14
15
14
6
-2
-22
-44
-49
-35
-31
-33
-20
1
4
-11
-19
-17
-1
18
22
19
16
18
16
6
2
-1
-6
3
14
11
-1
-18
-20
-18
-22
-17
-17
-21
-30
-27
-23
-22
-16
-9
-8
5
20
18
19
18
24
29
29
23
20
15
3
-1
-2
-1
-5
-13
-21
-20
-29
-31
-18
-6
-1
6
2
-11
-21
-31
-44
-54
-51
-45
-44
-31
-18
-16
-22
-22
-15
-9
-6
-8
-1
7
21
20
13
12
12
21
28
39
45
31
14
12
15
8
0
1
-1
-5
-13
-21
-25
-24
-27
-33
-27
-22
-20
-24
-12
2
-2
-8
-11
-16
-19
-19
-17
-1
9
12
9
3
-6
-8
-9
-14
-5
-2
-3
-7
-6
-8
-14
-27
-34
-35
-36
-27
-19
-16
-13
0
-2
1
13
22
32
35
42
44
37
32
25
20
28
35
39
32
30
29
22
24
16
5
-2
2
14
9
5
-3
-3
1
2
2
-2
-2
-1
2
7
8
-6
-9
-4
0
-1
-3
-8
-15
-23
-22
-12
-2
3
1
1
5
17
17
15
19
13
8
6
5
3
3
0
-1
4
7
3
-1
5
9
13
14
21
32
33
28
29
31
31
34
32
34
40
47
52
55
45
28
14
9
10
13
14
5
5
7
0
-7
-7
-4
-2
0
-4
-7
-12
-14
-13
-10
-12
-18
-26
-33
-33
-31
-40
-46
-50
-55
-52
-52
-60
-66
-67
-71
-68
-73
-80
-82
-73
-69
-69
-64
-55
-37
-26
-21
-21
-23
-20
-20
-15
-2
8
15
20
20
25
25
25
31
35
37
41
48
46
43
44
44
39
32
29
29
27
30
31
30
26
18
15
18
25
27
28
35
43
40
35
30
28
27
31
30
26
24
11
7
7
9
14
17
13
12
11
2
-1
-5
-6
-6
-11
-16
-18
-17
-13
-14
-21
-29
-32
-37
-41
-40
-43
-40
-33
-24
-18
-16
-18
-27
-34
-30
-18
-19
-19
-6
-3
-7
-15
-20
-25
-27
-18
-11
-10
-10
-12
-16
-24
-20
-13
-11
1
7
9
10
20
27
31
38
48
43
39
52
51
56
67
69
64
54
42
30
19
11
6
-2
-10
-7
-11
-13
-12
-22
-30
-30
-37
-49
-48
-51
-48
-44
-46
-44
-35
-20
-13
-8
-6
-2
-2
-5
-8
-13
-13
-8
-5
-3
-2
-2
10
18
20
26
25
26
32
35
39
35
31
27
18
11
6
7
6
2
4
-4
1
-1
-8
2
10
10
1
-6
-8
-11
-19
-27
-27
-27
-30
-33
-31
-37
-37
-34
-31
-18
-15
-16
-12
-5
-1
1
7
5
7
9
11
18
25
28
31
37
43
52
56
48
45
53
49
47
42
35
33
31
27
21
20
15
0
-3
-4
-10
-20
-35
-43
-49
-49
-52
-50
-50
-56
-68
-79
-77
-72
-64
-54
-41
-34
-32
-19
0
11
13
16
15
17
26
34
38
34
31
34
34
40
47
45
44
45
47
42
38
34
35
35
25
23
15
5
-1
-10
-8
-2
2
-2
-4
5
6
8
3
6
4
-7
-19
-28
-33
-40
-50
-48
-37
-32
-22
-17
-10
-8
-8
-5
2
19
21
17
12
6
5
-1
-2
-2
4
7
10
12
6
0
-11
-7
2
14
14
-1
-9
-17
-24
-29
-23
-16
-20
-28
-29
-35
-43
-41
-39
-35
-33
-30
-34
-34
-32
-42
-47
-42
-36
-41
-34
-23
-30
-31
-31
-21
-8
8
24
40
50
53
53
50
52
54
60
70
73
67
59
41
36
43
50
51
44
35
24
17
7
12
16
19
18
12
7
-2
-8
-15
-19
-26
-28
-27
-16
-13
-22
-13
-14
-12
-11
-7
4
15
18
22
26
14
4
2
3
1
-3
-13
-26
-23
-23
-23
-14
-7
-2
5
11
17
17
12
6
8
-1
-9
-16
-23
-21
-18
-16
-17
-8
-14
-20
-17
-19
-16
-6
5
6
6
-3
-16
-27
-25
-22
-18
-12
-7
-4
-5
-5
-1
4
7
10
20
29
23
21
22
23
37
42
33
22
17
9
10
9
1
-3
-5
6
10
10
-1
-11
-14
-17
-21
-24
-19
-23
-26
-27
-30
-41
-50
-51
-55
-49
-48
-46
-38
-28
-19
-11
0
4
-1
0
5
6
5
6
18
27
28
18
6
5
2
6
18
27
41
48
52
58
52
47
44
51
60
66
64
53
47
45
45
43
44
40
35
31
23
15
-6
-15
-13
-9
-5
-8
-15
-19
-27
-32
-42
-40
-34
-24
-18
-15
-15
-37
-47
-43
-29
-13
0
10
8
8
0
-9
-12
-4
5
13
24
20
12
6
11
15
20
25
30
35
29
19
11
7
14
16
13
14
4
-17
-30
-37
-40
-43
-39
-35
-30
-30
-30
-34
-42
-50
-50
-44
-44
-32
-33
-43
-51
-57
-57
-57
-47
-38
-34
-39
-46
-49
-51
-44
-38
-20
-1
10
19
17
8
-7
-13
-7
5
15
6
5
7
9
5
6
9
12
24
34
36
20
-8
-26
-30
-16
-3
7
22
31
31
23
13
-1
-1
4
19
26
20
11
5
1
-9
3
18
32
42
44
33
23
18
19
32
49
61
57
57
46
27
13
4
8
16
30
40
32
25
13
12
13
6
5
2
1
-8
-15
-19
-22
-10
0
17
26
21
16
9
16
18
25
22
20
19
26
34
37
38
34
40
46
55
56
34
12
-13
-19
-16
-8
6
12
15
7
-10
-30
-41
-56
-51
-41
-24
-11
-12
-17
-18
-21
-34
-34
-34
-35
-38
-37
-39
-50
-59
-55
-42
-27
-19
-16
-14
-17
-23
-28
-22
-9
5
9
4
1
-14
-33
-45
-42
-29
-18
-16
-15
-19
-27
-30
-29
-19
-2
6
6
4
-9
-21
-24
-24
-21
-21
-18
-14
-12
-12
-1
10
22
31
29
24
10
-2
-5
-1
7
12
17
15
12
3
-6
0
8
14
18
18
16
10
13
19
14
23
27
22
12
11
7
0
4
7
21
32
41
44
36
34
29
37
41
46
52
51
46
39
32
19
5
2
1
10
13
4
-4
-21
-27
-32
-40
-38
-36
-29
-29
-27
-30
-34
-27
-22
-12
-5
3
-7
-11
-3
1
7
16
30
28
27
16
9
6
-1
3
6
15
18
12
1
-4
-4
-10
-9
0
13
14
6
3
-10
-15
-16
-12
-10
-7
-6
-8
-17
-26
-32
-36
-32
-23
-14
-12
-16
-28
-33
-21
-8
-4
2
6
-6
-15
-24
-27
-35
-29
-21
-11
-6
-16
-21
-26
-17
-6
7
20
23
16
3
0
4
8
15
32
49
47
36
24
12
13
12
7
7
6
2
-2
-10
-22
-27
-24
-6
4
7
10
1
-8
-7
-5
-9
-6
6
11
10
6
3
-8
-12
-1
11
24
24
21
21
27
31
37
43
47
56
59
57
50
40
29
24
30
37
47
40
32
14
-4
-19
-35
-34
-38
-36
-39
-39
-50
-69
-68
-64
-51
-40
-27
-26
-35
-48
-56
-59
-47
-31
-7
3
4
7
7
9
13
14
5
9
16
16
18
17
14
19
26
40
52
56
52
39
33
16
14
19
15
19
24
29
17
6
2
-7
0
-4
-2
5
-2
-9
-15
-15
-21
-15
-17
-23
-33
-49
-53
-52
-45
-43
-45
-40
-34
-24
-18
-19
-21
-26
-37
-39
-33
-27
-22
-13
-10
-16
-16
-14
-1
11
20
30
32
32
25
29
34
39
45
45
54
47
44
35
26
26
27
19
1
-17
-29
-42
-43
-34
-29
-26
-31
-42
-42
-42
-44
-42
-39
-36
-23
-12
-2
4
1
-6
-9
-5
14
25
33
34
33
32
30
33
36
48
50
50
48
36
26
22
21
28
37
41
42
37
27
18
0
-9
-21
-27
-30
-24
-28
-33
-31
-32
-22
-21
-19
-22
-14
2
8
24
24
14
8
2
3
0
3
0
-3
-6
-8
-13
-24
-35
-29
-14
-15
-14
-12
-7
-1
6
6
4
6
4
10
17
15
12
7
11
17
13
18
21
26
24
22
15
9
6
-5
0
10
4
-7
-3
4
13
26
34
36
33
23
21
27
25
21
21
24
17
5
-13
-34
-43
-45
-35
-29
-17
-16
-15
-13
-25
-25
-23
-26
-22
-16
-23
-24
-23
-34
-43
-46
-39
-32
-19
-12
-18
-25
-37
-41
-36
-14
-4
-8
-20
-21
-24
-27
-22
-19
-11
-10
-9
-10
-12
-9
-6
-3
-3
0
2
-8
-4
3
8
19
20
15
11
12
14
21
30
37
42
40
42
36
37
37
44
43
29
20
7
6
3
-2
-10
-10
-7
0
13
22
18
18
18
16
12
14
10
8
15
17
19
16
16
14
20
32
38
43
44
33
31
30
36
42
35
25
19
13
4
-1
-11
-22
-31
-20
-12
-3
4
3
3
-4
-7
-11
-23
-30
-33
-43
-41
-43
-42
-42
-38
-39
-45
-50
-57
-53
-52
-44
-36
-27
-23
-28
-30
-28
-30
-23
-16
-8
-5
3
11
15
20
24
22
30
37
43
53
50
41
26
26
20
29
27
23
22
13
-1
-19
-18
-16
-19
-10
-8
-4
-7
-12
-12
-13
-14
-24
-18
-14
-14
-13
-7
-3
-8
-20
-25
-24
-22
-11
-5
-1
4
6
7
7
11
12
12
19
17
21
19
19
12
2
0
-4
1
2
12
11
4
1
0
-6
-20
-26
-26
-23
-15
-8
-10
-6
-14
-14
-12
-12
-9
-9
-8
-20
-18
-20
-25
-22
-15
-9
-12
-13
-14
-19
-17
-20
-19
-12
-3
15
33
37
45
39
30
33
34
33
30
37
36
34
28
17
12
6
8
11
9
6
-2
-4
-5
0
7
10
12
12
0
-7
-6
-9
-14
-13
-11
-12
-8
-13
-20
-17
-10
-2
6
18
26
23
19
13
8
2
3
11
18
21
15
10
14
16
23
22
28
28
33
32
30
32
25
30
40
40
31
15
10
10
2
2
-6
-2
-2
-9
-8
-13
-15
-17
-17
-10
-15
-14
-19
-25
-27
-35
-40
-47
-44
-46
-47
-44
-35
-30
-25
-21
-20
-16
-19
-24
-20
-19
-16
-17
-24
-27
-27
-20
-16
-18
-19
-20
-21
-18
-7
-6
-6
3
11
13
10
7
1
0
3
8
10
10
14
9
5
3
8
10
10
9
5
8
9
3
6
13
7
3
1
1
5
12
19
19
21
23
22
22
20
22
18
21
19
13
11
9
8
12
12
14
8
11
17
18
17
11
4
-6
-18
-27
-27
-25
-24
-26
-23
-19
-15
-13
-12
-10
-8
-4
-3
0
-1
-4
-7
-10
-1
4
2
2
2
-5
-5
-8
-9
-10
-10
-15
-11
-10
-15
-15
-11
-6
-3
5
3
6
4
1
2
3
7
12
14
22
23
25
24
19
29
30
30
31
28
29
26
25
33
33
29
24
18
12
8
5
-3
-4
-8
-17
-17
-20
-17
-17
-16
-21
-25
-26
-24
-23
-27
-24
-23
-18
-21
-23
-25
-32
-33
-29
-29
-30
-27
-20
-16
-10
-4
-4
-2
5
1
-5
-11
-11
-4
-2
5
7
7
11
15
15
16
15
15
15
7
8
11
5
3
0
0
1
0
0
-2
-5
-6
-8
-9
-6
-8
-3
-2
4
8
5
8
11
18
15
17
19
24
23
20
24
25
30
35
42
40
42
41
40
44
41
31
29
25
28
20
15
12
4
-2
-11
-12
-16
-20
-21
-18
-16
-11
-8
-11
-12
-11
-7
-10
-11
-10
-11
-17
-15
-14
-13
-15
-21
-21
-24
-26
-20
-22
-25
-31
-38
-43
-48
-44
-46
-42
-39
-40
-39
-38
-34
-28
-16
-6
-5
1
6
4
0
-8
-7
-4
1
1
9
9
5
3
3
0
8
2
3
9
10
14
9
15
20
26
31
31
30
22
13
13
17
16
13
19
21
18
18
17
23
23
29
36
40
40
31
32
28
22
15
5
3
-4
-4
-1
0
5
2
0
-6
-11
-18
-18
-18
-25
-25
-27
-29
-30
-30
-29
-26
-21
-18
-15
-10
-9
-9
-12
-11
-11
-9
-9
-8
3
4
12
12
11
12
8
10
6
8
6
11
11
11
15
16
14
15
22
25
29
35
34
24
20
15
8
3
1
-2
-4
-5
-9
-12
-13
-14
-16
-14
-16
-14
-15
-12
-12
-13
-18
-18
-16
-21
-20
-20
-18
-18
-20
-15
-16
-20
-18
-14
-9
-1
8
11
12
8
6
0
0
0
10
10
10
7
-6
-9
-12
-14
-11
-13
-11
-17
-18
-16
-10
-4
-2
5
6
8
8
5
3
1
-1
1
3
3
7
8
8
10
14
10
9
13
14
9
8
4
3
3
5
8
5
5
9
12
12
14
9
9
7
5
2
2
5
6
11
15
16
11
13
5
6
5
8
6
9
18
20
17
12
12
5
-1
-6
-3
-4
-1
-3
-9
-14
-15
-27
-26
-26
-24
-28
-33
-38
-40
-47
-49
-41
-38
-27
-18
-15
-14
-16
-17
-17
-13
-6
1
10
16
26
29
26
31
33
36
43
49
49
45
34
29
23
23
30
36
42
43
45
32
24
22
22
18
14
10
1
-7
-21
-26
-24
-25
-24
-24
-24
-21
-32
-40
-42
-41
-43
-39
-36
-31
-31
-36
-31
-31
-34
-31
-28
-21
-18
-17
-12
-8
-8
-7
-5
-7
-9
-5
-2
4
3
6
10
9
9
5
5
4
8
19
20
22
18
12
7
6
10
7
8
11
1
2
0
4
7
9
14
12
9
3
6
12
19
24
27
28
28
23
21
21
20
20
22
21
22
23
20
21
26
26
25
17
13
7
5
3
0
-3
-8
-6
-6
4
-1
3
1
-6
-8
-5
0
0
6
9
6
-2
-6
-11
-13
-14
-17
-18
-23
-26
-31
-35
-33
-32
-38
-44
-42
-45
-45
-45
-48
-48
-51
-55
-53
-55
-50
-43
-37
-34
-32
-24
-21
-2
7
3
8
7
8
14
20
19
14
18
18
21
26
30
34
41
48
50
52
53
53
55
56
53
51
40
32
28
27
32
37
38
32
27
21
13
8
5
5
5
6
4
-2
-4
-8
-11
-11
-9
-12
-15
-13
-14
-17
-20
-25
-27
-26
-19
-14
-5
-4
-4
5
3
-2
-4
-5
-8
-8
-5
-9
-9
-5
-5
-3
-7
-5
-8
-4
-2
-7
-16
-19
-27
-35
-36
-33
-30
-31
-26
-30
-35
-37
-42
-44
-38
-36
-37
-32
-27
-25
-18
-18
-12
-8
-11
-8
-5
-3
2
-1
4
10
12
12
17
21
30
41
49
55
53
49
48
46
42
39
38
34
30
24
12
7
4
10
10
12
14
10
10
7
10
10
14
20
24
23
20
20
13
10
18
22
23
19
16
13
14
13
11
8
10
9
4
3
2
1
1
6
14
7
6
-2
-9
-9
-16
-19
-24
-28
-35
-37
-39
-40
-40
-41
-36
-37
-42
-38
-31
-27
-25
-18
-17
-17
-16
-20
-19
-16
-12
-8
-2
4
3
2
2
1
2
-4
0
2
3
6
3
2
0
-2
-4
-7
-7
-5
-7
-2
2
11
15
13
15
7
5
0
-9
-7
-1
-2
4
5
11
13
9
7
11
9
12
15
15
19
22
16
11
12
12
13
17
20
17
16
12
10
13
13
11
9
8
4
4
-4
-6
-4
-6
-7
-4
1
6
7
4
10
11
8
14
15
13
9
0
-7
-13
-15
-15
-16
-18
-15
-16
-21
-19
-24
-19
-14
-11
-6
-8
-4
-6
-14
-20
-19
-22
-26
-20
-18
-20
-22
-22
-15
-9
-7
-5
-4
-2
-4
-10
-10
-4
-4
-3
0
0
-4
-4
-5
-8
-8
-5
-6
0
3
6
-1
-1
3
1
10
15
16
11
12
17
18
24
24
26
22
11
7
2
-2
-4
-5
-1
5
5
0
-5
-7
-10
-7
-6
0
0
0
1
1
2
-4
-10
-9
-6
-8
-4
-1
4
8
7
9
14
11
9
10
14
14
10
9
9
13
16
22
22
26
19
14
12
13
17
16
16
16
17
16
18
16
12
11
15
16
16
19
15
12
9
8
3
0
-4
-9
-10
-16
-19
-17
-13
-12
-9
-12
-10
-11
-14
-18
-12
-7
-12
-5
-2
-1
-1
0
0
2
-1
1
2
-2
-6
-3
-7
-7
-7
-6
-2
-5
-2
-3
-9
-10
-9
-4
1
2
-2
-7
-10
-9
-9
-10
-9
-7
-10
-11
-7
-4
-9
-10
-4
-13
-21
-21
-23
-27
-21
-19
-20
-18
-17
-16
-16
-13
-14
-9
-6
-8
-12
-20
-22
-23
-26
-25
-15
-13
-6
-3
1
3
5
10
12
17
16
17
18
17
12
12
15
18
20
22
25
25
25
23
29
21
13
12
5
3
5
-4
-9
-7
-5
-6
-9
-6
-8
-12
-13
-13
-13
-15
-13
-12
-8
-8
-5
0
-1
4
3
1
2
0
-1
3
1
3
4
1
5
6
8
7
8
11
9
9
12
15
18
17
18
20
19
21
25
24
28
27
21
19
23
26
29
29
27
22
13
10
7
-1
1
4
3
2
8
4
