SAMPLES:	16080
BITSPERSAMPLE:	16
CHANNELS:	1
SAMPLERATE:	16000
NORMALIZED:	FALSE
1
0
1
3
4
4
1
4
4
5
4
5
6
4
5
6
5
2
3
4
6
6
8
7
5
6
6
7
7
6
4
5
4
5
5
5
4
3
8
5
5
5
4
5
4
1
-2
1
-1
2
-1
-2
0
-2
-4
-4
-1
0
-2
-4
-2
-4
-4
-4
-5
-4
-3
-3
-5
-5
-8
-7
-7
-4
-5
-5
-5
-5
-5
-5
-5
-6
-7
-4
-4
-4
-5
-5
-2
-3
-1
-3
-1
-4
-2
-1
-2
0
-2
1
-2
-1
-3
0
0
-1
-1
0
-2
-2
0
-2
1
1
1
0
1
-1
-2
1
1
0
-2
-2
1
-1
-1
3
0
2
2
0
0
2
0
-1
0
-2
-4
-1
1
-4
-2
-1
2
0
-3
1
4
6
5
4
4
2
1
3
6
2
4
9
5
5
5
6
5
7
8
6
7
6
6
6
5
4
5
9
6
3
5
5
4
0
2
3
1
3
0
1
2
-1
-2
0
-2
-3
-3
-1
1
-2
-1
-1
-3
-3
-3
0
-5
-5
0
0
0
-1
-5
-6
-2
-4
-3
-2
-4
-2
-3
-4
1
-4
0
-5
-3
-3
-5
0
-2
-2
1
-2
-6
-5
-4
-4
-2
-1
-1
-1
-2
-3
-4
-5
-9
-6
-5
-3
-2
-3
-1
-3
-2
-1
-3
1
-3
-1
-2
-3
0
1
0
0
3
-1
1
1
1
0
1
5
3
4
4
3
1
-1
-1
-2
-2
2
2
2
3
3
3
1
2
3
6
6
4
6
3
1
3
1
-1
3
0
-1
2
0
1
-3
-2
2
2
0
0
-1
-3
-1
-4
-2
-5
-6
-4
-6
-5
-2
-2
-3
0
-2
-3
-2
-2
-2
1
0
-2
-2
-4
-3
-5
-4
-4
-4
-4
1
1
2
1
1
5
2
4
3
4
6
2
2
3
1
1
5
4
3
6
7
7
5
6
3
6
2
1
2
0
1
1
-1
0
-1
-3
1
-4
-1
0
1
-1
-1
1
-1
0
-3
-2
-2
-5
-1
1
-3
-1
-2
-2
0
-1
-2
2
0
2
4
0
-1
1
1
0
1
2
3
6
8
7
7
8
7
11
7
8
9
10
8
7
6
3
4
5
7
7
8
6
3
5
3
3
1
1
-1
1
0
-2
-2
-6
-2
-3
-2
-2
-2
-3
-5
-4
-7
-9
-7
-6
-5
-4
-2
-5
-7
-5
-6
-4
-5
0
2
1
0
0
1
-4
-2
-3
-5
-5
-3
-2
-5
-4
-3
-1
0
1
3
2
-1
1
-2
-5
-6
-4
-4
-4
-4
-4
-6
-6
-9
-7
-5
-6
-1
-1
-4
-5
-6
-4
-3
-6
-3
-3
-7
-11
-7
-7
-5
-2
-2
1
0
-1
3
2
1
0
1
3
2
-1
-4
-2
-4
-1
1
3
3
5
5
0
4
2
2
0
2
3
-1
0
-2
-5
-3
-3
-2
0
0
2
2
3
0
-2
2
-1
3
3
3
2
4
3
0
0
3
3
-1
5
5
5
7
7
6
8
9
7
3
3
4
3
5
8
7
7
4
8
8
7
6
4
2
3
5
6
4
2
1
3
1
1
0
0
2
1
0
-2
-1
-3
-3
0
-2
0
1
-2
0
2
1
-3
-2
0
-2
-2
-3
0
2
1
5
2
-1
-1
2
0
0
-1
-5
-1
1
0
-3
-3
-4
-6
-3
-4
-4
-2
-3
-2
-2
-3
-3
-5
-6
-8
-6
-4
-3
-4
-8
-8
-8
-6
-4
-2
-4
-5
-4
-3
-4
1
1
-3
0
0
0
-1
-2
0
2
4
3
0
2
3
1
3
1
2
4
2
2
5
2
1
2
-3
2
3
-2
-2
-2
2
3
4
-1
-1
0
-2
-1
0
0
0
-1
1
0
1
4
4
4
0
0
2
1
2
-1
1
1
-1
1
1
4
3
3
2
2
2
1
1
-1
0
2
4
2
-2
-2
3
-1
-1
3
0
2
2
3
0
-2
-2
-1
-1
-1
-1
0
0
-4
1
2
2
4
5
4
3
5
1
-1
3
1
-2
0
0
1
2
4
0
3
4
1
-1
-4
-1
-3
-2
-2
-2
0
2
-1
-2
1
0
2
0
1
2
2
2
-3
-4
-4
0
0
0
0
0
3
2
6
2
0
-2
0
0
-2
0
-4
-1
-6
-3
-1
0
0
2
1
-1
-1
0
-2
-4
-1
-1
-2
-1
-4
-2
0
0
1
1
2
1
-1
2
3
-2
-3
-2
-2
-4
-3
0
3
2
1
-2
-3
0
0
0
2
1
-1
0
-1
-4
-1
1
-3
1
0
0
0
0
-4
-2
-1
-5
-8
-6
-5
-5
-2
-2
-6
-8
-5
-7
-4
-4
-4
-2
-3
-5
-4
-6
-5
-4
-4
-2
-1
-3
1
2
1
4
3
4
6
5
4
2
3
6
6
4
6
6
6
7
6
5
5
2
4
6
5
2
7
4
7
5
5
2
1
1
0
2
2
3
5
1
0
2
-1
-7
-4
-3
-1
1
0
0
-1
-1
0
2
-2
-2
-7
-6
-1
-6
-4
-6
-8
-5
-5
-4
-5
-5
-2
-2
-4
-5
-6
-7
-4
-5
-3
2
-1
-4
-2
-4
-3
2
-1
0
-1
-1
1
4
3
2
3
2
5
3
7
7
8
10
7
8
9
6
7
11
12
11
13
11
9
8
2
5
3
6
6
6
4
4
4
1
0
-2
-4
-3
-5
-6
-7
-9
-9
-10
-7
-10
-10
-9
-9
-7
-9
-8
-10
-10
-4
-5
-4
-7
-5
-5
-5
-2
-3
-1
0
0
2
2
3
6
3
3
4
3
4
4
7
3
6
4
4
2
4
7
4
8
10
8
4
1
2
3
3
2
2
2
4
5
0
3
-1
-4
-1
-4
1
-1
0
0
2
2
-2
0
1
1
1
0
-1
-2
-2
-4
-2
0
-1
-1
-5
-2
-3
-4
-3
-3
-2
0
0
-5
-6
-4
-4
-5
-4
-2
2
-1
-2
-2
-3
-7
-6
-2
-2
-4
-2
1
1
-3
-5
-2
0
1
2
1
3
1
2
3
1
1
3
2
2
2
-3
-1
-3
-5
-4
1
-2
-1
-2
-2
-5
-5
-2
-4
-3
-1
2
0
0
0
3
5
2
3
4
5
4
3
5
5
5
9
6
5
5
3
3
4
4
5
4
1
1
0
-3
-3
-2
1
-1
-1
-1
-7
-6
-6
-3
-3
-6
-5
-4
-5
-1
-1
-3
-2
1
3
-2
-1
0
0
-2
-1
-1
1
0
-1
-1
0
0
-1
-1
-1
-2
0
1
-2
-1
1
1
1
-2
-3
-1
0
2
2
4
2
0
2
0
0
1
1
2
-1
0
1
-2
0
2
2
4
4
3
3
2
2
2
3
4
5
6
5
5
5
7
4
5
5
7
7
7
8
8
6
7
7
5
5
0
0
-2
1
-2
-5
-4
-2
-3
-9
-7
-9
-13
-9
-8
-10
-10
-9
-7
-8
-11
-12
-7
-9
-6
-5
-7
-6
-6
-6
-5
-3
-2
-1
0
-1
-2
-2
-2
1
1
0
0
0
-3
-1
0
-1
0
2
2
3
4
2
2
2
0
-1
1
3
1
3
3
2
4
2
0
0
5
8
5
4
3
4
2
4
4
3
3
4
3
4
2
1
4
3
7
8
6
6
9
8
7
9
5
9
6
7
5
3
6
3
5
4
3
2
2
-2
-1
-1
-1
-4
-6
-6
-7
-10
-15
-13
-11
-12
-10
-9
-14
-12
-10
-11
-8
-11
-7
-8
-8
-6
-7
-7
-8
-8
-6
-3
-3
-2
-1
2
3
1
1
3
4
1
3
2
2
0
-1
-1
2
0
0
3
5
3
4
5
2
5
5
6
8
5
4
2
2
3
2
7
5
3
5
8
7
6
8
8
3
4
4
4
2
4
3
2
4
1
5
5
3
2
5
6
7
6
8
10
8
6
6
6
5
1
5
3
1
3
1
3
0
-4
-4
-3
-4
-7
-7
-9
-11
-13
-12
-11
-14
-17
-15
-14
-14
-10
-13
-9
-7
-8
-8
-9
-8
-9
-8
-6
-6
-5
-4
-5
0
0
-4
-1
1
0
2
4
4
3
1
-1
-1
1
2
0
1
-1
3
5
4
4
6
5
8
7
8
7
3
2
5
4
2
6
1
0
3
4
4
7
9
6
7
6
6
1
0
1
0
3
1
0
2
1
1
4
5
4
7
6
7
4
5
4
4
4
6
4
3
2
0
2
0
-1
2
-2
-4
-6
-8
-8
-7
-9
-12
-12
-12
-14
-15
-15
-15
-14
-11
-12
-12
-11
-10
-8
-7
-8
-7
-8
-6
-1
-3
-3
2
-4
2
1
0
5
4
4
3
4
3
5
6
7
7
9
7
6
8
10
7
6
8
9
8
8
8
7
6
3
2
3
3
2
1
3
4
4
0
3
4
0
2
4
1
3
2
-1
2
1
-2
-1
-3
0
4
-1
0
1
-4
0
2
1
3
3
4
1
0
-1
2
4
1
-1
1
-2
-1
-1
0
0
-3
-3
-5
-6
-8
-6
-9
-8
-6
-7
-9
-11
-14
-14
-14
-10
-12
-11
-13
-13
-12
-10
-10
-9
-6
-7
-8
-6
-8
-5
-2
-7
-4
-4
-3
-4
-1
3
2
4
3
2
7
10
8
11
10
12
12
13
14
15
14
14
16
13
14
14
14
13
14
16
14
15
14
14
12
10
8
8
5
6
7
2
4
6
5
3
6
6
2
3
-1
-3
-3
-4
-6
-3
-2
-3
-4
-4
-4
-4
-5
-3
-2
-2
-4
-5
-4
-4
-5
-4
-4
-3
-3
-6
-7
-8
-8
-6
-4
-4
-5
-7
-2
-2
-6
-8
-6
-6
-5
-3
-7
-7
-5
-3
-6
-5
-5
-7
-4
-5
-5
-7
-9
-3
-5
-9
-9
-8
-2
0
-2
-6
-8
-8
-6
2
-3
-5
-5
0
6
4
-1
-5
1
3
4
5
1
-1
6
10
11
10
8
11
12
7
8
6
9
8
11
16
13
9
4
4
5
7
11
15
12
7
-5
0
8
3
1
-4
-3
0
-10
-6
-2
10
12
2
-6
-17
-11
-4
7
10
5
3
-3
0
1
-3
-5
-13
-6
-2
0
-4
-13
-10
1
8
2
-4
-14
-17
-10
-1
6
4
2
1
4
0
-9
-18
-19
-16
-6
5
5
-5
-12
-16
-7
4
0
-20
-19
-3
9
3
-15
-23
-18
0
12
8
-4
-14
-10
2
5
9
-4
-4
-12
-3
14
15
7
-12
-13
-5
16
24
6
-2
-12
-5
13
20
14
-3
-12
-2
17
26
3
-15
-14
0
15
14
10
5
-5
-16
-4
20
27
11
-12
-6
2
2
6
9
22
15
8
-6
-6
5
3
6
1
2
3
4
9
0
-7
1
13
21
3
-1
-7
8
26
27
17
-3
6
21
41
24
13
8
10
21
14
14
2
-1
1
-3
1
7
10
0
-5
-1
-3
-5
-21
-32
-26
-2
19
12
-8
-20
-12
6
3
2
-2
-5
-14
-25
-28
-21
-12
-15
-20
-19
-18
-12
-12
-7
5
0
-8
-15
-5
0
-14
-28
-31
-19
-8
-3
-4
-8
-6
-16
-5
9
7
1
-9
0
3
-1
2
5
3
-8
-14
3
4
7
0
9
35
32
9
-7
-10
-2
3
1
-14
-25
-30
-17
-6
1
-2
-1
4
17
14
4
8
5
-1
12
21
5
-5
-28
-16
-11
-14
2
20
23
3
-23
-19
17
31
13
-20
-7
15
22
3
-18
-24
-27
-18
1
11
-13
-27
-6
4
21
27
7
-4
-12
0
2
17
8
3
-3
-20
-22
-11
23
31
13
-19
-35
-14
1
5
16
-8
-10
-12
7
20
-16
-31
3
6
18
-3
-10
-23
-1
31
25
8
-11
-7
5
18
30
35
11
0
-20
31
24
-1
1
-3
27
41
10
2
10
8
9
-4
8
-8
10
-4
11
0
3
31
23
13
-12
-16
-3
12
9
0
-3
7
19
26
7
4
4
-35
-32
19
24
71
41
12
-2
-26
14
7
-9
-50
-22
-4
-15
-27
-13
28
41
16
12
-9
-56
-113
9
318
326
7
-569
-521
87
510
380
-119
-328
-158
74
118
-13
-104
-49
46
103
66
-67
-97
-101
-13
88
33
40
-172
-29
-134
155
-53
-130
-58
-231
229
-130
133
-108
-62
144
-77
126
-143
1
73
-19
123
-34
4
22
-85
-33
-39
92
50
21
-77
-31
17
-16
31
-11
39
-4
-16
-16
32
50
51
15
-12
-13
24
21
64
30
49
-5
-15
-1
-43
40
1
54
-14
20
50
38
33
-25
-14
-17
-27
23
41
12
20
-12
-14
3
-1
7
27
2
85
-26
0
22
-5
58
-27
18
43
29
2
-17
-50
9
-3
-10
-36
-23
-17
20
55
3
-22
-71
-42
8
-12
-67
-73
-84
3
-7
9
-43
-42
-29
-71
-5
-22
30
27
-41
-58
-88
-25
28
8
-42
-72
12
-7
-7
49
36
49
27
-3
42
53
-18
-45
-18
-30
33
-29
-13
29
-41
-15
-54
33
18
-32
-13
-7
67
43
37
43
45
45
66
33
33
24
-2
27
2
5
30
-24
26
-10
10
35
2
0
-60
18
0
-12
8
7
8
-15
-12
6
-5
-17
-2
29
36
56
-1
-33
-12
-28
-3
6
33
63
2
-22
-48
-25
7
17
0
10
49
-27
-71
-85
-21
-10
35
21
25
-30
-26
-8
-17
39
2
13
-51
-5
20
7
29
8
2
0
-42
31
61
-12
23
-22
38
25
-51
-45
-23
7
17
-13
-10
18
-37
6
-42
-27
0
-36
52
-3
-38
-43
-34
24
19
19
36
-4
3
-12
-12
3
-15
25
33
56
-14
-18
-35
-34
48
20
18
-25
-26
-14
8
12
8
-21
-11
39
-33
-18
-54
4
54
12
19
-21
-13
-3
7
-22
17
63
70
39
-46
-36
0
11
27
-5
11
33
35
3
6
-8
-10
22
26
54
-14
-26
-6
16
31
4
-12
4
7
28
26
-13
-24
-22
-30
-9
23
-16
-30
-44
3
30
-5
-1
-11
-12
14
1
17
-27
-28
-5
-8
6
-6
21
-17
-31
-27
-2
6
-19
-21
-2
22
27
-20
-27
-27
10
17
1
-6
-26
3
3
7
-18
-16
1
13
22
-4
7
0
2
0
-16
-23
-38
-4
5
3
-25
-41
-17
12
44
35
14
-12
-7
-4
3
13
21
33
23
13
-6
-11
1
0
13
11
7
14
-10
3
-11
-9
25
18
24
-2
2
20
16
17
12
22
25
19
17
13
3
-5
-18
-5
-3
-2
-12
-24
-11
-15
-7
-22
-21
-20
-14
10
-5
-10
-28
-23
-15
-17
-18
-30
-38
-36
-31
-25
-16
-24
-23
-21
-10
-12
-27
-31
-29
-8
4
23
36
18
7
-11
8
12
5
28
16
33
26
24
25
-7
-13
-20
-5
5
-2
-1
2
5
-2
3
27
44
31
9
-9
-8
-5
-1
12
7
5
-2
-14
-14
-28
-31
-24
0
26
27
7
-20
-24
-11
-3
-10
-9
9
21
16
-5
-16
-7
18
23
9
3
8
35
37
21
3
-6
17
26
31
16
-6
-5
-4
22
34
32
38
37
53
46
35
21
3
22
28
48
39
12
5
-13
-4
-24
-23
1
24
49
15
-11
-31
-35
-13
-2
10
2
-4
3
7
2
-26
-42
-24
12
31
5
-34
-53
-49
-28
-14
-12
3
-1
-17
-33
-38
-22
-19
-13
-4
2
9
-23
-41
-39
-32
-13
-13
5
16
6
-11
-36
-23
-8
2
0
-4
1
4
-6
-18
-23
-17
2
14
18
-2
-16
-12
-12
3
4
2
-3
-6
0
-8
-10
-2
1
10
16
21
16
-3
-11
-10
-13
-2
0
15
20
13
7
-6
8
6
2
2
-3
5
-2
-9
-18
-16
-7
-3
13
8
1
-8
-4
4
6
5
-1
-2
0
1
-7
-9
-13
-10
0
14
17
12
-3
-3
3
7
5
0
8
18
15
-8
-23
-21
-4
6
11
11
-4
-11
-13
-11
0
9
23
28
25
12
1
-9
-1
8
11
14
4
-5
-1
6
5
4
-1
10
15
15
8
0
2
2
8
11
11
8
4
4
2
4
2
-6
-6
-5
4
16
21
13
-2
-6
-3
0
1
-1
-2
-6
-1
-1
-4
-8
-1
7
7
8
4
0
-1
1
2
8
11
8
3
-8
-9
-5
-8
-3
-2
1
4
3
1
-4
-9
-7
-1
6
8
7
0
-7
-5
-4
-3
-4
-9
-13
-3
-3
-5
-9
-8
-2
5
10
0
-4
-9
-12
-9
-2
3
6
0
-9
-14
-10
-5
-1
-1
0
-4
-9
-8
-10
-10
-8
-5
-3
-6
-9
-13
-7
-3
3
2
-3
-5
-4
3
7
6
8
8
9
6
2
-4
-8
0
6
4
2
-2
2
2
7
11
10
5
-2
-2
1
6
11
10
1
-3
-5
-4
-3
-1
-1
0
1
3
-1
-1
-4
-4
-6
-1
-4
-10
-9
-13
-7
-5
-9
-5
-8
-3
-5
-6
-5
-8
0
-2
3
1
-3
7
8
3
-8
-7
3
9
12
4
3
3
8
8
6
4
2
7
7
5
1
0
4
8
13
14
9
7
-1
1
4
11
12
6
5
10
11
11
6
0
1
6
4
1
-1
4
8
9
9
0
-4
-5
7
10
2
-2
-8
-8
-11
3
1
1
0
-2
-3
-8
-3
-5
2
6
5
2
-9
-12
-9
-5
-5
-8
-11
-11
-5
-4
-7
-9
-13
-7
3
5
2
3
1
-2
-2
-4
-3
0
5
5
8
7
2
1
4
4
10
12
9
13
5
4
2
4
5
5
6
2
0
-8
-10
-2
4
5
1
3
4
5
5
-1
-4
-2
-1
4
0
-4
-8
-12
-8
-3
-1
-3
-3
-7
-8
-4
-7
-12
-6
-10
-14
-8
-6
-9
-15
-17
-13
-9
-11
-12
-13
-13
-8
-5
-4
-5
0
-2
0
-2
-3
-5
-8
-7
-4
-4
-4
-3
-3
-1
0
0
0
0
3
5
8
7
3
2
2
3
5
7
8
8
9
4
4
7
10
13
13
12
11
14
12
11
13
11
7
6
6
5
1
-4
-6
-3
-2
3
2
-2
-5
-9
-3
-3
-4
-8
-11
-12
-9
-4
-7
-9
-15
-12
-11
-11
-5
-3
-2
-1
1
3
4
1
4
7
10
14
12
10
9
9
12
13
12
10
13
15
17
17
21
22
15
11
10
9
12
9
7
8
7
7
8
6
5
5
3
5
1
-5
-6
-5
-6
-2
-2
-7
-14
-16
-14
-9
-12
-15
-16
-15
-15
-17
-15
-15
-14
-8
-7
-5
-4
-6
-10
-11
-3
4
4
1
3
2
0
5
2
1
5
4
5
6
6
5
1
1
3
4
6
2
-1
-6
-8
-9
-7
-7
-6
-7
-10
-7
-14
-16
-12
-10
-9
-12
-9
-11
-10
-12
-14
-14
-10
-2
3
4
1
6
4
3
7
9
10
12
13
13
16
14
10
11
14
20
22
16
16
16
16
14
15
13
16
17
16
20
12
7
5
-1
2
0
1
-2
-12
-14
-15
-17
-14
-14
-12
-14
-16
-18
-20
-20
-25
-20
-17
-12
-16
-15
-17
-19
-14
-8
-7
-4
-4
1
4
1
0
3
4
9
13
11
13
7
10
6
5
5
3
9
10
14
12
12
8
13
14
13
12
11
10
5
3
1
2
-3
-7
-7
-10
-7
-10
-13
-16
-18
-12
-11
-10
-10
-6
-7
-6
1
1
0
-4
-3
0
2
4
4
4
5
7
12
16
20
17
18
21
19
20
16
11
10
9
6
5
5
4
-3
-6
-4
-7
-7
-10
-10
-12
-13
-11
-11
-7
-8
-8
-7
-11
-15
-15
-20
-21
-18
-15
-10
-6
-7
-8
-7
-3
3
8
11
12
13
10
11
11
13
12
13
13
10
12
13
15
16
13
13
10
9
12
15
13
9
3
-1
-1
0
-1
-1
-5
-8
-8
-11
-11
-12
-15
-10
-9
-6
-8
-6
-8
-11
-13
-8
-5
-8
-7
-7
-8
-7
-5
-9
-4
-3
0
5
7
10
10
12
13
12
11
9
8
2
3
-3
-3
-1
0
3
-1
1
-7
-6
-6
-3
-4
-7
-7
-11
-8
-8
-13
-7
-11
-9
-11
-15
-11
-11
-7
-5
-3
1
5
2
0
2
3
3
6
3
-3
-2
-3
3
4
5
1
-1
-4
-3
5
8
8
4
0
-3
0
2
5
1
-7
-4
-1
-1
1
5
3
4
0
-7
-12
-16
-9
-6
-9
-15
-18
-19
-17
-24
-17
-16
-19
-15
-8
2
5
5
9
19
30
34
40
50
40
31
20
20
28
24
18
20
21
15
10
8
4
7
13
10
1
2
5
4
-1
-8
-20
-14
-23
-35
-43
-50
-39
-32
-24
-20
-16
-20
-36
-34
-23
0
-2
-17
-12
-1
19
14
-15
-24
-19
-5
15
15
2
-7
14
31
19
18
27
36
25
3
1
9
13
6
6
13
34
38
24
5
-6
13
18
33
22
31
35
12
-16
-25
0
13
42
30
9
-10
-14
1
-16
-14
-21
4
17
0
12
13
30
17
19
24
27
37
10
-3
-14
-7
14
5
-2
-6
12
37
26
6
-22
-17
-16
-21
2
1
6
-2
-5
-8
-7
-21
-56
-36
-40
-8
5
15
-12
-54
-43
-44
8
-14
-51
-39
-41
-9
2
7
-6
-14
-3
0
5
13
34
51
47
-4
-39
-49
-49
-40
-65
-43
-44
-51
-29
-34
-66
-80
-37
-21
-18
-58
-65
-34
15
49
50
68
67
58
29
12
42
44
-6
-61
-75
-62
-46
-20
-35
-55
-66
-28
45
39
53
49
36
72
56
101
82
47
8
-38
-9
-16
-32
-5
54
65
19
-3
-22
24
47
36
29
-6
65
115
71
47
71
126
92
48
31
-15
-46
-66
-48
-34
-47
-62
-104
-73
-17
-18
-30
-2
18
20
7
27
61
36
32
35
34
38
35
57
54
18
-46
-23
61
116
88
25
16
23
38
14
-8
-4
-23
-33
-36
-19
4
21
12
13
-5
-36
-90
-90
-66
-95
-90
-90
-64
-40
-95
-89
-61
-17
2
-27
-40
-21
31
64
25
1
11
30
-10
-60
-22
-78
-121
-101
-46
-53
-75
-52
-23
-12
10
32
46
52
15
20
32
-19
7
6
23
75
39
-8
-53
-64
-48
4
21
16
12
-5
-6
34
78
45
5
27
64
29
29
-3
33
76
35
35
-5
1
-38
-103
-88
-34
32
53
62
53
51
89
100
72
31
30
31
34
16
-33
-36
-38
-3
-30
-54
-52
-7
44
-8
-16
-50
-13
7
-12
7
-21
-21
-37
-84
-7
-42
-80
-35
-25
52
76
64
-8
-17
65
64
51
23
13
51
57
106
100
54
16
60
60
8
-4
-36
-17
-39
-42
-37
-40
-56
-33
-54
-129
-60
-46
-59
-115
-118
-54
-23
-10
1
41
-21
-71
-12
57
66
52
42
-51
-55
11
11
-2
-47
-62
-31
-53
16
61
59
71
51
38
8
46
135
72
75
19
-21
47
26
82
18
-4
7
70
21
-29
-9
26
84
-78
-38
-11
21
55
-47
-52
-24
-73
-3
34
-79
-57
-73
34
19
1
-3
-58
11
-55
-21
23
36
58
50
19
33
-89
-87
-100
-96
-2
8
15
-40
-37
-35
-89
-145
-253
-327
-401
-562
-771
-1896
-3088
-2750
-96
2292
2081
1107
455
547
975
1461
1571
1537
1636
1100
444
-44
230
553
759
928
455
353
928
1607
871
-139
-235
-132
36
-37
-506
-1153
-1237
-919
-625
-246
-170
-613
-1610
-1647
-863
-814
-903
-882
-452
-1052
-2087
-2859
-2620
115
1921
1733
-23
-1115
-393
953
2117
2096
1526
464
833
1774
1376
183
-1197
-1105
-316
422
957
844
31
-1178
-1539
-923
-1
558
225
-256
-449
-395
-341
37
298
-131
-435
-479
-20
217
431
385
-184
-743
-577
-86
304
534
172
-142
-319
-82
248
629
819
514
213
-483
-681
-562
105
661
-295
-971
-1443
-1153
-566
-62
-73
-750
-995
-1328
-1041
-553
1247
1783
993
597
220
971
1590
2250
1981
1789
1652
1890
2028
1127
38
-989
-571
458
1186
848
166
-997
-2069
-1824
-890
-50
-79
-357
-1118
-1286
-906
-599
-322
-401
-313
-336
-34
183
364
-70
-312
-219
-103
373
626
671
397
273
95
57
224
400
279
184
155
12
158
160
176
57
-169
-379
-429
-351
-97
-40
-416
-420
-421
-490
-401
-286
-67
-215
-475
-523
-364
-198
-201
-346
-405
-320
55
245
-22
-231
-533
-358
-281
19
-195
-526
-622
-379
341
667
645
-173
-664
16
1746
2316
2061
1085
661
1217
1635
1553
952
366
207
726
675
596
-392
-1461
-1869
-1252
-450
-139
-365
-1343
-1939
-1929
-1173
-769
-520
-639
-588
-365
-215
-181
-289
-1
310
482
492
916
1006
628
258
195
466
863
1082
1042
495
-168
-410
-248
9
218
251
-254
-446
-578
-650
-849
-931
-718
-294
66
217
-177
-922
-1077
-606
-114
134
342
29
-145
-363
-222
-28
103
224
388
543
525
234
-174
-177
50
337
708
1100
531
-121
-530
-442
-402
-85
202
291
284
-20
-221
-553
-586
-491
-131
155
512
346
-62
-317
-121
276
294
420
570
807
795
531
176
-85
-21
255
831
1148
684
-167
-521
-136
100
26
-206
-87
225
307
589
419
-22
-596
-747
-4
949
1183
393
-303
-490
-141
248
471
-4
-623
-552
7
759
639
-87
-636
-674
-218
357
719
494
-239
-982
-714
51
717
672
-265
-931
-873
-164
326
-44
-614
-901
-817
-397
-299
-497
-567
-497
-385
-249
-153
35
32
-46
-69
-353
-353
123
758
1153
589
-88
-339
-234
223
414
687
431
221
293
418
40
-786
-1040
-692
343
985
816
152
-471
-910
-994
-771
-220
240
524
243
-350
-869
-1342
-1405
-876
-79
314
468
462
370
-230
-950
-1002
-451
653
1438
1693
1397
637
-121
-522
85
730
931
724
173
222
513
325
-178
-853
-1190
-1051
-644
19
435
573
-73
-868
-1377
-1349
-697
224
1227
2052
2555
3000
3654
4275
4581
3720
2284
672
-338
-971
-1760
-2571
-3398
-3745
-3544
-2641
-1726
-1122
-1051
-901
-718
-910
-1479
-1869
-1251
313
2142
3030
3140
2796
2675
2464
2056
1430
392
-560
-1469
-1662
-1235
-855
-657
-562
-173
138
257
704
1515
2349
2620
2229
1368
184
-773
-1131
-723
-244
-118
-363
-1098
-2170
-3207
-3732
-3539
-2917
-2165
-1800
-1997
-2720
-3331
-3560
-3145
-2428
-2021
-1795
-1971
-2051
-2237
-2380
-2243
-2259
-1982
-1550
-953
-433
-428
-635
-954
-716
-107
674
1508
1830
1730
1352
938
859
744
799
1129
1632
2178
2328
2180
1655
1345
1331
1744
2355
2782
2918
2615
2041
1424
1232
1355
1544
1554
1411
1517
1736
1633
1188
674
397
532
916
1552
1889
1739
1327
865
859
1052
1306
1590
1788
1992
1999
1881
1594
1104
1000
1113
1562
1625
1276
822
395
222
35
234
578
856
1133
1395
1603
1613
1485
1557
1350
1273
1093
872
532
185
113
199
322
-294
-813
-1183
-1445
-1925
-2452
-2513
-2680
-2670
-3127
-3521
-3928
-4272
-4198
-4203
-3962
-4063
-4166
-4230
-4401
-4308
-4141
-3607
-3088
-2720
-2108
-1942
-1765
-1642
-1242
-585
33
698
1091
1491
1695
1866
2072
2120
2302
2552
3082
3451
3411
3251
2766
2650
2476
2391
2488
2348
2280
1661
1155
951
842
777
417
97
-218
-191
-23
-95
-208
-333
-377
-294
-38
229
304
222
100
117
157
385
656
976
887
413
-48
-345
-189
-41
53
-101
-479
-800
-845
-742
-633
-760
-1139
-1472
-1577
-1310
-1149
-1187
-1346
-1478
-1409
-1454
-1463
-1507
-1156
-671
-360
-33
138
490
461
924
1396
1123
-838
-4069
-5613
-4702
-2599
-1706
-2881
-4806
-6978
-8368
-8392
-7170
-5156
-4247
-4199
-4464
-4646
-4087
-3516
-2356
-1360
-291
1156
2545
4009
4517
4421
4284
4532
5658
7190
8747
9503
9125
8157
7031
6624
6749
7121
7188
6511
5538
4261
3149
2257
1425
842
287
-213
-780
-1279
-1665
-2154
-2635
-3132
-3210
-2718
-1618
-673
-172
-336
-600
-471
-45
956
2112
3052
3455
3331
3000
2688
2646
2744
2793
2744
2491
2219
1837
1132
212
-719
-1348
-1737
-1892
-1846
-2050
-2524
-3306
-3921
-4179
-3965
-3438
-2972
-2625
-2576
-2623
-2577
-2222
-1819
-1472
-1126
-843
-503
-215
128
372
392
191
-130
-170
-29
211
391
298
-19
-588
-947
-1172
-1590
-1842
-1497
-561
315
218
-1004
-2931
-5008
-6188
-6309
-5183
-4310
-4564
-6094
-7982
-8980
-8984
-8184
-7260
-6569
-6118
-5725
-5034
-4091
-3249
-2545
-1969
-1108
107
1607
3338
4702
5446
5522
5474
5774
6589
7812
8938
9537
9451
8806
8108
7684
7402
7245
6908
6506
5866
5221
4607
3866
2927
1767
739
283
373
481
236
-678
-1785
-2692
-2815
-2265
-1512
-983
-856
-902
-872
-574
-162
402
912
1311
1680
2039
2500
2743
2767
2456
1990
1790
1870
2211
2295
1984
1326
424
-302
-672
-778
-749
-939
-1383
-1901
-2296
-2497
-2564
-2641
-2741
-2735
-2666
-2368
-2030
-1688
-1479
-1521
-1482
-1302
-909
-509
-289
-278
-393
-478
-511
-636
-917
-1182
-1186
-948
-822
-1143
-1763
-2280
-2541
-2608
-2536
-2300
-2014
-1951
-2227
-2796
-3185
-3055
-2300
-1201
-208
114
-680
-2539
-4693
-6065
-6001
-4520
-3051
-2401
-3261
-4888
-6364
-6917
-6407
-5440
-4624
-4118
-3702
-2847
-2056
-1596
-1725
-2122
-1998
-1156
509
2435
3810
4375
4040
3637
3625
4181
5185
6211
7082
7541
7520
7262
6812
6417
6023
5730
5597
5525
5588
5582
5384
4735
3733
2644
1872
1696
1940
2372
2503
2115
1333
437
-85
-163
38
341
466
437
331
177
69
-45
-151
-186
-295
-432
-541
-518
-440
-472
-784
-1193
-1515
-1582
-1466
-1406
-1590
-1946
-2412
-2738
-2751
-2585
-2182
-2060
-1983
-1980
-2012
-1814
-1623
-1339
-1131
-1050
-1071
-1162
-1230
-1079
-828
-533
-418
-496
-557
-572
-475
-287
-201
-154
-200
-241
-243
-240
-102
-53
-86
-111
-170
-176
-189
-228
-244
-333
-398
-412
-401
-411
-378
-453
-581
-705
-800
-788
-727
-688
-688
-798
-852
-866
-784
-638
-523
-533
-578
-631
-601
-547
-494
-475
-484
-414
-376
-321
-288
-340
-388
-456
-462
-456
-370
-277
-274
-321
-338
-288
-261
-361
-302
-191
-64
30
100
189
214
206
222
329
481
680
744
782
769
734
736
721
765
816
807
808
803
873
952
944
940
801
770
836
884
987
952
969
912
906
979
904
985
1031
1032
1062
1026
1059
1039
983
986
896
858
895
887
900
906
838
735
596
527
498
483
499
391
367
272
191
86
-118
-184
-218
-250
-236
-312
-333
-444
-587
-675
-853
-729
-695
-646
-683
-732
-781
-910
-921
-892
-732
-722
-719
-731
-769
-743
-766
-731
-767
-808
-742
-672
-566
-630
-724
-699
-729
-663
-666
-633
-489
-415
-475
-542
-576
-534
-376
-345
-289
-289
-259
-209
-223
-269
-333
-356
-272
-235
-209
-313
-383
-363
-265
-191
-141
-134
-235
-218
-272
-281
-299
-293
-211
-95
-78
-148
-188
-215
-182
-150
-180
-110
-122
-125
-74
-49
-34
-36
-37
-66
-6
135
283
323
305
300
350
373
451
568
677
819
854
988
1058
1079
1098
1172
1273
1335
1499
1490
1522
1595
1549
1490
1423
1416
1407
1358
1278
1193
946
872
753
311
-383
-1117
-504
1329
3174
3150
1037
-1665
-2753
-1338
1079
2565
1942
-140
-1997
-2374
-1312
51
565
6
-1018
-1524
-1304
-637
-213
-373
-874
-1285
-1313
-1170
-858
-457
-307
-369
-730
-1132
-1219
-998
-524
-331
-460
-779
-1175
-1341
-1107
-643
-368
-254
-408
-416
-195
194
620
765
666
391
77
-134
-186
-33
163
74
-101
-326
-344
-79
162
115
-487
-1006
-1270
-1015
-298
34
-114
-649
-1106
-1109
-890
-589
-387
-426
-633
-919
-1007
-821
-606
-527
-614
-730
-865
-812
-546
-235
-59
-252
-439
-505
-382
33
431
762
739
455
307
326
719
980
1094
1040
950
968
1100
1371
1298
1203
1098
1155
1370
1361
1491
1472
1335
1120
976
1187
1518
1773
1413
889
454
578
1244
1373
1287
696
30
-104
247
1020
1185
386
-759
-1014
-28
979
836
-240
-1124
-965
-109
468
266
-520
-1110
-987
-368
246
193
-456
-1109
-1087
-344
-140
-558
-732
-451
-16
-165
-907
-1380
-804
314
305
-538
-1211
-1196
-656
10
661
538
-579
-1839
-1901
-500
1108
1147
-278
-1820
-1505
591
1650
724
-893
-1409
-1120
-762
-74
839
1233
16
-1811
-2146
-1065
685
1324
505
-850
-1435
85
1483
1287
-498
-1834
-1268
-135
698
700
264
46
-319
-755
-1288
-1537
-1206
-440
337
-96
-1290
-2150
-1802
-866
-459
-988
-1749
-1788
-935
32
151
-466
-1207
-1327
-639
377
1073
1104
789
503
479
731
1185
1675
2000
1863
1441
1196
1395
1953
2668
2512
1474
608
985
2524
3060
1922
377
577
2155
2620
1507
-94
-249
885
1859
1676
490
-517
-839
-325
531
1157
363
-918
-1509
-1038
278
879
630
-770
-1617
-1153
-194
371
-359
-1184
-2111
-1296
79
-748
-2738
-3836
-1919
1372
2957
2223
-393
-2795
-2717
-334
3750
6030
4256
537
-2598
-2762
-285
2984
4268
2125
-2061
-4492
-2524
705
2824
914
-3065
-4242
-2059
1514
697
-2481
-2873
-242
2990
1898
-2572
-5181
-2903
3341
6883
3685
-2686
-6264
-2920
3567
6098
2683
-3009
-3906
721
5478
4487
-1982
-7734
-7175
-561
5110
4307
-2012
-7664
-7502
-3300
-321
-1479
-4815
-5726
-3219
-238
-504
-3829
-6857
-6322
-2818
522
947
-957
-2153
-1107
800
1512
273
-856
363
3719
6617
6604
3796
1387
1536
3970
6073
6250
4943
3978
4348
5188
4979
3411
1778
1492
2839
4200
4265
3030
1389
270
-200
-95
-60
-71
211
878
1143
156
-1597
-2740
-2476
-1016
-15
113
-497
-1020
-921
-1005
-1551
-2322
-2308
-1231
218
1166
704
-671
-1961
-2246
-1347
12
951
838
220
-349
-554
-620
-699
-637
-500
178
533
566
156
-491
-922
-1127
-407
168
187
381
500
370
-662
-1412
-1657
-1220
586
2488
2190
-467
-2774
-3000
-1156
845
1440
559
-594
-548
709
1417
419
-1191
-1405
482
2118
1602
251
-299
596
1505
1160
70
-1190
-1718
-1353
-1415
-2093
-2981
-3094
-2874
-3327
-3953
-4754
-5143
-5280
-4952
-4372
-4474
-4818
-5228
-5123
-4594
-3934
-3599
-3697
-3370
-2480
-1424
-626
-501
-373
224
1334
2558
3291
3643
4018
4540
5075
5356
5229
5209
5509
5910
6075
5672
5174
4953
4865
4781
4441
3815
3090
2736
2862
2939
2289
1134
294
438
1075
1117
210
-1011
-1520
-897
-301
-394
-1174
-1672
-1525
-1280
-1452
-1898
-1911
-1459
-873
-719
-903
-1231
-1409
-1082
-544
-69
-206
-527
-213
425
751
513
70
-98
68
686
1292
1366
862
221
96
464
958
1127
705
295
678
1077
851
148
-325
63
718
1004
945
403
32
58
-16
15
-166
175
795
831
14
-1478
-1842
-1161
-105
347
-568
-780
-371
240
-142
-1333
-1415
-122
1440
1689
-217
-2658
-4796
-4843
-3435
-2224
-2075
-3404
-5027
-6133
-6670
-6670
-6467
-6192
-5775
-5560
-5462
-5559
-5505
-5356
-5077
-4633
-3898
-2887
-1449
-149
620
510
220
340
1733
3694
5514
6274
6055
5570
5559
6148
7066
7816
8113
7977
7581
7201
6968
6606
6259
5758
5235
4705
4170
3742
3067
2208
1242
341
23
-172
-169
-640
-1678
-2924
-3941
-4129
-3662
-3114
-2914
-3436
-4162
-4624
-4300
-3480
-2801
-2625
-2861
-2887
-2340
-1540
-817
-356
-42
294
665
1111
1604
2015
2111
1862
1545
1565
2108
2676
2558
1923
1023
594
490
712
1374
1643
1089
-282
-1111
-670
103
-5
-807
-1026
-179
552
273
-717
-1274
-1239
-960
-1133
-989
131
1504
1492
-504
-2233
-1632
692
2166
1600
114
-249
756
1631
1230
-456
-2283
-3160
-3392
-3270
-3686
-4059
-4358
-4743
-5833
-7571
-8770
-8377
-6832
-5665
-6019
-7334
-8200
-7614
-6309
-5131
-4610
-4242
-3508
-2426
-1244
-199
497
1167
1977
3124
4388
5518
6435
7066
7319
7415
7702
8472
9369
9804
9557
8942
8479
8230
8163
7958
7582
6915
5964
5049
4213
3570
2865
2099
1359
522
-333
-1222
-1858
-2275
-2690
-3341
-4154
-4661
-4637
-4375
-4281
-4702
-5358
-5733
-5360
-4081
-2857
-2453
-3137
-3692
-3305
-1919
-368
541
730
432
133
423
1191
2247
2939
3047
2688
2214
2037
2224
2516
2583
2381
1976
1607
1304
1060
728
353
20
-94
-167
-353
-642
-1010
-1336
-1723
-1854
-1692
-1312
-1247
-1573
-1976
-2040
-1453
-585
200
328
-280
-880
-1114
-378
684
1813
2031
1048
-915
-2938
-3758
-3474
-2837
-2859
-3571
-4327
-5195
-6512
-8039
-8919
-8308
-6977
-6111
-6341
-7151
-7899
-8114
-7881
-6752
-5066
-3298
-2264
-2018
-2106
-1798
-827
976
2976
4665
5463
5683
5793
6180
6951
8026
9273
10095
10202
9704
9155
8904
8772
8821
8905
8927
8399
7232
5912
4862
4326
3899
3470
2884
2151
1101
-102
-1345
-2254
-2831
-3050
-3105
-3360
-3948
-4929
-5764
-6045
-5867
-5423
-5158
-5007
-4859
-4779
-4406
-4039
-3483
-2996
-2400
-1551
-607
55
210
247
560
1196
2062
2744
3178
3153
2761
2416
2460
2921
3337
3275
2794
2202
1715
1446
1316
1348
1299
966
460
-126
-609
-910
-1132
-1095
-1127
-1358
-1695
-2049
-2061
-2074
-1756
-1236
-518
-458
-1173
-1930
-1631
-59
1807
2286
963
-1532
-3546
-3581
-2477
-1372
-2344
-4383
-5855
-5927
-5317
-6005
-7387
-8493
-8500
-7780
-7314
-6689
-6553
-7056
-8019
-8362
-6709
-4258
-2263
-1766
-2193
-2214
-1772
-267
1729
3788
5204
5307
5211
5316
6423
8038
9358
10089
9711
9321
9105
9493
9884
9723
9463
8881
8381
7618
6884
6403
5725
4909
3858
3263
2970
2309
1182
-369
-1353
-1945
-2091
-2291
-2811
-3577
-4830
-5715
-6171
-5803
-5161
-4835
-4992
-5762
-6093
-5971
-5398
-4552
-3890
-2892
-2246
-1843
-2021
-2010
-1216
-39
1067
1620
1870
1913
1719
1600
1942
2809
3519
3519
2990
2521
2380
2352
2369
2315
2355
2078
1527
936
546
441
333
35
-295
-736
-1079
-1329
-1415
-1348
-1470
-1464
-1400
-1023
-816
-835
-723
-395
107
237
43
-411
-1023
-1734
-2125
-2390
-2887
-4358
-5437
-5233
-4015
-3983
-6180
-8753
-9522
-8170
-6507
-5869
-5957
-6719
-7826
-8735
-8055
-5467
-2963
-2026
-2733
-3280
-2698
-1356
492
2327
3838
4531
4498
4798
5659
7065
8269
9078
9516
9523
9537
9525
9586
9531
9343
9417
9306
8882
7917
6888
6166
5566
5162
4651
4201
3412
2181
784
-242
-502
-530
-906
-1958
-3261
-4238
-4677
-4688
-4709
-4927
-5401
-5819
-5880
-5655
-5218
-5060
-5024
-5117
-4666
-3604
-2461
-1729
-1916
-1988
-1626
-491
801
1643
1931
1648
1405
1538
2274
3195
3595
3351
2680
2274
2270
2467
2726
2686
2464
1938
1347
963
871
865
717
285
-326
-831
-1063
-1059
-1169
-1430
-1666
-1603
-1336
-988
-917
-1096
-1420
-1297
-590
299
671
38
-1372
-3056
-3815
-3738
-3250
-3579
-4075
-4389
-4787
-6392
-8611
-9344
-7848
-5890
-5605
-6732
-7803
-8266
-8457
-7976
-6107
-3652
-2686
-3517
-4462
-3764
-1841
46
1504
2822
3512
3614
3496
4438
6143
7803
8744
9001
8877
8564
8569
9064
9759
10023
9743
9249
8642
7901
7248
6838
6617
6195
5517
4747
3851
2780
1788
1183
1098
653
-168
-1385
-2307
-3069
-3618
-3782
-3753
-3770
-4626
-5575
-6195
-5867
-5223
-4633
-4250
-4377
-4642
-4903
-4396
-3235
-2098
-1285
-1147
-1078
-1092
-688
312
1420
2243
2219
1954
1867
2071
2556
3026
3441
3384
2877
2359
2215
2399
2479
2360
1988
1642
1159
656
247
-39
-120
-234
-491
-939
-1501
-1790
-1769
-1448
-1137
-968
-1180
-1482
-1634
-1008
-17
583
-25
-1518
-2901
-3248
-3192
-3397
-4218
-4810
-4357
-4251
-5234
-7746
-9285
-8758
-6997
-5677
-5918
-6852
-8032
-9010
-8756
-6893
-3949
-2471
-3041
-4423
-4657
-3057
-922
1224
2680
3274
3071
2705
3613
5499
7601
8894
8951
8455
7911
8079
8873
9818
10225
9955
9278
8467
7763
7337
7291
7233
6705
5760
4770
4007
3357
2631
2105
1702
1180
308
-802
-1677
-2309
-2799
-3141
-3331
-3521
-4091
-4866
-5516
-5647
-5342
-4856
-4329
-4119
-4269
-4689
-4804
-3940
-2622
-1448
-994
-1228
-1356
-1236
-411
722
1756
2248
1972
1675
1684
2118
2669
3033
3144
2958
2631
2343
2220
2243
2273
2227
2004
1510
904
372
83
-69
-96
-266
-638
-1317
-1986
-2088
-1508
-801
-663
-1296
-1884
-1927
-1301
-224
481
236
-1407
-3694
-4336
-3567
-2430
-3155
-4894
-5353
-5188
-5379
-7473
-8791
-8078
-6508
-6038
-6930
-7492
-7548
-8102
-8091
-6934
-4200
-2936
-3613
-4748
-4486
-2466
-619
945
2047
2575
2720
2684
3672
5359
7039
8122
8211
8045
7718
8019
8778
9553
9898
9655
9155
8386
7642
7292
7234
7214
6612
5738
4842
4018
3311
2646
2217
1757
1158
396
-454
-1404
-2253
-2702
-2783
-2884
-3518
-4413
-4854
-5145
-5023
-5260
-4945
-4455
-4261
-4370
-4811
-4442
-3580
-2544
-1664
-1346
-1318
-1442
-1200
-190
970
1866
1985
1710
1442
1605
2277
3041
3488
3265
2760
2379
2251
2455
2558
2598
2342
1870
1355
895
537
338
206
68
-230
-825
-1424
-1756
-1792
-1449
-1121
-989
-1107
-1658
-1754
-1477
-694
208
166
-622
-2444
-3550
-3473
-3119
-3191
-4470
-4641
-4329
-4520
-6347
-8587
-8697
-7262
-5963
-5809
-6581
-7097
-8194
-8697
-7623
-4992
-2691
-2943
-4272
-4917
-3759
-1710
109
1821
2683
2808
2377
2561
4089
6047
7777
8343
8130
7625
7421
7998
8859
9679
9891
9505
8653
7649
7123
7091
7325
7112
6367
5367
4267
3356
2664
2478
2386
2003
1099
-134
-1305
-2236
-2489
-2302
-2051
-2524
-3823
-5032
-5812
-5503
-4736
-3893
-3676
-4506
-5542
-5968
-5055
-3370
-2095
-1600
-2041
-2501
-2469
-1588
-88
1171
1760
1430
1014
1027
1735
2725
3380
3573
3187
2791
2487
2522
2876
3143
3216
2738
2103
1564
1248
1077
893
816
606
175
-714
-1503
-1750
-1538
-923
-958
-1176
-1744
-2042
-1780
-1653
-973
-440
-360
-1142
-3304
-4298
-4451
-3680
-3626
-4547
-4526
-4807
-5692
-7844
-9267
-8064
-6286
-5355
-6191
-7394
-8008
-8628
-8091
-6269
-3691
-2617
-3775
-5002
-4806
-2719
-451
1315
2428
2509
2303
2160
3347
5372
7173
8213
8055
7632
7262
7555
8491
9441
9991
9740
8973
7927
7181
7027
7317
7567
7124
6110
4728
3525
2933
2895
3060
2605
1474
191
-841
-1434
-1877
-2018
-2078
-2498
-3582
-4772
-5355
-4974
-4295
-4049
-4458
-5129
-5627
-5386
-4627
-3488
-2746
-2684
-2922
-2939
-2201
-1126
-186
383
583
719
850
1187
1759
2478
3010
3192
3038
2777
2745
2840
3063
3267
3350
3134
2536
1805
1510
1549
1662
1373
767
162
-409
-874
-1155
-1219
-1150
-1167
-1401
-1726
-1910
-1960
-1473
-1068
-693
-617
-1190
-1921
-3324
-3736
-3360
-3073
-3606
-5381
-5574
-4862
-4624
-6165
-8529
-8551
-7249
-6012
-6071
-6763
-7064
-7925
-8150
-7065
-4535
-2718
-3289
-4364
-4496
-2853
-895
663
1980
2449
2495
2467
3433
5255
6738
7629
7706
7735
7688
7863
8496
9176
9668
9460
9030
8390
7866
7559
7334
7185
6727
6085
5269
4262
3433
2758
2612
2353
1770
797
-385
-1362
-2048
-2209
-2007
-2124
-3141
-4488
-5422
-5231
-4732
-4531
-4632
-5073
-5359
-5558
-5184
-4138
-3236
-2948
-3080
-3062
-2409
-1563
-796
-109
389
636
741
1013
1608
2308
2747
2950
3042
2999
2979
2978
3092
3300
3297
3147
2774
2307
2025
1810
1707
1455
1009
528
-109
-644
-1038
-1154
-1091
-1086
-1203
-1532
-1822
-1953
-1662
-1306
-1115
-1040
-1232
-1666
-2949
-3786
-3924
-3500
-3667
-4838
-5167
-4876
-5050
-6625
-8508
-8216
-6691
-5564
-5957
-7006
-7595
-8084
-7822
-6342
-4022
-2825
-3685
-4928
-4685
-2741
-530
892
1783
1948
1901
2128
3270
5216
6687
7406
7390
7241
7265
7622
8482
9290
9685
9320
8738
8158
7702
7611
7513
7485
6975
6108
5126
4164
3608
3298
3192
2751
1791
660
-353
-947
-1400
-1661
-1818
-2184
-3082
-4300
-5115
-5006
-4290
-3986
-4518
-5421
-5805
-5369
-4560
-3855
-3550
-3467
-3540
-3300
-2458
-1376
-437
-184
-273
-55
513
1343
1895
2172
2361
2509
2703
2899
3133
3239
3196
3090
3105
3128
2953
2588
2181
1941
1699
1438
1122
710
178
-465
-930
-1074
-976
-886
-1177
-1634
-2078
-2130
-1763
-1245
-713
-692
-1445
-2879
-4243
-4096
-3136
-2657
-3928
-5985
-6345
-5635
-5196
-6439
-7972
-8052
-7339
-6716
-6690
-6773
-6967
-7632
-7685
-6375
-4241
-3216
-3788
-4430
-3924
-2126
-417
910
1727
1942
2096
2538
3957
5750
6892
7276
7050
7087
7500
8259
9065
9469
9329
8783
8432
8305
8358
8210
7736
7126
6350
5704
5182
4708
4188
3619
2857
2046
1199
604
148
-494
-1259
-2044
-2546
-2892
-3292
-3790
-4420
-4888
-5113
-4868
-4622
-4878
-5290
-5582
-4982
-4238
-3776
-3545
-3457
-3044
-2518
-1724
-837
-177
-34
-69
276
1094
2065
2471
2594
2532
2572
2811
3121
3488
3575
3329
2981
2808
2766
2784
2603
2264
1762
1186
773
490
254
-147
-614
-1044
-1170
-1206
-1096
-1291
-1605
-1879
-1745
-1121
-615
-936
-2429
-4101
-4638
-3514
-2730
-3466
-5518
-6549
-5927
-5491
-6243
-7635
-7891
-7350
-7206
-7252
-7065
-6771
-7271
-7893
-7032
-4968
-3598
-3887
-4542
-3907
-2371
-785
286
1168
1700
1812
2419
3747
5518
6543
6720
6729
7079
7699
8387
9008
9394
9307
8810
8501
8503
8578
8436
7913
7352
6747
6033
5422
4787
4378
3821
3215
2461
1630
921
185
-425
-946
-1441
-1896
-2562
-3368
-4123
-4429
-4282
-4159
-4301
-5054
-5619
-5795
-5232
-4305
-3792
-3697
-4113
-4162
-3599
-2553
-1380
-814
-711
-879
-656
50
964
1796
2150
2237
2194
2328
2666
3012
3318
3357
3328
3151
2905
2808
2640
2459
2246
1982
1711
1237
570
35
-275
-284
-315
-480
-938
-1442
-1812
-1711
-1307
-845
-681
-823
-1496
-2393
-3547
-4065
-3439
-3031
-3376
-5176
-6228
-5870
-5334
-5886
-7353
-7840
-7304
-6982
-7213
-7325
-6949
-7134
-7557
-7200
-5650
-4133
-4248
-4540
-4047
-2684
-1312
-449
609
1401
1839
2252
3316
4847
5851
6305
6517
7108
7657
8044
8537
8900
9237
9115
8900
8757
8670
8426
7979
7504
7160
6791
5996
5246
4460
4051
3631
2936
2163
1303
608
-87
-701
-1228
-1780
-2478
-3146
-3691
-4043
-4166
-4577
-4827
-5210
-5455
-5163
-5066
-4683
-4653
-4570
-4295
-3855
-3306
-2685
-2145
-1721
-1281
-953
-407
206
678
1216
1460
1857
2241
2525
2933
2958
3137
3181
3306
3368
3216
3028
2867
2609
2297
1938
1673
1387
1028
518
99
-264
-691
-714
-822
-671
-1143
-1683
-1951
-1564
-845
-337
-1051
-2433
-4293
-4679
-3628
-2662
-3190
-5544
-6749
-6425
-5443
-5835
-7168
-7831
-7630
-7309
-7217
-6915
-6587
-7144
-7744
-7205
-5304
-3801
-3945
-4404
-4008
-2625
-1237
-194
917
1606
1864
2194
3231
4910
6078
6545
6587
6898
7317
7805
8456
9051
9402
9092
8504
8219
8306
8461
8180
7601
6960
6307
5694
5025
4646
4299
3765
2874
1862
1184
614
117
-611
-1127
-1617
-2333
-3221
-4001
-3943
-3917
-4002
-4609
-5257
-5282
-5465
-5082
-4539
-4103
-3928
-4425
-4341
-3684
-2656
-1913
-1459
-1216
-1041
-866
-460
544
1384
1855
1914
1782
2099
2356
2839
3280
3419
3399
2924
2616
2581
2760
2854
2590
2057
1471
1099
754
658
484
340
-86
-703
-1242
-1423
-1241
-1164
-903
-938
-803
-1293
-2191
-2849
-3148
-2730
-2510
-3386
-4728
-6222
-5935
-4701
-4083
-5236
-7557
-8538
-7966
-6473
-5667
-5732
-6443
-7745
-8261
-7145
-4902
-3206
-3501
-4407
-4488
-3290
-1637
-232
930
1465
1556
1834
2837
4430
5636
6320
6632
6992
7281
7601
8084
8666
9131
9265
9113
8772
8382
8069
7882
7742
7528
6992
6098
5110
4365
4239
4075
3546
2558
1395
618
99
-130
-496
-1080
-2185
-3151
-3640
-3652
-3469
-4023
-4725
-5361
-5382
-4987
-4660
-4505
-4688
-4810
-4665
-4129
-3271
-2666
-2419
-2289
-1991
-1379
-676
-58
322
668
850
1308
1849
2320
2652
2599
2637
2729
2953
3114
3143
2979
2721
2458
2292
2149
1903
1518
1094
743
418
131
-112
-221
-486
-847
-1214
-1356
-1170
-1121
-759
-723
-992
-2100
-3876
-4331
-3605
-2689
-3199
-5450
-6595
-6231
-5574
-5810
-7100
-7393
-7350
-7380
-7561
-7179
-6524
-6781
-7411
-7146
-5603
-4220
-4360
-4514
-3956
-2453
-1235
-666
201
890
1579
2173
3241
4754
5680
5980
6008
6648
7514
8116
8522
8670
8971
8815
8626
8662
8829
8811
8256
7580
7082
6687
6143
5618
5096
4676
4108
3251
2433
1731
1143
690
120
-542
-1332
-2282
-2834
-3180
-3168
-3575
-4261
-4949
-5268
-5011
-4822
-4762
-4916
-5039
-4778
-4444
-3881
-3454
-3089
-2780
-2482
-1837
-1264
-697
-417
-151
388
1049
1596
1904
2067
2238
2466
2782
3123
3280
3155
2813
2656
2746
2862
2708
2267
1754
1367
1087
846
536
164
-219
-549
-710
-866
-1136
-1194
-1135
-856
-925
-1359
-1701
-2141
-2520
-3141
-3241
-3503
-4021
-5255
-5797
-5014
-4504
-5241
-7190
-8245
-7521
-6539
-5867
-5998
-6421
-7209
-7943
-7145
-5233
-3463
-3441
-4356
-4524
-3534
-1807
-444
620
1206
1246
1572
2314
3994
5404
6103
6362
6460
6800
7224
7746
8416
8943
9061
8679
8269
7917
7931
8068
7980
7692
6865
5912
5164
4700
4746
4538
3978
2959
1769
1045
589
428
29
-586
-1742
-2672
-3366
-3457
-3375
-3882
-4167
-4864
-4831
-5012
-5169
-4953
-4755
-4238
-4205
-4119
-3903
-3583
-3027
-2507
-1619
-1110
-929
-982
-766
113
914
1676
1800
1769
1782
1951
2579
3076
3438
3239
2836
2543
2520
2760
2776
2585
2052
1592
1175
796
580
323
188
-34
-562
-870
-1270
-1024
-680
-640
-735
-1357
-1600
-2213
-2864
-3437
-3343
-3217
-3826
-5180
-6155
-5672
-5173
-5506
-6847
-7728
-7602
-6990
-6673
-6445
-6679
-7094
-7455
-6867
-5324
-4048
-3891
-4351
-4312
-3200
-1583
-292
496
944
1163
1799
2822
4304
5522
5973
6158
6301
6945
7639
8256
8654
8816
8772
8513
8426
8362
8376
8198
7671
7184
6542
6006
5570
5038
4657
4085
3387
2713
2000
1456
892
165
-375
-1133
-1649
-2300
-2945
-3269
-3789
-3915
-4332
-4646
-4651
-4802
-4691
-4812
-4846
-4538
-4326
-3904
-3582
-3089
-2663
-2376
-1927
-1519
-851
-441
-108
232
571
1115
1446
1907
2174
2395
2610
2650
2882
2945
2980
2880
2725
2589
2408
2133
1840
1556
1301
884
447
92
-91
-302
-454
-781
-893
-1025
-999
-921
-976
-1062
-1814
-2448
-3553
-3305
-3173
-3439
-4569
-6120
-5614
-5053
-5079
-6444
-7802
-7470
-6916
-6478
-6629
-6706
-6783
-7532
-7241
-6117
-4264
-3628
-4478
-4524
-3863
-2046
-905
-168
704
955
1507
2077
3474
5034
5728
5899
5953
6548
7265
7831
8327
8596
8824
8505
8410
8328
8286
8230
7764
7534
7095
6493
5702
4933
4600
4342
4034
3212
2266
1462
827
618
28
-392
-1344
-2203
-2838
-3218
-3029
-3458
-4000
-4740
-4916
-4561
-4415
-4494
-4828
-4791
-4498
-4054
-3480
-3132
-2756
-2690
-2385
-1807
-1026
-378
-194
-88
197
735
1374
1790
2084
2265
2296
2465
2745
3059
3141
2883
2646
2545
2487
2350
2099
1741
1458
1062
754
393
125
102
-130
-245
-751
-1025
-1180
-1078
-718
-463
-882
-2096
-3649
-4075
-3231
-2647
-3299
-5174
-6254
-5848
-5586
-5738
-6918
-7277
-7267
-7275
-7018
-6947
-6553
-7151
-7469
-6802
-5398
-4144
-4386
-4650
-4194
-3038
-1538
-707
301
797
1101
1684
2649
4361
5322
5807
5821
6084
6756
7315
8156
8518
8775
8530
8242
8297
8321
8416
8092
7697
7163
6601
6056
5605
5294
4873
4174
3400
2590
2057
1506
1006
457
-186
-972
-1877
-2500
-2739
-2907
-3235
-3847
-4366
-4556
-4778
-4723
-4684
-4495
-4289
-4435
-4396
-4085
-3601
-2957
-2620
-2166
-1795
-1474
-1189
-813
-194
374
902
1127
1338
1514
1800
2263
2601
2925
2910
2636
2425
2331
2637
2790
2587
2108
1597
1234
1084
957
938
713
186
-375
-736
-545
-369
-228
-720
-1012
-1220
-1288
-1586
-2771
-3402
-3597
-3385
-3677
-5094
-5785
-5749
-5483
-5952
-7154
-7446
-7279
-6938
-7064
-7109
-6755
-7091
-7207
-6948
-5633
-4356
-4411
-4393
-4095
-2800
-1621
-834
68
735
1411
1900
2885
4262
5177
5649
5788
6322
7073
7616
8126
8349
8637
8533
8438
8443
8464
8415
7969
7549
7030
6657
6194
5576
5040
4429
3975
3281
2636
1972
1393
793
56
-415
-862
-1359
-2133
-3020
-3372
-3431
-3383
-3649
-4212
-4696
-4882
-4698
-4303
-4018
-3962
-4058
-4124
-3735
-3190
-2437
-1911
-1610
-1499
-1377
-899
-221
479
883
1044
1123
1277
1590
1936
2407
2678
2611
2365
2075
2149
2363
2519
2350
1979
1471
1038
861
769
807
545
104
-388
-761
-805
-802
-683
-590
-497
-450
-1009
-2117
-3240
-3529
-2618
-1938
-2464
-4434
-6357
-6364
-5243
-4018
-4652
-6373
-7752
-8032
-6980
-5882
-5201
-5640
-6840
-7508
-6874
-4950
-3405
-3112
-3452
-3676
-2830
-1697
-321
894
1551
1965
2180
3010
4204
5160
5873
6215
6802
7144
7387
7591
7940
8465
8556
8604
8289
8028
7634
7298
7241
7121
6786
5939
4998
4359
4103
3974
3502
2732
1772
985
314
32
-265
-664
-1565
-2666
-3252
-3411
-3098
-3362
-3851
-4495
-4746
-4728
-4588
-4204
-3960
-3773
-3964
-4004
-3570
-2889
-2194
-1849
-1664
-1399
-1145
-713
-128
462
922
1098
1294
1562
1934
2179
2412
2567
2633
2539
2376
2290
2242
2211
2028
1841
1488
1113
700
454
477
424
214
-381
-935
-1142
-926
-452
-297
-431
-1082
-2131
-3310
-3817
-2973
-2023
-2250
-4389
-6529
-6735
-5549
-4431
-4935
-6193
-7287
-7852
-7567
-6659
-5499
-5355
-6410
-7311
-6893
-5211
-3961
-3510
-3435
-3131
-2493
-1810
-753
523
1452
1922
2338
3145
4194
4888
5521
6106
6823
7235
7387
7676
7945
8340
8417
8551
8562
8295
7797
7287
7172
7090
6803
6127
5313
4621
4063
3678
3256
2744
1961
956
291
-152
-207
-797
-1721
-2574
-3050
-2847
-3025
-3442
-4133
-4539
-4525
-4347
-4045
-3975
-4045
-4293
-4200
-3563
-2845
-2407
-2371
-2319
-1941
-1418
-824
-305
118
398
587
913
1392
1780
1966
2042
2164
2353
2389
2380
2276
2218
2120
2011
1867
1566
1249
886
730
654
441
121
-320
-560
-624
-569
-475
-586
-734
-1055
-1431
-1883
-2441
-2740
-2786
-2969
-3444
-4496
-5349
-5497
-5293
-5083
-5645
-6462
-7124
-7254
-6801
-6360
-5900
-6164
-6598
-6707
-6194
-4861
-4010
-3567
-3497
-3284
-2470
-1580
-370
605
1292
1779
2108
3089
4087
5123
5716
5980
6479
6729
7296
7659
8020
8269
8171
8268
8186
8089
7819
7443
7186
6832
6454
5834
5237
4712
4143
3756
3107
2529
1782
1149
721
245
-253
-1023
-1616
-2076
-2379
-2711
-3194
-3566
-3904
-3986
-4015
-4043
-4019
-4167
-4070
-3899
-3557
-3156
-2988
-2759
-2570
-2164
-1658
-1234
-889
-665
-357
22
482
820
1114
1279
1482
1661
1862
2051
2130
2219
2118
2011
1855
1813
1860
1653
1329
891
682
659
507
245
-71
-229
-221
-357
-488
-603
-663
-526
-1042
-1653
-2943
-3287
-2875
-2317
-2511
-4493
-5905
-6356
-5363
-4640
-5187
-6040
-7098
-7497
-7296
-6632
-5428
-5452
-6151
-6978
-6648
-5125
-4045
-3296
-3181
-2872
-2408
-1904
-686
598
1726
2186
2362
3089
3906
4889
5559
6221
6763
6963
7221
7408
7921
8156
8255
8323
8258
8071
7462
7022
6829
6830
6585
5866
5099
4331
3810
3400
2995
2728
2116
1245
224
-490
-581
-703
-1001
-1877
-2668
-3135
-3338
-3279
-3425
-3519
-3883
-4233
-4339
-4053
-3510
-3270
-3249
-3326
-3135
-2718
-2213
-1711
-1384
-1146
-1071
-752
-252
365
792
873
998
1135
1479
1762
1937
2019
1894
1817
1779
1829
1926
1712
1455
1168
934
827
675
527
368
-17
-339
-503
-332
-187
-303
-562
-770
-1074
-1759
-2651
-2844
-2264
-1964
-2881
-4845
-5876
-5450
-4416
-4196
-5284
-6471
-7259
-7352
-6712
-5907
-5152
-5683
-6799
-7280
-6423
-4647
-3655
-3439
-3582
-3436
-2837
-2059
-740
550
1363
1652
1734
2525
3564
4538
5332
5876
6363
6494
6598
7036
7662
8177
8236
8086
7923
7625
7377
7182
7202
7108
6559
5701
4934
4561
4279
3992
3365
2785
1954
1129
501
182
99
-460
-1141
-1948
-2350
-2582
-2884
-3076
-3222
-3353
-3613
-4015
-4065
-3841
-3404
-3215
-3132
-3042
-3034
-2739
-2430
-1716
-1257
-1034
-996
-919
-443
3
586
914
1079
1188
1088
1254
1495
1838
2086
2014
1852
1540
1407
1412
1466
1442
1050
692
429
441
325
58
-295
-316
-234
-172
-504
-511
-644
-995
-1985
-3111
-2807
-2194
-1868
-3230
-5075
-5860
-5459
-4630
-4509
-5314
-6193
-7374
-7330
-6743
-5411
-4827
-5737
-6658
-6998
-5728
-4222
-3289
-2986
-3277
-3156
-2684
-1421
151
1115
1597
1504
2056
3039
4151
5075
5561
6039
6225
6450
6879
7274
7859
7876
7964
7973
7829
7631
7076
6912
6785
6712
6252
5387
4714
4019
3715
3360
3000
2527
1643
658
-27
-282
-189
-540
-1247
-2150
-2695
-2841
-3010
-2966
-3211
-3277
-3639
-3968
-3973
-3775
-3271
-3098
-2954
-2946
-2837
-2534
-2144
-1541
-1122
-882
-825
-667
-230
232
712
878
1024
1094
1207
1481
1661
1893
1849
1835
1702
1614
1476
1351
1233
1118
994
836
611
276
56
-276
-209
-198
10
-134
-600
-611
-719
-832
-1970
-3132
-2985
-2212
-1498
-2765
-4844
-5916
-5873
-4610
-4185
-4337
-5395
-7037
-7753
-7243
-5302
-3984
-4620
-5977
-7015
-6217
-4611
-3174
-2204
-2309
-2743
-2959
-2144
-206
1464
2140
2041
1978
2663
3592
4656
5546
6264
6451
6347
6345
6752
7421
7779
7984
7930
7772
7259
6712
6477
6564
6669
6213
5402
4560
3814
3343
3095
3061
2805
1879
604
-411
-430
-369
-380
-1023
-1893
-2495
-3124
-3133
-2905
-2659
-2815
-3500
-3919
-3923
-3497
-3113
-2971
-2702
-2659
-2523
-2404
-2054
-1451
-1028
-741
-589
-359
-126
107
436
891
1193
1352
1234
1210
1330
1521
1654
1613
1472
1398
1289
1173
1097
901
748
453
386
272
124
-94
-326
-318
-260
-255
-101
-476
-1315
-2551
-3445
-2533
-1714
-1321
-3234
-5305
-6003
-5503
-4199
-4134
-4594
-5654
-7052
-7438
-6910
-5230
-4346
-5028
-6122
-6632
-5690
-4491
-3505
-2760
-2427
-2341
-2470
-1801
-417
1157
2008
2124
2448
2866
3646
4408
5316
6190
6575
6447
6344
6543
7167
7588
7865
7872
7649
7140
6384
6238
6362
6632
6197
5271
4327
3527
3312
3106
3184
2668
1663
420
-336
-363
-289
-411
-1221
-1832
-2560
-2892
-2967
-2866
-2699
-2853
-3313
-3656
-3574
-3360
-3029
-2888
-2736
-2424
-2295
-2176
-2022
-1655
-1085
-630
-425
-257
-210
-77
180
571
1156
1401
1352
1033
932
1219
1582
1831
1725
1352
945
672
850
1183
1226
723
38
-277
23
379
456
10
-341
-565
-210
-268
-719
-1933
-2847
-2567
-2111
-1454
-2842
-4216
-5365
-5514
-4511
-4269
-4199
-5190
-6626
-6954
-6731
-5446
-4769
-5113
-5496
-6170
-5745
-5037
-3968
-2901
-2617
-2478
-2542
-2026
-890
341
1476
2070
2325
2512
3030
3888
4961
5741
6053
6227
6166
6350
6641
7126
7640
7672
7432
6879
6527
6366
6224
6346
6061
5598
4800
3908
3420
3092
2988
2764
2112
1153
204
-331
-458
-459
-717
-1229
-1933
-2529
-2882
-2819
-2601
-2502
-2725
-3195
-3521
-3415
-3062
-2548
-2382
-2227
-2367
-2418
-2164
-1730
-934
-588
-491
-559
-538
-232
240
703
1080
1173
1038
938
986
1217
1493
1575
1527
1234
931
699
735
983
1035
806
264
-162
-237
-80
201
274
-1
-428
-913
-633
-493
-608
-2012
-3013
-2652
-1768
-1152
-2989
-4688
-5676
-5164
-3846
-3729
-3922
-5350
-6921
-6957
-6496
-4270
-3989
-4789
-6048
-6757
-5320
-4162
-2838
-2288
-2695
-2756
-3058
-1693
-46
1209
1859
1542
1921
2327
3308
4418
5188
5764
5663
5666
5828
6363
6969
7192
7323
7074
6912
6503
6272
6239
6211
6161
5598
5014
4275
3646
3419
3138
3160
2597
1626
610
-170
-31
40
-94
-821
-1741
-2305
-2655
-2423
-2079
-2014
-2397
-3254
-3639
-3448
-2764
-2211
-2153
-2396
-2622
-2547
-2155
-1528
-981
-731
-768
-946
-681
-260
251
602
721
842
793
859
922
1140
1388
1417
1368
1116
970
846
779
933
1012
934
487
-27
-311
-246
112
399
329
-245
-801
-809
-452
-494
-1273
-2446
-2577
-2150
-1581
-2230
-3636
-4739
-5029
-4392
-3741
-3741
-4591
-5997
-6595
-6188
-5038
-4210
-4459
-5178
-5798
-5598
-4641
-3492
-2686
-2476
-2737
-2770
-2153
-1021
277
1092
1525
1764
1964
2663
3531
4549
5237
5406
5526
5602
5983
6486
6827
7081
6988
6861
6531
6250
6164
6132
6159
5795
5215
4553
3928
3632
3386
3170
2696
1958
1106
466
168
33
-140
-691
-1248
-1767
-2168
-2232
-2280
-2134
-2317
-2643
-2922
-3092
-2893
-2710
-2436
-2306
-2276
-2189
-2198
-1917
-1560
-1118
-827
-779
-691
-561
-225
77
458
696
793
831
749
825
971
1166
1338
1201
1023
766
623
686
726
824
603
397
62
-167
-297
-282
-20
190
75
-301
-613
-508
-677
-1128
-2216
-2315
-1700
-1271
-1611
-3514
-4429
-4772
-4100
-3295
-3528
-3873
-5328
-6304
-6088
-5258
-3741
-3917
-4734
-5484
-5672
-4567
-3743
-2779
-2318
-2512
-2505
-2457
-1339
-56
842
1451
1567
1958
2261
2880
3781
4739
5357
5354
5289
5377
5801
6254
6573
6856
6729
6402
5851
5685
5886
5970
5901
5254
4554
3910
3406
3338
3232
2958
2277
1354
728
373
253
67
-367
-758
-1390
-1817
-2110
-2192
-2000
-2148
-2282
-2627
-2836
-2847
-2716
-2393
-2115
-1964
-1995
-2084
-1963
-1654
-1117
-757
-526
-542
-605
-441
-223
328
633
787
685
422
543
735
1115
1210
1015
848
581
544
504
483
617
442
299
7
-235
-371
-456
-365
-79
-57
-97
-464
-444
-781
-1281
-2132
-2416
-1540
-1057
-1263
-3121
-4551
-4707
-4048
-2849
-3046
-3674
-4881
-6165
-5753
-5094
-3544
-3317
-4470
-5233
-5719
-4509
-3415
-2658
-2036
-2494
-2450
-2620
-1654
-151
909
1604
1408
1576
1933
2631
3665
4462
5188
5140
4976
5000
5313
6081
6425
6729
6473
6058
5631
5386
5670
5917
5873
5216
4337
3692
3362
3405
3360
3009
2360
1396
731
449
418
344
-95
-682
-1243
-1634
-1758
-1873
-1891
-1977
-2350
-2436
-2599
-2471
-2320
-2265
-2142
-2067
-1857
-1797
-1796
-1558
-1338
-923
-587
-585
-532
-599
-298
80
492
692
553
473
366
545
862
1074
993
708
378
289
393
460
474
354
145
-60
-278
-301
-381
-490
-481
-491
-296
-306
-365
-351
-871
-1514
-2696
-2244
-1332
-508
-1334
-3427
-4472
-4492
-3312
-2704
-2967
-3456
-4843
-5571
-5455
-4436
-3050
-3482
-4292
-5197
-4866
-3851
-3116
-2365
-2148
-2134
-2191
-2095
-1125
-34
851
1152
1435
1769
2135
2731
3418
4334
4786
4869
4744
4807
5235
5606
5983
6298
6168
5834
5214
5139
5363
5529
5351
4643
4192
3704
3399
3154
2926
2687
2142
1440
843
470
428
121
-145
-510
-1065
-1535
-1907
-1863
-1767
-1727
-1932
-2273
-2448
-2454
-2321
-2034
-1736
-1641
-1684
-1896
-1754
-1428
-1025
-685
-584
-495
-572
-468
-257
150
547
609
458
312
327
531
768
849
813
602
384
289
289
380
285
92
-89
-281
-383
-404
-305
-258
-457
-746
-992
-896
-524
-168
-82
-883
-2000
-3111
-2312
-1036
0
-960
-3398
-4758
-4840
-3176
-1873
-1802
-2855
-5039
-5904
-5438
-3774
-2199
-2695
-3752
-5018
-4882
-3778
-2621
-1505
-1525
-1882
-2308
-2111
-924
104
1134
1352
1522
1613
1756
2494
3216
4254
4662
4749
4632
4345
4661
5116
5804
6205
5894
5353
4694
4598
4857
5199
5319
4709
3774
2951
2766
2999
3149
2889
2068
1204
514
323
441
519
244
-521
-1250
-1685
-1688
-1458
-1341
-1391
-1696
-2115
-2418
-2394
-1934
-1535
-1347
-1544
-1860
-1881
-1681
-1173
-704
-374
-468
-762
-823
-613
-12
390
536
337
163
26
134
497
671
864
611
292
21
-38
138
286
310
71
-311
-602
-741
-470
-233
-170
-458
-878
-1144
-1064
-599
-101
43
-941
-2387
-3298
-2165
-670
156
-1319
-3612
-4788
-4312
-2775
-1681
-1806
-2972
-4810
-5547
-4761
-3116
-1839
-2603
-3775
-4633
-4190
-2993
-2035
-1304
-1231
-1601
-1827
-1557
-421
645
1236
1467
1558
1777
1989
2401
3164
4015
4552
4485
4259
4147
4358
4789
5298
5695
5479
4853
4144
4066
4450
4768
4610
3964
3287
2652
2379
2530
2650
2518
1802
828
255
87
358
339
47
-510
-1209
-1553
-1663
-1420
-1189
-1236
-1626
-2018
-2082
-1992
-1580
-1462
-1390
-1386
-1451
-1389
-1255
-924
-613
-436
-297
-407
-453
-400
-170
303
547
644
416
167
181
324
638
773
647
311
-32
-57
17
222
157
-30
-384
-689
-763
-515
-238
-183
-489
-858
-1151
-1008
-527
-35
65
-1020
-2221
-3195
-2070
-636
-39
-1271
-3686
-4468
-4098
-2591
-1579
-1879
-2772
-4637
-5226
-4577
-3038
-1657
-2534
-3417
-4364
-3901
-2796
-2016
-1134
-1198
-1426
-1647
-1500
-321
474
1274
1499
1604
1925
1919
2437
3059
3859
4320
4303
4192
3988
4109
4450
5046
5514
5294
4696
3940
3921
4339
4706
4619
3870
3098
2504
2276
2454
2593
2333
1682
860
300
122
237
230
-30
-593
-1106
-1480
-1558
-1392
-1344
-1376
-1663
-1902
-2017
-1915
-1761
-1594
-1398
-1303
-1357
-1493
-1430
-1081
-714
-445
-378
-438
-371
-383
-121
213
467
592
332
119
136
294
546
643
513
310
-9
-98
-8
88
157
-24
-334
-545
-690
-733
-613
-456
-500
-711
-1067
-1195
-1009
-759
-355
-348
-916
-1903
-2931
-2247
-1029
-199
-936
-2923
-3936
-3871
-2669
-1744
-1729
-2215
-3714
-4595
-4337
-3028
-1555
-1842
-2804
-3764
-3603
-2657
-1834
-1014
-760
-930
-1265
-1357
-463
503
1339
1580
1569
1815
1897
2366
2876
3613
4142
4122
4009
3769
3908
4174
4618
5060
4964
4469
3691
3472
3834
4224
4276
3657
2936
2289
1967
2051
2194
2236
1687
929
214
-5
101
149
65
-386
-858
-1302
-1528
-1390
-1170
-1082
-1229
-1595
-1757
-1816
-1531
-1246
-1015
-962
-1047
-1185
-1147
-886
-502
-231
-178
-212
-341
-304
-160
148
372
481
312
132
21
81
208
333
352
176
-111
-323
-366
-219
-97
-136
-413
-750
-909
-840
-612
-527
-589
-818
-1040
-1108
-1028
-737
-566
-478
-793
-1369
-1957
-2070
-1493
-898
-759
-1588
-2589
-3179
-2988
-2300
-1787
-1712
-2422
-3399
-3736
-3415
-2343
-1844
-1953
-2557
-3020
-2826
-2290
-1417
-848
-766
-930
-1073
-670
-73
645
1206
1435
1630
1658
1979
2388
2937
3335
3640
3793
3799
3769
3712
3914
4268
4494
4453
4045
3663
3368
3380
3582
3630
3413
2696
2059
1762
1815
1992
1796
1391
811
208
-22
-83
57
-26
-415
-879
-1300
-1267
-1183
-1043
-1083
-1249
-1391
-1543
-1488
-1308
-1021
-794
-813
-952
-1028
-905
-595
-353
-222
-168
-200
-221
-198
-85
135
233
261
135
30
-61
-57
76
121
122
-86
-277
-421
-477
-431
-453
-505
-658
-812
-896
-915
-834
-849
-967
-1065
-1163
-1069
-996
-910
-801
-814
-1003
-1404
-1666
-1491
-1183
-1059
-1359
-1836
-2187
-2289
-2172
-1866
-1727
-1813
-2333
-2728
-2608
-2223
-1769
-1797
-1916
-2042
-2019
-1763
-1482
-950
-689
-578
-569
-521
-45
315
820
1112
1336
1577
1655
1951
2232
2667
3032
3145
3253
3209
3301
3472
3546
3719
3695
3557
3341
3082
3038
3014
3070
2936
2653
2289
1909
1714
1595
1529
1372
1039
661
339
94
71
-24
-161
-460
-738
-848
-849
-758
-792
-913
-1026
-1101
-1022
-943
-883
-872
-867
-785
-707
-659
-560
-507
-454
-384
-286
-158
-155
-141
-193
-122
-4
30
-1
-114
-176
-191
-201
-180
-234
-295
-393
-533
-614
-664
-611
-607
-733
-901
-1056
-1004
-905
-891
-973
-1110
-1132
-1156
-1086
-998
-927
-879
-998
-1167
-1337
-1402
-1244
-1109
-1078
-1350
-1707
-1853
-1808
-1572
-1461
-1505
-1733
-2004
-1995
-1746
-1444
-1281
-1420
-1530
-1544
-1345
-1017
-689
-454
-390
-432
-287
83
469
789
919
1107
1294
1477
1738
1975
2284
2446
2527
2603
2741
2939
3011
3040
3001
3047
3080
3023
2881
2672
2583
2526
2541
2401
2115
1752
1429
1333
1333
1312
1076
670
340
161
160
179
43
-197
-507
-704
-731
-639
-535
-586
-700
-833
-827
-761
-667
-587
-581
-560
-590
-559
-505
-419
-303
-276
-213
-234
-236
-202
-151
-76
-104
-134
-173
-187
-224
-307
-313
-328
-335
-392
-493
-502
-542
-586
-675
-777
-809
-846
-867
-893
-942
-994
-1089
-1138
-1102
-1025
-1021
-1052
-1063
-1008
-962
-925
-968
-1022
-1146
-1201
-1149
-1037
-1001
-1190
-1378
-1502
-1458
-1318
-1234
-1188
-1274
-1448
-1524
-1447
-1129
-890
-831
-927
-1025
-934
-732
-394
-95
39
57
17
219
519
868
1126
1248
1359
1352
1489
1701
2007
2217
2192
2210
2231
2393
2465
2437
2474
2460
2452
2328
2180
2129
2074
2052
1940
1777
1586
1332
1187
1098
1067
957
747
544
375
262
166
105
73
-3
-143
-293
-393
-414
-381
-344
-334
-420
-513
-559
-509
-390
-327
-292
-326
-364
-376
-360
-280
-219
-192
-220
-267
-296
-307
-283
-245
-245
-308
-422
-507
-507
-447
-424
-510
-603
-686
-734
-778
-794
-750
-738
-788
-899
-980
-963
-903
-880
-868
-858
-868
-898
-931
-899
-837
-762
-674
-623
-645
-823
-1004
-1034
-864
-634
-617
-785
-1041
-1172
-1139
-1031
-843
-753
-773
-957
-1187
-1181
-977
-657
-488
-520
-642
-764
-714
-464
-72
221
275
141
60
224
584
989
1201
1207
1105
1055
1246
1535
1783
1872
1839
1848
1847
1875
1905
1995
2092
2067
1913
1722
1610
1583
1579
1585
1518
1382
1157
953
863
879
918
837
666
428
265
175
187
205
127
-15
-180
-252
-290
-284
-223
-180
-206
-361
-489
-448
-288
-167
-164
-225
-288
-337
-331
-267
-168
-99
-152
-270
-382
-412
-340
-243
-216
-277
-395
-479
-499
-477
-477
-494
-520
-571
-683
-807
-862
-815
-722
-715
-793
-908
-977
-973
-895
-831
-812
-847
-894
-871
-820
-733
-681
-677
-684
-689
-618
-530
-487
-488
-516
-497
-474
-474
-525
-580
-560
-479
-437
-464
-538
-592
-579
-542
-483
-454
-443
-419
-425
-390
-331
-235
-151
-112
-49
23
122
178
221
317
474
661
764
778
770
818
1002
1201
1355
1363
1265
1182
1212
1395
1531
1540
1415
1289
1275
1280
1295
1243
1169
1097
1009
954
872
823
780
716
664
576
519
453
388
322
256
219
144
92
59
63
67
22
-8
-46
-76
-88
-69
-48
-50
-86
-119
-131
-154
-166
-191
-178
-137
-132
-156
-199
-232
-222
-235
-252
-284
-329
-354
-420
-480
-534
-564
-548
-563
-578
-642
-692
-706
-751
-748
-742
-724
-738
-803
-840
-817
-750
-694
-701
-723
-722
-702
-651
-596
-518
-480
-485
-506
-495
-439
-372
-322
-299
-273
-252
-264
-300
-329
-281
-188
-86
-60
-158
-304
-388
-302
-146
-39
-77
-241
-380
-357
-155
53
86
-77
-218
-150
92
320
359
226
96
147
353
549
606
542
465
494
612
728
766
725
729
767
817
823
792
779
771
819
849
846
780
684
631
642
701
730
694
577
455
386
396
484
511
437
270
138
128
197
283
290
212
90
28
60
136
174
141
82
14
-11
16
53
69
40
-8
-43
-65
-72
-99
-133
-172
-196
-208
-230
-266
-320
-357
-354
-341
-364
-452
-531
-543
-481
-432
-482
-563
-628
-614
-566
-543
-523
-547
-589
-625
-611
-536
-486
-482
-506
-487
-446
-428
-436
-430
-372
-316
-300
-308
-307
-266
-209
-137
-86
-92
-141
-164
-132
-104
-72
-49
-13
0
-49
-90
-107
-67
-13
27
52
37
0
-40
-33
45
137
157
73
-20
-13
78
176
209
189
169
159
166
206
265
327
335
326
319
308
329
354
434
503
501
428
349
374
462
548
558
496
421
377
404
471
528
511
432
343
307
360
432
461
406
307
225
191
208
245
256
214
126
48
24
44
46
10
-26
-55
-66
-84
-112
-137
-138
-111
-104
-158
-243
-287
-256
-187
-170
-218
-297
-347
-321
-273
-231
-248
-287
-314
-312
-299
-294
-284
-283
-290
-316
-357
-390
-393
-351
-304
-286
-311
-362
-383
-347
-270
-202
-165
-170
-183
-197
-189
-172
-141
-96
-55
-51
-82
-109
-82
3
88
118
86
27
-5
26
92
150
179
145
63
-21
-49
-3
75
102
42
-59
-131
-118
-47
17
9
-55
-116
-118
-70
-19
7
1
-13
-12
1
15
35
71
112
143
149
130
132
163
224
295
324
285
211
181
219
287
332
349
344
316
258
203
218
290
352
341
270
217
218
243
258
253
232
184
124
71
58
78
80
52
9
-21
-53
-74
-84
-72
-59
-74
-106
-140
-152
-135
-114
-106
-123
-153
-171
-172
-153
-128
-118
-115
-121
-135
-159
-161
-126
-82
-65
-88
-141
-172
-148
-110
-80
-100
-131
-130
-125
-131
-142
-115
-69
-50
-70
-83
-60
-18
6
2
5
12
15
13
26
52
59
30
14
28
32
13
-10
-19
-31
-45
-50
-35
-40
-69
-98
-98
-83
-94
-114
-128
-120
-120
-148
-162
-141
-114
-122
-148
-147
-118
-97
-89
-80
-61
-54
-61
-48
-5
45
65
54
34
39
78
131
173
187
158
134
155
211
253
234
193
180
186
187
192
205
218
201
156
130
138
160
157
128
125
146
147
106
56
42
43
42
31
23
16
-9
-42
-59
-53
-42
-54
-70
-78
-79
-73
-78
-83
-89
-98
-99
-99
-89
-70
-57
-50
-65
-95
-113
-96
-52
-16
-9
-35
-63
-64
-59
-47
-22
9
21
-12
-43
-28
20
56
48
32
46
82
98
94
96
110
116
106
97
115
138
141
119
86
66
64
67
71
59
33
6
-16
-27
-53
-81
-97
-104
-113
-141
-164
-173
-172
-173
-189
-209
-215
-226
-237
-230
-202
-174
-176
-201
-195
-150
-89
-58
-62
-66
-54
-23
8
36
57
69
82
95
114
142
161
164
152
138
134
152
172
171
148
113
82
73
63
50
51
66
79
63
24
-10
-16
-1
14
14
10
-5
-39
-62
-63
-35
-16
-15
-35
-59
-81
-81
-68
-53
-38
-32
-39
-48
-56
-60
-49
-41
-32
-37
-39
-39
-36
-20
2
13
5
-9
-6
19
55
70
64
58
63
73
84
99
104
92
72
69
92
108
119
130
143
149
126
96
84
98
108
101
92
87
78
52
17
-9
-8
-5
-19
-42
-72
-102
-121
-123
-113
-112
-128
-154
-171
-167
-163
-161
-152
-151
-157
-164
-166
-158
-134
-119
-114
-107
-93
-78
-69
-49
-19
5
12
5
2
8
31
64
87
106
110
108
105
110
122
129
127
124
111
84
69
79
104
115
88
48
16
8
14
18
23
15
-12
-40
-50
-35
-18
-10
-18
-28
-46
-60
-56
-36
-15
-15
-31
-52
-66
-64
-52
-29
-8
-6
-26
-41
-34
-17
-8
-6
-6
-8
-15
-15
1
17
30
32
34
35
40
44
51
60
65
66
62
65
77
84
93
96
97
89
81
75
74
87
96
100
90
80
66
52
45
32
27
18
5
-9
-30
-54
-71
-72
-65
-71
-96
-131
-152
-141
-127
-119
-118
-129
-142
-153
-153
-143
-122
-114
-117
-119
-117
-108
-96
-79
-62
-45
-34
-33
-30
-15
2
15
28
42
48
47
44
56
77
93
99
88
82
81
82
90
94
87
73
65
65
66
59
46
29
21
21
22
19
14
4
-5
-5
-4
-9
-16
-27
-29
-28
-28
-30
-37
-37
-36
-29
-30
-36
-33
-30
-27
-25
-22
-18
-9
-1
0
-1
6
12
12
5
-3
0
17
29
33
31
27
28
37
50
59
54
36
23
23
35
53
61
60
47
31
24
31
36
34
26
10
-4
-9
-4
8
15
5
-19
-43
-51
-47
-42
-44
-52
-62
-72
-75
-79
-81
-75
-73
-73
-75
-78
-81
-80
-80
-73
-63
-53
-49
-47
-51
-60
-56
-39
-25
-13
-8
-4
6
16
29
45
54
58
54
54
66
79
91
98
98
91
88
86
87
89
87
79
76
78
84
83
78
71
60
53
47
49
46
40
30
17
13
6
-2
-6
-4
-7
-5
-7
-13
-19
-21
-30
-34
-35
-34
-31
-32
-34
-39
-43
-46
-45
-38
-40
-49
-49
-47
-38
-32
-31
-36
-43
-44
-43
-38
-38
-34
-26
-16
-8
-3
-3
-1
3
4
2
-3
5
15
19
21
19
12
15
24
23
21
17
6
4
2
3
0
-6
-9
-8
-6
-11
-12
-18
-24
-32
-33
-32
-24
-19
-13
-14
-13
-16
-15
-13
-10
-4
1
6
12
13
12
6
2
-1
5
14
21
18
12
11
14
15
12
14
11
8
9
12
15
13
7
3
4
16
27
35
27
21
11
1
-2
1
17
18
12
6
1
-8
-10
-8
-2
1
0
-4
-7
-12
-15
-14
-11
-7
-9
-15
-23
-28
-28
-25
-20
-18
-20
-28
-37
-41
-38
-29
-18
-13
-10
-10
-17
-14
-9
-5
-1
5
9
9
7
8
12
13
14
14
20
25
28
27
25
30
30
24
19
14
17
24
28
25
24
14
7
0
2
8
11
7
1
-5
-17
-22
-28
-25
-25
-24
-20
-17
-16
-13
-10
-12
-11
-11
-6
4
4
0
-1
-7
-5
2
-1
3
9
12
11
1
-5
-3
5
12
11
12
17
12
9
9
12
13
9
7
5
4
4
-2
-4
-4
-7
-7
-9
-9
-8
-4
3
10
13
13
11
13
16
21
24
25
20
13
10
6
11
20
25
22
15
2
-8
-12
-12
-12
-4
4
2
1
-1
-8
-11
-9
-7
-2
0
-2
-8
-18
-19
-23
-19
-23
-27
-28
-31
-30
-27
-23
-15
-7
-1
1
2
6
3
0
5
11
12
14
10
3
1
-1
1
4
7
6
0
-5
-6
-3
0
6
11
9
7
4
1
-1
3
8
13
12
10
5
-6
-11
-18
-15
-11
-10
-11
-12
-15
-16
-12
-11
-8
-2
-2
0
1
-1
-1
-3
-3
-5
-5
-7
-6
-5
-5
-4
-6
-6
-6
-4
-2
-1
5
8
10
12
13
11
14
13
16
24
26
24
16
11
9
7
8
10
6
7
2
-3
-6
-9
-5
1
5
7
8
3
1
-2
-2
-2
3
4
3
-1
-10
-16
-18
-15
-10
-5
-4
0
-4
-5
-3
0
3
11
15
15
18
17
14
16
15
12
11
10
9
3
0
-1
0
2
0
-4
-8
-6
-4
-5
-11
-9
-10
-11
-9
-8
-9
-15
-14
-20
-29
-29
-26
-21
-19
-14
-14
-13
-13
-14
-11
-5
0
5
13
15
15
15
13
13
17
20
19
16
14
9
5
7
7
6
5
5
4
4
0
-1
1
3
6
2
4
1
-5
-10
-14
-14
-16
-12
-11
-10
-9
-15
-14
-12
-12
-6
-6
-4
1
0
1
3
4
4
6
9
10
13
15
11
8
9
7
7
7
8
7
9
9
7
5
2
1
5
6
7
7
5
5
-1
-2
-5
-5
-5
-5
-9
-13
-14
-18
-20
-16
-14
-12
-13
-10
-10
-10
-13
-12
-10
-8
-4
-4
-1
2
-2
3
7
7
11
9
9
11
12
9
9
12
12
13
14
18
16
15
16
14
15
13
13
14
14
14
14
10
5
3
3
2
1
1
1
1
-4
-3
-8
-7
-6
-3
-3
-11
-11
-14
-12
-12
-15
-13
-13
-15
-16
-16
-16
-14
-16
-15
-9
-6
-7
-10
-7
-7
-4
-1
1
-1
-2
0
0
-1
-1
-1
2
4
3
7
6
3
3
5
10
9
9
10
6
5
3
0
-1
2
2
6
4
4
5
1
-1
-3
-8
-7
-6
-5
-2
-8
-11
-8
-9
-7
-4
-4
-5
-4
-4
-4
-5
-5
-6
-2
-1
-1
0
1
-1
0
3
3
5
9
10
9
10
12
13
11
15
16
11
12
11
12
13
11
8
10
13
12
13
13
7
8
9
9
7
4
6
3
-2
0
1
-1
-1
-2
-2
-3
-4
-6
-6
-10
-11
-12
-11
-9
-9
-9
-10
-7
-9
-9
-8
-8
-9
-11
-9
-7
-8
-7
-5
-6
-5
-6
-4
-5
-2
-4
-6
-2
0
0
0
2
3
3
-1
0
-1
2
3
2
1
-3
0
-1
-1
0
1
1
4
5
2
2
-1
2
1
-3
3
0
1
-1
0
1
0
2
2
0
1
-1
-3
0
-4
2
2
0
0
1
0
-3
1
-1
1
-1
0
1
1
0
2
4
2
5
4
5
4
1
4
4
2
4
4
2
5
6
4
1
1
0
1
6
1
3
5
3
7
5
4
6
5
2
0
-2
-3
-1
-5
-4
-2
-1
-1
-3
-3
-6
-1
-3
-3
-3
-1
-4
1
1
-4
-2
-2
1
-2
-4
-5
-4
-3
-8
-1
2
0
4
2
2
1
-2
-1
-3
-1
-1
-2
-1
-2
-1
-1
0
-3
1
0
2
2
1
2
4
0
-2
1
-2
-3
-1
1
0
-2
-3
-4
-2
-4
-4
-4
1
3
1
3
0
3
2
-1
1
-1
-4
-6
-2
-3
0
4
1
4
1
1
1
-1
2
2
3
0
2
0
0
2
0
1
-2
-4
-2
0
-4
-1
-2
-1
1
-1
3
5
3
3
0
2
2
1
-1
2
3
0
0
-2
-2
-1
-3
-1
3
2
2
0
-5
-4
-2
-3
-5
-2
-1
-4
-1
-2
-5
-4
-4
-1
2
3
4
5
4
2
-1
3
0
0
3
0
1
-1
0
-2
-2
-4
-3
0
0
4
4
4
3
1
-1
0
-1
-2
0
0
-1
1
3
-2
-5
-3
-1
0
5
7
9
3
-1
-2
-1
1
1
-1
4
6
-1
-1
0
1
2
6
7
7
6
5
5
4
6
6
3
1
5
3
1
0
0
3
1
0
1
1
6
6
4
3
-1
-1
-3
-3
-3
-1
-2
-4
-3
-2
-7
-8
-6
-6
-3
-1
-2
-3
-3
-8
-9
-7
-6
-5
-3
0
-2
-3
-3
-4
-5
-4
-1
3
1
-1
2
2
1
2
0
3
2
2
3
-2
-3
-4
-3
2
1
-1
0
3
2
-2
-3
-7
-7
-4
-2
-4
-4
-6
-7
-5
-7
-5
-4
-6
-4
1
3
3
5
2
0
-1
0
5
9
7
5
5
2
2
3
6
7
4
5
7
5
2
2
3
3
5
8
5
2
5
-1
0
1
0
3
3
2
4
1
3
2
2
1
3
7
7
5
6
4
3
4
1
-1
-1
-2
-2
-2
-2
1
3
0
-6
-5
-7
-6
-5
-8
-5
-7
-8
-7
-13
-12
-12
-9
-8
-8
-8
-9
-11
-12
-6
-4
-3
-1
2
1
1
2
-2
-2
-3
0
0
0
4
2
-3
-1
-3
-3
1
2
1
4
7
3
3
1
1
2
0
2
0
-1
-1
-6
-4
-2
-2
-1
1
2
0
3
1
4
6
4
6
3
3
2
-1
7
6
7
9
8
4
2
5
4
4
6
6
6
4
2
0
3
2
4
5
3
4
-1
-1
-1
-2
0
3
5
1
4
4
0
1
1
3
4
5
5
0
-1
-3
-4
-1
-2
1
0
-5
-6
-8
-8
-7
-4
-4
-3
0
-1
-4
0
-2
0
1
1
2
1
1
1
0
-1
-1
-1
-2
-1
-1
1
-1
-2
1
2
1
0
-3
-6
-3
-4
-5
-3
-5
-1
-5
-5
-1
-4
-3
-5
-4
-4
-1
-4
-2
-3
-5
-2
-1
2
1
0
4
4
3
2
-2
0
0
-3
-1
-2
1
-2
-5
-2
0
0
4
0
0
-1
-1
1
-1
2
0
2
3
5
7
5
6
5
3
4
7
6
6
4
4
3
2
1
4
1
7
7
3
3
-3
0
-2
-1
-3
-5
0
-1
-2
-2
-1
0
2
1
2
-1
0
4
0
0
1
1
6
3
0
-1
-2
2
2
-1
1
-1
0
1
0
0
-1
0
-2
1
-2
-2
-3
-5
-5
-4
0
-2
-1
0
-2
-5
-4
-3
-5
-2
-2
-2
-2
-1
-1
-3
-3
-4
0
1
-3
-8
-5
-5
-2
-3
1
-1
-1
-2
-3
-4
-1
-5
-4
-1
-2
0
-2
-1
0
-2
1
0
0
0
-2
0
0
-1
0
2
1
0
1
5
4
2
5
5
5
4
4
1
1
1
0
1
2
-2
1
1
4
2
2
1
3
3
1
1
1
3
2
2
1
2
1
2
0
-1
0
0
-1
0
4
5
5
3
3
3
4
2
1
-1
0
2
2
2
4
5
3
4
3
3
4
5
4
1
1
-1
4
0
-1
4
1
3
2
-2
-3
-3
-4
-4
-2
-1
-4
-4
-4
-6
-6
-6
-6
-5
-7
-8
-7
-9
-10
-11
-8
-6
-5
-2
-6
-3
-5
-2
-3
-3
2
2
2
0
1
1
4
3
4
7
10
9
3
6
5
4
7
7
5
8
8
4
0
4
1
-1
3
2
-2
1
-2
-3
-1
-3
-1
-5
-1
-2
-3
-4
-7
-3
-3
1
-4
1
0
0
-1
-5
0
2
1
-2
1
1
0
-1
2
5
2
2
4
6
6
3
3
2
0
3
4
5
2
2
3
0
0
0
-3
1
0
3
3
0
1
-2
-3
1
0
-2
-5
-5
-7
-7
-8
-5
-5
-6
-2
-5
-6
-5
-10
-7
-3
-5
-6
-5
-4
-4
-7
-5
-2
-2
0
2
1
0
2
1
0
2
4
4
4
3
3
0
3
4
5
2
1
4
5
4
2
1
0
4
1
0
-1
1
3
3
3
-2
0
1
1
1
-1
-2
-2
-1
1
0
2
0
1
-2
1
2
2
-1
0
0
2
-1
-1
2
-4
-1
2
3
4
2
1
1
0
0
0
1
3
2
0
-2
-1
-1
2
0
-2
0
3
0
2
-3
-5
-2
-4
-6
-5
-3
-6
-3
1
1
-4
-3
0
-1
-1
-3
-5
-4
-4
-3
0
2
4
-1
1
3
3
3
4
2
4
2
-2
0
0
1
1
0
4
1
1
-2
-2
4
0
0
3
2
0
1
1
-1
3
4
4
2
2
2
2
2
3
1
1
5
3
1
3
0
1
3
3
7
6
4
6
4
2
2
6
5
0
0
2
-1
-2
2
-2
0
0
1
2
-2
0
2
0
-4
-4
-4
-6
-4
0
-6
-7
-3
-4
-1
-4
-4
-2
-2
-3
-4
-3
-3
-2
-3
-3
-2
-4
-4
-3
-5
-7
-2
-1
1
2
2
0
-2
0
0
1
-2
-1
-1
-4
-4
-5
-3
-3
-3
-2
-4
-3
0
-3
-4
-3
-3
-4
-3
-1
-5
-5
-3
-3
-1
-1
2
2
0
0
-2
-4
-3
1
2
2
4
3
2
2
1
3
7
6
6
5
5
4
2
2
7
7
4
7
5
7
4
3
3
3
6
5
4
4
5
1
0
0
1
2
0
2
-2
-4
-4
-2
-1
-3
-2
-4
-4
-3
-7
-3
-1
-2
-1
0
0
-3
-2
-4
-7
1
2
1
1
3
2
0
-2
0
5
1
5
5
5
4
0
-1
-2
1
2
3
1
1
-1
-2
-2
-2
-1
3
3
0
0
-5
-3
-2
-3
-2
-2
0
1
0
-2
-3
-1
3
6
2
2
2
-2
-1
-1
1
0
2
2
1
1
1
1
2
-1
1
2
3
6
1
3
2
2
3
0
-1
1
0
-1
-4
-5
-1
2
-3
-1
0
0
-1
-2
-2
-3
-2
-1
-5
-5
-4
-3
-2
-5
-7
-3
0
-1
-2
1
-2
0
4
4
3
1
2
4
2
1
3
3
5
5
3
6
5
1
2
1
-1
1
1
1
0
-3
-2
-3
-1
0
-4
-6
-2
-1
-4
-2
-1
3
0
1
-4
-4
-6
-4
-4
-3
3
2
1
0
-1
-1
2
0
3
3
3
1
0
-1
-1
1
3
3
4
4
0
5
3
1
0
0
-2
-3
-3
-4
-6
-7
-2
-1
-2
-3
-3
-3
-5
-6
-6
-6
-4
-4
-7
-4
-5
-4
-4
-3
-1
-4
-3
-4
-3
-4
-3
3
3
3
3
6
4
2
2
5
8
4
4
7
6
5
7
7
6
4
2
5
4
3
5
4
5
3
3
1
2
1
2
2
0
-1
1
1
2
1
-1
2
1
0
0
-1
-2
-2
-4
-3
-2
0
0
-1
3
4
3
2
4
-1
0
1
-2
4
5
4
0
3
1
3
4
4
5
4
3
0
2
-1
-1
2
2
1
1
1
0
-4
-3
-1
0
-3
-5
-4
-3
-5
-4
-5
-5
-5
-4
-3
-5
-5
-3
-2
-3
-2
-5
-2
-3
-2
-1
-3
0
-3
1
3
1
-1
1
-1
1
1
1
4
1
1
0
1
1
1
0
2
2
2
3
2
4
2
3
0
1
4
1
0
0
1
-2
0
2
2
2
3
4
2
-2
-1
1
-1
2
-1
0
0
-5
-4
-1
1
0
-2
-1
-1
-2
-3
-1
-2
-2
0
-3
0
0
-5
-4
-3
-4
-2
-2
-3
-1
-2
-2
-3
-5
-3
-3
-2
-7
0
-1
-2
-2
-2
0
1
1
1
2
0
0
2
1
-1
1
0
0
1
2
-1
1
6
4
3
1
3
4
0
3
-1
0
0
1
4
2
0
0
3
3
1
3
2
0
2
2
3
1
-2
1
2
0
1
1
1
2
3
2
-1
0
0
4
0
-1
1
1
1
2
3
3
0
0
2
2
3
1
-2
1
1
0
1
-2
-4
-4
-1
-3
-3
1
-4
-6
-4
-9
-9
-6
-6
-2
-4
-6
-6
-6
-6
-5
-5
-5
-5
-6
-5
-5
-6
-4
-2
-3
0
-3
-2
0
-2
0
0
-1
-1
1
0
-2
1
2
0
-2
3
5
5
1
4
5
2
-2
2
3
2
2
6
6
2
5
4
5
5
7
9
7
6
2
1
9
7
8
8
9
12
8
11
10
13
9
6
7
6
9
6
6
6
4
4
4
6
5
5
6
3
4
2
2
0
-1
3
-3
-2
3
1
-3
2
1
0
1
-1
-5
-4
-4
1
0
1
0
0
-1
-1
-4
-1
-1
-2
3
1
2
1
-2
-2
-2
-4
-3
-1
-1
-4
-3
-4
-1
-2
-2
0
0
-3
-5
-5
-8
-7
-8
-3
-3
-6
-7
-8
-10
-10
-11
-13
-7
-7
-11
-11
-13
-15
-15
-20
