SAMPLES:	15900
BITSPERSAMPLE:	16
CHANNELS:	1
SAMPLERATE:	16000
NORMALIZED:	FALSE
3
9
8
8
8
4
1
0
2
2
5
-3
-8
-7
-8
-12
-8
-9
-7
-2
-2
-1
1
6
2
1
-1
-4
-2
-1
-2
-6
-5
-3
-3
-1
-4
-3
-8
-11
-12
-18
-22
-30
-36
-36
-34
-29
-22
-17
-4
0
6
4
-4
-7
-8
-10
-12
-7
-4
1
3
9
14
14
17
20
16
8
6
0
-5
-4
-11
-11
-10
-6
-7
-5
0
-6
-7
-6
-2
0
8
12
22
24
25
31
27
21
16
9
7
5
3
3
1
1
1
4
3
1
0
-3
-11
-14
-14
-12
-9
-4
1
8
16
20
17
16
16
13
10
4
3
-7
-10
0
0
3
3
-1
1
6
6
3
2
0
-1
-5
-10
-8
-9
-14
-13
-15
-17
-22
-24
-20
-12
-9
-6
-4
-4
-3
-1
5
2
2
0
-1
1
3
1
-7
-3
-9
-5
2
6
7
8
5
-1
-5
1
1
-5
-1
-5
-6
-2
-5
-4
3
4
3
-4
-2
-4
-1
-1
-3
-8
-11
-3
3
10
9
8
11
10
10
8
8
5
3
2
2
-1
3
4
1
-2
-1
-5
-4
-4
-8
-2
0
8
13
20
23
27
31
30
31
33
30
27
23
21
17
10
4
5
3
5
4
4
5
3
10
7
9
3
-1
2
12
11
15
14
7
11
5
-4
-4
-3
-7
-17
-15
-20
-25
-15
-15
-14
-10
-10
-18
-17
-20
-25
-23
-19
-7
-8
-1
8
14
14
13
19
15
11
7
7
5
2
3
2
6
8
8
10
8
9
7
4
3
-2
0
-2
-4
-7
-14
-14
-14
-14
-14
-14
-10
-13
-14
-16
-15
-13
-14
-18
-21
-18
-18
-16
-14
-13
-10
-5
-6
-5
-5
-3
-2
-2
0
4
4
1
-3
-3
1
-3
-1
-5
-1
3
0
0
0
2
-2
2
1
7
8
3
3
5
9
7
9
7
10
6
5
4
0
1
5
6
3
6
2
4
6
3
1
4
5
0
-1
-6
-6
-9
-9
-8
-4
-1
-1
4
10
9
5
8
5
9
7
7
9
10
4
4
1
-3
-7
-14
-11
-10
-13
-15
-11
-10
-11
-9
-9
-11
-13
-16
-20
-15
-15
-17
-14
-13
-7
-2
-2
-2
0
-1
-4
-2
-5
-7
-8
-11
-9
-6
-5
-4
4
10
6
8
13
14
9
10
8
4
-4
-10
-10
-6
-1
-6
-2
-1
-4
-1
4
0
-2
-2
-1
0
2
4
9
15
12
11
10
8
5
-1
-6
-5
-3
0
1
8
14
13
18
15
11
7
3
-1
-2
-8
-4
-3
-3
-5
-2
-4
-7
1
-3
2
-2
-3
-6
-2
0
0
-1
-3
-2
-4
-2
3
4
7
12
13
11
3
6
1
1
0
2
7
6
7
7
3
6
0
2
-1
-6
-1
-2
0
0
5
11
4
6
4
0
1
-5
-3
-4
-5
-5
-2
-2
6
4
1
-1
-3
-9
-9
-6
-9
-6
-3
0
-2
2
-3
-8
-11
-11
-12
-7
-6
-8
-4
1
7
6
0
-3
-1
-6
-8
-3
-8
-2
0
-2
4
7
6
10
8
11
13
16
10
7
8
7
7
12
14
11
9
7
11
4
5
4
1
1
-8
-7
-7
-5
0
-1
-1
0
-2
-4
-5
-6
-6
-8
-4
-9
-9
-11
-9
-6
-3
3
4
10
4
-1
-1
-3
-1
-3
-1
-2
-1
1
3
9
5
6
0
1
4
0
-1
1
5
7
7
3
4
6
7
5
-6
-11
-6
-9
-4
1
3
4
4
6
6
10
12
11
10
4
11
10
10
4
5
8
3
5
1
2
-2
-5
-4
-9
-10
-7
-11
-1
1
0
5
3
6
5
0
3
-4
-1
-1
-5
-2
-2
1
6
8
17
18
15
20
22
19
8
6
3
5
4
-3
-7
-5
-3
-7
-7
-9
-10
-13
-15
-21
-19
-15
-14
-8
-4
1
-2
4
0
-5
-5
-7
-11
-9
-8
-5
0
-1
4
9
2
4
0
-6
-5
-11
-9
-6
-7
-5
-4
-4
-2
-2
-3
1
1
1
3
-2
-3
-6
-4
-6
-6
-6
-10
-8
-8
-6
-7
-9
-5
-9
-8
-8
-8
-3
-2
-2
-4
-1
-5
-9
-10
-9
-10
-9
-7
-8
-4
1
2
7
6
6
3
4
-1
-4
-1
0
7
2
3
6
11
16
13
12
9
15
10
12
9
8
12
8
9
10
7
6
6
6
2
-2
-2
-5
-8
-12
-6
-4
-4
-3
-3
3
4
2
-2
-1
-6
-10
-5
-2
-2
1
1
1
4
1
-1
0
-7
-7
-10
-9
-2
-4
2
1
-1
2
0
1
-3
-2
0
4
3
5
5
5
7
3
6
3
5
6
3
0
-4
-5
-9
-10
-10
-10
-9
0
2
4
7
5
4
-1
-5
-8
-7
-8
-3
3
5
11
15
10
5
0
-1
-3
-1
-4
-3
-4
-6
-4
-3
2
0
0
1
-3
-6
-5
-5
-6
-7
0
4
10
9
14
17
17
11
13
10
8
5
2
-1
-1
2
-3
3
7
11
4
2
5
0
0
-5
-6
-4
-8
-4
-4
4
8
3
7
7
5
5
6
5
7
0
0
4
6
4
5
5
1
6
1
0
0
6
4
7
14
17
19
18
14
11
14
8
7
7
5
-3
-4
-5
-8
-9
-10
-8
-11
-13
-14
-18
-15
-15
-11
-14
-9
-7
-11
-7
-6
-2
-4
-2
-6
-4
0
0
-3
0
1
-6
-2
0
0
-4
-8
-3
-1
-6
-6
-4
-5
-5
-8
-3
4
-4
3
2
3
1
0
2
1
-2
-5
-2
-1
-1
3
4
7
6
4
-1
-4
-1
0
-1
-4
0
6
3
2
4
3
2
0
-1
4
-4
-7
2
2
2
0
-4
-1
-2
-6
-4
1
1
0
-3
-4
2
2
5
3
10
12
4
7
5
1
-1
0
2
-2
-3
-2
-3
-3
-5
-6
-5
-3
-3
-16
-13
-16
-12
-9
-8
-2
0
3
2
6
9
4
3
1
5
9
8
8
9
8
5
4
8
9
2
-2
-3
-1
2
-4
-1
1
2
0
4
3
10
8
1
6
-2
-1
-1
-5
4
-6
-2
-2
-2
8
0
-3
-1
-10
-10
-14
-15
-17
-14
-10
-8
-8
-10
-11
-8
-6
-7
-5
-6
-4
0
-1
0
4
1
2
1
1
-2
-4
-6
-6
-1
1
-2
-4
0
0
1
1
2
6
11
10
9
7
1
0
0
0
0
0
0
4
0
3
4
-1
2
-1
-1
-1
-2
6
8
8
5
10
6
3
9
9
11
6
6
13
9
11
8
5
7
4
5
4
2
-1
-2
-3
-4
1
2
1
1
1
0
3
6
7
8
3
2
6
4
4
9
5
9
5
4
3
-1
4
2
1
-2
-4
-1
-4
0
1
1
-3
-10
-9
-10
-9
-6
-8
-5
-7
-2
1
-2
-2
-5
-4
-4
2
3
-1
1
-3
-6
-9
-13
-12
-15
-10
-13
-7
-3
-4
-3
-4
1
-2
-2
-5
-1
-2
-2
-1
2
-1
0
2
0
2
1
1
2
-1
-1
4
0
2
2
2
0
0
3
1
0
4
2
0
0
2
6
7
6
8
4
1
-1
-2
-1
-1
1
-2
1
4
1
4
2
1
4
0
2
5
6
3
5
12
15
19
17
17
13
13
8
8
14
11
7
6
5
8
5
1
1
2
3
0
-4
3
1
1
1
1
-1
1
7
7
4
2
0
-1
2
0
1
-1
-2
-5
-4
-6
-4
-2
0
0
-5
-4
-3
-4
-7
-5
-5
-3
-2
4
6
3
-1
1
0
-5
-11
-10
-12
-16
-15
-14
-11
-13
-18
-20
-20
-17
-17
-21
-18
-16
-16
-11
-5
-7
-1
4
-1
-6
-6
-4
-8
-10
-9
-6
-8
-6
-4
-6
-5
-3
-2
1
2
0
4
4
2
3
7
8
4
3
5
11
9
4
5
7
3
3
5
-1
-5
-7
-6
-7
-3
1
4
4
2
3
6
-4
-4
-3
1
2
6
9
7
13
11
12
6
8
4
11
9
8
14
13
8
6
11
4
8
8
5
4
0
0
2
-3
1
8
12
15
15
11
12
15
7
12
11
10
7
1
2
-2
-1
-5
-4
-3
-6
-2
0
4
-1
-3
-3
-7
-5
-7
-6
1
-2
-1
3
3
5
4
2
-2
-7
-7
-10
-8
-12
-8
-6
-3
-3
-2
-4
-9
-8
-11
-13
-13
-14
-8
-5
-4
0
-1
-6
-6
-7
-6
-8
-5
-1
-3
-1
-3
-2
-3
-2
-6
-4
-3
-2
0
6
5
3
4
7
9
11
10
9
8
-1
1
-1
-1
0
-3
-5
0
-2
-4
-2
-4
-2
-2
0
-1
1
3
3
3
5
3
4
7
-2
3
2
2
3
1
0
0
-3
-2
2
3
3
1
7
9
4
-1
0
1
-5
-2
-2
-5
-6
-6
2
-2
-4
1
0
4
8
8
9
11
9
6
2
10
5
3
5
4
3
2
3
4
2
3
-1
5
6
8
7
8
8
1
-2
2
-1
-6
-7
-5
-10
-6
-8
-5
-8
-9
-4
-8
-10
-8
-4
-4
-7
-6
-7
-5
-6
-3
3
1
-6
-7
-3
-9
-7
-1
-1
-1
-1
-3
-2
-2
-8
-10
-8
-7
-4
-6
-9
-5
-6
-5
-1
4
2
7
6
4
6
0
-6
-6
-6
-10
-11
-13
-9
-10
-11
-8
-6
-9
-9
-10
-9
-11
-9
-3
-1
-1
0
7
6
10
8
8
9
1
1
2
-2
1
0
5
6
5
1
5
-1
0
-1
-3
4
0
0
0
-1
1
0
-2
4
2
0
1
-1
-4
-3
-3
-8
-2
3
1
-2
1
3
0
-2
-4
-2
-8
-4
-4
-1
-1
-4
3
1
2
3
0
3
-3
-3
2
3
4
0
-2
-3
-1
-3
-4
-9
-9
-12
-10
-9
-5
1
0
5
5
6
6
11
11
10
7
7
5
9
4
1
2
5
11
3
6
-2
-2
-3
-3
-2
-4
-1
-1
2
3
2
3
5
5
0
3
1
3
4
2
7
2
2
0
1
0
1
-1
0
-3
0
2
0
-2
0
-1
0
4
4
6
7
4
2
5
5
3
-1
0
2
-1
0
2
2
0
-2
-4
-4
-4
-2
-2
-7
-7
-3
-5
-2
-1
-5
1
-5
-5
1
-6
-4
-4
-9
-10
-11
-8
-9
-6
-6
-5
-1
-4
0
-1
-2
6
4
7
4
9
7
10
16
12
15
16
12
11
14
9
7
9
7
9
6
10
11
10
8
6
2
2
5
5
2
-2
-2
-1
1
6
6
5
3
5
3
4
4
5
0
3
2
4
9
4
1
1
6
1
0
-3
-3
-4
-5
0
-4
3
4
3
5
1
3
2
2
2
1
-1
-2
-2
2
-2
-2
0
-2
-3
-5
-10
-14
-11
-12
-10
-10
-8
0
-1
-2
3
-3
-4
-1
-4
0
-1
2
2
0
-4
-3
-5
-7
-9
-8
-8
-6
0
-2
0
2
3
-5
-3
2
4
9
8
5
2
2
1
-3
-2
-3
-1
-3
-2
1
-1
-4
-4
-4
-3
-2
0
-3
1
-1
4
4
-1
0
5
3
4
7
5
8
7
10
2
6
7
7
7
6
14
8
5
6
7
2
0
0
8
9
8
7
5
9
9
4
8
6
8
9
6
5
6
-1
-1
1
-3
-4
-7
-3
-6
-8
-5
-4
-2
0
-2
-2
0
-2
-1
-4
-1
-1
3
0
1
5
3
-1
-1
-6
-7
-4
-6
-8
-10
-9
-11
-4
-8
-8
-4
-7
-8
-9
-9
-11
-7
-4
-5
-4
-6
-9
-10
-10
-11
-9
-11
-9
-7
-12
-14
-11
-7
-6
-8
-7
-8
-5
-4
-4
-1
-3
1
2
3
6
6
8
9
8
7
4
1
4
-2
-2
-3
-3
-2
-7
-2
-1
-5
-5
-8
-7
-3
0
0
1
3
-1
5
11
9
6
4
5
3
1
1
5
9
7
2
2
2
0
-3
-6
-7
-5
-4
-4
0
2
3
3
3
8
10
6
2
1
3
2
2
-2
-5
-5
-3
-2
-1
0
0
-1
-3
-5
-10
-4
1
0
0
-1
0
1
-1
-6
-6
-6
-5
-3
-7
-9
-8
-11
-14
-9
-5
-6
-3
-4
-7
-1
-5
-4
-12
-7
-4
-7
-7
-5
0
5
6
5
6
7
3
7
4
-2
1
-5
0
-1
1
-2
-3
3
2
9
6
5
2
4
7
13
13
8
15
20
20
16
16
16
16
14
12
13
10
9
8
7
6
3
-2
-2
-1
-5
-11
-9
-9
-7
-2
-5
-2
-2
-1
-2
-3
-2
-3
-5
0
3
4
-3
2
0
-3
-2
-5
-2
0
-1
4
0
-1
1
2
3
6
6
5
8
9
13
13
11
14
8
6
4
1
0
-5
-5
-5
-5
-2
0
-4
-6
-8
-9
-10
-6
-5
-11
-11
-6
-4
-1
1
-2
3
-1
-2
-4
-4
-5
-8
-8
-5
-7
-5
-7
-8
-1
-3
-2
-7
-1
2
0
3
3
3
1
9
3
6
10
8
7
6
4
2
1
0
-2
-5
-3
-3
0
-2
-3
0
-1
-1
2
0
-1
-2
6
8
9
16
14
13
13
9
8
6
4
5
5
1
1
0
-1
0
-6
-4
-1
-4
-7
-7
-2
-6
-2
-3
-2
-2
-2
2
5
1
0
3
7
2
-2
1
-1
-7
-9
-6
-6
0
-2
2
3
-1
0
-2
-2
-6
0
3
5
5
7
6
5
6
5
1
0
-1
-3
-1
-6
-3
-9
-4
-11
-9
-8
-10
-4
-8
-6
-10
-7
-9
-7
-8
-6
-3
0
-1
3
3
6
7
6
6
7
9
3
5
5
0
-2
-5
-7
-7
-13
-13
-7
-7
-7
-2
1
6
7
9
10
12
15
13
13
4
5
4
2
2
-3
-4
-7
-4
-4
-1
-2
-4
-7
-2
3
2
4
5
8
11
8
9
15
16
14
14
11
10
2
1
-1
-2
-1
-9
-5
-5
-8
-6
-7
-3
1
-2
-2
-4
-2
2
0
2
5
9
3
7
8
0
-2
-9
-16
-18
-22
-24
-21
-15
-12
-9
-6
-3
-4
0
7
8
11
7
7
3
2
-1
1
7
6
4
-5
-2
-1
-3
3
3
7
11
9
17
15
13
10
9
11
8
0
2
-4
-7
-6
-8
-6
-4
-1
4
9
14
14
14
16
19
13
14
12
9
4
4
3
-6
-5
-8
-11
-10
-8
-13
-9
-14
-13
-4
-2
-2
1
2
7
8
7
16
14
19
19
24
27
23
24
20
12
6
2
-10
-11
-10
-12
-11
-12
-14
-16
-12
-10
-10
-6
-6
-5
-6
-8
-13
-13
-14
-16
-16
-13
-13
-8
-8
-3
-1
-4
-1
-5
-5
-5
-9
-8
-8
-8
-9
-11
-9
-11
-5
-9
-10
-13
-14
-17
-21
-24
-23
-21
-14
-14
-5
0
8
12
14
23
23
26
16
19
15
8
11
7
5
8
19
18
23
28
31
34
38
33
27
22
22
19
4
-4
-4
-8
-11
-10
-8
0
8
2
4
11
10
12
12
7
7
9
3
6
3
5
1
0
1
-4
-7
-10
-21
-28
-42
-42
-40
-43
-50
-49
-38
-30
-28
-30
-24
-21
-24
-31
-31
-33
-37
-39
-35
-35
-29
-14
-3
10
24
34
39
41
41
40
29
26
26
25
23
17
23
13
13
16
12
19
10
12
16
19
21
21
23
25
22
22
16
17
14
8
6
2
-10
-16
-20
-22
-30
-28
-22
-17
-5
2
12
20
33
31
30
29
32
16
8
-7
-18
-27
-38
-47
-54
-51
-53
-47
-49
-44
-41
-33
-29
-29
-33
-36
-36
-35
-43
-57
-56
-58
-48
-55
-45
-32
-25
-17
-8
1
14
25
22
19
16
15
23
18
18
19
14
24
17
6
-6
-20
-19
-32
-35
-35
-35
-33
-36
-31
-28
-25
-20
-20
-13
-9
-7
0
2
12
25
43
59
68
73
90
103
107
99
96
87
87
90
83
81
78
78
66
68
63
72
65
73
70
62
54
49
35
24
15
0
4
0
6
-4
10
15
14
18
12
8
18
14
10
5
18
11
0
4
-9
-16
-32
-38
-44
-45
-43
-44
-51
-54
-60
-60
-58
-59
-55
-54
-56
-45
-42
-37
-25
-18
-33
-19
-25
-16
8
15
17
-3
28
32
27
35
34
47
53
56
65
58
58
36
36
23
5
12
10
8
4
-6
-9
3
-8
-13
-11
-3
-4
2
-10
-22
-31
-28
-27
-41
-27
-35
-40
-34
-33
-29
-25
-28
-36
-33
-15
1
5
6
7
14
15
5
0
-6
-17
-20
-17
-28
-28
-22
-35
-41
-52
-59
-49
-43
-49
-40
-35
-13
-30
-24
-11
-22
-18
-21
-18
-13
0
4
3
4
-2
-3
9
-1
5
3
13
24
35
28
30
30
24
23
19
19
16
19
10
7
10
15
3
9
12
15
21
11
6
11
15
15
24
23
17
11
24
29
55
75
69
72
70
80
70
79
71
70
61
44
52
43
51
33
14
10
2
3
4
1
-2
-6
9
4
8
0
-9
-13
-31
-27
-32
-39
-52
-57
-62
-54
-63
-75
-74
-61
-43
-42
-25
-15
-14
4
14
23
11
1
1
-19
-3
-15
-29
-43
-38
-46
-45
-37
-30
-39
-42
-42
-36
-14
-14
-19
-37
-34
-15
-17
-2
-20
-28
-41
-37
-31
-40
-37
-29
-45
-63
-66
-72
-72
-88
-109
-131
-119
-115
-128
-135
-122
-121
-125
-153
-162
-179
-168
-154
-178
-201
-206
-211
-205
-197
-187
-197
-191
-189
-181
-167
-132
-113
-102
-89
-60
-27
-6
17
11
34
48
64
75
77
102
113
118
118
107
113
99
111
102
104
121
122
132
141
148
173
175
186
185
193
228
210
234
202
185
176
142
164
127
127
129
128
160
127
149
143
168
185
174
186
198
197
201
160
150
123
101
108
88
101
68
61
27
12
13
13
-4
-3
-22
-18
-20
-14
0
-34
-20
-44
-31
-41
-24
-22
-24
-40
-36
-40
-24
-15
-20
-26
-47
-28
-23
-20
7
15
10
4
15
23
21
17
-19
-15
-10
3
8
-4
12
-25
-20
-23
-22
-14
-11
-25
-42
-41
-22
-45
-33
-40
-27
-36
-55
-32
-39
-4
4
9
23
31
70
75
90
107
101
102
105
122
134
156
168
158
165
184
194
184
186
170
150
153
164
171
172
163
156
128
144
146
153
178
178
191
172
202
206
220
230
227
219
210
229
257
247
249
221
207
200
183
166
94
80
72
72
46
19
7
-32
-42
-70
-98
-116
-141
-173
-240
-259
-263
-293
-357
-397
-451
-483
-519
-542
-585
-585
-596
-626
-634
-642
-609
-618
-574
-581
-577
-580
-573
-522
-546
-517
-537
-548
-535
-541
-511
-538
-532
-530
-551
-521
-506
-467
-467
-469
-427
-440
-375
-362
-326
-324
-286
-246
-226
-220
-170
-188
-137
-121
-85
-84
-53
-9
17
64
108
137
149
178
233
267
314
332
334
326
368
405
421
415
420
411
434
441
462
456
467
452
448
458
474
502
506
500
491
514
518
532
518
509
491
492
451
422
405
398
368
372
385
398
437
452
443
425
440
460
449
462
435
434
405
409
384
380
385
360
303
283
266
306
322
321
311
263
289
280
309
272
269
246
234
232
235
233
209
183
135
122
141
180
163
132
63
65
49
47
-43
-117
-145
-201
-236
-311
-390
-510
-622
-684
-820
-882
-956
-1048
-1174
-1268
-1260
-1301
-1366
-1472
-1534
-1536
-1527
-1540
-1574
-1585
-1551
-1515
-1505
-1482
-1392
-1344
-1259
-1229
-1125
-1014
-890
-792
-741
-602
-449
-346
-247
-171
-20
88
219
299
335
452
531
629
649
662
714
728
755
751
794
818
822
818
822
844
890
917
893
870
889
938
965
980
988
1018
1049
1089
1105
1140
1167
1201
1210
1233
1266
1290
1310
1302
1300
1324
1355
1371
1346
1323
1302
1286
1236
1188
1101
1045
993
944
862
777
696
625
562
538
521
514
511
496
530
553
616
632
713
744
831
934
1064
1140
1216
1312
1325
1367
1150
858
511
232
-136
-732
-1265
-1904
-2526
-3077
-3563
-4030
-4399
-4713
-4955
-5259
-5181
-4978
-4781
-4651
-4503
-4203
-3856
-3453
-3065
-2804
-2561
-2247
-1886
-1558
-1262
-896
-556
-295
65
437
804
1177
1540
1822
2062
2383
2676
2765
2869
2896
2919
2822
2700
2424
2150
1922
1666
1270
853
537
252
-42
-305
-524
-737
-844
-939
-929
-981
-834
-777
-711
-654
-495
-300
-179
-111
-60
38
251
446
567
681
800
961
1109
1243
1349
1437
1487
1488
1459
1447
1456
1375
1239
1069
987
919
792
678
563
504
494
481
452
429
460
509
530
569
623
709
797
887
979
1121
1264
1384
1456
1557
1698
1790
1880
1884
1923
1918
1934
1897
1776
1692
1644
1549
1426
1334
1276
1229
1075
1058
910
908
837
809
766
732
835
832
941
972
1092
1150
1143
825
441
8
-302
-1047
-1693
-2375
-3009
-3704
-4379
-4856
-5292
-5590
-5721
-5897
-5928
-5770
-5268
-4968
-4753
-4352
-3872
-3387
-3094
-2692
-2335
-2081
-1741
-1477
-1231
-963
-560
-222
-41
268
696
1072
1422
1717
2064
2297
2597
2781
2798
2875
2876
2801
2519
2239
1943
1554
1213
805
328
-92
-387
-660
-1011
-1231
-1272
-1344
-1432
-1407
-1324
-1150
-1041
-782
-711
-518
-300
-42
97
243
510
711
884
1055
1230
1409
1557
1703
1772
1854
1960
1943
1911
1816
1783
1694
1540
1422
1252
1121
1022
940
783
643
604
568
492
478
464
453
452
542
570
615
740
883
988
1143
1310
1485
1639
1750
1908
2060
2223
2304
2322
2393
2466
2436
2416
2303
2233
2003
1912
1722
1645
1463
1319
1238
1031
988
827
860
759
701
639
703
789
856
903
802
462
-42
-562
-1097
-1667
-2478
-3202
-3950
-4646
-5336
-5803
-6111
-6385
-6419
-6441
-6341
-6099
-5519
-4945
-4539
-4131
-3635
-3106
-2639
-2270
-1919
-1630
-1355
-1132
-883
-578
-288
52
318
632
995
1433
1852
2138
2370
2664
2910
3066
3022
2985
2889
2662
2369
1951
1519
1013
619
231
-269
-728
-992
-1264
-1481
-1670
-1611
-1608
-1546
-1451
-1317
-1047
-830
-589
-473
-320
-36
257
513
695
850
1167
1415
1643
1839
2066
2258
2306
2359
2347
2405
2329
2157
1978
1766
1591
1456
1276
1012
829
752
681
527
470
433
461
454
481
512
589
705
795
897
1035
1229
1410
1573
1719
1896
2118
2266
2337
2406
2475
2583
2585
2481
2399
2311
2231
2102
1974
1828
1662
1650
1553
1454
1411
1513
1464
1464
1415
1489
1524
1693
1770
1978
2027
1807
1159
424
-376
-1138
-2076
-3160
-4101
-5441
-6193
-7052
-7534
-7992
-8118
-8014
-8144
-7722
-6983
-6170
-5452
-4784
-4158
-3542
-2942
-2085
-1843
-1415
-1209
-877
-591
-365
91
371
714
1037
1481
2025
2489
2979
3346
3552
3892
4055
4103
3889
3693
3322
2868
2331
1654
871
206
-327
-976
-1550
-1920
-2197
-2499
-2541
-2439
-2383
-2248
-1938
-1664
-1407
-989
-532
-228
-55
306
553
868
1142
1457
1584
1723
2007
2294
2410
2558
2708
2718
2680
2568
2481
2157
1972
1707
1298
971
650
399
82
-102
-195
-335
-299
-300
-281
-125
47
270
371
589
805
1076
1318
1498
1745
1998
2235
2522
2701
2911
3068
3261
3245
3255
3333
3264
3141
2879
2680
2380
2092
1907
1517
1338
1047
969
841
791
934
816
1005
1043
1270
1517
1667
2047
2033
2531
2543
2645
2208
1832
1349
401
-537
-1882
-2755
-4153
-5265
-6362
-7319
-8024
-8582
-8768
-8815
-8868
-8101
-7617
-6859
-6231
-5380
-4381
-3889
-2985
-2553
-2001
-1608
-1291
-803
-735
-327
82
406
882
1300
2105
2555
3006
3569
3903
4436
4527
4707
4476
4213
3921
3357
2750
1973
1176
394
-408
-1131
-1859
-2355
-2692
-3154
-3222
-3241
-3008
-2881
-2562
-2099
-1709
-1172
-681
-197
243
695
1180
1469
1736
1983
2220
2494
2637
2821
2932
2961
3000
2919
2857
2662
2478
2170
1766
1391
1029
664
294
-57
-417
-671
-798
-902
-959
-932
-832
-691
-475
-163
133
467
819
1170
1578
1930
2401
2687
2968
3246
3546
3760
3913
4028
4038
3946
3862
3693
3483
3321
3006
2664
2267
1982
1587
1243
978
659
553
441
404
423
456
715
825
1175
1445
1857
2180
2584
2940
3476
3479
3699
3142
2999
2227
1186
-8
-1581
-2618
-4453
-5698
-7217
-8301
-9077
-9975
-10075
-10282
-9990
-9175
-8561
-7377
-6621
-5315
-4060
-3444
-2189
-1831
-839
-621
-184
197
138
740
803
1152
1581
1928
2759
3104
3671
4168
4503
5068
4788
4879
4433
4084
3459
2478
1675
504
-310
-1383
-2299
-3103
-3698
-3976
-4228
-4234
-3963
-3642
-2976
-2524
-1713
-1037
-255
400
944
1599
1947
2502
2879
3148
3342
3434
3688
3653
3603
3309
3088
2808
2535
2081
1534
1057
615
10
-518
-916
-1248
-1529
-1695
-1850
-1875
-1631
-1428
-1121
-915
-508
-141
247
679
1039
1445
1840
2206
2578
2920
3360
3679
4027
4265
4431
4723
4782
4785
4597
4403
4083
3705
3201
2677
2115
1616
1058
512
149
-245
-294
-484
-384
-319
-4
390
644
1090
1560
2079
2584
2895
3353
3653
4142
4457
4723
5147
4869
4660
3936
3447
2138
533
-1177
-2904
-4668
-6685
-8445
-9949
-11167
-12019
-12567
-12361
-11967
-11059
-9730
-8324
-6641
-5075
-3156
-1759
-423
751
1592
2328
2612
2904
2862
2839
2822
2630
2630
2683
2897
3316
3468
3735
3796
4108
3962
3515
2986
2277
1416
217
-1016
-2118
-3222
-4103
-4989
-5487
-5632
-5486
-4983
-4406
-3424
-2343
-1118
97
1092
2182
2991
3728
4152
4370
4587
4611
4607
4323
4094
3906
3564
3332
2928
2312
1697
1046
589
-287
-1059
-1812
-2456
-3016
-3590
-3693
-3736
-3525
-3160
-2684
-1848
-1022
-108
761
1511
2345
2912
3541
3808
4062
4287
4358
4338
4180
4162
4134
4038
3999
3891
3780
3683
3497
3365
2924
2634
2144
1763
1132
538
155
-208
-520
-782
-962
-705
-503
-221
136
545
1344
1783
2540
2973
3523
4019
4255
4809
4794
5181
5237
5072
4960
4695
4705
4671
4521
3929
3121
2149
1288
-710
-2561
-4948
-6387
-8528
-10746
-12342
-13562
-13921
-14356
-13783
-12493
-11115
-8873
-6669
-4110
-1665
391
3022
4265
5714
6153
6645
6661
5568
4836
3544
2545
1384
239
-316
-1020
-1120
-942
-1017
-579
-683
90
-100
-444
-916
-1303
-1735
-2912
-3603
-4075
-4291
-4500
-4274
-3649
-2637
-1535
-17
1195
2586
3695
4918
5536
5803
5778
5614
5049
4136
3310
2411
1675
700
188
-285
-574
-777
-892
-766
-1062
-1522
-1589
-1839
-1860
-2672
-2664
-2739
-2670
-2387
-1997
-972
-401
787
1732
2751
3838
4416
5050
5181
5123
4983
4330
3843
2882
2319
1738
1138
899
579
854
867
1298
1694
2066
2385
2519
2732
2803
2478
2229
1813
1439
1019
776
817
747
898
1138
1538
2078
2563
3061
3450
3692
4182
4161
4253
4075
3981
4226
3714
3920
3594
3709
3563
3170
3627
3497
3501
2676
1861
1078
-361
-2597
-4780
-7237
-8683
-11564
-12839
-14365
-14433
-14511
-13722
-11666
-9644
-6906
-4031
-1122
1989
4188
6289
7648
8095
8283
6895
6016
3925
1942
-212
-2425
-3510
-5022
-5345
-5473
-5061
-4119
-3021
-1663
-681
-16
1168
1069
999
405
193
-370
-1377
-1547
-1842
-1286
-1007
-127
862
2202
3329
4315
4890
5466
5145
4639
3731
2731
1434
-23
-961
-2017
-2396
-2785
-2459
-2155
-1343
-439
569
1211
1911
2203
2473
1614
987
214
-350
-1130
-2200
-2257
-2446
-1800
-1370
-324
743
1804
2909
3554
4332
4612
4267
3846
3136
2403
1433
594
195
-421
-313
-197
490
1072
1810
2699
3237
3889
4229
4316
4038
3640
3264
2789
2088
1513
1128
1105
1032
1285
1535
1985
2235
2501
2830
3230
3310
3246
3161
3078
2995
2690
2765
2796
2873
3016
3199
3560
3627
3765
4105
3940
4471
3727
3280
1815
717
-956
-4123
-6276
-9220
-10595
-13317
-14556
-15220
-15011
-13733
-12239
-9533
-6347
-3148
400
2893
6109
7942
8889
9086
8156
7329
4382
2217
-503
-3077
-5232
-6987
-7426
-7943
-7296
-5873
-4699
-2711
-1177
793
1513
2188
2711
2474
2122
1201
568
-125
-321
-375
-271
415
1675
2475
3043
3900
4636
4602
3507
3036
1688
466
-1234
-2352
-3348
-3942
-3793
-3517
-2695
-1102
396
1903
3048
4364
5230
5115
4975
3995
2689
1233
-668
-1878
-3462
-3964
-4401
-4627
-3652
-2692
-934
-81
1607
3112
3886
4756
4627
4735
4149
3344
2736
1527
1217
598
309
313
556
1353
1551
2260
2737
3127
3545
3473
3477
3149
2974
2786
2355
2238
2207
2259
2039
2084
2451
2543
2457
2301
2291
2317
2177
1956
2051
1983
2395
2084
2560
2651
3208
3392
3752
4333
4290
4850
4573
5005
4714
4664
3884
3054
2142
654
-1159
-3778
-6910
-9144
-11533
-12747
-15373
-15734
-15456
-13763
-12003
-9664
-5913
-2502
1275
4222
6759
9157
9909
9854
8174
6602
4548
984
-2063
-5134
-6775
-8524
-9302
-8972
-8421
-6560
-4674
-2628
-863
885
2412
2977
3048
3303
2763
2465
1561
1113
826
1256
1928
1900
2430
3220
3591
3518
2981
2571
1151
-266
-1632
-3017
-3819
-4665
-4590
-4583
-3281
-1742
-24
1658
3473
4940
5956
6606
6705
5861
4755
3261
1770
-734
-2300
-4087
-5154
-5746
-5838
-5162
-4658
-2929
-1579
196
1774
3237
4405
4807
5458
5411
5042
4649
3699
2985
1976
1572
1060
436
451
323
647
683
1110
1461
1654
2090
2301
2589
2955
3187
3430
3297
3504
3390
3295
3063
2883
2555
2153
2014
1873
1766
1695
1516
2039
2200
2907
2864
3422
3656
4065
4556
4496
4636
4646
4619
4603
4204
4388
4115
3634
2680
1362
263
-1202
-4077
-7639
-10592
-11949
-13633
-15748
-16452
-15746
-13058
-10907
-7693
-4370
55
4229
6736
8693
10288
11086
9824
6697
4268
1308
-1819
-5448
-8414
-9833
-10405
-9543
-8833
-7344
-4920
-2149
-105
1118
2527
3822
3922
3384
2580
2197
2360
1920
1107
770
2100
3469
3157
2957
3319
3516
2586
843
-387
-1840
-2993
-4440
-5754
-5502
-4521
-3213
-2595
-764
1955
4043
5460
6269
6892
7234
6650
5519
3374
1785
446
-1621
-3887
-4885
-5277
-5297
-5859
-5031
-4116
-2293
-797
206
1568
3100
4717
5067
5068
5659
5576
5162
4140
3306
2658
1692
904
-315
-862
-746
-871
-800
-910
266
1228
2061
2923
3676
4905
5452
5838
5475
5304
4943
4052
2608
1669
1217
629
-81
-295
109
856
1959
2763
3440
4508
5087
5733
5563
5799
5223
4666
4557
3928
3752
3477
3186
3288
3072
3531
2251
1681
264
-897
-3843
-7675
-10505
-12701
-13784
-15826
-16613
-15714
-13038
-9709
-6698
-2808
1690
5817
8633
9937
11252
11064
9204
5823
2027
-998
-4661
-7677
-10663
-11633
-11090
-9752
-8075
-6223
-3413
-622
1491
2748
3460
3964
4152
3232
2462
1739
2530
2389
2074
2099
3486
4771
4402
3621
2693
1869
253
-1756
-4013
-5441
-6176
-6685
-6881
-5682
-3094
-964
983
3166
5808
7692
8647
8434
7502
6420
5320
3081
552
-1060
-2419
-3143
-4794
-4586
-5247
-4627
-4372
-3944
-3001
-2375
-717
-431
890
2127
3681
4715
5379
6136
6525
6460
6140
4739
3461
2017
452
-1138
-2660
-2845
-3166
-2846
-2144
-675
1235
2794
4508
5477
6666
7241
7273
6415
5531
4430
3160
1902
904
225
-267
-83
-301
536
1159
2428
2919
3478
4370
4140
5303
5349
5092
4221
4031
4737
4137
4476
4160
4255
4247
4702
4735
3458
2494
937
-1275
-4693
-8659
-11692
-14243
-15761
-17432
-17668
-15881
-12462
-8876
-5137
-559
4491
8285
10701
11629
12119
11151
8168
4160
-171
-3417
-7070
-10116
-12034
-12120
-10808
-9272
-7009
-4720
-1890
628
2170
2761
3078
3424
3582
2538
2203
2373
3290
3871
3824
4453
5221
5819
4710
2557
1111
-858
-2856
-5877
-7252
-7832
-7713
-7364
-5847
-3360
-170
2348
4613
6485
8134
9148
8471
7343
5636
4249
2222
271
-1459
-2637
-3012
-3172
-3700
-3977
-3259
-3308
-3601
-3728
-3098
-2328
-1930
-1028
65
2083
3950
5247
5977
7113
7820
7046
5677
4269
2553
363
-1575
-3212
-4004
-4124
-3527
-2605
-1150
1159
3267
4902
6052
6943
7361
7112
6305
5024
3792
2792
1687
660
311
610
1110
1067
1263
1979
2625
3213
2904
3202
3238
3189
3650
3564
4023
4371
4979
5119
5411
5632
5991
5013
4793
4481
3758
2574
653
-1191
-3982
-8257
-11520
-14614
-15363
-17037
-17611
-16876
-13633
-9432
-5326
-1476
3178
7359
10497
11556
11574
11124
8459
4663
84
-3750
-6644
-9877
-11504
-12650
-11343
-9327
-6991
-5004
-2915
-591
1413
2207
2533
2705
3221
3463
2988
3477
4351
5841
5808
5351
5364
5358
4283
1682
-1231
-3360
-5224
-7202
-8653
-8962
-7792
-6444
-4374
-1845
1554
4486
6510
7778
8266
8972
8122
6854
4653
3035
1395
-14
-1306
-2304
-2463
-2605
-2497
-2859
-2354
-2217
-3305
-4042
-4464
-3757
-3220
-2614
-1528
357
2858
5202
6530
7759
8707
8320
7029
5085
3261
757
-1729
-3676
-5095
-4875
-4347
-3046
-1653
493
3167
4928
6196
6828
6986
6668
5845
4764
3764
2909
2230
1549
1422
1910
2470
2630
2173
2606
2561
2233
2025
1503
1317
1624
2088
2503
3350
4514
5223
5509
5853
6148
6444
5652
4900
3693
3111
2432
1150
-757
-2189
-4174
-8033
-11483
-13536
-13865
-14959
-15764
-14757
-11778
-7644
-3950
-627
3119
7384
9767
10239
9742
9408
7102
2943
-1247
-4565
-6923
-9531
-10904
-11754
-10603
-8079
-6087
-4467
-2684
-377
1168
1831
2207
2720
3317
3954
3966
4433
5660
6749
6429
5092
4733
4012
1923
-966
-3619
-5543
-7229
-8249
-8752
-7783
-5728
-3462
-1577
1274
4470
6750
7377
8035
8101
7475
6104
4663
2822
1386
338
-682
-1716
-2074
-2009
-2235
-2806
-2762
-3337
-3989
-4321
-4319
-4089
-3035
-1252
398
2163
4522
6564
7663
8118
7983
6717
4884
2837
547
-1907
-3362
-4282
-4690
-4103
-2565
-753
878
2895
4411
5562
6036
6243
5487
4747
4048
3417
2560
2271
2321
2109
2337
2571
2623
2511
2510
2164
1390
747
1088
1246
1387
2033
3245
4213
5450
5988
6309
6585
6523
5596
5111
4830
4516
3228
1981
2198
2049
1245
-330
-2399
-4286
-8422
-11711
-14263
-14992
-15669
-16221
-14821
-10973
-6507
-1958
1609
5901
9381
11002
11020
9443
7960
4175
-467
-4563
-7827
-9653
-11292
-11275
-10697
-8649
-5918
-3444
-2141
-647
222
1318
1255
1506
1991
2904
4273
4859
6139
7505
8437
7324
5466
3881
1725
-1638
-5044
-7584
-9241
-9652
-9435
-7907
-5512
-1976
719
3174
5591
7615
8411
7838
7086
5757
4542
3162
1910
578
425
-112
-891
-1905
-1999
-3463
-4809
-5823
-6059
-5533
-5515
-3931
-2128
1051
3873
6046
7742
9251
9583
8302
6340
4396
1770
-1135
-3182
-4770
-4848
-4647
-3156
-1841
344
2564
4303
5299
5755
5903
5297
4607
3482
3057
2592
2661
2284
2376
2704
3268
2809
2078
1825
1604
1130
324
156
513
1216
2259
3365
4415
5671
6054
6077
5708
5869
4507
4168
3014
2834
2102
1765
1792
1651
2195
2402
1585
362
-1153
-2581
-6264
-11139
-14085
-15761
-15347
-16188
-15096
-12069
-6926
-2039
1040
4759
8275
10247
9230
6974
5107
3005
-1181
-5035
-8208
-8346
-8681
-8349
-8035
-6541
-3952
-2646
-2118
-2149
-1280
-803
-699
-671
940
2957
5388
6016
7290
8478
9304
7819
4482
1788
-764
-3356
-6887
-8843
-9060
-8014
-6817
-4832
-2165
1442
3466
4666
5171
5840
6128
4787
3685
2560
2794
2621
2326
2185
2330
2212
1746
-210
-2660
-3614
-4963
-6629
-7790
-7282
-5294
-3313
-1203
1399
4552
7277
8114
8009
7525
6849
5001
1966
242
-797
-1953
-2557
-2634
-1684
-676
368
1211
1478
2423
3016
2883
2779
2996
3548
3719
4215
4456
4745
5112
4403
3576
2740
2040
1263
-7
-496
-321
108
664
1483
2664
4106
4883
5372
5530
5506
5740
5334
4947
4966
4323
4420
3589
3604
3140
2611
3238
2520
2177
-468
-2131
-4666
-7990
-12888
-16022
-17178
-16073
-15864
-14472
-10511
-5266
-93
2395
5769
8504
9594
8084
5340
3303
1024
-2395
-5520
-7685
-7505
-6993
-6972
-6428
-6110
-4463
-4166
-4135
-4608
-3922
-2501
-764
385
2925
6041
8849
9684
9534
9646
8306
5643
1191
-2202
-4806
-6609
-8394
-8766
-7545
-5471
-3476
-1644
574
2398
3364
3182
3017
3078
3441
3371
3467
3761
4555
5065
5146
4699
3687
2019
-891
-3780
-6073
-6929
-7354
-7360
-7274
-4948
-2132
840
2796
4131
5693
6139
5912
4672
4214
3458
2428
1312
993
1246
1208
471
-274
-483
-441
-625
-1112
-854
-36
1096
2292
3513
4851
6193
6555
6405
5874
5240
3977
2211
604
-275
-274
-140
612
1221
2198
2617
3039
3075
3310
3098
3122
2887
2993
3592
4127
5340
5457
6074
5933
5194
4700
3303
2814
1851
1386
1066
-285
-931
-2087
-3646
-5581
-10547
-12901
-15494
-14669
-14636
-13965
-10570
-6769
-1867
728
3633
6691
7412
6426
4034
2237
759
-2394
-4727
-6473
-6276
-5421
-5780
-5057
-4895
-4204
-4081
-4635
-4669
-4355
-2979
-1267
28
3087
5848
8588
9214
8729
8395
6641
4148
206
-2828
-4729
-6399
-6976
-6933
-5030
-3175
-1875
-560
752
2170
2208
1931
1801
2032
2740
3295
4004
4704
5289
5504
5048
4019
2605
546
-2045
-4812
-5927
-6235
-6430
-6476
-5693
-2818
-436
1545
2375
3890
4731
4732
4074
3835
3625
3157
2384
1996
2027
1859
1360
159
-612
-1125
-1328
-1428
-1577
-870
449
2123
3305
4597
5794
6532
6321
5612
5014
4260
3111
1633
705
518
635
778
1214
1667
2228
2060
2566
2474
2674
2465
2183
2991
3245
4501
4945
5519
5412
5493
5471
5403
4059
3237
2389
2015
2327
1524
1845
-177
-499
-2935
-4999
-8925
-12399
-14237
-15425
-14585
-13745
-10290
-7249
-3157
-282
3188
4788
5501
4309
3024
1698
-173
-1423
-3392
-3592
-4203
-3745
-3711
-4021
-4327
-5263
-5827
-6494
-6547
-5602
-3895
-1737
986
3618
6717
8453
9066
8379
6730
5074
2445
-32
-2336
-3953
-4385
-4605
-3643
-2974
-1942
-1458
-1237
-952
-1023
-562
-596
113
1030
2936
4649
6121
6823
6947
6556
5281
3549
258
-1315
-3753
-3927
-5419
-5771
-4749
-3556
-2179
-2717
-1480
-98
1560
1177
1328
2351
3975
4330
4234
4680
4805
4700
2846
1787
645
-400
-1424
-2572
-2621
-1949
-714
502
1181
2303
3460
4409
4456
4012
4082
4137
4052
3438
3358
3414
3344
2555
2057
1766
1849
1058
712
170
303
1067
1581
2905
2589
3410
3375
4129
4039
3640
4012
3829
4217
3563
3938
4234
4335
3749
3057
3135
2021
1645
-1149
-1406
-4195
-5607
-9248
-12682
-14072
-15450
-13104
-12537
-9450
-7326
-3328
-785
1438
2062
3064
2977
1922
868
-601
-244
-1300
-1618
-2509
-2850
-2853
-3830
-4857
-5778
-6441
-6066
-5813
-4541
-2653
-667
2111
3728
5618
6207
6428
5833
4568
3181
1557
328
-751
-1467
-1877
-2139
-2097
-2012
-2077
-2308
-2533
-2446
-1937
-1408
-274
1010
2561
3984
4868
5649
5737
5381
4328
3068
1954
584
-633
-1511
-1771
-2315
-3200
-3828
-3642
-2827
-2665
-2270
-1541
10
1085
1978
2930
3821
4429
4136
4050
3544
3115
2135
1367
720
94
-175
-456
-423
-401
-47
757
1426
1992
2368
2933
3422
3454
3591
3681
3927
3571
3181
2808
2610
2314
1877
1512
1402
1401
1483
1425
1338
1553
1984
2827
2992
3165
2787
3630
3846
4352
4231
3764
4198
3353
3462
2871
2725
2327
1859
2002
2123
1654
-138
-1236
-3638
-5358
-8934
-11591
-12990
-14118
-12700
-11619
-8561
-6242
-4256
-2020
-879
595
443
397
-137
-458
-521
-745
-294
-423
-500
-1415
-2158
-3007
-4383
-4991
-5818
-5511
-4865
-3836
-1588
-19
2119
2975
3578
4042
3663
3492
2378
1863
1369
776
927
333
509
-291
-879
-1476
-2221
-2173
-2833
-2285
-2029
-814
294
1329
2717
3183
4026
3895
3997
3486
2747
2234
1235
1063
365
385
-327
-1259
-1553
-2242
-1992
-3048
-3118
-2912
-1879
-263
256
1520
2140
3387
3768
3522
3322
2648
2570
1922
1536
1193
997
1257
759
673
455
568
734
705
1180
1476
2273
2768
3262
3585
3632
3757
3587
3304
2915
2398
2182
1973
1968
1977
2318
2347
2054
1785
1200
1548
1477
2030
2530
2825
3682
3825
4712
4205
4138
3319
2732
2619
2372
2964
2336
1949
1347
1195
778
-1011
-2494
-4489
-5517
-7115
-9694
-11105
-13113
-11540
-10072
-7966
-6666
-6009
-3711
-2700
-1466
-1516
-1557
-1243
-1246
-588
-594
-478
114
-209
-366
-1993
-2948
-3607
-3671
-3655
-3943
-3532
-2741
-1127
34
900
1402
1635
1859
1692
1581
1453
1509
1805
1713
1525
949
861
672
36
-531
-1241
-1215
-1202
-1021
-818
-217
554
1630
2021
2423
2221
2292
2375
2396
2242
1878
1835
1893
1784
1301
408
-612
-1266
-1846
-2077
-2862
-2873
-2333
-828
41
529
791
1105
1757
1850
1949
1482
1394
1822
2226
2347
2101
1783
1757
1512
1065
387
179
473
851
1193
1366
1712
2053
2484
2720
2790
2590
2545
2638
2674
2687
2591
2604
2686
2565
2387
1976
1505
1285
1227
1615
2171
2531
2627
2310
2315
2429
2971
3469
3770
3534
3236
3172
3285
3360
2830
2884
2354
2366
1304
96
-986
-2801
-4032
-6085
-7837
-9869
-11598
-11727
-10893
-9816
-8741
-7742
-6327
-5361
-4650
-3589
-3035
-2531
-2088
-1259
-605
-439
-276
71
41
-138
-856
-1661
-2119
-2357
-2159
-1808
-1326
-758
-502
-110
385
364
280
223
687
1185
1324
1604
1732
1635
1412
1061
842
431
-28
-29
-19
196
224
179
439
527
646
693
897
1316
1465
1677
1917
1879
1745
1731
1921
2002
1605
1184
639
55
-263
-506
-698
-969
-1046
-594
-219
64
90
27
240
479
837
1056
1288
1634
1893
2092
2229
2227
2038
1784
1628
1489
1322
1260
1357
1443
1542
1604
1588
1539
1425
1394
1361
1392
1434
1388
1409
1472
1518
1386
1159
900
664
502
394
282
187
217
410
533
490
210
-68
-193
-111
201
477
728
863
958
980
846
714
480
415
491
711
732
575
428
257
-68
-560
-1181
-1754
-2375
-2877
-3392
-3742
-3828
-3799
-3783
-3788
-3678
-3708
-3767
-3933
-4177
-4388
-4470
-4200
-3879
-3461
-2924
-2619
-2448
-2442
-2421
-2429
-2406
-2196
-1931
-1541
-1041
-526
-154
112
314
293
176
92
179
284
488
704
868
979
1029
1017
875
752
759
766
815
915
1097
1267
1350
1362
1201
1049
917
888
803
735
698
678
711
730
665
494
305
118
162
403
666
688
604
615
691
766
859
718
566
479
596
770
879
958
857
754
751
792
731
663
613
678
834
981
1061
1036
1060
1115
1140
1143
1065
1042
1085
1208
1388
1431
1436
1388
1433
1503
1510
1446
1305
1188
1164
1241
1289
1213
1156
1096
1136
1138
1132
1154
1153
1246
1297
1331
1245
1097
1086
1121
1190
1156
1091
1146
1203
1397
1477
1539
1303
976
673
431
237
-161
-648
-1261
-1587
-1676
-1843
-2168
-2673
-3152
-3554
-3796
-3805
-4023
-4233
-4380
-4397
-4300
-4225
-4135
-4269
-4440
-4499
-4355
-4147
-3929
-3614
-3287
-2825
-2366
-1977
-1715
-1514
-1211
-934
-671
-373
-113
145
442
837
1081
1149
1149
1111
1164
1324
1507
1546
1546
1609
1705
1756
1764
1641
1378
1149
1075
998
934
788
680
591
564
559
433
336
173
108
111
136
195
229
295
295
291
337
303
362
398
479
503
560
688
732
836
825
805
710
617
650
673
763
781
816
862
842
870
794
746
696
663
735
792
932
1006
1051
1096
1089
1052
961
942
951
963
975
939
937
972
1036
1078
1053
1007
999
1034
1129
1180
1200
1167
1142
1132
1171
1166
1134
1110
1169
1298
1402
1373
1305
1161
1158
1076
887
673
234
-154
-604
-880
-1297
-1679
-1964
-2276
-2616
-2835
-3033
-3355
-3698
-3780
-3923
-4008
-4127
-4131
-4176
-4202
-4055
-4195
-4230
-4270
-4112
-3930
-3678
-3277
-2949
-2620
-2233
-1916
-1603
-1452
-1192
-987
-658
-241
95
409
540
792
844
920
933
969
1034
1144
1371
1551
1654
1766
1734
1679
1484
1329
1125
931
855
765
791
732
730
645
608
564
444
155
-81
-31
241
427
364
309
171
210
435
611
547
322
271
443
653
966
1030
874
716
742
848
929
953
805
830
903
1104
1157
984
875
756
796
846
858
890
876
994
1134
1210
1180
1058
1017
1029
1174
1248
1172
1075
1086
1201
1274
1245
1177
1054
1159
1274
1491
1475
1296
1175
1079
1183
1216
1235
1195
1167
1270
1367
1433
1470
1428
1267
1142
1278
1255
1230
1007
855
536
139
-21
-457
-852
-1332
-1566
-1701
-1911
-2033
-2322
-2751
-3016
-3220
-3282
-3482
-3565
-3738
-3806
-3692
-3579
-3474
-3673
-3708
-3747
-3662
-3362
-3130
-2875
-2656
-2368
-1927
-1633
-1261
-1038
-901
-625
-360
-8
139
284
433
525
704
827
951
1013
1123
1345
1475
1595
1566
1481
1432
1330
1275
1073
921
833
705
759
698
679
537
386
320
56
28
-23
43
89
-6
78
-10
110
226
219
241
119
186
210
355
538
526
539
444
552
558
609
653
524
601
565
654
681
603
657
546
605
634
626
665
632
713
750
806
835
818
838
821
851
790
744
735
752
842
876
938
954
1018
1063
1021
891
707
611
639
783
855
820
698
591
582
643
719
665
533
479
532
698
760
767
736
636
522
391
319
133
-84
-203
-427
-833
-1289
-1505
-1628
-1852
-1947
-2117
-2449
-2768
-2852
-2767
-2942
-3060
-3158
-3246
-3181
-2942
-2781
-2902
-3033
-2996
-2928
-2734
-2389
-2114
-1935
-1644
-1205
-924
-642
-436
-302
-245
-40
240
358
468
654
757
811
930
1015
979
971
1101
1134
1141
1140
1116
952
913
865
716
545
445
388
312
323
297
176
82
33
-52
-123
-218
-356
-428
-280
-68
-8
-44
-66
-148
-99
37
114
103
115
258
452
667
854
822
670
609
667
747
821
861
842
880
921
986
913
799
735
692
781
876
920
893
864
895
917
924
909
879
886
949
1071
1147
1185
1175
1154
1107
1069
1031
964
942
1004
1105
1206
1230
1223
1140
1058
1037
1038
1016
956
881
841
901
996
1095
981
846
616
451
384
453
469
307
-4
-366
-679
-954
-1205
-1551
-1838
-2179
-2345
-2468
-2482
-2742
-2937
-3225
-3392
-3498
-3513
-3502
-3564
-3532
-3540
-3531
-3588
-3578
-3661
-3555
-3381
-3030
-2747
-2373
-2104
-1757
-1519
-1205
-991
-817
-601
-330
5
236
491
694
851
974
1158
1265
1327
1358
1522
1569
1674
1725
1726
1602
1566
1517
1392
1271
1186
1118
1044
1104
1119
1084
1076
1041
939
841
904
1043
1060
1137
1075
1070
1046
1082
1153
1051
1004
925
947
1075
1179
1246
1142
1058
990
945
978
955
990
924
983
1052
1034
1037
920
879
832
845
900
872
928
949
987
1010
986
945
858
829
797
785
734
658
573
486
435
360
296
240
175
144
161
172
217
185
216
131
103
121
165
248
252
272
285
323
447
502
585
638
693
727
656
725
727
773
669
590
409
119
-116
-355
-597
-851
-975
-1126
-1439
-1570
-1687
-1821
-2045
-2236
-2370
-2710
-2789
-2701
-2662
-2708
-2765
-2806
-2982
-3013
-2915
-2853
-2840
-2725
-2464
-2352
-2098
-1780
-1649
-1560
-1406
-1144
-1012
-818
-509
-341
-208
35
176
233
340
554
641
728
930
1018
1016
1076
1176
1123
1062
1056
1031
971
1087
1163
1148
1157
1236
1214
1065
941
755
579
537
587
522
297
115
-38
-140
-156
-232
-420
-633
-670
-569
-482
-396
-486
-649
-730
-681
-578
-574
-557
-588
-559
-435
-338
-297
-336
-316
-246
-126
48
145
221
292
428
536
584
590
579
644
765
849
875
805
780
752
743
746
670
555
464
465
506
512
421
342
249
273
334
369
317
258
279
381
525
656
625
566
550
709
916
1104
1173
1029
990
1062
1128
1093
852
579
250
128
195
-10
-228
-564
-803
-1036
-1129
-1180
-1486
-1812
-1952
-2009
-1978
-2049
-2094
-2296
-2431
-2372
-2405
-2358
-2471
-2437
-2369
-2224
-1936
-1781
-1643
-1504
-1303
-999
-812
-554
-422
-301
-54
185
426
485
568
611
658
797
914
975
993
1057
1176
1219
1243
1207
1165
1109
1089
1111
1096
1031
974
968
937
959
931
833
649
486
440
503
653
667
576
498
442
526
605
642
543
440
517
591
732
782
678
558
496
544
567
609
611
611
688
738
753
662
567
536
559
661
709
747
776
825
915
936
907
849
840
901
999
1104
1115
1061
1005
971
917
832
728
603
543
527
556
534
481
379
287
205
110
27
-47
-91
-66
-6
22
-88
-204
-299
-329
-252
-192
-132
-188
-240
-245
-250
-217
-342
-495
-713
-892
-957
-978
-1019
-1315
-1661
-1923
-2070
-2113
-2192
-2301
-2494
-2738
-2717
-2709
-2645
-2828
-2944
-3052
-3144
-2996
-2837
-2791
-2875
-2868
-2755
-2665
-2503
-2251
-2158
-1999
-1790
-1485
-1337
-1074
-827
-596
-333
28
330
545
847
1220
1549
1915
2285
2521
2683
2963
3287
3496
3628
3670
3631
3537
3545
3454
3213
2896
2555
2175
1860
1592
1249
699
285
-176
-617
-883
-1003
-1147
-1424
-1599
-1726
-1885
-1817
-1673
-1647
-1663
-1608
-1446
-1321
-1084
-922
-898
-901
-827
-695
-584
-413
-294
-271
-219
-189
-153
-147
-121
-64
-17
93
196
284
350
435
530
568
631
710
811
927
1046
1121
1139
1159
1191
1229
1253
1264
1266
1284
1358
1414
1475
1493
1454
1442
1489
1594
1597
1576
1549
1497
1483
1520
1478
1406
1247
1212
1182
1265
1307
1304
1205
1072
992
924
931
771
560
158
-185
-402
-467
-601
-789
-1173
-1490
-1881
-2003
-2096
-2269
-2510
-2810
-2916
-2972
-2837
-2822
-2926
-3131
-3237
-3244
-3136
-3037
-2906
-2922
-2811
-2703
-2476
-2305
-2168
-2003
-1888
-1637
-1357
-1096
-867
-683
-514
-373
-245
-76
-20
113
269
440
600
757
850
906
980
1060
1097
1147
1167
1157
1171
1233
1246
1188
1129
1011
940
968
1036
1028
852
722
715
878
1050
1029
925
730
672
842
1001
1047
877
737
704
757
911
836
617
418
362
430
535
554
420
323
323
361
403
315
232
190
265
417
422
385
288
268
351
397
398
344
302
357
472
591
557
446
375
390
522
639
692
690
704
784
907
1004
1022
963
968
1028
1146
1239
1296
1311
1333
1412
1432
1407
1340
1322
1349
1426
1453
1456
1418
1470
1542
1527
1458
1284
1165
1007
864
761
555
302
112
-105
-323
-650
-899
-1159
-1367
-1456
-1601
-1774
-2004
-2154
-2272
-2346
-2466
-2578
-2783
-2829
-2886
-2762
-2793
-2877
-2932
-2996
-2920
-2823
-2671
-2598
-2561
-2396
-2230
-2036
-1829
-1760
-1689
-1633
-1387
-1242
-1105
-996
-956
-850
-737
-588
-516
-485
-383
-320
-208
-117
-64
-22
-36
37
57
44
30
-34
-3
46
152
199
97
31
-16
103
328
427
427
306
310
408
546
684
581
477
449
567
758
851
857
728
682
762
852
931
865
817
814
874
961
909
839
765
746
810
828
824
730
689
733
791
867
850
828
839
910
1017
1066
1041
978
952
995
1051
1100
1067
981
937
953
1026
1045
1008
954
921
951
1007
1048
1055
1020
1012
986
966
967
958
951
945
978
941
891
877
904
963
990
1005
873
726
607
544
453
308
30
-247
-422
-439
-473
-611
-938
-1289
-1582
-1689
-1679
-1799
-1928
-2244
-2395
-2448
-2456
-2504
-2731
-2971
-3116
-3079
-2949
-2925
-2901
-2918
-2933
-2842
-2695
-2537
-2489
-2332
-2108
-1843
-1574
-1396
-1243
-1120
-945
-707
-523
-361
-243
-62
168
385
602
687
689
731
842
961
1031
1084
1093
1081
1183
1271
1272
1264
1284
1341
1377
1504
1589
1626
1724
1782
1781
1686
1554
1437
1348
1324
1244
1087
920
761
685
615
544
400
250
181
194
299
333
293
214
121
107
108
122
119
91
125
164
243
287
278
252
246
290
337
400
442
497
575
657
719
726
697
674
692
739
752
768
786
795
825
829
814
735
661
663
652
664
624
551
491
467
487
469
413
377
326
346
365
353
352
362
438
455
533
560
642
683
628
470
282
121
32
-54
-55
-256
-478
-724
-990
-1168
-1421
-1593
-1860
-2096
-2227
-2404
-2470
-2573
-2760
-2938
-3187
-3263
-3332
-3297
-3250
-3309
-3280
-3267
-3187
-3122
-3027
-2895
-2824
-2574
-2288
-2046
-1797
-1550
-1295
-1152
-894
-644
-565
-399
-183
32
172
357
538
522
647
826
861
871
899
950
938
996
1113
1027
915
848
769
719
785
817
740
608
563
575
655
776
748
673
608
658
779
900
976
958
916
966
1027
1117
1132
1115
1097
1118
1199
1276
1334
1317
1333
1328
1295
1290
1228
1185
1204
1218
1246
1195
1141
1085
1031
1044
1021
985
963
970
1020
1076
1103
1056
974
922
901
924
948
926
843
780
763
759
784
761
676
533
469
500
525
527
475
386
304
274
262
252
178
155
121
159
203
198
138
86
101
225
383
441
390
163
24
-90
21
43
-141
-445
-694
-794
-739
-749
-878
-1262
-1576
-1658
-1628
-1493
-1569
-1770
-2015
-2061
-1987
-1912
-1972
-2107
-2231
-2209
-2107
-1987
-1988
-2077
-2116
-2040
-1817
-1720
-1650
-1620
-1527
-1336
-1089
-905
-812
-785
-660
-534
-402
-287
-265
-213
-144
54
198
222
191
149
153
236
294
317
234
202
188
173
151
48
-59
-108
-48
-67
-149
-252
-234
-152
-66
-28
-111
-206
-148
26
242
339
318
286
311
516
677
747
686
639
685
828
994
1040
981
892
880
932
982
970
899
852
889
933
973
925
861
814
798
836
828
802
749
699
709
696
632
525
417
400
421
433
431
408
369
339
320
312
296
298
329
359
346
342
329
344
402
448
455
398
358
403
467
579
573
499
396
389
493
624
668
599
474
475
583
538
391
61
-109
-241
-177
-193
-384
-663
-802
-931
-941
-1058
-1183
-1358
-1473
-1326
-1261
-1192
-1269
-1409
-1536
-1485
-1471
-1399
-1393
-1298
-1295
-1146
-989
-908
-971
-949
-812
-722
-516
-311
-178
-116
56
196
307
308
391
332
361
555
679
715
679
673
652
637
762
717
560
500
442
469
485
536
434
236
203
181
87
17
-15
-4
27
104
105
-17
-109
-120
-116
-98
-84
-157
-177
-101
31
84
-14
-133
-252
-287
-208
-123
-112
-154
-178
-173
-139
-160
-238
-365
-446
-401
-371
-323
-331
-385
-409
-443
-424
-438
-483
-463
-448
-369
-277
-252
-251
-262
-225
-176
-159
-132
-100
-36
90
200
249
233
199
198
268
356
405
437
459
574
678
773
762
712
723
790
923
1077
1150
1183
1204
1279
1358
1406
1501
1515
1547
1580
1652
1675
1730
1609
1371
1052
821
678
576
556
394
91
-198
-436
-610
-780
-931
-1074
-1367
-1458
-1513
-1510
-1555
-1640
-1762
-1986
-2047
-2014
-1906
-1766
-1677
-1598
-1600
-1503
-1333
-1145
-911
-788
-630
-439
-172
133
362
553
640
729
870
996
1134
1239
1291
1269
1298
1336
1325
1263
1208
1099
964
917
841
705
595
519
443
309
181
-22
-253
-292
-213
-169
-274
-369
-475
-548
-448
-395
-438
-597
-648
-588
-515
-363
-383
-499
-570
-553
-476
-458
-420
-409
-405
-297
-222
-189
-266
-313
-297
-270
-184
-172
-184
-185
-107
-3
20
13
-21
-29
39
134
210
191
162
169
213
294
348
319
241
228
289
351
378
325
237
213
258
353
348
270
170
140
197
259
249
176
97
133
209
281
291
223
194
179
264
344
397
409
431
461
516
532
578
512
412
220
103
81
43
-21
-158
-306
-524
-607
-641
-665
-877
-1060
-1244
-1305
-1270
-1196
-1291
-1512
-1658
-1688
-1704
-1676
-1630
-1693
-1770
-1732
-1547
-1518
-1453
-1361
-1312
-1257
-1116
-920
-831
-710
-472
-381
-285
-158
-16
39
160
360
392
378
456
571
639
723
772
725
677
769
822
845
833
834
768
707
742
772
786
782
767
731
701
696
716
694
709
672
674
680
689
705
671
682
651
619
601
572
586
570
577
575
530
513
462
452
451
433
401
327
309
285
290
270
214
187
151
155
169
173
188
177
187
197
190
188
152
129
131
158
180
180
173
173
134
97
86
87
74
58
46
53
63
62
59
29
28
-2
-7
-3
21
73
120
185
171
141
122
135
209
228
204
189
197
299
355
352
288
126
-28
-239
-269
-292
-349
-375
-437
-444
-545
-569
-529
-625
-737
-794
-784
-699
-616
-471
-525
-631
-689
-765
-810
-809
-719
-737
-727
-590
-522
-518
-532
-513
-546
-558
-422
-325
-280
-163
-34
-2
-1
20
-9
-64
37
141
142
121
195
198
156
178
146
39
-15
38
47
31
2
-69
-172
-180
-136
-177
-268
-293
-337
-296
-214
-188
-239
-314
-299
-282
-232
-195
-205
-228
-189
-107
-61
-52
-50
-72
-55
-12
44
71
75
123
150
187
208
186
174
197
246
298
329
354
367
404
470
520
551
575
619
693
770
827
838
789
763
778
834
881
901
890
870
860
853
845
805
742
691
676
674
671
612
541
486
456
444
414
368
310
277
304
319
312
241
181
198
241
317
304
238
155
127
184
261
271
209
60
-43
-179
-231
-309
-432
-561
-690
-767
-864
-913
-1024
-1220
-1422
-1473
-1544
-1610
-1621
-1585
-1650
-1741
-1770
-1796
-1907
-1923
-1824
-1825
-1756
-1637
-1493
-1469
-1365
-1206
-1143
-1079
-909
-749
-633
-429
-153
-56
-15
124
210
308
396
531
531
580
739
840
897
929
926
877
857
922
914
868
914
934
996
973
934
851
765
790
820
799
790
778
787
809
840
804
675
602
587
645
685
703
677
613
612
614
593
539
448
407
434
501
554
512
433
353
323
327
308
279
234
243
273
309
333
296
265
255
289
333
344
319
285
305
325
332
293
225
166
135
131
138
85
23
-16
-27
-12
-48
-112
-197
-259
-286
-292
-322
-354
-400
-408
-390
-400
-428
-494
-520
-521
-475
-423
-425
-441
-438
-424
-368
-366
-361
-421
-413
-362
-334
-313
-437
-578
-770
-808
-797
-801
-864
-973
-1090
-1098
-1088
-1086
-1180
-1343
-1427
-1451
-1362
-1314
-1325
-1445
-1472
-1499
-1415
-1369
-1346
-1360
-1351
-1167
-1041
-970
-919
-851
-783
-678
-515
-438
-464
-341
-192
-20
53
133
112
109
298
427
492
488
489
495
531
703
782
730
698
666
759
800
880
885
816
849
872
945
971
957
975
937
1000
1065
1063
1086
1081
1147
1145
1171
1170
1106
1118
1134
1166
1168
1132
1104
1048
1070
1071
1010
940
854
843
835
837
805
716
648
605
590
594
556
503
446
434
465
460
417
345
272
217
180
158
142
120
93
56
17
-34
-59
-97
-117
-177
-245
-287
-302
-273
-261
-327
-438
-523
-541
-503
-448
-426
-478
-535
-526
-470
-416
-394
-424
-448
-445
-387
-343
-353
-338
-341
-303
-268
-225
-180
-216
-202
-238
-314
-447
-585
-583
-529
-468
-489
-654
-793
-892
-867
-838
-902
-997
-1079
-980
-876
-777
-802
-954
-1057
-1074
-964
-887
-866
-805
-740
-618
-525
-505
-547
-601
-514
-353
-214
-182
-170
-118
3
146
192
104
-14
-13
119
267
383
371
295
273
336
404
368
325
243
260
371
494
552
509
468
453
471
515
492
476
482
566
680
733
742
663
637
647
692
720
693
687
702
772
831
813
748
649
600
599
612
616
570
549
534
535
496
414
319
239
234
259
276
257
222
222
234
228
184
93
29
24
65
106
118
103
77
49
34
9
-36
-43
-17
21
55
50
13
-43
-62
-71
-88
-132
-176
-189
-167
-104
-91
-121
-198
-263
-263
-240
-211
-238
-301
-311
-300
-260
-274
-335
-387
-419
-388
-357
-344
-371
-403
-406
-387
-378
-454
-605
-693
-713
-630
-604
-656
-766
-892
-916
-909
-914
-983
-1107
-1181
-1125
-1018
-966
-1033
-1108
-1172
-1130
-1018
-951
-981
-1009
-953
-833
-716
-647
-671
-728
-623
-459
-317
-294
-314
-277
-204
-38
92
102
26
-6
111
259
373
409
349
332
403
523
573
552
535
531
586
657
694
642
606
618
643
665
660
624
592
661
725
730
680
611
590
624
690
710
644
597
579
624
657
635
578
520
539
577
612
588
526
482
473
494
498
474
439
419
438
467
457
410
364
345
345
339
291
230
176
161
156
133
96
50
8
-1
-17
-50
-91
-114
-106
-88
-64
-85
-107
-113
-109
-91
-79
-62
-35
-16
23
42
44
32
32
40
27
16
2
1
25
38
28
1
-31
-53
-56
-14
31
75
67
58
52
71
153
236
260
268
269
359
423
472
456
412
450
500
622
684
687
607
521
493
465
482
497
449
397
326
286
215
146
68
-91
-142
-205
-193
-213
-208
-227
-348
-387
-494
-553
-557
-551
-506
-532
-539
-602
-688
-698
-753
-776
-862
-883
-920
-884
-809
-822
-848
-981
-1030
-1035
-1010
-900
-889
-862
-869
-830
-722
-725
-653
-666
-612
-539
-427
-259
-196
-57
16
88
171
222
299
334
450
527
546
569
515
488
413
359
260
100
-15
-149
-224
-311
-427
-558
-710
-801
-860
-895
-938
-980
-985
-956
-900
-853
-811
-784
-750
-677
-597
-508
-443
-372
-286
-202
-124
-93
-59
-22
19
67
123
165
202
246
267
281
277
280
301
320
356
370
392
429
483
557
590
616
670
754
856
967
1052
1109
1165
1255
1347
1402
1424
1440
1448
1496
1555
1572
1533
1465
1422
1374
1347
1269
1156
1043
984
964
939
870
754
647
587
595
571
550
497
479
500
521
496
403
295
235
196
199
158
98
35
2
9
-72
-161
-324
-428
-491
-526
-520
-622
-704
-773
-845
-878
-986
-1051
-1155
-1229
-1212
-1248
-1257
-1329
-1377
-1413
-1454
-1475
-1557
-1600
-1626
-1606
-1555
-1522
-1482
-1496
-1458
-1429
-1403
-1354
-1334
-1272
-1203
-1095
-989
-917
-844
-811
-762
-705
-655
-593
-532
-451
-380
-291
-213
-170
-140
-124
-78
-47
7
68
109
193
254
292
307
306
318
319
356
370
386
397
405
427
422
395
360
335
333
344
371
386
421
473
532
602
644
697
757
844
973
1079
1160
1211
1247
1312
1362
1371
1343
1312
1292
1292
1309
1296
1246
1204
1195
1193
1193
1138
1065
975
897
828
716
585
431
281
149
26
-110
-265
-420
-551
-646
-705
-755
-824
-881
-901
-874
-800
-715
-620
-530
-415
-314
-172
-2
192
413
602
755
843
916
1026
1134
1271
1368
1395
1407
1400
1441
1457
1438
1356
1226
1134
1102
1125
1150
1156
1111
1037
1005
938
863
771
669
551
377
224
52
-131
-299
-484
-676
-887
-1048
-1131
-1190
-1226
-1330
-1448
-1570
-1672
-1708
-1746
-1796
-1865
-1918
-1918
-1927
-1932
-1946
-2001
-2030
-2038
-1992
-1968
-1939
-1883
-1830
-1760
-1692
-1637
-1609
-1559
-1474
-1373
-1260
-1156
-1075
-980
-891
-797
-719
-657
-576
-498
-394
-292
-213
-160
-118
-67
-12
25
51
53
52
80
90
92
45
-10
-63
-114
-150
-205
-252
-302
-328
-333
-330
-329
-344
-344
-322
-284
-218
-155
-83
10
117
259
392
523
659
799
975
1152
1318
1483
1646
1791
1929
2069
2160
2209
2224
2222
2204
2177
2132
2058
1951
1831
1705
1583
1452
1307
1155
998
836
691
552
411
272
140
-12
-181
-309
-426
-501
-537
-559
-552
-539
-497
-422
-349
-244
-152
-41
80
214
332
413
471
478
481
460
412
339
261
206
146
77
-21
-163
-296
-409
-481
-550
-631
-713
-780
-814
-833
-852
-905
-969
-998
-976
-922
-869
-826
-792
-763
-719
-684
-659
-609
-544
-471
-376
-296
-233
-178
-97
-35
7
48
81
139
216
305
359
374
388
390
387
394
373
346
302
271
221
152
70
-38
-147
-265
-395
-534
-670
-799
-932
-1068
-1208
-1361
-1489
-1603
-1707
-1806
-1883
-1938
-1961
-1956
-1926
-1882
-1831
-1761
-1659
-1540
-1419
-1273
-1116
-944
-756
-570
-387
-218
-47
129
292
448
589
730
872
1006
1132
1229
1301
1365
1428
1503
1572
1629
1679
1733
1800
1885
1965
2030
2101
2192
2305
2408
2517
2616
2686
2746
2798
2823
2814
2769
2711
2630
2536
2426
2276
2119
1948
1794
1623
1451
1274
1088
942
818
713
621
548
485
433
397
351
294
228
168
96
26
-57
-155
-262
-386
-510
-660
-814
-974
-1117
-1234
-1339
-1415
-1499
-1582
-1655
-1717
-1746
-1767
-1777
-1789
-1800
-1781
-1761
-1732
-1717
-1710
-1688
-1692
-1684
-1680
-1675
-1652
-1636
-1601
-1586
-1584
-1563
-1555
-1532
-1499
-1466
-1427
-1384
-1332
-1283
-1231
-1189
-1167
-1129
-1098
-1070
-1044
-1021
-977
-942
-895
-859
-833
-824
-820
-800
-779
-757
-741
-736
-733
-737
-744
-765
-805
-849
-891
-912
-946
-951
-951
-930
-879
-791
-663
-501
-283
-36
236
527
793
1023
1229
1373
1462
1493
1487
1427
1345
1261
1172
1086
1005
956
921
928
975
1060
1184
1325
1493
1667
1845
2014
2168
2304
2421
2510
2576
2623
2655
2676
2700
2708
2689
2657
2641
2623
2604
2587
2566
2536
2502
2485
2462
2426
2375
2306
2220
2129
2024
1905
1778
1636
1493
1347
1185
1015
833
641
442
242
41
-152
-345
-531
-708
-885
-1059
-1219
-1355
-1472
-1561
-1635
-1706
-1745
-1772
-1766
-1743
-1699
-1643
-1591
-1526
-1460
-1391
-1330
-1282
-1239
-1201
-1168
-1145
-1126
-1130
-1154
-1186
-1235
-1304
-1394
-1485
-1586
-1700
-1817
-1932
-2072
-2202
-2322
-2447
-2548
-2642
-2711
-2758
-2780
-2799
-2807
-2788
-2751
-2697
-2627
-2540
-2450
-2346
-2234
-2117
-1995
-1867
-1748
-1622
-1494
-1362
-1232
-1124
-995
-895
-799
-707
-633
-554
-466
-373
-283
-195
-111
-36
41
125
203
277
358
438
521
622
720
812
905
980
1051
1100
1153
1199
1240
1262
1272
1282
1259
1236
1204
1171
1133
1097
1076
1057
1046
1049
1061
1078
1103
1142
1194
1256
1322
1409
1478
1556
1630
1701
1762
1809
1862
1906
1938
1967
1983
1984
1970
1942
1888
1814
1725
1607
1480
1335
1196
1041
874
716
552
407
294
199
147
114
116
139
184
253
340
424
511
611
691
773
840
900
929
939
947
923
896
869
829
772
725
677
635
587
549
526
484
450
437
436
430
438
437
414
412
403
396
380
343
290
240
196
139
76
-7
-100
-200
-309
-425
-558
-689
-827
-955
-1082
-1222
-1360
-1500
-1638
-1772
-1898
-2037
-2170
-2282
-2381
-2478
-2579
-2666
-2750
-2811
-2843
-2866
-2859
-2820
-2753
-2655
-2546
-2419
-2287
-2149
-1990
-1834
-1679
-1527
-1387
-1247
-1114
-1013
-923
-855
-806
-752
-708
-662
-641
-619
-585
-555
-523
-485
-449
-381
-294
-181
-54
91
257
430
622
816
1003
1192
1371
1520
1656
1773
1866
1945
2014
2079
2128
2157
2192
2218
2246
2261
2256
2246
2224
2191
2141
2090
2028
1966
1904
1821
1729
1631
1542
1456
1372
1274
1184
1102
1023
944
870
780
684
596
510
431
364
302
235
170
112
47
-19
-73
-130
-188
-247
-300
-351
-404
-460
-514
-579
-638
-696
-759
-809
-864
-918
-969
-1018
-1066
-1110
-1150
-1197
-1256
-1306
-1360
-1393
-1430
-1471
-1508
-1545
-1578
-1621
-1651
-1691
-1717
-1730
-1728
-1711
-1690
-1636
-1588
-1533
-1457
-1378
-1296
-1219
-1137
-1054
-982
-931
-887
-859
-847
-850
-833
-823
-815
-797
-787
-770
-753
-732
-704
-666
-615
-567
-513
-445
-363
-272
-171
-69
15
104
200
302
413
506
598
680
760
841
911
970
1018
1057
1098
1133
1172
1203
1240
1278
1306
1322
1331
1349
1359
1379
1405
1426
1440
1463
1496
1521
1554
1579
1599
1625
1646
1674
1700
1712
1730
1735
1740
1731
1710
1673
1617
1566
1512
1457
1385
1308
1229
1140
1052
962
861
767
671
571
478
401
302
195
95
-20
-120
-219
-324
-423
-509
-586
-669
-743
-823
-899
-978
-1046
-1108
-1185
-1250
-1303
-1355
-1409
-1454
-1492
-1517
-1532
-1543
-1547
-1540
-1523
-1491
-1457
-1411
-1361
-1305
-1234
-1157
-1070
-976
-857
-739
-618
-494
-363
-244
-142
-39
40
98
142
146
122
78
3
-92
-207
-331
-459
-585
-712
-835
-972
-1101
-1218
-1319
-1407
-1483
-1542
-1592
-1620
-1636
-1635
-1631
-1623
-1600
-1552
-1474
-1379
-1268
-1158
-1036
-905
-769
-619
-473
-328
-178
-20
138
293
454
607
759
921
1082
1253
1424
1603
1802
2009
2224
2447
2670
2896
3132
3366
3583
3800
3995
4170
4324
4446
4524
4546
4527
4465
4349
4172
3932
3636
3277
2864
2409
1903
1360
786
206
-372
-929
-1439
-1896
-2279
-2576
-2777
-2882
-2898
-2823
-2690
-2505
-2271
-2028
-1776
-1543
-1321
-1112
-945
-801
-682
-587
-507
-449
-396
-360
-328
-291
-263
-235
-206
-198
-203
-220
-262
-305
-354
-403
-449
-487
-512
-536
-562
-563
-548
-528
-486
-434
-364
-280
-177
-68
35
134
209
271
316
352
367
358
330
293
231
149
54
-58
-187
-322
-452
-577
-687
-794
-887
-965
-1038
-1095
-1143
-1186
-1207
-1220
-1215
-1194
-1164
-1128
-1090
-1052
-1003
-954
-913
-879
-839
-806
-782
-764
-750
-752
-759
-768
-776
-785
-799
-808
-816
-842
-884
-936
-996
-1063
-1131
-1191
-1259
-1308
-1350
-1378
-1389
-1369
-1319
-1229
-1108
-958
-768
-543
-289
-8
292
595
900
1206
1510
1806
2073
2316
2543
2721
2871
2984
3057
3105
3109
3085
3021
2928
2815
2668
2506
2338
2142
1950
1761
1570
1388
1219
1061
917
779
651
543
438
354
279
217
156
111
77
33
-10
-55
-119
-173
-230
-271
-302
-319
-326
-330
-323
-310
-284
-273
-251
-237
-222
-200
-168
-130
-84
-29
28
80
133
193
253
313
370
433
496
568
665
787
930
1101
1274
1449
1602
1713
1770
1733
1599
1369
1047
649
187
-296
-761
-1185
-1559
-1864
-2101
-2273
-2389
-2465
-2509
-2523
-2514
-2489
-2445
-2397
-2340
-2269
-2188
-2094
-1990
-1879
-1758
-1641
-1511
-1379
-1242
-1103
-965
-834
-728
-627
-546
-491
-456
-441
-463
-507
-576
-677
-792
-919
-1058
-1208
-1365
-1532
-1672
-1799
-1912
-2011
-2093
-2160
-2212
-2239
-2263
-2268
-2258
-2231
-2185
-2127
-2056
-1980
-1896
-1790
-1671
-1546
-1410
-1262
-1097
-927
-739
-540
-339
-133
85
297
508
719
923
1110
1290
1462
1626
1779
1920
2061
2198
2326
2458
2576
2692
2801
2897
2993
3068
3139
3202
3252
3286
3310
3315
3314
3306
3293
3283
3269
3241
3210
3179
3126
3058
2980
2860
2704
2529
2324
2107
1856
1579
1291
987
673
359
63
-226
-500
-741
-954
-1136
-1287
-1406
-1486
-1538
-1555
-1536
-1489
-1422
-1317
-1188
-1051
-907
-757
-616
-476
-338
-221
-130
-65
-8
14
23
-7
-75
-166
-286
-417
-572
-754
-949
-1164
-1375
-1589
-1778
-1948
-2088
-2167
-2179
-2110
-1962
-1747
-1454
-1108
-711
-287
138
562
957
1326
1654
1932
2147
2308
2410
2455
2455
2412
2339
2231
2112
1978
1826
1677
1511
1340
1175
1011
843
675
504
331
174
14
-159
-318
-472
-616
-744
-845
-929
-1005
-1057
-1098
-1118
-1136
-1143
-1147
-1139
-1130
-1128
-1120
-1113
-1103
-1107
-1116
-1142
-1158
-1180
-1211
-1230
-1250
-1268
-1274
-1283
-1281
-1286
-1284
-1280
-1276
-1263
-1250
-1231
-1210
-1175
-1140
-1104
-1065
-1022
-977
-924
-873
-815
-754
-684
-621
-551
-481
-411
-338
-269
-191
-107
-28
49
137
216
293
374
455
531
610
696
787
868
955
1034
1106
1168
1233
1291
1331
1395
1441
1481
1519
1543
1561
1570
1562
1554
1531
1507
1475
1436
1403
1354
1306
1243
1173
1096
1017
922
808
691
552
415
268
109
-44
-209
-379
-535
-685
-827
-953
-1064
-1170
-1251
-1328
-1387
-1433
-1458
-1458
-1442
-1418
-1381
-1335
-1276
-1210
-1146
-1068
-992
-911
-830
-743
-669
-590
-517
-446
-386
-342
-293
-261
-229
-214
-196
-190
-188
-187
-189
-192
-189
-173
-150
-113
-52
30
128
245
374
524
678
834
982
1125
1257
1368
1448
1508
1536
1536
1514
1466
1399
1331
1256
1186
1116
1047
995
951
929
909
902
916
932
955
975
1003
1022
1034
1031
1022
1010
989
958
912
857
800
730
648
560
466
370
268
171
68
-26
-133
-230
-318
-410
-492
-569
-628
-689
-737
-779
-811
-843
-868
-872
-870
-852
-834
-802
-769
-735
-685
-640
-590
-540
-490
-441
-398
-346
-300
-250
-201
-166
-142
-117
-98
-89
-87
-85
-87
-93
-123
-155
-187
-230
-280
-331
-385
-436
-492
-546
-608
-670
-735
-789
-851
-918
-967
-1018
-1059
-1089
-1122
-1148
-1161
-1180
-1178
-1179
-1179
-1171
-1165
-1160
-1148
-1144
-1152
-1154
-1162
-1172
-1180
-1198
-1225
-1250
-1286
-1320
-1360
-1390
-1413
-1425
-1421
-1407
-1388
-1356
-1308
-1259
-1208
-1144
-1079
-1023
-959
-906
-844
-786
-731
-679
-635
-590
-546
-491
-424
-352
-275
-181
-90
21
151
291
446
607
771
937
1099
1266
1432
1578
1712
1844
1959
2063
2146
2211
2256
2277
2284
2274
2252
2229
2204
2197
2202
2223
2250
2299
2359
2408
2463
2485
2490
2461
2403
2326
2215
2088
1938
1777
1608
1437
1272
1102
956
812
690
585
495
425
366
316
273
250
240
238
253
277
306
349
391
433
471
501
529
541
552
555
542
523
482
434
373
302
219
126
26
-84
-198
-313
-440
-565
-686
-813
-939
-1067
-1182
-1290
-1387
-1478
-1561
-1623
-1683
-1742
-1791
-1828
-1859
-1886
-1907
-1919
-1920
-1923
-1913
-1900
-1892
-1876
-1855
-1827
-1794
-1752
-1711
-1665
-1616
-1568
-1525
-1489
-1447
-1407
-1371
-1328
-1286
-1242
-1215
-1182
-1145
-1122
-1098
-1070
-1032
-1010
-972
-925
-888
-854
-816
-781
-748
-703
-657
-609
-569
-525
-477
-422
-368
-300
-235
-169
-98
-24
58
143
232
315
399
480
558
625
700
764
832
891
951
1004
1046
1088
1125
1156
1176
1189
1195
1202
1208
1211
1205
1198
1194
1197
1201
1205
1210
1224
1233
1250
1262
1276
1282
1281
1276
1267
1257
1249
1242
1233
1219
1190
1166
1134
1094
1057
1013
961
919
860
803
753
692
635
581
523
464
414
377
340
305
272
239
208
180
151
128
111
88
77
71
71
64
57
48
45
33
17
17
9
2
-12
-27
-43
-68
-98
-126
-152
-177
-210
-239
-270
-292
-317
-329
-345
-367
-382
-391
-400
-395
-393
-399
-393
-399
-393
-380
-375
-361
-354
-340
-329
-324
-309
-319
-335
-354
-389
-416
-453
-483
-521
-555
-587
-623
-646
-685
-716
-742
-771
-793
-800
-805
-811
-817
-817
-811
-805
-795
-780
-758
-728
-697
-672
-634
-604
-569
-536
-495
-452
-418
-378
-341
-306
-269
-235
-197
-167
-144
-105
-70
-36
-1
26
60
92
116
138
160
177
198
213
230
237
251
260
264
276
275
285
291
298
303
307
315
319
323
323
321
320
319
320
320
318
311
312
290
274
261
249
236
225
213
206
195
188
176
162
155
140
135
133
134
145
156
162
173
173
177
189
198
209
217
223
237
244
247
246
251
246
235
212
202
182
162
140
117
97
74
54
36
27
13
10
0
-11
-25
-35
-46
-65
-61
-52
-45
-21
-1
16
30
36
50
68
79
82
88
101
112
119
119
115
125
138
153
174
200
237
262
303
333
356
390
406
421
420
419
405
385
360
328
294
240
192
143
89
29
-30
-92
-159
-214
-273
-321
-367
-395
-419
-432
-433
-429
-429
-423
-409
-402
-394
-381
-358
-338
-312
-279
-237
-209
-169
-132
-89
-45
-2
50
95
134
181
224
263
297
328
351
367
384
394
397
390
379
351
322
285
256
215
175
135
103
60
18
-14
-48
-88
-120
-141
-171
-196
-214
-226
-239
-245
-247
-244
-245
-232
-224
-219
-199
-185
-156
-138
-122
-95
-79
-64
-45
-33
-25
-19
-27
-31
-49
-59
-77
-89
-110
-136
-156
-178
-203
-227
-254
-285
-317
-355
-399
-444
-490
-534
-585
-635
-686
-724
-765
-808
-839
-874
-897
-923
-942
-958
-962
-966
-964
-961
-960
-957
-955
-947
-936
-905
-889
-855
-820
-777
-724
-678
-620
-564
-515
-460
-401
-349
-290
-227
-159
-96
-35
17
82
143
210
273
342
410
471
524
568
614
648
683
709
747
773
797
816
819
832
836
833
840
837
835
834
840
844
838
833
826
813
801
798
786
782
785
785
785
774
765
754
737
724
716
702
690
670
656
646
637
636
642
649
660
688
709
742
763
779
778
767
746
709
664
609
556
483
417
346
269
188
109
35
-38
-104
-167
-216
-263
-296
-333
-362
-386
-411
-420
-426
-425
-424
-420
-409
-394
-384
-375
-373
-360
-351
-352
-342
-332
-319
-308
-298
-295
-300
-300
-289
-282
-281
-273
-273
-273
-269
-275
-274
-277
-280
-289
-287
-282
-286
-287
-296
-300
-292
-296
-295
-295
-290
-278
-269
-260
-255
-250
-240
-240
-235
-232
-225
-222
-217
-209
-203
-191
-182
-170
-163
-153
-147
-134
-132
-122
-104
-96
-86
-83
-81
-74
-74
-65
-59
-55
-49
-50
-48
-49
-42
-44
-41
-38
-30
-22
-23
-21
-18
-23
-30
-37
-39
-40
-45
-52
-59
-70
-76
-84
-93
-99
-105
-108
-109
-106
-108
-116
-121
-120
-120
-119
-122
-115
-114
-111
-108
-104
-100
-100
-94
-104
-108
-105
-104
-100
-95
-89
-82
-78
-74
-57
-52
-52
-52
-44
-34
-35
-27
-17
-7
-7
0
10
18
29
28
44
44
53
62
68
80
88
110
123
136
159
170
174
189
199
206
220
235
255
268
276
296
312
331
340
354
363
373
384
394
402
402
405
400
405
402
400
400
401
406
403
395
384
369
355
339
319
306
293
280
268
266
254
247
235
226
216
197
183
180
176
166
157
143
134
121
105
97
93
74
65
53
45
32
15
6
-18
-22
-34
-50
-68
-91
-112
-137
-151
-175
-195
-216
-233
-253
-271
-290
-308
-326
-351
-366
-386
-394
-403
-411
-416
-425
-432
-433
-437
-434
-431
-435
-426
-424
-419
-402
-391
-381
-370
-359
-353
-349
-332
-321
-307
-290
-268
-246
-236
-223
-209
-202
-193
-185
-168
-147
-139
-124
-113
-104
-97
-80
-56
-41
-10
3
24
52
70
96
119
144
172
200
234
272
305
338
372
400
422
447
468
496
518
530
542
547
552
556
547
542
528
510
499
489
473
456
443
422
404
379
352
327
300
275
254
227
203
178
151
125
91
66
45
24
-1
-25
-50
-71
-101
-123
-148
-181
-207
-227
-250
-276
-299
-314
-331
-348
-372
-387
-403
-415
-423
-428
-433
-433
-444
-456
-462
-465
-467
-464
-462
-453
-439
-438
-424
-417
-407
-399
-392
-380
-370
-352
-340
-326
-314
-307
-305
-298
-295
-280
-267
-260
-245
-234
-218
-202
-186
-169
-153
-137
-118
-101
-81
-62
-50
-33
-19
-12
6
24
43
65
83
104
124
134
143
153
166
177
185
198
210
221
232
245
248
248
254
249
255
252
252
257
253
255
237
234
235
226
222
223
217
217
220
212
206
195
186
176
174
171
166
164
160
156
153
153
148
145
133
123
125
125
124
123
120
117
109
102
98
95
88
88
86
85
85
88
79
81
83
83
91
87
86
86
89
93
88
80
81
73
69
68
67
66
68
67
70
68
58
59
58
62
58
57
51
47
37
30
20
15
1
-10
-23
-30
-29
-37
-43
-53
-60
-65
-66
-64
-55
-53
-53
-46
-45
-39
-35
-33
-31
-26
-22
-26
-28
-31
-33
-38
-35
-41
-46
-51
-61
-66
-78
-87
-98
-101
-121
-136
-144
-150
-159
-162
-161
-166
-165
-168
-164
-164
-167
-158
-155
-151
-147
-140
-142
-131
-128
-122
-111
-104
-93
-81
-65
-44
-30
-22
-7
-2
8
13
12
19
23
26
24
25
19
13
15
12
10
9
9
17
25
33
37
48
59
58
68
69
72
85
90
90
97
103
108
108
111
115
112
111
114
114
108
103
97
93
90
82
75
68
59
53
43
36
22
6
1
-19
-31
-43
-55
-70
-80
-106
-123
-132
-148
-151
-160
-157
-158
-162
-169
-171
-166
-165
-165
-168
-170
-163
-163
-164
-162
-167
-161
-154
-145
-140
-134
-126
-123
-112
-107
-104
-94
-92
-83
-84
-74
-70
-65
-56
-52
-45
-44
-37
-26
-16
-6
6
13
27
33
48
67
75
91
105
115
135
151
161
175
182
188
196
203
214
215
217
220
217
218
215
216
219
219
208
196
191
183
175
167
156
143
135
121
114
110
104
95
89
80
74
70
64
65
58
58
55
52
57
52
51
45
41
42
29
28
17
8
0
-6
-10
-11
-10
-9
-13
-17
-24
-33
-27
-33
-38
-44
-53
-61
-69
-79
-85
-96
-104
-115
-120
-121
-121
-116
-120
-119
-126
-126
-128
-130
-138
-144
-142
-144
-147
-143
-140
-142
-135
-136
-129
-125
-123
-116
-107
-104
-102
-94
-87
-84
-77
-73
-71
-65
-64
-53
-41
-30
-31
-26
-23
-17
-12
-4
4
4
9
10
13
16
21
25
31
35
31
32
33
37
43
45
42
47
50
52
60
59
62
62
70
77
83
81
83
85
80
88
89
98
102
106
102
101
96
92
98
90
90
92
79
76
74
75
74
76
78
77
80
81
73
76
73
71
69
61
54
50
46
37
40
31
34
35
36
38
34
28
32
27
24
11
5
6
-6
-11
-13
-16
-19
-25
-28
-26
-29
-32
-31
-34
-36
-39
-41
-50
-53
-59
-64
-71
-72
-78
-80
-81
-79
-83
-87
-88
-92
-95
-102
-103
-102
-98
-107
-104
-101
-99
-101
-98
-92
-95
-89
-88
-84
-83
-80
-77
-77
-75
-72
-68
-64
-58
-52
-52
-43
-41
-42
-40
-34
-33
-34
-26
-28
-25
-26
-23
-17
-21
-18
-17
-19
-20
-18
-14
-11
-3
-2
7
7
10
16
21
28
32
37
40
51
55
55
56
60
64
66
69
75
83
86
91
93
96
97
100
92
92
96
94
104
104
110
109
115
116
111
113
113
114
111
108
103
98
98
97
93
99
90
89
85
88
80
80
89
78
78
75
72
71
65
68
64
63
72
70
66
67
63
68
59
66
61
58
56
49
46
38
34
27
23
8
12
10
0
0
-9
-15
-20
-33
-42
-57
-65
-74
-79
-85
-92
-95
-103
-109
-116
-115
-124
-132
-125
-134
-139
-138
-145
-146
-156
-156
-159
-160
-159
-157
-159
-155
-157
-157
-155
-152
-151
-146
-145
-144
-138
-139
-134
-134
-133
-123
-119
-126
-114
-113
-110
-104
-104
-96
-96
-95
-91
-86
-83
-76
-70
-59
-53
-45
-47
-45
-42
-36
-30
-31
-28
-22
-21
-14
-12
-5
0
1
9
12
16
24
34
36
40
36
41
44
48
55
53
56
63
64
68
68
66
69
69
67
69
75
74
73
73
75
69
67
69
65
66
68
65
68
66
63
66
59
54
57
55
57
59
60
55
53
50
52
52
49
47
48
54
51
48
44
39
39
39
39
46
45
49
46
40
39
42
44
41
42
36
32
28
33
29
32
31
33
28
25
30
30
36
29
34
29
27
27
30
30
30
34
32
30
26
28
30
36
33
30
36
37
31
37
43
39
34
38
35
26
31
31
36
34
37
37
31
35
32
23
23
25
25
19
20
17
21
20
16
12
14
15
13
8
3
4
2
2
4
5
0
0
-7
-14
-16
-21
-22
-20
-25
-28
-27
-32
-30
-30
-31
-38
-34
-32
-31
-32
-27
-24
-32
-30
-30
-36
-34
-33
-37
-32
-39
-37
-44
-45
-40
-43
-37
-34
-38
-37
-37
-41
-40
-39
-38
-41
-40
-40
-45
-42
-41
-40
-40
-44
-43
-37
-43
-37
-32
-28
-23
-21
-16
-16
-18
-11
-9
-10
-12
-12
-11
-10
-13
-18
-17
-12
-14
-12
-16
-18
-19
-23
-16
-14
-7
-3
-6
-5
-6
2
5
-2
-2
0
-1
-1
-4
-8
-5
-3
-4
-6
-2
-1
6
10
8
7
4
8
13
15
13
7
2
1
-3
-2
-7
-6
-7
-11
-11
-7
-10
-9
-9
-13
-11
-16
-12
-11
-11
-10
-9
-3
-3
2
3
4
6
9
7
1
3
2
4
6
8
12
11
15
20
22
20
24
21
21
26
26
25
17
18
13
13
14
14
11
14
14
21
24
27
31
26
25
23
18
22
21
23
25
17
14
7
5
5
1
1
-1
-5
-3
-8
-5
-2
-2
-3
-4
-7
-11
-3
-4
-4
4
4
7
12
16
11
11
8
5
7
6
6
4
5
-2
2
6
5
8
12
10
8
8
10
5
8
10
9
12
10
10
3
11
11
13
17
21
29
32
37
35
35
39
42
45
45
45
44
46
49
51
50
50
48
51
48
41
35
33
31
30
30
21
18
16
15
13
7
9
9
11
13
14
13
13
13
13
14
15
17
19
19
15
13
14
14
19
22
25
28
25
29
30
30
33
30
33
30
29
23
17
14
6
7
7
5
-6
-14
-18
-26
-30
-44
-44
-48
-53
-56
-63
-72
-77
-76
-81
-90
-90
-94
-96
-99
-96
-94
-97
-91
-89
-92
-93
-96
-100
-97
-105
-100
-107
-109
-107
-114
-113
-112
-108
-108
-108
-97
-98
-102
-97
-101
-99
-104
-106
-106
-99
-100
-99
-92
-95
-86
-83
-83
-77
-75
-74
-68
-65
-63
-65
-67
-65
-68
-65
-64
-55
-51
-46
-42
-46
-43
-40
-36
-30
-28
-21
-15
-16
-3
1
5
9
13
24
31
36
39
43
50
53
56
65
63
68
70
69
73
79
84
90
95
97
99
97
106
100
101
104
107
100
107
110
112
117
116
121
121
130
130
128
125
131
133
139
137
144
142
142
143
140
140
128
132
131
129
125
125
124
117
124
117
116
115
116
120
118
116
119
117
107
101
93
85
83
82
76
77
79
79
75
69
62
59
58
55
50
58
47
48
49
44
38
29
29
23
22
18
16
14
9
6
1
-7
-19
-21
-24
-23
-23
-28
-35
-36
-46
-49
-52
-58
-59
-55
-57
-57
-62
-67
-73
-81
-81
-89
-89
-93
-94
-88
-89
-90
-89
-99
-102
-107
-105
-109
-113
-116
-118
-117
-121
-125
-128
-137
-139
-133
-136
-139
-136
-132
-131
-136
-132
-131
-130
-127
-122
-112
-104
-97
-95
-87
-81
-81
-78
-75
-69
-64
-57
-53
-45
-44
-37
-31
-29
-24
-21
-16
-8
-2
0
6
10
15
17
13
19
31
33
34
40
38
46
46
50
54
57
56
55
62
57
55
57
56
60
55
60
62
64
63
56
46
39
44
38
39
33
36
37
29
30
28
23
17
16
10
9
6
0
3
-2
-1
-3
-4
-4
-5
-7
-5
-4
-7
-5
-12
-12
-18
-17
-20
-19
-20
-27
-21
-29
-34
-35
-39
-45
-46
-49
-53
-58
-58
-61
-63
-60
-62
-65
-65
-73
-69
-69
-64
-53
-58
-51
-49
-48
-48
-50
-43
-38
-40
-39
-36
-30
-33
-37
-36
-41
-38
-38
-39
-38
-33
-28
-28
-29
-27
-24
-22
-21
-20
-13
-3
-2
1
5
8
13
16
19
26
26
25
27
25
28
25
25
26
27
26
31
29
34
36
37
40
35
37
40
43
39
43
44
43
42
44
47
48
44
42
42
43
46
44
45
49
44
43
47
46
39
38
34
31
35
36
36
32
37
29
29
31
29
20
21
24
23
24
17
19
15
17
20
17
21
16
14
14
18
19
18
12
18
16
17
18
15
19
20
18
19
18
21
26
26
22
29
36
37
35
34
40
38
37
40
38
36
43
37
39
34
32
33
28
28
25
24
28
32
31
32
26
26
21
15
13
12
18
8
7
12
13
15
11
11
7
6
4
4
7
7
3
4
3
-2
0
-5
-8
-9
-10
-7
-8
-7
-17
-17
-16
-17
-19
-21
-21
-19
-20
-16
-15
-18
-16
-15
-10
-12
-13
-13
-12
-11
-13
-14
-15
-15
-18
-12
-9
-9
-9
-9
-2
-4
-3
-6
-6
-7
-11
-11
-15
-14
-17
-11
-16
-17
-21
-19
-17
-18
-15
-18
-18
-18
-18
-17
-16
-12
-13
-9
-3
0
5
4
8
6
5
9
3
5
1
6
5
5
5
4
8
1
5
3
2
0
0
-4
-2
3
0
1
5
7
12
12
12
15
15
14
10
6
2
3
2
-1
-4
-3
-3
-11
-9
-12
-13
-7
-12
-14
-17
-15
-12
-14
-14
-7
-7
-8
-9
-4
-1
-5
-5
-4
-3
-3
-5
-8
-2
-4
0
0
0
2
-3
-3
-6
2
4
-1
0
-1
-5
-11
-13
-14
-18
-19
-19
-18
-19
-17
-17
-16
-14
-18
-21
-18
-19
-18
-17
-16
-16
-12
-14
-17
-15
-15
-16
-16
-13
-14
-13
-12
-12
-12
-14
-16
-13
-13
-11
-7
-4
-3
-4
-3
-5
-6
-3
-8
-9
-7
-6
-1
0
1
-2
-1
-6
-6
-3
-6
-1
2
3
8
4
5
5
2
-2
2
4
3
1
4
5
1
8
3
0
-2
2
4
-2
0
-1
-1
0
-1
-2
-7
-6
-9
-13
-15
-12
-8
-12
-11
-14
-10
-7
-6
-5
-5
-6
-5
-4
-1
