SAMPLES:	16178
BITSPERSAMPLE:	16
CHANNELS:	1
SAMPLERATE:	16000
NORMALIZED:	FALSE
1
2
4
5
3
11
15
19
21
26
28
19
16
12
12
11
3
9
5
-1
0
-2
-2
-3
-2
2
6
8
7
7
9
9
5
4
5
7
5
3
2
-3
-6
-5
-5
-4
-1
3
3
2
4
5
5
5
3
0
-4
-7
-4
-9
-10
-11
-10
-5
-4
1
1
-1
-2
0
-1
-1
1
1
0
3
3
4
10
11
9
6
7
4
3
-2
-12
-13
-16
-17
-12
-10
-6
-9
-9
-6
-4
-2
-8
-8
-6
-3
0
4
4
3
1
4
6
6
5
2
3
10
11
7
5
6
6
0
-1
-6
-9
-7
-12
-10
-6
-7
-2
-2
3
3
2
2
-2
-1
-5
-6
-3
-1
5
9
13
12
12
10
8
6
5
6
6
7
11
9
11
4
-2
-4
-12
-14
-25
-30
-30
-33
-28
-28
-23
-13
-8
0
3
10
12
9
14
14
17
16
9
3
8
6
6
6
6
10
11
15
22
22
24
17
17
13
6
0
-1
-6
-10
-10
-16
-17
-16
-17
-15
-15
-14
-11
-14
-10
-5
-5
-8
-7
-2
1
1
-1
-2
1
1
-2
0
4
3
6
6
5
1
-2
-3
-6
-7
-8
-8
-9
-9
-5
-2
-6
-7
-5
-6
-3
5
9
13
17
19
21
17
18
13
11
8
2
-3
-4
1
0
-3
4
10
9
10
6
7
11
9
9
8
8
3
-1
-7
-11
-17
-24
-27
-26
-19
-20
-20
-12
-8
-2
-2
-6
-2
-6
-9
-8
-4
-3
4
6
13
21
19
19
19
18
15
9
12
11
2
1
-2
-1
-1
-3
-2
3
10
11
10
12
15
12
11
11
8
5
-1
-7
-11
-11
-16
-18
-20
-16
-9
-12
-4
4
2
-3
-6
-8
-9
-9
-16
-17
-12
-3
1
7
10
9
4
4
1
-1
-5
-13
-21
-18
-18
-19
-13
-10
-1
2
7
12
14
15
11
15
12
8
1
-6
-11
-11
-8
1
4
4
10
8
11
8
4
4
2
1
1
4
2
8
6
4
-4
-5
-6
-16
-13
-17
-14
-8
-6
0
2
4
1
-2
0
-4
-9
-10
-12
-12
-10
-7
-6
1
12
16
13
18
21
17
15
10
10
8
4
4
6
6
2
-1
-5
-6
-3
-2
-2
2
6
10
7
7
11
5
-4
-10
-12
-12
-10
-18
-15
-14
-12
-6
2
5
10
11
13
15
15
14
8
7
1
-1
-3
-7
-9
-9
-7
-10
-3
1
7
14
9
10
12
13
8
5
6
5
5
2
4
3
-1
1
0
3
8
11
8
7
9
6
8
5
6
3
-5
-4
-6
-7
-3
-6
0
0
1
5
4
3
-1
-7
-10
-9
-8
-6
-7
-9
-5
-2
-4
-11
-13
-16
-21
-19
-18
-15
-10
-10
-4
1
4
5
3
1
1
1
2
4
6
9
3
0
-1
4
0
-4
-2
-2
1
-2
-5
-9
-8
-12
-9
-2
0
3
8
3
2
8
8
7
12
9
4
2
2
3
1
-2
-3
-3
-8
-10
-10
-16
-18
-18
-20
-15
-17
-12
-9
-7
-2
0
0
6
7
8
10
11
16
15
17
21
15
10
6
2
-4
-7
-11
-14
-18
-16
-11
-6
2
1
0
2
-1
3
1
2
5
2
1
-2
-4
-4
-6
-5
-8
-4
-1
0
2
9
10
11
9
6
2
1
-3
-8
-6
-8
-6
-3
1
3
3
15
20
25
26
32
31
26
23
16
18
15
8
5
5
6
1
-4
-9
-3
-4
-8
-6
-5
-4
-11
-11
-8
-11
-10
-8
-5
-9
-8
-8
-7
-4
-3
1
3
3
2
5
3
0
-1
-4
-8
-5
-7
-5
-4
-3
2
4
8
8
9
11
11
10
6
9
8
4
3
0
-1
-3
-11
-13
-13
-14
-14
-14
-21
-20
-18
-18
-12
-12
-6
1
3
4
4
6
3
5
4
7
13
10
13
14
6
4
1
2
5
-4
-8
-10
-15
-17
-21
-16
-14
-5
-2
0
8
10
14
12
16
16
10
5
-2
-5
-11
-12
-17
-18
-12
-15
-12
-9
-4
-2
-6
-6
-4
-2
-7
-11
-13
-12
-14
-11
-8
-13
-9
0
4
10
14
20
22
24
28
24
22
19
12
8
3
-1
-1
-6
-9
-3
3
7
13
22
24
23
23
19
17
12
5
4
-3
-11
-15
-16
-17
-12
-12
-10
-6
-6
-2
-1
1
7
6
9
10
7
4
0
0
-7
-8
-8
-10
-4
-3
3
7
18
23
25
26
21
18
8
-5
-10
-15
-28
-30
-33
-30
-27
-24
-20
-12
-8
0
4
5
3
0
-1
-5
-8
-11
-17
-18
-17
-14
-12
-15
-6
-5
-3
8
14
19
21
25
26
25
23
26
18
12
8
4
-4
-5
-5
-8
-5
-3
5
11
15
10
13
12
4
-2
-2
-2
-3
-7
-13
-14
-12
-10
-13
-7
-6
-6
0
4
4
6
3
7
5
3
-4
-11
-16
-21
-20
-19
-15
-14
-7
-3
3
14
17
22
26
30
28
24
27
25
21
18
20
20
15
14
12
15
7
4
2
5
8
7
5
-6
-2
-7
-10
-11
-20
-14
-20
-25
-25
-30
-32
-34
-24
-21
-14
-9
-9
-4
-1
1
6
7
6
3
-3
-7
-3
-5
-10
-10
-10
-3
1
3
7
1
2
1
1
-3
-3
1
-8
-7
-5
-6
-4
-2
-2
-3
0
-2
-3
0
2
0
3
10
7
3
-5
-2
-1
-1
0
2
3
2
2
-2
0
-1
-7
-7
-3
-2
-4
-8
-6
-6
-7
0
0
2
5
2
2
3
5
5
9
10
12
15
16
17
16
14
11
11
7
5
1
-3
1
-2
-6
0
0
-1
2
1
-1
-8
-7
-9
-9
-9
-10
-10
-11
-12
-8
-5
2
7
6
9
13
14
15
13
16
12
8
4
3
-1
-6
-7
-10
-6
-2
-1
6
3
1
0
-3
0
-2
-5
-3
-5
-4
-5
-10
-11
-13
-10
-10
-5
7
14
21
23
24
27
23
18
19
17
13
4
-3
-3
-9
-13
-9
-7
-6
-5
-2
6
3
8
9
8
11
9
3
-4
-10
-17
-21
-19
-17
-11
-1
-4
3
10
9
12
10
5
3
-1
-6
-11
-16
-14
-13
-10
-2
1
3
8
8
10
8
9
6
9
11
11
10
5
0
0
-3
-7
-4
-7
-10
-9
-11
-12
-12
-11
-8
-6
-3
0
1
1
-8
-13
-16
-16
-19
-16
-13
-13
-10
-9
-6
-4
-6
-3
-2
-2
-6
-6
-8
-14
-14
-13
-6
-2
0
4
7
4
5
11
16
21
23
23
22
13
9
7
6
8
6
6
7
8
10
3
6
6
8
15
14
16
7
4
-1
-4
-4
-3
-3
-5
-5
-9
-9
-10
-9
-9
-10
-10
-15
-15
-22
-25
-25
-25
-18
-16
-12
-8
-4
-7
-5
-4
1
4
9
20
25
28
29
26
20
15
16
16
17
11
7
4
3
3
9
10
10
15
13
10
9
5
2
3
4
4
4
-1
-3
-3
-5
-4
-6
-7
-3
-3
0
0
-6
-5
-9
-9
-6
-10
-8
-8
-10
-12
-7
-6
-4
-4
-3
5
9
7
8
9
10
10
7
8
4
3
-4
-5
-8
-12
-11
-8
-7
-9
-8
-6
-5
2
6
5
9
7
10
8
4
3
0
-1
2
3
4
3
4
2
1
3
0
-2
-9
-9
-9
-16
-13
-19
-16
-13
-10
-8
-10
-3
-3
-2
1
2
1
-1
7
9
8
11
8
11
10
11
8
3
1
-1
1
-3
-1
-3
-6
-2
-6
-2
-1
-8
-1
-4
3
5
4
8
3
6
4
2
-1
-7
-4
-5
-4
1
3
3
1
4
8
6
1
-1
-4
-9
-9
-16
-11
-7
-5
1
5
10
8
14
14
4
4
0
4
2
-2
0
-2
2
-3
-3
-4
-3
-1
-6
-2
-2
-2
-5
-3
-7
-5
-1
3
3
-2
-5
-9
-8
-11
-7
-7
-9
-5
-7
-7
-8
-12
-18
-14
-16
-8
-4
-3
6
8
8
9
12
11
14
7
5
4
2
1
-7
-7
-4
-2
5
3
6
13
17
14
13
16
21
22
20
25
24
26
20
16
16
14
5
4
2
8
10
10
6
-2
-3
-14
-6
-11
-14
-14
-19
-8
-17
-17
-17
-18
-11
-10
-4
0
1
-3
-5
-4
-3
-4
-7
1
7
8
10
11
7
-3
-3
-10
-15
-10
-12
-12
-13
-15
-16
-16
-14
-17
-13
-7
-3
6
2
3
1
-3
-9
-5
1
1
-1
-4
0
-3
-2
-7
-3
-2
4
13
22
23
20
14
10
12
10
10
-3
0
0
0
-2
-3
3
-1
3
3
4
10
9
9
3
2
-2
-3
-1
-3
2
0
-4
-8
-11
-12
-13
-9
-5
-3
-1
3
16
8
6
9
3
9
3
12
17
16
20
18
31
26
27
28
22
23
15
8
3
-6
-12
-23
-21
-26
-22
-13
-18
-15
-13
-16
-16
-18
-26
-29
-28
-21
-20
-19
-23
-12
-15
-13
-3
0
6
6
11
8
11
13
3
2
0
4
8
-2
-8
-7
-3
-10
-9
-6
-6
1
4
9
10
4
-4
-8
-5
-12
-10
-6
-1
2
3
5
7
8
8
15
19
21
20
13
12
13
7
7
-3
-5
-4
1
3
2
-5
-6
-6
-9
-1
-5
-10
-8
-8
-3
-1
-5
-6
-2
6
9
8
9
7
18
23
17
18
17
11
4
-3
-8
-13
-16
-12
-16
-11
-15
-17
-17
-18
-17
-15
-11
-5
15
18
16
22
21
26
25
23
23
18
21
17
17
16
10
4
-2
5
3
1
-6
-13
-10
-4
4
0
-1
-4
-13
-14
-9
-6
-7
-4
-3
-2
4
2
0
3
1
-6
-11
-16
-22
-22
-30
-35
-30
-31
-23
-10
-3
8
10
15
19
23
23
18
14
2
-3
-3
1
4
5
12
15
19
12
11
11
1
0
-3
-7
-2
-1
1
11
6
2
-6
-2
-1
-7
-3
-6
-3
0
-1
3
7
6
2
1
-4
-14
-15
-16
-13
-10
-12
-9
-8
-6
2
2
-4
-6
-6
-1
3
6
11
7
6
-3
-6
-2
-7
-8
-21
-18
-18
-24
-18
-24
-18
-18
-16
-8
-5
-7
-10
-10
-2
-6
-4
3
8
14
14
18
25
31
31
29
28
26
18
7
7
13
12
11
11
11
8
5
8
6
-1
-4
-12
-15
-5
-5
-12
-9
-4
3
6
-1
5
8
9
2
-4
1
5
6
4
8
7
-3
-8
-14
-11
-11
-11
2
7
10
10
16
16
14
8
7
10
11
7
5
6
7
1
-5
-1
-8
-8
-6
-2
0
-6
-7
3
11
14
17
13
8
2
-5
-16
-22
-28
-32
-40
-35
-29
-30
-23
-16
-3
-4
4
5
3
-5
-12
-19
-26
-25
-30
-30
-30
-24
-20
-20
-12
-1
9
16
22
20
25
35
39
38
35
28
27
15
7
0
-2
-2
4
3
-4
-3
-8
-1
1
0
3
2
-11
-8
-7
-3
-5
3
10
18
24
22
20
13
18
10
13
12
11
14
12
17
18
16
15
20
12
6
2
-7
-12
-17
-24
-26
-25
-25
-20
-8
-7
-6
-4
-2
0
7
10
3
4
2
1
-1
-3
-4
-6
-5
-7
-10
-14
-19
-17
-10
3
7
4
5
6
7
7
4
-3
-12
-14
-15
-15
-14
-21
-18
-14
-7
-5
-3
7
13
12
10
7
8
2
2
4
6
7
2
0
-7
-6
-11
-12
-1
4
5
6
12
15
15
18
22
21
18
13
9
7
5
1
-3
-1
5
7
10
6
6
5
4
4
4
7
9
13
12
7
0
-7
-6
-7
-4
-3
-10
-10
-11
-14
-13
-13
-8
-4
-1
4
4
3
-5
-2
2
-4
-7
-13
-17
-19
-21
-23
-20
-17
-16
-13
-6
-1
2
-1
-8
-7
-4
-4
-4
-6
-8
-8
-12
-13
-12
-7
-4
-5
4
14
17
18
21
23
24
23
22
24
23
16
6
2
-6
-6
-3
-7
-5
-2
0
1
-6
-3
-4
-3
-2
6
6
5
-1
-2
1
-5
-5
-5
-4
-4
-4
-2
-4
-2
3
5
6
11
10
4
2
1
0
-4
-8
-10
-8
-8
-4
-1
1
0
2
6
5
9
6
7
11
8
8
9
3
2
-6
-12
-13
-14
-15
-12
-10
-4
0
4
1
3
8
5
8
11
12
16
18
22
17
16
9
4
8
12
13
9
10
7
6
3
3
4
5
4
-3
-2
-2
-10
-17
-19
-17
-17
-17
-15
-12
-13
-18
-20
-17
-14
-13
-11
-11
-11
-10
-13
-17
-19
-16
-13
-14
-13
-9
-3
-1
3
7
1
5
5
9
12
7
8
8
4
5
1
3
8
8
9
7
15
12
10
7
10
9
10
1
-4
-2
-5
-5
-8
-5
-3
-2
-3
-2
2
1
1
4
3
7
5
4
10
5
5
6
7
8
5
-1
-6
-3
-2
-1
9
7
7
5
6
2
-1
-1
-2
-4
-6
-4
0
0
1
2
6
12
13
13
10
4
6
0
-6
-3
0
-1
-2
-6
-7
-4
-4
-3
-6
-3
-2
-4
6
1
0
-2
-7
-2
1
7
5
2
-1
-8
-14
-13
-11
-7
-8
0
3
0
2
-3
-1
4
3
7
9
6
3
1
2
-4
-10
-13
-9
-7
-8
-7
-2
0
-2
2
7
10
9
9
9
8
5
-5
-6
-2
-2
2
7
15
9
5
0
-1
2
1
3
-2
-9
-16
-18
-14
-8
-5
-5
-3
4
2
0
-4
-3
1
1
3
5
9
12
8
11
14
13
10
-1
-1
-7
-12
-15
-14
-8
-5
1
2
0
-2
-4
-10
-6
0
2
6
8
13
8
-1
-9
-15
-16
-11
-8
-1
0
-4
5
7
3
8
11
13
17
4
-2
-7
-13
-12
-6
5
4
6
4
3
-4
-5
-9
-10
-10
-13
-12
-16
-10
-12
-19
-15
-9
-4
-3
-3
4
6
3
0
-3
5
9
16
15
18
28
20
15
7
0
1
-9
-11
-13
-16
-22
-26
-23
-21
-20
-24
-20
-19
-14
-7
-2
11
16
14
9
9
10
4
1
6
7
7
10
10
21
16
15
17
20
24
22
19
20
7
-3
-3
-4
0
-5
3
6
5
3
1
7
11
14
20
14
12
11
0
-3
-5
-4
0
7
8
12
5
3
3
3
10
15
23
25
33
35
34
29
29
26
18
9
2
-4
-13
-14
-24
-29
-38
-44
-41
-40
-33
-33
-31
-27
-28
-25
-19
-12
-14
-15
-13
-7
2
-3
2
4
2
7
3
4
4
1
2
-5
-7
-15
-28
-21
-16
-17
-20
-19
-13
-15
-10
-12
-16
-15
-14
-4
10
13
20
17
16
25
27
28
26
23
15
2
-12
-6
-2
-1
-9
-17
-22
-13
0
15
26
32
34
39
48
53
57
51
47
49
44
30
21
22
21
20
12
6
-7
-22
-23
-31
-45
-58
-64
-54
-35
-14
-6
1
-8
-12
-14
-25
-23
-29
-34
-40
-45
-39
-33
-27
-26
-27
-26
-29
-29
-31
-16
-20
-19
-7
8
32
40
44
33
12
6
9
22
26
29
28
21
21
10
8
2
-8
-24
-29
-19
-6
4
4
5
5
2
-3
-4
1
4
10
10
16
22
23
31
41
44
47
54
45
30
7
-3
-7
-17
-17
-25
-32
-36
-45
-35
-37
-34
-32
-29
0
17
21
11
-4
2
14
28
27
25
18
10
22
27
35
33
14
3
-8
-15
-31
-35
-33
-22
-18
-16
-11
-13
-18
-26
-36
-35
-31
-23
-12
4
13
12
4
-13
-11
11
21
18
6
-12
-18
-15
-6
-1
-8
-25
-40
-31
-22
-13
-17
-24
-24
-10
19
33
34
12
-7
-14
-2
12
6
-8
-19
-27
-21
-1
8
20
22
30
46
56
54
30
2
-4
13
44
61
56
51
33
31
42
48
34
15
-1
-13
-3
6
9
0
-4
-9
-11
-8
-6
-9
-9
-2
15
48
69
85
73
71
64
63
55
37
32
22
13
17
22
18
11
-7
-15
-25
-37
-37
-47
-54
-62
-68
-64
-63
-52
-50
-49
-47
-54
-60
-66
-59
-43
-18
-1
8
5
-3
-11
-21
-26
-28
-31
-43
-46
-53
-45
-34
-26
-16
-13
-15
-23
-16
-5
19
34
31
22
15
8
8
2
-16
-36
-56
-55
-31
1
19
25
16
-2
0
-5
-13
-20
-38
-47
-40
-38
-27
-18
-19
-6
6
10
17
17
7
9
11
16
32
43
37
29
16
5
-1
-4
3
10
19
30
40
38
43
46
39
28
10
2
12
30
44
39
39
38
40
39
39
36
30
29
29
32
41
53
61
63
60
49
26
10
-4
-11
-2
13
28
26
6
-14
-30
-46
-57
-58
-54
-44
-34
-29
-34
-35
-36
-37
-38
-37
-30
-36
-48
-56
-55
-49
-35
-21
-15
-12
-22
-25
-20
-3
11
-2
-6
-7
-1
3
-7
-2
-5
-2
0
13
20
12
0
-19
-12
5
25
34
34
35
22
22
26
32
34
20
15
13
6
4
6
19
37
39
26
29
41
32
25
11
11
19
17
15
14
4
-16
-25
-27
-21
-4
8
20
40
43
49
30
6
-9
-36
-42
-41
-28
-14
-14
-5
-4
-4
-5
-2
0
-11
-18
-30
-33
-30
-40
-37
-35
-25
-22
-43
-55
-75
-77
-68
-54
-30
-11
8
10
10
7
2
-2
-10
-10
-13
-10
-13
-17
1
-12
-7
-17
-12
5
8
24
21
21
9
8
17
15
9
2
9
14
17
35
43
42
55
48
36
13
-13
-15
-19
-3
15
34
37
27
20
16
14
23
24
25
22
2
-11
-22
-17
-1
9
15
15
7
-1
-3
-1
5
7
15
24
27
33
29
22
22
18
18
6
2
3
7
13
1
-6
-35
-39
-34
-30
-4
-1
-8
-30
-57
-75
-85
-79
-72
-46
-27
-12
8
19
19
21
14
14
5
-11
-9
-21
-18
-31
-26
-13
6
37
13
3
-13
-19
-16
-10
-5
-20
-28
-22
-2
12
1
0
-17
-17
-1
13
30
50
69
55
36
27
15
10
24
22
34
10
1
3
-4
5
-22
-32
-60
-64
-58
-41
-6
26
63
64
39
19
-6
-18
-4
8
16
21
15
11
26
27
33
45
34
23
13
-9
-17
-27
-31
14
42
60
49
10
-19
-30
-37
-45
-35
-13
-3
-8
-6
-34
-37
-30
-16
8
11
19
31
29
5
-32
-60
-63
-42
4
32
43
23
16
21
24
42
16
-3
-32
-84
-88
-94
-79
-68
-55
-7
21
40
26
19
15
45
51
76
94
65
74
75
76
57
36
27
14
-9
-44
-96
-110
-96
-66
-39
-9
-6
-25
-30
-53
-30
5
36
58
60
60
59
51
34
1
-14
-31
3
64
72
70
23
-13
-59
-100
-112
-85
10
73
109
85
31
-25
-54
-61
-52
-19
-4
31
39
21
8
-12
-32
-45
-77
-78
-45
-13
7
15
-4
13
23
4
-11
-30
-28
-44
-26
-7
18
49
31
29
12
19
19
-2
5
-2
16
42
68
76
44
20
-8
-40
-73
-90
-67
-41
-18
-9
0
-2
-24
-44
-53
-29
-5
20
17
4
3
-30
-43
-64
-69
-48
-37
-11
-2
23
62
86
94
78
43
11
5
17
51
71
75
42
32
6
-29
-50
-37
17
42
41
-26
-62
-101
-96
-41
22
74
80
84
33
-1
-39
-60
-62
-71
-43
-22
-4
17
5
-25
-62
-59
-37
5
54
55
63
74
86
81
19
-20
-33
-41
-17
36
108
115
86
0
-111
-152
-173
-102
-7
82
145
128
60
-62
-133
-141
-75
18
55
85
71
93
89
15
-48
-124
-109
-45
45
61
5
-91
-146
-98
-28
61
151
125
30
-72
-124
-126
-75
-4
132
228
215
135
20
-53
-96
-89
-53
67
163
160
73
-65
-150
-177
-145
-71
76
182
153
17
-103
-129
-89
-74
-27
-3
6
75
113
124
45
-19
-87
-56
-10
32
74
30
17
-62
-35
-30
23
55
66
66
12
18
-25
-55
-68
-52
14
84
70
43
-28
-68
-49
12
36
25
30
16
13
-25
-68
-107
-53
-10
86
82
22
-63
-185
-209
-135
9
106
46
-50
-26
26
119
78
57
85
45
32
-92
-153
-231
-243
-130
-23
69
74
2
-52
-92
-86
-27
1
-11
-26
-7
59
77
102
112
47
67
28
81
111
129
81
20
13
-8
17
-51
7
27
49
57
-102
-110
-234
-141
34
155
224
16
-77
-79
107
249
133
-61
-175
-96
3
7
-7
55
103
134
73
-5
-133
-209
-218
-130
107
218
247
181
54
9
-54
-45
31
17
40
26
100
225
159
31
-148
-211
-184
-138
-12
14
22
28
-17
-64
-110
-45
110
127
34
-71
-213
-252
-235
-101
-131
-266
-304
-282
-31
71
131
151
119
200
40
33
16
42
23
-28
139
222
283
66
-139
-289
-232
-26
108
151
-41
-78
-69
99
87
-123
-185
-55
244
309
254
32
-137
-62
72
91
-73
-119
125
283
260
-61
-330
-245
-2
261
263
140
41
-53
-295
-416
-414
-184
111
236
325
245
114
-67
-153
-229
-100
97
398
440
80
-289
-462
-81
253
378
237
133
182
245
136
-108
-301
-225
-115
33
50
-10
-2
-32
-99
-332
-380
-358
-123
-7
-20
-83
-161
-77
6
125
232
196
131
-135
-313
-279
-71
25
-45
-98
115
394
372
225
23
57
195
389
366
95
-327
-531
-338
-79
28
-130
-262
-381
-240
-24
143
290
175
129
54
49
74
-17
-68
-97
-15
82
110
12
-119
-35
81
191
233
184
188
137
-13
-144
-166
-84
-55
-123
-50
82
379
401
168
-192
-488
-305
-153
-47
-12
77
278
407
423
183
-132
-310
-292
-12
129
167
46
-153
-270
-435
-407
-474
-505
-255
167
628
739
442
-51
-477
-505
-398
-12
160
283
263
184
168
-98
-229
-324
-73
185
157
132
-76
-164
-131
-112
286
368
397
134
58
103
-53
-143
-350
-118
183
432
535
275
166
115
74
-44
-461
-495
-494
-193
126
162
92
-279
-383
-410
-365
-294
-158
61
139
75
166
185
264
100
-26
24
172
325
217
67
-57
-131
-234
-282
-198
59
197
301
183
243
334
343
194
-100
-140
-75
76
241
131
-90
-280
-382
-402
-323
-269
168
350
596
358
-155
-340
-300
74
-197
-432
-600
-51
588
959
781
207
-121
-35
44
-41
-549
-812
-795
-444
-111
36
-55
-248
-92
-76
191
141
381
42
-145
-325
-337
-73
3
421
152
-146
1
260
715
324
119
-246
-335
-41
59
444
154
338
395
616
734
304
8
-911
-860
-616
-179
82
-181
-160
-224
-3
39
-6
-99
-170
-65
-79
-262
-307
-106
398
780
764
547
351
294
295
65
-34
-127
-416
-542
-518
-141
135
199
193
10
-203
-329
-275
102
175
-39
-484
-635
-140
340
681
548
143
-305
-569
-572
-415
-315
22
144
476
758
1003
1020
442
-57
-531
-353
-186
107
179
-249
-273
-495
-132
38
194
217
-56
168
412
505
322
12
150
278
140
-180
-495
-402
-367
-411
-535
-649
-383
-187
9
242
380
457
210
226
233
179
81
-170
-233
-364
-323
-51
2
49
20
-95
-20
-109
-29
-246
-470
-594
-442
-183
-18
404
589
607
280
-169
-156
-207
10
-195
-442
-404
-340
-44
-4
46
-3
-153
105
301
573
445
83
-151
-141
157
319
465
494
308
69
-237
-251
-57
115
135
-101
-219
-251
-133
-28
68
91
-14
166
372
569
526
133
-125
-257
-98
75
170
142
23
-25
-111
-185
-130
80
206
211
57
91
226
346
246
-39
-380
-494
-157
229
596
630
423
92
-237
-301
-303
-325
-477
-607
-469
-119
391
655
637
364
158
-13
7
168
288
433
329
156
-88
-110
18
235
355
244
139
86
237
377
477
591
615
660
600
418
245
111
143
73
-37
-77
-87
25
-38
-195
-375
-771
-1316
-2266
-3142
-3906
-4553
-5139
-5800
-6088
-5986
-5452
-4681
-3640
-2445
-1326
-436
293
1117
1839
2385
2607
2631
2803
3080
3386
3684
3973
4194
4062
3704
3267
3023
2828
2591
2316
2086
2011
2039
2139
2299
2461
2381
2108
1765
1591
1550
1471
1266
1149
1116
1219
1437
1745
2067
2169
2017
1785
1636
1502
1205
871
561
393
330
210
116
-19
-183
-433
-847
-1243
-1563
-1830
-2130
-2318
-2231
-2019
-1692
-1469
-1158
-843
-737
-818
-1071
-1168
-1063
-771
-587
-521
-596
-667
-529
-193
197
436
529
554
751
1104
1857
2552
2091
-489
-5075
-9732
-12919
-14165
-14476
-14683
-14450
-13512
-11251
-7847
-3654
264
2608
3181
2667
2631
3438
4620
5574
5900
6210
6786
8088
10073
12045
13028
11997
9440
6385
3983
2385
782
-1007
-3095
-4781
-5445
-4723
-2712
-531
668
433
-352
-697
-172
790
1425
1672
1619
2047
3384
5641
8152
9557
9484
7997
6254
4952
3967
2956
1223
-851
-2926
-4175
-4257
-3548
-2716
-2729
-3602
-4911
-5596
-5477
-4925
-4451
-4267
-3942
-3148
-1390
1082
3585
5224
5508
4948
4073
3550
3195
2553
1467
59
-1059
-1643
-1469
-772
-284
-509
-1660
-2912
-3742
-3901
-3698
-3521
-3416
-3274
-2622
-1343
395
2008
2844
2704
1976
1393
1170
1213
1086
654
87
-328
-214
216
711
809
431
-275
-896
-1089
-1052
-873
-795
-632
-103
941
2264
3074
2637
674
-2302
-5797
-9465
-12844
-15456
-16797
-16773
-15595
-13276
-9971
-5958
-2020
1221
3556
5005
5847
6072
6122
6347
6840
7589
8371
9512
10890
12078
12510
11781
10137
7576
4414
1018
-2133
-4614
-6398
-7323
-7338
-6324
-4430
-2198
-72
1604
2746
3487
3830
4077
4403
4846
5540
6394
7486
8719
9783
10257
9879
8683
6714
4354
1691
-710
-2691
-4279
-5461
-6312
-6385
-5915
-5050
-4292
-3790
-3568
-3656
-3701
-3501
-2656
-1521
-284
843
2095
3802
5378
6511
6661
5958
4667
2926
1225
-206
-1177
-2017
-2723
-3247
-3357
-3002
-2659
-2487
-2765
-3266
-3914
-4208
-3954
-3125
-1749
-460
734
1832
2909
3723
4037
3759
2972
1855
626
-236
-666
-624
-452
-432
-602
-839
-1051
-1325
-1439
-1379
-1214
-1118
-1065
-666
50
1047
2205
3235
3562
2590
174
-3370
-7564
-11851
-15548
-17810
-18270
-17118
-14703
-11426
-7298
-2870
1233
4420
6353
7279
7267
6857
6476
6631
7404
8302
9360
10315
11301
11770
11311
9638
6702
2960
-1340
-5217
-8037
-9330
-9310
-8464
-6770
-4291
-1115
2078
4668
6389
7123
7103
6691
6544
6943
7790
8706
9393
9838
10025
9811
8880
7047
4411
1154
-2138
-5051
-6919
-7637
-7577
-6948
-6130
-4974
-3616
-2209
-989
-148
238
101
-44
298
1356
2887
4164
4879
4978
4613
3997
3303
2352
944
-1044
-3134
-4657
-5087
-4422
-3415
-2641
-2337
-2271
-2197
-1965
-1662
-1370
-1319
-1419
-1285
-441
1177
2981
4435
5084
4857
4085
3040
1983
971
-28
-1074
-2067
-2570
-2405
-1835
-1237
-936
-1092
-1636
-2348
-2557
-2280
-1715
-993
-254
407
1010
1568
2333
3259
4164
4796
4354
2531
-849
-5396
-10474
-15371
-18665
-19815
-18840
-16600
-13468
-9168
-4310
706
4671
7432
8791
8850
8418
7700
7892
8646
9639
10354
10521
10942
10798
9998
7821
4329
-76
-5250
-9430
-12050
-12339
-11032
-8835
-5936
-2745
1099
4671
7801
9755
10442
10130
9012
8418
8473
9343
10120
10272
10007
8934
7610
5548
2982
-261
-4036
-7432
-9944
-10548
-9729
-7813
-5615
-3570
-1504
129
1593
2399
2895
3067
2847
2719
2773
3599
4605
5389
5427
4689
3353
1421
-776
-3229
-5373
-6918
-7552
-7159
-6022
-4138
-2150
-327
896
1393
1421
912
345
-194
-515
-432
301
1310
2496
3563
4158
4367
3706
2647
1237
-320
-1688
-2751
-3123
-3063
-2589
-2202
-1819
-1519
-1452
-1446
-1786
-1798
-1672
-1400
-987
-424
748
2173
3563
4247
4242
3983
3648
3719
3647
2636
-205
-4889
-10162
-15076
-18495
-20144
-19631
-17233
-13828
-9592
-5068
-27
4617
8060
9911
10008
9632
8977
8870
9293
9999
10588
10006
8933
7381
5927
3764
404
-3669
-8113
-11324
-12975
-12293
-9704
-6031
-2048
1221
4474
7515
10298
11940
12101
11338
9915
8942
8591
8952
9345
8937
7589
5331
2827
206
-2483
-5273
-8012
-9960
-10798
-10029
-7725
-4424
-1046
1584
3409
4493
5144
5370
5108
4552
3734
3032
2668
2796
3361
3494
2679
731
-1641
-3652
-5381
-6623
-7391
-7538
-6974
-5627
-3389
-764
1640
2975
3106
2461
1584
1010
629
457
468
488
759
1344
2217
2905
2968
2100
621
-918
-2134
-2781
-3015
-2889
-2564
-2123
-1559
-957
-604
-793
-1331
-1882
-1929
-1465
-521
730
1774
2470
2617
2929
3187
3391
3177
2245
1420
908
1476
2021
1294
-1475
-6292
-11559
-16631
-19753
-20269
-18261
-14401
-10409
-5717
-879
4306
8888
11550
12446
10977
9057
7118
6378
6978
7434
7560
5953
4226
2601
921
-1024
-4236
-7571
-11202
-13102
-12300
-8798
-3318
1706
5969
8767
10893
12618
13478
13513
11910
9590
6864
5041
4798
5282
5756
4753
2697
-165
-3048
-5313
-7150
-8153
-9040
-9093
-7675
-4493
242
4674
7784
8738
8167
6839
5445
4442
3410
2336
833
-363
-726
-274
355
-26
-1369
-3772
-6113
-7514
-7524
-6136
-4508
-2879
-1506
163
2171
3870
4897
4362
2876
859
-868
-1311
-833
293
1017
1200
1088
1007
1174
1084
598
-591
-2019
-3227
-3603
-2876
-1686
-488
-36
-168
-478
-812
-1125
-1506
-1748
-1762
-1250
-108
1580
3218
3964
3652
2630
1510
793
580
634
515
341
520
1285
1867
942
-2290
-7709
-13908
-19046
-21101
-19673
-15655
-10573
-5586
-574
4224
8761
12184
13432
12332
9247
6022
3876
3734
5028
6086
6065
4273
2000
-245
-2373
-4414
-7305
-10397
-12772
-12641
-9069
-3008
3970
9463
12764
13802
13755
13540
12814
11504
8910
5906
3303
2166
2707
3649
3985
2348
-739
-4218
-6978
-8182
-8344
-7664
-6737
-5080
-2126
1953
6547
9757
10892
9684
6995
4186
1974
935
229
-367
-1202
-1958
-2031
-1801
-1542
-2320
-3915
-5854
-7252
-7106
-5400
-2460
312
2257
3099
3410
3584
3383
2755
1262
-504
-2155
-2712
-1909
-331
1514
2515
2694
2078
1200
513
-116
-731
-1638
-2428
-2829
-2479
-1288
7
662
363
-666
-1599
-2007
-1733
-1088
-271
416
1151
1891
2448
2722
2238
1142
-67
-658
-412
26
328
505
712
1330
2291
3121
2155
-1562
-7946
-15072
-20034
-21337
-18691
-14054
-8919
-4043
396
4925
8975
12178
12965
10976
7320
3835
2679
3670
5997
7648
7197
4850
1474
-1214
-3274
-5185
-7790
-10943
-12745
-11743
-6979
161
7410
12465
14116
13446
11912
10871
10270
9144
7269
4628
2707
2188
3199
4583
4495
2316
-1946
-6189
-8932
-9437
-8139
-6322
-4133
-1974
1022
4642
8119
10441
10167
7884
4312
1315
-68
-70
462
325
-548
-1899
-2919
-3292
-3464
-3836
-5137
-6440
-6827
-5643
-2860
294
3053
4070
3600
2433
1346
929
334
-364
-1335
-1984
-1594
-265
1802
3192
3396
2249
495
-841
-1263
-852
-486
-401
-860
-1247
-1286
-936
-497
-513
-1049
-1946
-2396
-2015
-824
658
1668
2189
2255
2252
2418
2385
1835
618
-897
-1932
-2072
-1383
-205
864
1752
2144
2680
3077
2371
-539
-6474
-13423
-19379
-21640
-19732
-14958
-8900
-3657
900
4520
7783
10458
11305
10215
6932
3898
2449
3530
6419
8803
9548
7101
3004
-1483
-4950
-7124
-9185
-10739
-11705
-10285
-5922
535
7520
12338
14243
13053
10641
8674
7708
7655
7246
6319
5094
4270
4354
4429
3822
1322
-2805
-7064
-10042
-10182
-8287
-5185
-2015
556
2868
4901
7028
8453
8435
6656
3596
1047
-206
350
1518
2162
1579
-371
-2571
-4555
-5549
-6126
-6459
-6675
-6308
-4703
-2090
1104
3402
4368
3539
1877
324
-441
-116
385
769
589
432
583
1069
1481
1355
583
-768
-1742
-1883
-932
412
1415
1569
935
-100
-1047
-1623
-1926
-2098
-2267
-2095
-1327
72
1769
3019
3402
2733
1534
390
-275
-316
-334
-282
-611
-713
-359
20
707
876
1184
1596
2082
2916
2314
-272
-6019
-13287
-19249
-21600
-18919
-13893
-7875
-2973
863
4263
6767
9391
10217
9356
6682
3814
3379
4954
8520
10903
10764
7591
1961
-3158
-7243
-9037
-10095
-11037
-10907
-9199
-4197
2205
8625
12756
13228
11284
8167
6606
6898
8131
9029
8540
7476
6116
5230
4357
2690
-325
-4772
-8727
-10820
-9937
-6879
-3091
22
1775
2777
3544
4646
5690
5999
5241
3553
2164
1884
2629
3591
3501
2011
-788
-3853
-6145
-7125
-7074
-6541
-5816
-4752
-3169
-1113
983
2342
2593
1690
406
-475
-459
514
1447
1988
1810
1340
1134
1012
1134
815
206
-600
-1085
-870
-76
898
1243
876
-360
-1581
-2565
-2810
-2365
-1768
-1054
-518
189
871
1578
1992
1816
1327
661
519
751
1013
1110
469
-309
-875
-985
-623
-224
123
424
860
1819
2974
2991
403
-5759
-13499
-19794
-21612
-18489
-12829
-6616
-1795
1794
4475
6592
8548
8982
7716
4866
2522
2749
5486
9914
12746
12483
8392
1897
-4176
-8347
-9715
-10091
-10027
-9325
-6937
-2200
3517
9002
11807
11198
8177
4882
4006
5374
8248
10586
11262
10636
8672
6660
4330
1582
-2288
-6879
-10431
-11634
-9577
-5774
-1410
1700
2911
2914
2250
2225
2737
3346
3634
3537
3779
4392
5228
5577
4627
2170
-1620
-5282
-7542
-8089
-7250
-5911
-4496
-3371
-2208
-1127
-219
526
428
-4
-709
-620
506
2207
3745
4168
3652
2206
744
-451
-1035
-1173
-1275
-1063
-770
46
943
1582
1563
573
-845
-2320
-3190
-2973
-2015
-698
293
773
932
781
589
260
-92
-246
-109
703
1672
2465
2393
1339
-121
-1320
-1558
-1056
-22
766
1314
1554
2115
2414
1142
-3036
-10363
-17261
-21478
-20240
-15144
-8593
-2232
1428
3954
4927
5982
6987
6511
5551
3536
3639
5725
9454
13179
13657
10899
4045
-3292
-8819
-11217
-10411
-8964
-6854
-4833
-2078
1755
5348
8257
8288
6300
3517
2306
4247
7766
11839
13669
13171
10414
6529
3326
374
-2058
-5041
-7564
-8681
-7825
-4985
-1886
764
1333
436
-999
-1505
-243
1779
3977
5243
5854
6079
6107
5927
4915
2832
-492
-3953
-6422
-6948
-5850
-4284
-3062
-3040
-3294
-3499
-2947
-1836
-1020
-362
-271
226
1241
2695
4127
4581
3960
2198
392
-734
-805
-205
487
839
518
94
-217
-216
-119
-360
-921
-1712
-2178
-1969
-1262
-354
232
206
-82
-464
-441
-66
363
907
1222
1435
1716
1743
1665
850
-94
-762
-1105
-503
-122
587
1004
1234
2012
2178
1287
-2596
-9411
-16329
-20973
-20324
-15591
-8990
-2724
858
2666
2944
3386
4294
4739
4782
4288
5015
7437
10942
14067
14289
10982
4253
-3207
-8582
-10464
-8974
-6543
-4275
-2782
-1486
287
2086
3744
3872
2683
1279
1384
4329
8723
13129
15052
14031
10561
6064
2563
76
-1319
-2797
-4149
-4919
-4636
-3258
-1851
-1060
-1704
-3282
-4664
-4572
-2357
1142
4534
6734
7247
6758
5717
4626
3505
2098
465
-1432
-2768
-3117
-2617
-2098
-2332
-3320
-4731
-5698
-5725
-4543
-2556
-767
466
1110
1656
2309
2747
2818
2324
1462
760
628
1145
2027
2512
2239
1217
45
-834
-1162
-1138
-1052
-1109
-1469
-1753
-1861
-1520
-1131
-811
-813
-976
-994
-776
-92
823
1765
2165
2042
1760
1488
1504
1144
671
236
7
243
400
642
893
964
1132
901
-688
-4289
-10616
-16707
-20565
-19743
-14519
-8144
-1968
879
1862
1549
1329
2584
3559
5024
5749
7058
9505
11976
14104
12979
9084
2619
-3988
-7875
-8659
-6137
-3270
-1247
-824
-1372
-1424
-1128
-196
397
540
1101
2705
6237
10528
13968
14974
12907
9033
4645
1746
538
441
447
-414
-1491
-2601
-2952
-3008
-3418
-4273
-5571
-5990
-4929
-1985
1938
5056
6563
6103
4645
3253
2427
2463
2609
2412
1702
560
-229
-832
-1487
-2546
-4115
-5534
-6310
-5795
-4101
-2010
-410
201
92
-258
-175
511
1303
1971
2087
1991
2041
2348
2856
2940
2343
1049
-350
-1197
-1149
-632
-165
-293
-1057
-1994
-2648
-2604
-2098
-1497
-1069
-904
-928
-772
-235
532
1216
1513
1363
1171
1038
1230
1556
1683
1697
1193
584
60
-336
98
663
1392
1333
-833
-4886
-11298
-16863
-20013
-18917
-13826
-8193
-2820
-607
130
5
-173
1071
2101
4017
5745
8153
11199
13497
14551
12451
7938
1986
-3168
-5512
-5126
-2728
-538
98
-716
-2474
-3757
-4103
-3728
-2685
-1646
236
3041
6712
10620
12785
12859
10417
7128
4490
3395
3957
4804
5036
3795
1544
-945
-2990
-4351
-5390
-6245
-6630
-6230
-4372
-1812
917
2554
2577
1664
543
618
1707
3566
4908
5255
4433
2871
1523
236
-692
-2007
-3443
-4354
-4540
-3482
-2281
-1297
-1409
-2406
-3429
-3807
-2740
-1082
942
2089
2486
2313
2141
2322
2431
2425
1946
1486
1192
1472
2027
2274
1600
40
-1858
-3295
-3665
-3100
-2111
-1343
-1122
-1394
-1792
-1852
-1513
-885
-279
241
788
1326
1903
2399
2634
2582
2355
1821
1334
580
269
568
1255
1823
371
-3390
-9763
-16288
-20148
-19499
-14280
-8219
-3170
-1449
-1963
-2937
-3388
-1677
745
3648
6288
8796
11600
13906
14811
13123
8824
3147
-1457
-3214
-1858
1023
3035
2579
-306
-4152
-7135
-7944
-6941
-4843
-2629
-530
2035
4878
7904
9814
9878
8274
6054
5138
5913
8202
10132
10281
8077
4075
167
-2805
-4108
-4492
-4777
-5014
-5256
-4688
-3551
-2375
-1818
-2246
-2978
-3189
-1754
872
3963
6026
6211
5057
3069
1873
1384
1474
1311
459
-558
-1555
-1744
-1809
-1940
-2662
-3947
-4717
-4748
-3521
-1763
-272
406
119
-440
-552
136
1357
2523
3011
3025
2713
2613
2856
2947
2601
1505
134
-978
-1370
-1184
-861
-921
-1568
-2476
-3241
-3443
-3173
-2650
-1958
-1290
-748
168
1157
2319
2894
2601
2020
1152
1066
1367
2069
2950
3376
2700
-469
-6145
-13125
-18371
-19715
-16524
-10903
-6026
-3533
-4340
-6233
-7455
-6605
-3483
454
4587
8005
10956
13083
14051
13108
10253
6460
3013
1823
2887
5239
6749
5776
2177
-2777
-7006
-8980
-8296
-6120
-3604
-1824
-722
277
1353
2632
3477
3870
4256
5262
7319
9957
11858
12032
10122
6895
3639
1480
764
832
728
-294
-1926
-3641
-4884
-5364
-5487
-5318
-5215
-4772
-3805
-2397
-545
666
1357
1221
999
1453
2491
3910
4711
4387
3187
1706
494
45
-98
-237
-682
-1464
-2159
-2605
-2755
-2844
-3093
-3510
-3543
-3037
-1833
-305
814
1409
1213
995
1159
1930
3129
3962
4140
3509
2416
1336
457
9
-228
-461
-697
-969
-1253
-1674
-2218
-2981
-3629
-4000
-3358
-1890
-351
810
1199
1043
733
512
963
2113
3217
4168
4094
2031
-2439
-9127
-15150
-18119
-16851
-12043
-7244
-4427
-5294
-8514
-11155
-11378
-8201
-3253
1896
5939
8619
10213
10947
11017
9929
8199
6439
6014
7260
9184
10333
9036
5387
271
-4093
-6174
-5688
-3635
-1955
-1443
-2329
-3480
-3874
-3217
-1589
171
1963
3692
5579
7460
8956
9403
8598
7115
5752
5371
5697
6251
6013
4313
1696
-1130
-3007
-3818
-3818
-3600
-3684
-4186
-4891
-5202
-5067
-4382
-3763
-3043
-2164
-886
771
2162
3054
3119
2560
1904
1765
2131
2928
3273
2955
2074
545
-600
-1456
-1764
-1810
-1995
-2199
-2469
-2566
-2585
-2520
-2509
-2377
-1977
-1096
300
1637
2575
2728
2243
1533
1111
1345
1904
2590
2800
2409
1542
597
-224
-800
-1463
-1893
-2037
-1981
-1518
-1248
-1183
-1549
-2129
-2270
-1423
-129
1716
3028
3924
3709
777
-4158
-10795
-15726
-16967
-13853
-8122
-3907
-3130
-6599
-11152
-14022
-13088
-8260
-2286
3166
6115
7176
7205
6930
6903
6779
7089
7525
8847
10529
11600
11176
8151
3850
-299
-2576
-2252
-331
1516
1513
-532
-3730
-6137
-6543
-5039
-2281
256
2019
3020
3543
4078
4580
4954
5331
5907
6824
7843
8517
8063
6423
3936
1500
49
-262
178
357
-199
-1798
-3780
-5370
-5891
-5471
-4777
-4059
-3648
-2985
-2273
-1448
-763
-456
-235
3
769
1910
3132
3752
3542
2681
1639
987
801
1250
1502
1334
535
-694
-1547
-2240
-2446
-2532
-2557
-2413
-2184
-1674
-1015
-390
-139
-38
-38
200
746
1384
1929
2129
2033
1767
1603
1567
1649
1441
842
38
-583
-744
-767
-679
-700
-885
-1190
-1531
-1627
-1172
-316
738
1726
1215
-1374
-6338
-12177
-15636
-15816
-11704
-6723
-4069
-4911
-9196
-12651
-13602
-10517
-5076
185
3758
4762
4865
4554
5258
6245
7281
8484
9294
10688
11457
11342
9645
6430
3135
789
519
1574
2860
2646
488
-2793
-5797
-6783
-5814
-3414
-1023
299
694
452
625
1374
2716
4251
5734
7062
7890
8465
8009
6950
5426
4001
3421
3196
3326
2820
1638
-359
-2438
-4033
-4818
-4811
-4775
-4330
-4382
-4256
-4222
-4167
-3590
-3196
-2233
-1308
-131
924
1557
2088
2135
2391
2383
2616
2701
2669
2492
1907
1547
920
496
-65
-637
-1073
-1682
-2147
-2471
-2460
-2279
-1958
-1543
-1125
-808
-818
-759
-602
-114
556
1161
1668
1838
1939
1931
1986
1889
1524
1241
932
733
383
29
-400
-637
-669
-465
14
83
64
-300
-392
-1394
-3419
-7404
-12148
-15001
-15392
-11363
-7274
-5158
-6655
-11274
-13995
-13901
-9264
-3107
1878
4043
3335
2489
2296
4418
6921
9210
10605
10605
11014
10804
10592
9487
7244
5024
3218
3107
3500
3809
2423
-529
-3637
-6029
-5929
-4518
-2545
-1417
-1861
-2648
-3045
-1886
184
2506
4228
5102
5843
6336
7204
7583
7508
6908
5980
5671
5428
5295
4427
2642
465
-1615
-2751
-3205
-3200
-3396
-4222
-5161
-6046
-6090
-5453
-4573
-3770
-3381
-3075
-2506
-1328
27
1249
1836
1982
2166
2494
3206
3649
3680
3240
2459
1944
1717
1630
1329
406
-747
-1850
-2356
-2253
-1863
-1588
-1664
-2051
-2468
-2531
-2233
-1646
-953
-451
42
386
715
1116
1513
2019
2347
2452
2388
2116
1731
1128
790
660
817
1082
886
857
383
255
80
-933
-3093
-7607
-12180
-15158
-14796
-10813
-7038
-5565
-8092
-12717
-15713
-14883
-9842
-3491
1268
2610
1511
304
611
3169
6393
9113
10528
10695
10711
10667
10670
10029
8752
7196
6073
5877
5840
5188
3047
-77
-2885
-4442
-4126
-2955
-2084
-2352
-3948
-5498
-5836
-4335
-1646
844
2414
2839
2970
3391
4463
6017
7149
7791
7708
7461
7210
6764
6060
4710
3160
1587
422
-286
-1049
-1991
-3489
-5006
-6075
-6366
-5908
-5270
-4910
-5026
-5249
-5082
-4065
-2548
-771
502
1056
1318
1501
2223
3121
3928
4227
4013
3591
3147
2893
2666
2235
1453
529
-293
-803
-998
-1258
-1663
-2181
-2626
-2771
-2678
-2384
-2249
-2318
-2410
-2240
-1525
-598
459
1106
1431
1608
1525
1647
1780
2123
2613
3060
3273
3084
2438
1850
1649
1740
1304
-949
-5121
-10180
-13632
-13933
-11235
-7470
-6181
-8205
-12780
-16328
-15889
-11796
-5729
-1403
37
-918
-2063
-1178
1620
5580
8412
9670
9691
9537
10035
10500
10836
10309
9340
8566
8111
7967
7044
5019
2045
-643
-1999
-2075
-1404
-1485
-2667
-4731
-6608
-7007
-5826
-3728
-2013
-1110
-933
-693
307
1970
3894
5385
6264
6658
6949
7467
7719
7691
7153
6240
5320
4315
3313
1866
234
-1486
-2913
-3727
-4265
-4740
-5324
-6074
-6701
-7007
-6853
-5963
-4848
-3779
-2961
-2356
-1581
-622
627
1923
2880
3497
3686
3789
3936
4141
4239
4064
3793
3199
2521
1734
927
162
-488
-1017
-1432
-1715
-2151
-2618
-3035
-3328
-3377
-3220
-2946
-2531
-2153
-1677
-1153
-529
209
774
1337
1673
2132
2413
2984
3267
3553
3755
3577
3737
3728
2568
-606
-5586
-10155
-11721
-10563
-7401
-5288
-6300
-9930
-14915
-16927
-14756
-9675
-4340
-2130
-2658
-4670
-5414
-3330
777
5402
8017
8679
8073
7779
8631
9657
10801
10939
10559
10073
9469
9055
7860
6034
3726
1985
1318
1198
892
-540
-2679
-5025
-6440
-6149
-4737
-3230
-2756
-3380
-4109
-4023
-2618
-374
1798
3218
3808
3918
4307
5194
6318
7261
7524
7178
6515
5759
5017
4170
3030
1799
447
-620
-1617
-2687
-3747
-4960
-5773
-6124
-5938
-5551
-5303
-5210
-5261
-4958
-4090
-2700
-1218
-32
722
1101
1533
2079
2909
3800
4302
4468
4192
3850
3487
3199
2859
2457
1929
1158
418
-313
-890
-1412
-1954
-2333
-2788
-3100
-3352
-3407
-3187
-2910
-2608
-2315
-1982
-1300
-536
218
894
1233
1967
2200
2688
3285
3953
4708
3255
-410
-5442
-9130
-9280
-6917
-3907
-3323
-6275
-11213
-15468
-15578
-12007
-6937
-3445
-3327
-5334
-7366
-6995
-3833
703
4533
6135
5985
5425
5737
7219
9002
10413
10802
10431
9849
9345
8890
8036
6804
5398
4487
4023
3702
2817
1058
-1121
-3104
-3952
-3625
-2775
-2373
-2917
-3997
-4764
-4414
-3085
-1277
168
798
758
724
1360
2753
4514
5770
6140
5719
5102
4591
4459
4547
4391
3826
2673
1289
235
-552
-1195
-1802
-2650
-3486
-4294
-4808
-4871
-4672
-4509
-4464
-4368
-4008
-3385
-2589
-1861
-1188
-592
72
868
1703
2525
3055
3174
3112
3101
3280
3490
3551
3269
2598
1862
1286
995
778
328
-442
-1266
-1942
-2214
-2333
-2399
-2457
-2603
-2560
-2593
-2357
-2092
-1389
-689
-113
144
215
918
1933
3140
2742
162
-4337
-8216
-9075
-6649
-2850
-1205
-3606
-8951
-13995
-15155
-11897
-6470
-2405
-2097
-4909
-7991
-8410
-5240
-214
4087
5645
4787
3340
3186
4959
7707
9918
10632
9966
8931
8274
8155
8121
7648
6694
5695
4853
4200
3402
2043
504
-883
-1543
-1433
-1157
-1351
-2293
-3560
-4275
-3958
-2629
-1042
-124
-61
-657
-961
-301
1233
3041
4219
4426
3922
3359
3304
3908
4637
4800
4059
2654
1482
847
609
338
-288
-1121
-2030
-2835
-3287
-3502
-3755
-4051
-4280
-4106
-3585
-2996
-2523
-2277
-2112
-1732
-1043
-23
926
1470
1573
1583
1824
2437
3114
3416
3308
2864
2338
1928
1762
1796
1570
1047
388
-220
-456
-646
-978
-1593
-2303
-2560
-2462
-1834
-1300
-924
-1035
-1352
-1363
-939
400
1437
2172
1348
-1139
-5551
-9534
-10158
-6967
-1995
-307
-3047
-9048
-14213
-14941
-11085
-4919
-897
-1264
-5092
-8832
-9156
-5447
20
4210
5448
4084
2261
2001
4144
7418
9963
10557
9616
8509
7782
7804
7952
7857
7309
6390
5548
4831
3827
2269
469
-825
-1128
-912
-712
-1226
-2366
-3656
-4266
-3777
-2334
-1011
-499
-978
-1486
-1260
-223
1330
2751
3554
3532
3073
2742
3075
3839
4463
4587
4186
3311
2362
1569
1087
840
391
-103
-734
-1428
-2131
-2879
-3392
-3605
-3505
-3299
-3233
-3265
-3426
-3352
-2991
-2211
-1285
-568
-72
211
509
903
1335
1991
2498
2822
2811
2533
2364
2269
2293
2237
2024
1395
632
-44
-480
-496
-440
-622
-990
-1492
-1915
-2189
-2206
-1947
-1453
-883
-628
-496
-244
272
1090
1123
-478
-4694
-9026
-10375
-7383
-2336
-111
-2574
-8584
-13801
-14756
-10703
-4388
-272
-900
-5262
-9227
-9314
-5166
582
4520
5065
2868
569
483
3353
7315
10079
10422
8935
7503
6928
7631
8566
8885
8090
6688
5483
4876
4462
3443
2023
617
-110
-246
-402
-972
-2183
-3547
-4305
-3791
-2342
-1126
-1078
-1996
-2735
-2484
-980
948
2492
2819
2217
1581
1792
2776
3915
4558
4328
3774
3098
2615
2449
2357
2016
1305
427
-373
-769
-1121
-1506
-2008
-2621
-3055
-3285
-3254
-3174
-3184
-3352
-3387
-2990
-2263
-1556
-1104
-850
-694
-270
442
1372
2251
2624
2572
2266
2066
2146
2378
2599
2529
2098
1475
875
630
446
228
-176
-705
-1247
-1643
-1799
-1604
-1386
-1306
-1426
-1240
-815
-277
-64
166
-90
-2002
-5712
-9380
-9557
-6436
-2182
-1233
-4397
-9761
-13834
-13598
-9219
-3481
-530
-2198
-6582
-9618
-8556
-4027
1396
4639
4649
2242
246
791
4053
7934
10112
9911
8191
6827
6642
7742
9029
9390
8493
6803
5509
4917
4573
3803
2616
1484
720
226
-362
-1070
-1973
-2956
-3475
-3251
-2472
-1984
-2175
-2694
-2904
-2385
-1225
290
1466
1885
1534
1042
1316
2475
3767
4493
4239
3410
2507
2156
2403
3078
3137
2306
1052
-135
-533
-554
-519
-869
-1569
-2430
-2958
-2947
-2803
-2716
-2911
-3043
-3051
-2655
-2107
-1626
-1344
-1274
-976
-487
262
1091
1623
1833
1778
1746
1926
2301
2672
2721
2334
1663
1146
868
856
914
707
82
-565
-1165
-1259
-1025
-1009
-1004
-1490
-1406
-1292
-581
-49
613
337
-1797
-5754
-9643
-9824
-6374
-1639
-376
-3614
-9576
-14114
-13963
-9259
-2990
121
-1752
-6607
-10169
-9219
-4409
1350
4626
4170
1322
-933
-202
3547
7973
10273
9872
7832
6238
6130
7507
9249
9868
8939
7075
5663
5059
4878
4406
3507
2435
1560
817
99
-679
-1631
-2615
-3178
-3052
-2381
-1958
-2218
-3046
-3581
-3199
-1899
-284
752
929
401
31
460
1682
3037
3814
3700
3157
2526
2353
2665
3078
3232
2591
1605
665
297
351
373
3
-832
-1780
-2450
-2642
-2502
-2272
-2400
-2693
-2952
-2860
-2517
-2079
-1712
-1408
-1160
-892
-486
33
556
900
1111
1222
1474
1828
2163
2262
2079
1814
1605
1562
1581
1589
1339
666
-131
-692
-618
-357
-160
-477
-829
-1271
-1200
-1134
-846
-686
-68
-326
-2705
-7228
-10578
-9586
-4991
-779
-1081
-5529
-11371
-14365
-12456
-6628
-1087
0
-3670
-8669
-10416
-7484
-1746
3258
4911
3002
-322
-1679
529
5183
9147
10255
8722
6510
5429
6368
8421
10052
10069
8390
6427
5327
5236
5340
4865
3815
2599
1546
708
55
-533
-1276
-2126
-2668
-2625
-2340
-2352
-2798
-3321
-3436
-2932
-1962
-792
-105
-100
-454
-452
339
1557
2609
3008
2820
2343
2126
2340
3057
3535
3289
2358
1345
930
919
1137
1031
461
-490
-1496
-1962
-1992
-1801
-1849
-2185
-2595
-2806
-2741
-2466
-2043
-1715
-1543
-1375
-1097
-613
-101
217
416
567
826
1176
1611
1867
1861
1597
1333
1382
1671
1885
1662
1088
467
91
63
202
284
117
-302
-584
-757
-500
-157
142
376
-519
-2815
-6848
-9568
-9126
-5437
-1910
-1985
-5879
-11262
-14060
-12606
-7459
-2429
-910
-3791
-8290
-10261
-8041
-2810
2026
4065
2719
-161
-1545
208
4479
8456
9941
8769
6627
5504
6182
8276
10116
10488
9229
7238
5905
5524
5719
5557
4824
3647
2471
1395
541
-175
-939
-1697
-2181
-2176
-2075
-2277
-3025
-3709
-3924
-3426
-2334
-1195
-578
-861
-1523
-1675
-826
815
2068
2651
2276
1698
1437
1926
3020
3655
3671
2645
1703
1194
1363
1825
1815
1329
229
-789
-1331
-1347
-1044
-1146
-1580
-2262
-2609
-2666
-2502
-2161
-2099
-2042
-2097
-1736
-1190
-671
-333
-229
-78
193
692
1246
1617
1612
1383
1195
1309
1488
1717
1726
1442
1019
484
314
321
419
488
371
229
-106
-384
-436
-190
207
663
52
-2261
-6384
-9419
-9130
-5572
-1895
-1705
-5326
-10625
-13881
-12958
-8277
-3084
-1190
-3506
-7814
-10172
-8489
-3673
1321
3776
2744
-77
-1809
-491
3602
7718
9690
8929
6822
5425
5782
7667
9744
10555
9601
7744
6251
5706
5745
5755
5290
4357
3096
1879
955
269
-375
-1052
-1530
-1727
-1839
-2267
-2939
-3579
-3710
-3278
-2370
-1616
-1280
-1536
-1940
-1746
-810
450
1364
1600
1347
1185
1404
2000
2695
3032
2835
2236
1807
1737
1894
1981
1737
1163
404
-181
-508
-487
-640
-944
-1388
-1840
-2053
-2164
-2085
-2055
-2034
-2060
-1956
-1754
-1397
-1066
-828
-572
-357
-4
322
722
972
1053
1100
1145
1420
1629
1600
1351
1025
765
819
922
1031
858
388
19
-165
151
402
636
431
264
351
-446
-2499
-6237
-8539
-8319
-5123
-2377
-2628
-6164
-11023
-13600
-12345
-7823
-3307
-2012
-4527
-8584
-10395
-8356
-3392
1401
3380
2144
-607
-1944
-209
3954
8016
9663
8603
6457
5205
5958
8234
10338
10888
9649
7589
6222
5917
6328
6466
5818
4570
3001
1764
1037
682
166
-582
-1364
-1822
-2084
-2361
-2860
-3275
-3392
-3191
-2698
-2165
-1838
-1801
-1893
-1683
-945
-173
539
995
1163
1322
1432
1746
2053
2237
2356
2230
2249
2110
2049
1764
1410
1010
551
361
60
-141
-506
-921
-1300
-1569
-1657
-1732
-1783
-1865
-1936
-1965
-1873
-1631
-1314
-1103
-1040
-915
-705
-333
130
427
682
739
782
928
1146
1394
1392
1271
1047
940
874
954
896
890
795
601
437
142
26
45
312
670
1103
423
-1909
-5970
-8867
-8545
-4889
-1423
-1376
-5186
-10381
-13714
-12837
-8322
-3183
-1168
-3552
-7995
-10664
-9189
-4484
623
3256
2486
-321
-2257
-1211
2714
7052
9284
8745
6616
5210
5568
7556
9673
10601
9753
7921
6493
6206
6488
6542
5802
4650
3372
2325
1762
1313
740
-365
-1467
-1848
-1793
-1609
-2066
-2821
-3468
-3726
-3164
-2353
-1470
-1339
-1755
-2276
-2163
-1062
291
1404
1609
1230
630
538
1201
2245
2990
2792
1978
1270
1043
1396
1726
1695
1103
268
-364
-656
-541
-472
-642
-1030
-1501
-1812
-1889
-1752
-1563
-1525
-1649
-1684
-1531
-1237
-960
-785
-618
-464
-215
99
376
598
662
634
782
966
1247
1304
1174
932
761
783
961
1118
1088
720
135
-197
35
561
955
1054
914
539
-852
-3615
-6807
-8079
-6593
-3614
-2057
-3485
-7258
-11220
-12901
-11206
-6979
-3395
-2817
-5361
-8594
-9635
-7579
-3446
428
2155
1237
-763
-1588
123
3676
6964
8420
7816
6459
5828
6557
8402
9909
10200
9195
7777
7014
6935
7020
6699
5752
4504
3260
2516
2173
1825
1004
-308
-1341
-1836
-1730
-1566
-1749
-2332
-3221
-3786
-3607
-2687
-1647
-1186
-1468
-2114
-2244
-1621
-387
818
1459
1352
799
468
712
1566
2411
2759
2438
1718
1156
905
1115
1348
1358
936
192
-409
-770
-742
-688
-799
-1162
-1550
-1754
-1736
-1504
-1370
-1353
-1484
-1516
-1321
-961
-653
-453
-394
-300
-192
101
412
748
856
753
610
535
666
890
1088
1181
1141
939
676
479
382
577
745
826
735
624
569
629
-41
-1713
-4378
-6674
-7136
-5646
-3654
-3293
-5219
-8602
-11338
-11823
-9741
-6463
-4169
-4305
-6452
-8536
-8578
-6288
-2750
162
1166
502
-542
-362
1612
4491
6792
7539
7111
6495
6709
7731
9056
9788
9512
8592
7748
7529
7651
7526
6676
5326
3999
3127
2840
2714
2180
969
-509
-1685
-2028
-1713
-1378
-1520
-2283
-3284
-3787
-3534
-2631
-1711
-1442
-1798
-2117
-1995
-1193
-251
550
867
669
439
485
1145
1942
2445
2332
1838
1272
1069
1276
1576
1629
1146
387
-271
-511
-349
-261
-469
-1024
-1601
-1934
-1876
-1513
-1212
-1191
-1502
-1831
-1778
-1457
-897
-478
-278
-317
-430
-316
11
515
806
856
737
614
570
738
889
1009
1082
1042
938
718
436
366
470
573
515
457
384
582
793
298
-1239
-3911
-6176
-6969
-5749
-3834
-2981
-4293
-7405
-10322
-11502
-9970
-7031
-4535
-3987
-5417
-7344
-8084
-6734
-3852
-987
563
508
-115
-140
1176
3315
5311
6444
6582
6465
6714
7568
8578
9071
8829
8161
7729
7762
8039
7899
7061
5681
4229
3328
3141
3212
2976
1985
500
-870
-1653
-1632
-1334
-1102
-1473
-2293
-3074
-3374
-2931
-2249
-1657
-1591
-1780
-1729
-1506
-918
-332
107
221
269
435
876
1350
1559
1571
1384
1210
1165
1259
1345
1308
950
424
-69
-324
-307
-269
-392
-697
-1161
-1560
-1695
-1570
-1304
-1163
-1271
-1429
-1551
-1512
-1183
-788
-435
-355
-403
-392
-231
108
410
633
683
627
503
490
590
780
983
1040
956
749
494
305
290
428
616
718
740
729
655
385
-551
-2255
-4347
-5743
-5768
-4654
-3544
-3678
-5322
-7807
-9585
-9812
-8478
-6416
-5007
-4829
-5769
-6757
-6683
-5288
-3198
-1308
-280
-19
149
759
2043
3547
4771
5469
5799
6230
6954
7891
8554
8611
8198
7626
7411
7610
7932
7794
6941
5538
4105
3225
2999
3144
3029
2230
909
-515
-1372
-1529
-1283
-1126
-1414
-2077
-2674
-2959
-2806
-2308
-1943
-1750
-1798
-1797
-1500
-1097
-529
-186
-36
36
251
717
1167
1445
1410
1165
987
987
1125
1318
1248
857
330
-168
-290
-245
-153
-344
-727
-1212
-1583
-1557
-1351
-1065
-1048
-1343
-1637
-1766
-1516
-1043
-644
-497
-593
-722
-623
-287
190
572
678
561
402
474
652
840
817
624
452
467
685
819
881
597
180
-84
-44
320
651
825
929
814
-105
-1947
-4163
-5633
-5756
-4853
-3776
-3479
-4325
-6248
-8265
-9337
-8906
-7302
-5630
-4574
-4520
-5062
-5587
-5465
-4341
-2665
-1050
28
696
1381
2158
3005
3735
4332
4996
5837
6847
7890
8540
8479
7863
7170
6943
7340
7820
7882
7243
5911
4457
3335
2889
2928
2901
2426
1386
256
-623
-1049
-1157
-1263
-1514
-1963
-2338
-2409
-2213
-1898
-1785
-1855
-2042
-2013
-1684
-1108
-523
-159
-115
-161
-102
222
716
1058
1189
1009
854
751
825
950
896
707
269
-12
-183
-194
-216
-489
-809
-1134
-1247
-1198
-1095
-1133
-1312
-1487
-1560
-1413
-1178
-866
-693
-687
-773
-735
-490
-101
302
485
574
433
478
508
618
710
687
684
516
466
428
480
511
421
316
142
104
131
207
295
387
578
483
-202
-1802
-3697
-5089
-5393
-4620
-3746
-3453
-4227
-5829
-7403
-8158
-7746
-6658
-5562
-4934
-4877
-4903
-4868
-4373
-3455
-2459
-1546
-822
-4
1039
2256
3318
4014
4343
4526
5018
5908
7050
8024
8354
8052
7374
6806
6653
6866
7029
6863
6134
5044
4028
3271
2800
2485
2008
1342
614
-57
-401
-639
-905
-1375
-1939
-2258
-2289
-1946
-1626
-1524
-1697
-2020
-2080
-1840
-1271
-682
-278
-84
-143
-133
-24
299
600
766
834
735
688
636
644
546
348
59
-236
-369
-426
-408
-423
-656
-965
-1269
-1440
-1365
-1201
-1071
-1006
-1114
-1244
-1266
-1157
-914
-674
-466
-326
-242
-129
57
206
309
330
367
444
542
653
698
631
463
246
125
211
254
296
210
117
35
-4
16
88
145
234
420
535
231
-816
-2368
-3790
-4487
-4469
-4028
-3676
-3765
-4447
-5506
-6403
-6771
-6548
-6007
-5378
-4897
-4564
-4241
-3855
-3296
-2649
-2119
-1622
-950
33
1368
2652
3603
4149
4402
4635
5033
5760
6591
7277
7552
7429
7150
6875
6681
6529
6295
5860
5242
4544
3923
3452
3002
2428
1670
907
326
-60
-247
-442
-676
-1118
-1649
-1986
-2081
-1895
-1723
-1716
-1759
-1817
-1607
-1310
-959
-622
-514
-487
-515
-354
-24
321
557
560
451
298
193
240
317
309
77
-244
-434
-505
-404
-396
-516
-775
-1116
-1283
-1320
-1153
-976
-891
-923
-942
-889
-770
-675
-603
-570
-524
-410
-246
-14
141
252
293
246
248
299
382
347
285
179
165
242
309
361
294
193
1
-228
-356
-337
-152
-14
-76
-192
-336
-208
83
137
-336
-1481
-2742
-3648
-3908
-3696
-3415
-3301
-3538
-4140
-4816
-5317
-5415
-5164
-4843
-4561
-4312
-3936
-3442
-2835
-2241
-1775
-1438
-1098
-458
532
1734
2750
3478
3845
4099
4371
4781
5344
5898
6334
6447
6441
6406
6421
6402
6124
5571
4876
4208
3709
3435
3176
2868
2323
1616
949
379
38
-253
-571
-897
-1221
-1371
-1380
-1355
-1366
-1517
-1715
-1780
-1680
-1393
-1043
-804
-660
-679
-642
-554
-361
-91
78
138
93
33
-53
-17
-24
-67
-120
-249
-333
-418
-477
-552
-655
-762
-809
-846
-892
-910
-941
-894
-801
-708
-656
-685
-719
-794
-823
-693
-384
-10
272
345
194
-38
-192
-45
170
378
415
351
241
117
74
-29
-133
-290
-405
-483
-581
-614
-590
-586
-561
-606
-615
-614
-613
-583
-515
-288
-26
124
-62
-639
-1380
-1976
-2460
-2729
-2916
-2968
-2894
-2857
-2892
-3087
-3312
-3544
-3722
-3768
-3669
-3397
-2948
-2384
-1777
-1304
-945
-645
-315
218
802
1472
2090
2657
3201
3745
4312
4763
5033
5169
5200
5214
5242
5307
5305
5213
4984
4603
4180
3709
3234
2826
2405
1977
1545
1118
843
534
192
-222
-616
-848
-975
-1043
-1089
-1146
-1240
-1346
-1339
-1209
-1084
-989
-918
-951
-865
-765
-558
-364
-230
-169
-176
-243
-329
-321
-260
-167
-128
-180
-273
-382
-439
-454
-392
-418
-547
-638
-656
-598
-547
-553
-620
-646
-670
-656
-574
-451
-344
-296
-383
-390
-313
-157
72
82
-8
-185
-370
-388
-276
-91
6
-83
-330
-522
-633
-712
-782
-763
-669
-539
-503
-560
-621
-682
-780
-878
-880
-855
-705
-492
-325
-219
-139
-79
99
184
71
-400
-1005
-1409
-1661
-1728
-1783
-1744
-1851
-2026
-2217
-2320
-2282
-2315
-2316
-2354
-2301
-2078
-1788
-1426
-1080
-816
-574
-376
-29
446
1003
1467
1869
2183
2510
2858
3208
3543
3738
3832
3857
3936
4016
4103
4092
3931
3588
3109
2683
2418
2301
2203
1989
1655
1217
883
589
317
91
-162
-369
-587
-651
-664
-582
-554
-610
-738
-867
-832
-690
-475
-352
-229
-238
-314
-350
-308
-125
39
47
67
28
-94
-127
-145
-150
-196
-332
-473
-514
-470
-397
-265
-228
-277
-484
-687
-799
-774
-594
-393
-256
-281
-402
-513
-516
-459
-427
-569
-657
-611
-547
-416
-352
-338
-487
-676
-885
-921
-770
-599
-462
-450
-566
-739
-849
-854
-785
-774
-739
-663
-530
-423
-413
-486
-552
-541
-457
-302
-149
-88
-34
65
144
260
394
352
131
-297
-662
-817
-918
-1021
-1149
-1272
-1363
-1430
-1377
-1291
-1265
-1341
-1464
-1556
-1630
-1480
-1269
-1006
-744
-562
-383
-189
90
460
859
1157
1366
1544
1702
1992
2299
2560
2686
2720
2703
2686
2715
2754
2724
2612
2405
2185
1954
1838
1764
1672
1466
1173
881
644
528
566
609
451
226
17
3
110
162
211
128
-19
-150
-170
-124
-66
13
76
41
-94
-127
-58
32
39
-127
-281
-419
-497
-399
-342
-262
-389
-539
-523
-466
-380
-481
-653
-717
-736
-690
-618
-586
-620
-690
-724
-746
-748
-688
-602
-531
-541
-658
-731
-794
-758
-628
-536
-489
-512
-550
-610
-588
-559
-570
-591
-552
-412
-353
-301
-303
-339
-377
-564
-632
-593
-390
-108
-14
72
36
24
37
26
-73
-349
-461
-461
-189
214
509
754
779
675
326
-148
-583
-834
-888
-884
-833
-815
-810
-866
-845
-769
-746
-810
-1021
-1165
-1154
-1063
-925
-828
-686
-492
-300
-72
83
247
336
428
601
757
1034
1197
1345
1459
1499
1585
1681
1761
1821
1871
1829
1761
1718
1630
1586
1591
1539
1459
1363
1243
1144
1055
1118
1109
1003
762
530
463
432
506
505
448
441
381
259
222
186
207
71
-141
-237
-212
-94
46
54
-109
-347
-559
-652
-681
-598
-604
-671
-736
-818
-879
-859
-859
-731
-620
-566
-535
-501
-498
-532
-625
-734
-782
-711
-584
-534
-490
-428
-388
-404
-504
-595
-631
-646
-544
-473
-396
-333
-285
-177
-149
-136
-143
-150
-135
-268
-386
-393
-179
52
176
146
-10
-177
-231
-170
-78
-74
-31
23
170
299
262
148
17
-38
12
27
132
207
282
381
325
149
-162
-497
-741
-806
-817
-734
-771
-747
-782
-816
-775
-833
-886
-1037
-1132
-1127
-1099
-932
-783
-629
-464
-374
-246
-189
-82
134
265
391
510
669
915
1108
1325
1411
1339
1326
1303
1383
1477
1562
1687
1683
1620
1496
1408
1380
1340
1365
1268
1159
1066
976
955
912
856
717
591
474
371
278
188
100
48
8
-66
-150
-284
-319
-320
-316
-285
-331
-310
-350
-461
-522
-582
-545
-364
-232
-126
-179
-272
-405
-463
-482
-471
-459
-418
-340
-290
-272
-271
-353
-481
-537
-583
-460
-378
-334
-416
-508
-435
-241
-80
-103
-271
-439
-450
-374
-267
-155
-178
-153
-117
-100
-126
-182
-207
-241
-241
-240
-275
-245
-154
-100
-48
-12
-40
-124
-231
-251
-217
-192
-181
-154
-152
-159
-188
-171
-105
-145
-241
-354
-465
-451
-314
-145
-4
-1
-77
-215
-401
-574
-640
-647
-578
-444
-365
-380
-382
-279
-156
-132
-218
-321
-345
-262
-141
-58
-25
-18
34
141
240
336
408
484
635
696
723
768
812
936
1009
1019
1079
1083
1085
1103
1110
1110
1090
1065
1002
908
752
658
577
599
614
555
422
309
223
158
134
11
-82
-160
-151
-35
2
-19
-151
-224
-131
-90
-40
-101
-106
-74
-90
-153
-204
-175
-85
-44
-133
-202
-233
-177
-93
-95
-51
-36
-18
3
-16
-49
-159
-268
-319
-236
-48
78
125
71
-14
-165
-261
-280
-289
-268
-300
-330
-198
-94
-90
-123
-202
-219
-309
-401
-486
-553
-523
-522
-389
-271
-165
-172
-320
-425
-471
-468
-472
-545
-462
-288
-173
-176
-279
-399
-396
-346
-282
-278
-356
-333
-198
49
150
68
-136
-292
-358
-329
-221
-51
140
287
371
264
62
-163
-286
-279
-201
-124
-118
-66
-27
37
82
40
-10
-90
-85
-33
63
110
123
202
253
343
368
362
346
304
351
354
348
315
326
392
448
542
596
614
503
374
317
295
339
358
354
275
217
159
80
127
235
318
327
121
29
58
159
234
155
180
125
107
64
19
119
153
293
464
472
391
214
159
258
318
336
257
203
229
326
409
421
291
140
-7
-11
98
169
239
66
-75
-186
-162
-39
-61
-190
-425
-520
-455
-356
-396
-485
-489
-365
-203
-188
-292
-479
-565
-564
-554
-521
-447
-323
-294
-275
-359
-485
-518
-475
-353
-365
-390
-386
-281
-85
-150
-249
-352
-269
-54
23
22
-80
-174
-193
-223
-224
-232
-175
-74
22
97
67
3
13
17
-45
-145
-225
-153
21
115
147
-60
-200
-201
-55
111
49
-112
-242
-167
93
305
318
148
-17
-55
114
311
376
276
51
-27
17
138
155
-5
-137
-202
-90
31
47
-7
-71
-66
-61
-82
-144
-149
-109
12
102
124
136
167
240
266
197
217
256
363
427
452
420
373
370
388
452
527
558
531
446
379
328
351
399
384
310
249
296
414
472
347
125
23
78
249
385
272
86
-68
-26
106
168
-4
-209
-254
-166
-47
-61
-91
-105
-91
-85
-164
-189
-169
-85
-7
-104
-259
-346
-290
-109
-52
-150
-281
-347
-277
-226
-214
-215
-247
-222
-208
-190
-260
-317
-243
-73
79
49
-122
-293
-305
-256
-206
-209
-173
-59
61
62
-138
-374
-454
-323
-113
11
0
-96
-127
-134
-120
-137
-113
-59
-20
-25
-96
-191
-213
-158
-62
-57
-136
-245
-313
-276
-191
-102
-113
-196
-292
-300
-235
-74
23
22
-30
-72
-40
24
8
-88
-110
-52
75
144
115
35
54
169
208
172
68
86
148
209
237
242
284
338
343
319
263
194
175
209
286
315
308
251
236
184
140
165
215
287
286
256
208
162
195
205
207
129
60
118
231
386
330
272
150
112
182
150
131
59
69
98
69
75
49
91
35
-19
-72
-136
-128
-172
-193
-193
-163
-85
-36
6
37
-39
-114
-234
-281
-240
-94
14
24
-30
-79
-98
-132
-99
-148
-119
-176
-229
-256
-280
-166
-20
135
137
52
25
12
40
25
-25
-86
-89
-9
174
250
167
-23
-215
-302
-317
-252
-159
-109
-71
-77
-101
-117
-173
-270
-401
-472
-328
-168
-74
-99
-156
-109
-99
-160
-273
-289
-180
-49
26
43
-20
-55
15
110
177
56
-87
-97
-8
65
78
24
63
107
124
97
60
16
-20
2
87
188
247
160
68
-1
-6
38
13
9
-5
61
111
120
64
0
-42
38
132
151
80
8
10
83
102
110
25
-41
-14
66
169
184
134
41
-7
-9
36
52
52
51
129
208
225
179
163
182
175
99
4
-36
-3
66
143
251
256
127
-41
-144
-57
44
135
147
61
-18
-102
-48
-33
-27
-88
-85
36
91
77
28
22
-12
-21
-66
-129
-121
-119
-60
18
80
85
-9
-78
-116
-111
-95
-106
-66
13
41
-34
-187
-240
-119
40
13
-115
-265
-211
-54
32
30
-135
-218
-261
-214
-156
-105
-33
33
119
116
97
13
-70
-143
-190
-166
-96
-54
-42
-31
58
119
159
143
101
103
96
47
14
-23
2
14
22
25
-40
-45
-11
17
-14
-100
-114
-75
-70
-39
-43
-35
24
94
150
117
8
-138
-235
-184
-15
97
76
-35
-68
20
82
98
8
-84
-67
8
170
198
171
131
35
-55
-67
-28
68
128
133
104
5
-1
-36
43
51
61
-22
-120
-167
-141
-8
62
129
130
132
122
101
23
-43
-98
-120
-70
3
175
243
319
263
58
-68
-169
-81
-12
72
59
64
69
84
12
-32
57
119
191
56
-118
-262
-282
-197
-181
-138
-121
-62
-55
-60
-15
121
162
37
-111
-238
-177
-71
55
105
164
203
249
233
117
4
-133
-172
-98
-11
81
100
6
-69
-131
-138
-97
-65
-80
-109
-49
30
114
67
14
-8
22
-16
-132
-98
46
258
311
202
113
-33
-113
-189
-198
-79
-24
83
130
139
52
-122
-228
-226
-185
-139
-163
-126
-18
88
192
197
110
5
-135
-229
-296
-283
-185
94
388
444
298
4
-154
-135
-72
-74
-147
-126
60
306
331
178
-39
-68
14
84
104
38
50
63
54
-18
-89
-76
-15
79
97
100
46
-72
-138
-229
-189
-148
-111
-71
-91
-118
-173
-215
-177
-93
77
135
91
-12
-156
-188
-175
-121
-62
23
90
142
143
127
154
142
4
-211
-277
-92
214
298
103
2
257
578
640
355
-4
-189
-171
-12
115
173
170
114
124
122
137
67
-40
-186
-225
-119
3
14
-97
-175
-132
-46
29
0
-48
3
-21
-115
-273
-263
-104
64
32
-66
-97
53
120
-10
-108
-159
46
214
181
169
99
77
25
-69
-103
-122
-21
111
224
214
66
-93
-153
-64
-18
18
-12
-82
-95
-18
82
82
71
23
-18
32
36
28
33
-33
-63
-34
-33
-56
-30
77
140
170
149
26
-128
-229
-143
-9
15
-25
-165
-175
-68
56
47
-93
-147
-134
-49
-15
-99
-167
-115
-10
84
25
-66
-127
-127
-68
31
18
-138
-195
-180
-114
-36
-5
-19
-27
-14
17
47
43
66
88
82
32
32
50
96
128
96
128
123
115
93
23
21
-4
42
112
139
142
96
60
34
64
79
93
-59
-165
-114
30
190
165
65
-56
-145
-150
-123
-5
-45
-93
-59
-49
-29
-140
-105
28
199
327
219
47
-183
-319
-251
-83
101
204
132
33
-41
29
46
-32
-171
-286
-186
-51
47
116
175
227
216
121
-33
-92
-67
-52
86
183
200
115
1
-45
-25
97
147
156
6
-166
-256
-229
-33
100
70
-54
-101
-61
-38
46
7
10
-2
-31
3
-30
-26
-93
-156
-91
67
201
240
225
184
42
-74
-190
-265
-306
-197
34
196
272
143
17
-15
-89
-158
-304
-333
-249
-91
138
230
188
30
-82
-9
77
96
-23
-111
-118
-77
-61
-116
-79
0
140
279
219
47
-176
-261
-94
145
247
209
87
100
187
138
-70
-297
-294
-100
155
267
157
4
-172
-266
-241
-220
-147
-50
26
91
167
190
184
79
-103
-273
-281
-88
68
97
97
148
249
272
212
76
-81
-114
-117
-56
-38
-37
-22
48
43
-42
-57
-13
117
240
246
121
-67
-208
-281
-238
-116
74
231
365
389
272
99
-97
-123
-146
-180
-155
-76
77
162
82
-59
-85
2
134
118
-49
-206
-264
-190
-93
-98
-113
-68
80
143
16
-138
-188
-156
-75
-22
-29
-36
-97
-106
-9
122
175
121
-17
-75
-88
-16
52
30
-18
-39
14
66
86
36
-49
-58
-25
51
160
209
174
36
-113
-176
-68
75
137
126
125
75
10
-32
23
91
82
53
-67
-86
-108
-17
91
108
54
-102
-105
-87
-47
-20
-50
-67
-100
-101
-35
-1
-15
-63
-90
-57
-22
14
0
-91
-141
-89
-31
-10
-8
12
57
66
96
40
-17
-66
-70
59
129
143
27
-40
22
85
102
7
-79
-74
19
91
72
-67
-153
-51
158
256
158
-21
-153
-88
27
88
75
22
34
89
159
112
9
-135
-197
-146
-124
-98
-90
8
172
237
197
123
3
-79
-132
-108
-104
-177
-164
-82
33
105
163
140
66
-99
-211
-157
-56
47
16
-67
-71
-57
7
91
190
266
215
70
-143
-293
-286
-133
51
123
59
28
69
192
277
251
198
106
43
2
-105
-194
-226
-121
79
238
282
167
32
10
-4
-49
-121
-166
-210
-219
-167
-61
84
106
71
41
32
24
24
79
59
-64
-177
-202
-62
83
130
94
101
175
221
139
-16
-146
-198
-270
-303
-238
-130
60
143
151
139
104
21
-160
-310
-368
-297
-95
147
285
249
132
37
62
39
-94
-193
-170
-35
93
108
42
-38
-121
-113
-56
20
77
21
-84
-166
-176
-91
30
120
207
192
167
155
152
141
38
-75
-147
-151
-94
-10
75
112
138
140
117
53
-70
-197
-216
-153
-45
-55
6
149
188
142
28
-12
-81
-219
-338
-246
-55
54
28
-62
-72
-56
16
115
207
227
142
0
-113
-122
-46
62
86
38
-23
-5
131
220
142
-27
-155
-176
-127
-48
38
37
-35
0
141
259
223
64
-88
-122
-116
-136
-149
-99
36
148
212
216
201
151
18
-105
-150
-128
-51
4
60
94
81
138
181
97
-120
-346
-373
-236
-30
153
261
243
93
-110
-228
-196
-89
24
74
86
34
-79
-96
-50
7
-25
-98
-61
-1
16
-45
-73
-59
-30
-38
-117
-227
-280
-251
-115
22
86
87
75
84
77
66
68
82
69
18
-61
-21
131
306
386
292
94
-14
-19
0
-56
-152
-184
-154
-44
75
126
77
-30
-66
-30
37
104
92
12
-56
-59
54
199
239
207
132
73
69
73
26
1
-26
-74
-102
-100
-37
22
-12
-70
-82
-75
-56
-55
-51
-20
43
73
97
92
43
-12
-83
-103
-86
-29
10
28
30
-36
-102
-102
-23
74
87
26
-19
-9
36
64
26
-51
-94
-56
1
-30
-106
-129
-81
-3
23
-4
-8
41
54
19
-44
-56
-37
-15
43
36
-21
-78
-106
-52
19
50
18
-82
-148
-141
-81
-20
18
47
61
57
2
-21
-10
-20
-38
-73
-107
-110
-42
52
89
4
-102
-174
-159
-65
50
165
187
110
-30
-107
-50
79
191
181
90
16
18
65
88
75
12
-63
-107
-98
-76
-101
-112
-16
110
183
176
159
139
75
-68
-190
-179
-61
48
113
166
194
203
154
133
101
40
-39
-133
-116
-55
-3
32
74
124
110
38
-37
-49
-60
-78
-101
-91
-45
-9
33
49
31
4
-23
16
71
93
62
-31
-80
-62
-24
0
0
-65
-150
-186
-157
-105
-94
-89
-95
-71
-37
24
89
107
59
-13
-57
-51
4
47
77
53
32
24
29
15
-13
-17
39
105
130
99
53
30
5
-2
-12
-45
-102
-137
-120
-56
-2
13
17
-8
-54
-95
-120
-103
-48
38
110
149
145
95
23
-38
-82
-91
-61
8
96
152
123
58
-6
-38
-28
-2
-3
-41
-80
-82
-41
12
61
58
23
-60
-137
-174
-158
-120
-74
-4
61
95
91
93
102
91
44
-14
-54
-55
-29
-13
4
9
47
115
165
154
40
-105
-209
-241
-230
-184
-89
-26
29
69
79
93
43
-12
-53
-69
-40
6
82
140
172
169
135
102
44
-18
-97
-133
-134
-78
12
99
162
153
119
64
23
-10
-46
-81
-109
-91
-43
-5
11
10
16
24
27
22
14
3
-14
18
55
91
76
9
-38
-57
-8
49
102
129
104
46
-15
-40
-47
-73
-78
-59
-32
8
33
57
28
-38
-81
-84
-62
-43
-27
-32
-22
0
46
97
102
64
3
-32
-32
-35
-32
-27
-32
-34
-5
33
67
63
30
13
1
-8
-30
-53
-61
-62
-56
-12
49
76
34
-59
-149
-188
-183
-128
-51
22
82
86
69
45
25
26
30
85
129
130
97
38
-3
-34
-20
10
49
74
45
-18
-86
-141
-163
-163
-134
-88
-38
0
47
67
66
56
39
44
53
55
42
16
-13
-44
-58
-41
8
60
67
56
29
-14
-49
-68
-53
-40
-73
-92
-78
-41
-6
12
25
11
-11
-33
-45
-29
-13
30
74
110
123
97
52
10
-20
-23
1
6
14
27
42
39
9
-36
-48
-44
-32
-28
-39
-61
-83
-82
-77
-59
-28
-5
16
33
55
70
68
42
18
2
-5
8
26
42
36
17
-16
-37
-39
-29
-4
9
27
28
28
14
-18
-23
-34
-23
14
64
114
103
71
34
4
-32
-55
-46
-13
14
7
-26
-64
-81
-79
-59
-28
-9
1
10
24
45
48
24
4
-1
15
30
27
23
22
21
19
34
29
14
-19
-51
-62
-63
-43
-30
-19
4
4
-4
-12
-16
-11
-9
-5
12
40
65
84
98
98
88
68
58
37
12
2
-4
-2
2
13
13
-6
-33
-52
-53
-47
-43
-45
-22
-4
9
24
15
19
15
6
13
13
23
21
21
21
8
-13
-32
-35
-38
-33
-35
-34
-25
-11
-1
-2
-5
-12
-19
-22
-12
-4
6
5
20
26
26
26
10
4
-24
-32
-41
-47
-47
-50
-36
-32
-24
-28
-29
-27
-39
-37
-33
-34
-19
-7
13
22
23
24
20
22
13
-7
-16
-15
-1
13
29
35
33
26
14
-6
-18
-17
-10
8
21
29
32
24
16
10
8
4
0
6
7
13
13
4
-4
-17
-30
-43
-50
-48
-45
-35
-25
-25
-18
-17
-13
-18
-16
-17
-13
-2
10
15
16
18
19
12
1
-4
-5
6
8
18
23
20
23
15
13
4
-1
2
2
17
26
30
36
39
41
41
36
33
15
-5
-15
-14
0
5
20
20
15
8
-2
-14
-27
-36
-47
-39
-29
-15
3
20
29
32
23
14
12
11
16
27
42
47
50
55
54
51
54
49
40
35
19
24
37
44
52
44
36
19
11
5
-1
0
-5
-4
-6
-15
-22
-29
-29
-31
-39
-42
-46
-48
-52
-55
-52
-47
-35
-32
-25
-14
-12
-7
-6
-8
-10
-23
-35
-46
-54
-61
-68
-67
-56
-43
-32
-31
-26
-30
-30
-36
-36
-32
-29
-8
-2
6
10
19
28
30
31
32
28
21
15
12
5
0
-1
1
0
-1
0
-10
-13
-8
2
13
28
34
26
23
13
15
17
23
27
22
19
18
14
19
11
9
0
0
8
3
13
12
8
8
3
1
-11
-14
-18
-20
-26
-29
-17
-11
-2
-1
-1
-1
-9
-18
-19
-21
-13
-8
3
10
8
6
-6
-10
-14
-12
-9
-5
-2
-2
-8
-12
-11
-12
-10
-6
-10
-11
-20
-24
-18
-15
-8
-1
1
8
7
5
6
4
7
13
16
19
22
21
21
23
26
28
28
21
15
18
16
17
20
22
23
22
30
36
32
23
19
15
11
13
23
25
30
37
40
51
56
52
49
40
32
24
22
17
6
-5
-11
-12
-11
-11
-9
-17
-21
-26
-30
-26
-29
-22
-18
-25
-22
-17
-23
-30
-41
-41
-42
-37
-25
-12
-2
-3
-4
-12
-8
-18
-25
-27
-32
-31
-38
-37
-31
-31
-29
-22
-22
-19
-22
-26
-15
1
9
20
26
24
17
3
-8
-13
-13
-10
-7
-5
-3
-3
0
5
10
16
23
24
12
10
5
5
5
7
13
22
28
30
30
25
18
9
4
-4
1
-6
-2
0
-4
-10
-14
-16
-26
-27
-26
-16
-16
-14
-7
-3
-1
-2
-1
1
-2
1
3
2
-4
-12
-10
-4
-1
2
9
13
8
4
3
5
3
-1
-1
-4
5
5
10
15
11
17
15
12
8
4
-1
-4
-7
-3
10
17
26
27
23
17
15
10
5
3
10
9
6
-2
-4
-3
-9
1
4
9
10
18
14
12
19
21
23
23
18
15
7
-4
-9
-13
-13
-12
-6
-5
-7
-6
-6
0
3
6
6
5
1
-2
-8
-8
-7
-5
-3
-12
-10
-5
6
11
14
8
1
-10
-14
-19
-22
-26
-33
-37
-37
-42
-35
-30
-32
-29
-25
-22
-25
-26
-27
-19
-19
-12
-4
-2
2
6
6
2
3
12
19
22
24
21
21
22
23
21
11
7
5
-1
-14
-13
-11
-8
-3
4
18
16
27
29
23
27
25
22
22
24
24
22
22
20
12
8
0
-6
-13
-25
-32
-35
-32
-30
-29
-29
-30
-24
-24
-22
-18
-12
-13
-15
-10
-10
-6
0
8
14
16
14
9
3
5
6
9
16
19
15
11
6
3
1
1
1
-2
-4
-11
-13
-14
-14
-13
-1
4
5
14
11
11
15
16
15
9
8
10
12
10
16
21
17
21
17
13
8
0
-2
-9
-14
-15
-19
-23
-19
-17
-12
-9
-1
1
-3
-6
-6
-4
-4
6
10
20
23
27
28
20
22
20
18
16
17
13
6
2
0
-2
-6
-9
-11
-10
-9
-6
-5
-8
-11
-13
-12
-12
-15
-19
-31
-28
-23
-21
-15
-15
-12
-7
-9
-4
-1
7
7
7
5
-1
2
6
9
11
15
17
18
19
15
14
10
6
3
3
-1
-8
-15
-23
-23
-34
-32
-33
-37
-32
-32
-21
-13
-5
5
10
11
6
6
11
18
21
27
32
32
29
29
31
34
31
23
19
10
2
-9
-14
-20
-22
-16
-14
-6
1
9
22
35
41
45
43
38
35
29
30
23
11
3
-4
-7
-9
-13
-14
-15
-14
-16
-20
-21
-23
-26
-29
-27
-27
-26
-29
-31
-26
-30
-30
-31
-29
-21
-17
-8
-8
-1
2
4
-3
-8
-9
-19
-16
-22
-26
-28
-34
-31
-29
-17
-6
0
7
10
18
25
26
21
12
5
5
7
6
7
7
8
14
8
8
18
19
21
30
29
27
23
22
20
19
13
5
10
12
13
16
16
21
15
14
16
12
11
4
8
7
5
-3
-6
-7
-14
-11
-20
-22
-19
-20
-13
-20
-13
-11
-15
-17
-16
-14
-12
-5
-2
0
4
-2
-1
-1
0
7
-2
2
5
0
-3
-5
-1
-5
-3
-2
1
1
-4
-2
-2
4
8
7
1
-1
-6
-9
-14
-8
-6
-6
-4
6
9
10
8
-1
-3
-12
-14
-20
-20
-15
-14
-12
-13
-14
-15
-12
-4
4
6
3
7
11
15
23
29
28
31
31
30
28
27
25
20
20
18
17
15
6
7
1
0
0
-1
10
7
9
8
7
6
1
3
-3
-1
2
-1
2
1
-1
-1
-2
-1
-7
-6
-14
-12
-17
-22
-11
-16
-10
-8
-3
-1
0
3
1
-3
-6
-1
0
-5
-8
-12
-10
-11
-12
-5
-2
2
3
3
9
7
7
6
4
2
-2
-7
-8
-10
-14
-17
-17
-14
-13
-12
-9
-2
-3
-2
-6
-6
0
-4
-7
-11
-18
-14
-13
-13
-13
-11
-8
-3
-2
1
8
5
9
10
16
13
11
12
3
0
-2
-10
-12
-16
-15
-17
-12
-6
-6
-3
3
7
5
4
5
0
2
-4
-8
-2
-5
-8
-8
-8
-5
-3
-1
-2
1
3
0
10
15
15
17
16
15
17
13
14
14
13
11
8
10
11
14
14
16
17
21
15
9
11
14
10
6
2
-2
-4
-8
-7
-2
-1
0
0
2
5
4
7
4
2
-1
-6
-6
-6
-8
-6
-2
-1
5
3
4
6
2
3
-2
-3
-6
-8
-13
-16
-11
-10
-11
-11
-12
-9
-9
-6
3
7
10
13
14
16
19
18
17
13
16
13
9
9
8
11
7
5
3
-2
-6
-10
-8
-3
0
1
1
1
-3
-8
-13
-3
-5
-7
-6
-4
0
0
2
4
13
9
9
11
9
13
10
6
1
-4
-9
-13
-16
-19
-20
-22
-22
-21
-18
-12
-8
-7
-2
-1
-8
-17
-22
-27
-29
-32
-33
-34
-27
-28
-25
-14
-14
-10
-6
-5
-8
-9
-9
-8
1
0
-3
0
0
2
6
9
9
6
7
5
2
6
0
0
7
7
13
15
16
17
21
22
21
20
16
16
19
19
21
22
25
21
15
15
8
-1
-4
-3
-9
-3
0
2
8
14
16
14
14
13
11
8
2
4
1
-1
-1
-5
-6
-6
0
2
3
6
3
-3
-9
-12
-19
-22
-20
-19
-15
-7
3
11
10
6
5
-1
-9
-16
-24
-23
-23
-21
-16
-9
-6
-5
-3
-5
-3
-2
-7
-6
-4
-10
-7
-5
-7
0
13
15
27
35
33
42
36
34
25
8
1
-3
-9
-12
-8
-7
-2
3
3
4
4
6
5
4
0
-8
-12
-15
-10
-1
-2
4
9
10
15
23
18
13
11
8
11
12
8
1
-7
-11
-7
-9
-2
-4
-4
1
-1
9
10
17
15
14
17
11
12
0
-10
-16
-22
-21
-24
-19
-15
-11
-9
-6
-1
-8
-15
-22
-30
-31
-36
-37
-34
-32
-28
-22
-12
-9
-2
-5
-5
-1
4
7
9
12
12
19
19
24
26
20
16
15
8
-3
-12
-23
-28
-31
-29
-27
-33
-29
-25
-19
-12
-7
-4
6
13
14
21
19
13
3
-1
-1
0
-1
7
6
7
8
6
8
12
15
16
17
16
12
9
0
0
-2
-6
2
4
16
26
28
28
29
28
26
25
24
25
19
11
8
4
-3
-5
-4
-1
-5
-12
-15
-15
-9
-6
-6
1
0
3
-1
-1
-1
-1
3
-6
-10
-14
-22
-23
-30
-37
-44
-53
-54
-48
-35
-27
-11
-4
11
20
26
32
27
30
19
18
20
11
5
-1
2
0
-1
0
-6
-8
-7
-7
2
8
12
5
0
-2
1
0
0
3
4
4
1
1
4
-4
-6
3
7
18
21
19
19
18
18
14
11
8
10
12
11
10
8
9
7
4
11
6
6
-1
-10
-14
-18
-13
-4
1
12
15
10
11
9
1
2
0
0
5
-4
-3
-2
-8
-6
-2
-3
-2
-3
-9
-11
-20
-24
-18
-17
-25
-24
-24
-23
-19
-15
-10
1
2
2
5
4
-1
-5
-5
-13
-13
-13
-7
6
12
9
9
11
13
14
18
21
19
21
7
5
2
-4
-2
0
6
7
5
2
3
2
-1
-1
-2
3
1
-1
-5
-5
-1
-1
0
4
9
8
3
-3
-12
-14
-16
-15
-11
-11
-7
-7
1
8
6
7
2
5
7
5
7
4
6
1
2
6
9
9
5
3
0
-6
-6
-9
-14
-5
-8
-10
-8
-16
-15
-14
-12
-8
-5
-5
-11
-6
-8
-4
2
-3
4
1
-1
-3
-5
-8
-13
-10
-11
-12
-9
-11
-8
-8
-11
-10
-11
-10
-16
-15
-14
-14
-7
-5
3
7
8
14
13
16
16
14
7
9
5
9
11
14
20
20
23
23
25
25
26
33
30
26
24
18
21
18
13
14
9
8
6
3
4
1
-1
-4
-7
-11
-14
-15
-16
-10
-9
-8
-6
-6
-3
2
2
-2
-3
-6
-8
-6
-6
-7
-6
-10
-4
-8
-4
-4
-1
-9
-14
-5
-5
-5
-7
-7
-6
-6
-5
-5
-5
-2
-2
3
2
0
4
-1
1
-4
-2
-5
-3
-5
-8
-9
-11
-3
1
2
8
8
16
22
16
23
13
15
12
6
7
-4
0
-7
-11
-8
-10
-12
-9
-9
-9
-10
-8
-6
-8
0
-4
-4
-2
4
4
2
5
5
8
4
5
6
5
1
-2
-9
-15
-17
-21
-18
-15
-15
-18
-14
-16
-17
-20
-18
-8
-1
3
5
10
9
12
10
17
14
15
15
9
13
12
9
10
11
12
10
14
10
8
3
-5
-7
-4
3
3
7
11
12
12
12
13
15
17
13
9
14
14
10
13
10
14
16
17
16
9
4
3
3
-2
2
3
-3
-4
-7
-10
-14
-18
-15
-22
-27
-29
-27
-20
-18
-14
-15
-18
-10
-7
-1
6
4
3
3
2
7
1
-3
-7
-14
-18
-25
-21
-24
-16
-18
-7
-4
-7
5
2
10
5
2
3
-3
3
-6
-5
-8
-12
-7
-9
1
3
10
20
21
22
20
19
17
11
12
9
2
-3
-6
-7
-7
-3
-2
3
6
13
11
4
0
-9
-14
-18
-13
-17
-16
-15
-14
-9
-7
-3
1
5
5
1
10
18
18
19
17
19
16
13
19
25
27
22
19
14
13
15
11
9
2
-4
-6
-7
-1
3
3
3
4
4
3
2
1
2
6
4
5
4
-5
-4
-6
-7
-4
-1
-6
-10
-10
-11
-18
-17
-21
-20
-17
-22
-14
-15
-18
-14
-13
-15
-12
-14
-10
-6
-13
-13
-15
-12
-8
-8
0
6
14
13
13
15
9
10
1
-7
-12
-19
-19
-21
-12
-10
-6
4
6
8
12
12
19
17
16
15
6
1
-4
-7
-2
-3
-4
-3
-4
2
4
11
13
9
10
5
8
6
4
5
7
9
2
2
0
1
3
2
5
5
3
3
2
4
2
3
1
-3
-1
-3
-2
-2
-3
0
-1
1
2
0
9
12
16
18
20
21
16
17
20
20
14
7
2
2
2
-4
-3
-9
-16
-13
-16
-13
-13
-16
-22
-22
-21
-24
-22
-20
-20
-15
-12
-10
-6
-8
-5
3
6
5
1
-8
-8
-14
-15
-11
-12
-6
-13
-7
-1
-1
0
6
15
20
20
17
15
12
9
6
11
6
5
11
7
8
3
-3
1
-3
-3
-2
0
-4
-7
-5
-5
1
3
6
15
15
13
16
12
10
9
8
7
4
-2
-9
-10
-14
-18
-19
-13
-10
-9
-7
-4
-1
4
5
4
2
4
8
12
11
11
15
14
22
18
21
21
10
12
7
8
3
2
5
2
2
-2
-1
-5
-10
-12
-13
-11
-14
-15
-13
-15
-16
-9
-5
2
5
8
7
8
9
2
3
0
-2
-2
-5
-4
-6
-8
-5
1
3
4
6
3
1
-3
-4
-9
-6
-10
-16
-14
-17
-12
-13
-13
-6
-9
-3
-4
-1
-2
2
4
3
5
-4
-7
-12
-14
-15
-20
-15
-18
-13
-6
-7
-4
-8
-5
-6
1
4
6
7
4
5
0
-3
-4
-2
0
-5
2
4
1
2
-3
-6
-8
-7
-5
-4
-7
-4
-2
1
4
6
6
8
15
18
13
12
8
5
3
2
3
-4
0
-3
5
14
11
20
22
30
31
32
31
21
19
11
2
-2
-5
-8
-6
-1
-1
3
12
17
18
17
11
3
-7
-11
-16
-19
-24
-25
-22
-22
-15
-11
-4
3
6
11
14
14
6
-5
-7
-8
-10
-9
-10
-4
0
3
13
17
20
25
23
28
28
23
14
7
2
-4
-6
-8
-3
4
6
10
9
11
10
6
6
-4
-9
-20
-25
-23
-25
-22
-24
-18
-13
-10
-7
-7
-9
-13
-14
-19
-15
-12
-11
-6
-1
-3
-2
1
5
10
12
15
11
8
8
5
-2
-1
-3
-2
0
4
11
13
16
18
24
24
20
11
2
-5
-10
-12
-9
-1
3
9
13
9
13
12
9
5
-2
-10
-19
-18
-27
-26
-15
-20
-15
-9
1
6
9
13
10
9
-3
-9
-12
-15
-22
-28
-27
-30
-30
-30
-20
-12
-8
-3
-4
-12
-16
-20
-20
-21
-29
-27
-29
-22
-17
-12
-6
2
12
17
19
20
17
21
21
15
14
8
5
4
11
15
16
15
9
0
-1
-2
-6
-12
-14
-16
-24
-25
-25
-26
-20
-8
5
11
19
18
18
20
15
12
12
10
