SAMPLES:	16079
BITSPERSAMPLE:	16
CHANNELS:	1
SAMPLERATE:	16000
NORMALIZED:	FALSE
0
4
3
2
1
4
3
0
2
-1
1
-1
0
3
-1
-1
-1
-3
-1
-1
0
1
3
0
-2
-1
0
0
-2
-2
-2
0
0
0
-2
-2
1
-3
-1
1
-2
-2
-1
0
-1
2
0
-1
1
0
0
2
1
1
-1
1
-2
0
0
-1
1
1
-1
0
1
0
0
-3
-1
-2
-2
1
2
-1
0
-1
-3
2
-1
-1
0
0
2
0
-2
-2
-2
-1
-1
-2
3
-1
0
3
1
1
1
1
2
1
3
1
1
4
0
-1
1
0
-1
3
-1
0
-3
-1
-2
1
-1
-1
1
-1
-1
-4
-2
1
-2
-3
-2
-2
-2
-2
-1
0
2
0
-1
-3
0
2
1
-1
0
0
0
-1
3
1
0
2
1
1
3
2
-2
-1
3
-2
-2
1
1
-1
-4
1
1
1
1
0
-2
-3
-2
-3
-2
-1
0
-2
-1
1
1
0
0
1
-4
-3
0
2
3
1
2
3
3
-2
2
3
-1
0
0
0
0
0
2
0
1
-1
1
0
1
1
1
0
-2
2
1
0
0
0
1
0
1
1
0
1
2
-2
0
2
-1
0
1
3
0
0
-1
0
1
1
-1
0
-1
-1
0
-2
0
-2
-1
-1
-1
-4
-1
3
0
-3
-3
1
-1
-1
-1
0
-2
1
0
-2
-3
0
2
2
1
0
1
1
0
1
-2
-1
0
0
2
2
0
2
3
2
2
1
0
-1
0
-1
4
1
-1
-1
-1
2
-1
-2
2
1
-1
1
1
-2
-4
0
1
0
-1
-1
-1
-2
-1
1
0
0
-1
-2
-1
2
2
2
-1
0
0
0
0
-2
1
0
3
-2
-1
1
-2
1
-2
-2
-1
1
-1
-2
2
1
1
0
-1
-1
0
0
0
-2
1
0
-1
1
-1
-1
2
0
-1
-1
-1
3
0
4
3
2
2
-3
-2
1
0
0
0
2
-3
-2
0
0
0
0
2
2
-2
0
0
-1
2
0
-1
2
0
-2
-2
0
-1
-1
-1
3
1
-1
0
1
1
0
2
0
-1
0
-1
-1
-1
0
0
1
0
2
0
0
-1
0
2
-1
1
1
-3
-1
0
-3
0
-3
0
0
-1
1
1
0
1
-1
-1
0
0
1
1
1
1
-1
1
0
1
2
-1
0
-1
-3
-2
4
2
-1
-1
1
1
1
2
1
0
-3
-1
2
0
2
1
1
0
0
2
2
-1
-1
-2
0
2
0
2
-1
1
2
0
1
-3
-1
-1
-1
2
1
-3
-1
-2
2
1
1
1
-1
1
-2
0
0
1
-1
0
1
-1
-2
-1
-1
-2
0
1
-2
-1
0
1
1
0
3
0
1
0
1
0
-5
-2
-3
-2
-2
-2
-2
1
2
0
-1
0
0
-1
1
2
1
0
2
2
0
0
0
0
2
1
-1
0
3
2
0
3
2
3
2
-1
1
0
1
-2
-1
-1
-1
0
-1
1
0
1
0
-1
2
-1
2
0
-1
-1
-1
1
-3
0
1
0
-2
-1
-3
-1
-1
-2
-3
0
-1
-2
2
-1
-1
-1
-1
-1
0
0
-1
0
1
1
0
2
-1
-1
-1
1
1
0
0
0
-2
2
0
1
3
1
4
-1
1
3
0
3
-1
0
0
0
2
-1
0
-1
3
1
-1
1
0
-3
-1
-1
-3
-3
2
-2
1
3
3
0
-5
1
0
-2
2
0
-1
-3
-2
-3
-1
2
0
-1
0
-1
-4
0
-1
2
0
-3
-1
-2
-3
-1
-2
0
0
0
2
0
-1
0
-2
0
-3
-1
0
0
3
0
-1
-2
-1
-4
-1
1
0
1
-2
0
0
1
0
0
-1
0
1
0
-1
0
3
2
1
2
1
-2
-2
0
3
4
1
-1
3
-1
3
1
2
0
0
1
1
1
0
2
1
-2
2
1
0
1
2
0
3
5
2
2
0
1
1
2
0
2
3
0
2
-2
0
-1
-3
0
1
-2
0
-2
-5
4
3
2
0
-1
-2
1
-1
1
3
0
4
1
1
2
1
3
0
2
2
2
2
0
3
2
-1
0
-2
-3
-1
-2
-2
2
-2
1
-1
0
-1
-2
0
-3
-5
-4
0
2
-3
-5
-4
2
2
-4
-5
-6
-3
2
2
0
6
-2
-6
-3
8
2
2
-5
-4
1
-1
3
1
-7
1
5
-5
1
-3
4
1
-2
9
7
10
-2
-14
-9
-12
6
0
0
6
-7
7
-1
4
-5
1
-8
-1
7
-1
-6
-11
0
3
6
2
-6
-2
-5
7
-10
-4
-10
15
16
-10
3
2
14
-16
13
1
9
11
-6
0
-1
3
-7
16
-5
12
22
-9
-13
-42
-22
-4
-13
13
4
-16
-16
-10
10
7
3
9
-10
30
3
21
8
-21
7
-26
22
9
29
-9
-16
16
-4
-2
-25
-12
-7
17
1
-9
16
1
-5
-32
-24
-2
9
4
8
3
11
-9
-15
15
9
-16
30
1
12
3
-2
-6
-30
60
9
0
32
-3
2
28
-6
9
38
-20
-18
17
-16
-36
4
-49
-10
19
-29
-9
9
-11
1
11
14
-23
20
14
-4
-6
-7
5
-3
-3
-4
-21
-15
-7
49
-20
-34
-29
1
4
32
7
-42
-10
-54
23
-13
21
-21
20
42
50
57
42
26
-39
6
36
-35
3
9
-7
-11
13
12
-58
-12
22
-6
23
11
21
-18
-26
17
-8
49
-12
-31
0
-51
2
11
-17
-13
-40
-18
50
51
58
-2
-48
-32
20
-41
30
35
17
-18
-19
-5
-31
21
-49
47
-19
34
43
-66
-13
-30
-19
-15
16
8
-49
-16
-5
-44
21
44
-35
48
-36
4
42
3
56
-9
75
-16
-39
34
-27
81
-14
47
48
-77
-22
-32
-43
-1
-52
-56
26
-2
-24
54
-9
1
4
-5
31
-37
69
-13
-16
-11
-3
68
-16
2
21
-10
108
27
4
-49
-51
7
55
28
-72
21
43
-15
-16
-7
-64
72
-24
-1
12
-43
44
29
-10
-72
-22
-30
23
-12
-9
-21
-103
57
26
-57
-5
-36
-28
2
58
-17
3
33
22
-46
-8
61
18
69
-63
35
-44
12
49
18
-42
-30
9
-46
46
-11
24
9
15
15
34
22
-45
9
30
11
2
62
-29
-18
-40
-71
-30
-39
-38
37
4
-38
-5
-20
41
4
-24
8
13
-24
9
-20
37
44
51
-22
-13
12
75
15
-29
6
-6
-70
14
-12
38
43
11
69
17
48
-18
10
-52
43
31
20
98
-69
-53
-27
30
-3
-10
-58
33
10
-79
22
27
15
-9
-9
-42
-68
-18
-11
48
-1
-40
21
-64
25
54
-73
30
-84
-29
16
-20
96
-19
-70
-55
31
21
-36
51
-109
93
-87
138
-102
179
-249
248
-395
1133
247
-829
-497
-1617
3044
-1648
828
213
-1741
2384
-1779
811
11
-1021
1262
-1037
714
54
-583
504
-602
442
-4
-236
463
-303
-45
218
-36
-16
-29
-227
142
110
-123
168
-177
9
72
5
-77
3
133
-13
121
-113
95
63
-119
104
-32
30
118
-88
98
17
25
-8
-8
54
-31
34
10
-49
-70
44
-33
-71
47
-101
-3
38
-35
6
-75
32
-79
-64
33
-29
-23
7
-7
-31
13
16
-40
31
-8
-86
-29
-24
20
21
-11
-25
84
97
23
64
36
3
20
-4
-4
10
2
21
-46
1
-33
-42
7
32
-31
-34
42
54
7
-20
54
-90
25
-74
-45
-37
-40
12
14
18
19
19
-7
58
-61
-67
-21
84
31
-6
-10
-33
28
101
58
7
14
21
35
-52
-48
38
5
-15
46
44
12
30
63
57
22
-50
-98
13
-10
-29
-55
-1
-44
64
15
-11
-15
-106
56
-88
11
3
38
15
-23
34
-6
2
-67
32
-12
13
45
-2
35
38
-23
5
41
-67
19
-14
-8
89
-28
21
-8
-39
-25
-37
-4
-41
-18
49
-64
-38
23
-58
8
12
-3
-64
-69
-36
23
-7
2
54
25
-34
17
-14
-29
40
34
-5
-34
11
57
-13
-16
25
44
43
28
35
2
-10
64
18
-27
18
-24
27
-5
-31
-23
-101
-19
52
21
48
2
-2
35
21
-48
-15
-6
-43
-49
0
17
13
-40
-17
12
72
7
-47
51
25
-3
-22
36
20
-27
42
44
-1
-66
-17
13
28
20
-31
-14
-2
73
17
-4
-4
26
52
-3
27
51
21
-64
-33
-10
1
-18
-21
-23
27
-46
-33
10
-49
-29
-32
-8
23
3
-45
-2
-10
6
-32
-14
-11
-10
27
-23
-30
-14
4
15
-19
17
32
22
18
-15
4
-5
7
10
7
-21
-4
-16
30
-4
-69
6
-9
20
-31
-31
2
16
27
-4
-5
-16
-18
13
15
6
-1
-18
-8
7
17
-5
11
50
33
24
22
-4
32
-10
-23
-3
34
14
-37
-2
-16
6
-4
-50
-11
-28
-22
-27
-7
7
-31
-19
-4
1
2
9
10
11
9
21
37
21
18
4
4
10
2
-6
0
13
11
9
1
28
38
22
18
-9
-7
8
20
37
46
52
17
6
23
20
5
-21
-29
7
4
11
-13
-29
-44
-25
0
5
-1
-36
-27
-34
-5
3
1
13
-8
-4
-3
-9
-11
-25
-28
-14
-13
5
10
-1
-4
-25
-8
9
11
11
-9
9
-1
-6
-11
-23
-6
-11
-22
-2
-5
2
9
-5
17
6
21
18
13
9
-4
-3
3
14
14
28
30
33
24
3
-12
-19
-10
5
7
-4
1
17
30
8
-34
-57
10
48
65
-7
-45
10
6
49
-40
-30
19
-10
14
-78
-36
0
-19
9
-47
-4
-2
-22
-7
-51
-7
-19
-34
-24
-39
-23
-31
-34
-27
-19
-12
9
-5
-2
3
3
11
-7
-12
7
9
-5
-7
-17
7
-2
-4
-6
0
30
17
13
21
33
17
14
15
24
33
7
22
26
43
30
12
38
42
55
31
22
41
38
25
-13
-20
10
19
30
15
10
18
8
9
9
12
10
10
14
9
7
1
-9
-10
-8
-9
-4
-6
-6
-12
-15
-14
-15
-16
-6
-19
-21
-28
-28
-28
-30
-26
-17
-17
-11
-2
3
5
-6
-4
-2
10
1
-11
6
10
6
-15
-11
26
20
1
-47
-37
-3
3
-4
-38
-33
-13
-15
8
-15
-14
-21
-32
-4
-12
11
-5
-3
12
8
2
-7
1
9
10
3
-4
6
18
18
2
-5
5
8
5
-6
-22
-27
-24
-11
-3
-4
-7
-18
-16
-16
-14
-16
-17
-8
12
15
16
17
13
18
21
22
21
17
20
23
22
22
28
27
28
23
19
21
12
12
4
2
0
-7
0
6
3
0
-14
-17
-9
-18
-13
-14
-6
-3
-9
2
7
8
2
-14
-13
-12
-15
-16
-20
-14
-18
-17
-12
-10
2
-4
-8
-1
3
7
4
5
5
-2
-3
-9
-6
-6
-7
-2
0
3
12
11
17
21
13
18
13
14
5
-1
1
-4
-4
-1
4
10
11
3
3
2
1
0
-1
3
3
3
3
1
-6
-3
-2
-1
2
2
-2
-2
3
3
4
2
4
-1
3
1
0
2
-1
-3
-4
-1
1
4
3
-2
-4
-3
-5
-6
-5
-9
-2
-1
-4
-3
2
8
7
11
7
10
9
9
2
5
11
13
18
16
11
5
1
1
3
0
-1
0
-2
-3
-9
-4
-8
-9
-10
-10
-5
-7
-6
-4
3
1
0
1
3
7
10
11
2
0
-2
-6
-1
-2
-8
-6
-4
-5
-9
-12
-12
-7
-3
0
1
-1
2
4
-2
-1
-4
-11
-15
-22
-25
-20
-24
-24
-24
-18
-4
1
0
-4
-1
7
11
8
9
11
15
19
13
8
3
0
-2
2
3
1
-1
-4
1
4
6
8
11
9
9
12
8
4
-3
-2
0
2
5
0
-10
-10
-10
-9
-9
-10
-5
0
-4
-13
-19
-22
-22
-20
-20
-22
-20
-23
-24
-25
-23
-24
-22
-14
-9
-12
-14
-18
-19
-11
-6
5
9
14
14
11
12
15
16
15
22
30
37
36
34
28
28
28
26
30
29
30
26
22
13
7
12
9
7
8
8
11
7
4
5
9
17
17
15
16
11
7
-6
-9
-5
-6
-5
-9
-15
-18
-18
-14
-10
-8
-6
-5
2
0
-2
-5
-5
-1
-5
-3
-8
-12
-15
-16
-15
-12
-2
1
3
5
1
2
1
4
9
10
8
6
5
-3
-5
-11
-12
-3
5
6
8
4
-6
-12
-7
4
7
6
1
1
3
1
-2
-6
-8
-12
-21
-22
-17
-14
-18
-17
-5
2
6
0
-6
-5
1
4
4
2
-5
-10
-16
-11
-5
-2
-8
-9
-3
2
10
13
15
20
21
23
18
13
11
8
11
11
6
4
3
2
-4
-5
-1
5
10
13
8
6
8
15
17
14
6
-1
0
2
9
8
7
3
3
8
7
5
0
1
3
2
5
2
-4
-5
-10
-12
-8
-18
-21
-15
-13
-7
-11
-15
-12
-6
-2
-2
-8
-10
-8
-9
-5
-5
-7
-6
-5
-5
-10
-11
-13
-9
-1
1
4
2
-1
4
10
7
-1
-4
-4
-3
-3
-7
-9
-12
-10
-11
-8
-1
0
5
6
4
8
9
6
3
0
-1
1
6
9
8
6
9
8
9
13
16
12
10
11
10
14
13
11
3
-2
-2
4
1
-5
-8
-3
-2
-3
-7
-9
-11
-10
-4
0
3
-1
0
4
10
16
11
-1
-7
-12
-13
-12
-17
-22
-23
-20
-13
-14
-20
-22
-22
-17
-17
-18
-19
-15
-12
-9
-4
-7
-13
-16
-11
-6
-3
-1
4
6
13
11
13
19
24
31
26
23
16
14
10
12
12
11
7
-2
-3
-5
-1
-4
-5
0
2
6
6
1
-8
-19
-23
-16
-15
-11
-14
-22
-22
-20
-21
-19
-22
-20
-15
-11
-2
1
0
0
10
22
32
34
30
27
25
23
26
33
29
27
30
37
36
28
24
24
23
22
21
14
7
2
-7
-7
-7
-8
-8
-6
-4
-6
-3
-6
-8
-11
-10
-9
-7
-4
-5
-5
-7
-8
-7
-2
-4
-7
-6
-6
-2
0
4
2
5
7
7
6
5
6
4
2
0
-2
-5
-8
-7
-6
-6
-6
-9
-7
-9
-10
-6
0
3
1
-1
-4
-5
-4
-8
-6
-1
0
4
3
3
2
2
0
2
3
4
1
7
9
6
6
3
-1
-2
-1
2
3
5
2
2
8
8
7
5
6
3
3
-1
-1
-3
-4
-2
-1
0
-1
-2
-3
0
0
0
-1
-1
-2
0
1
6
7
8
9
12
15
12
8
9
3
8
8
1
2
1
-4
-2
0
-3
-4
-4
-8
-9
-9
-12
-14
-14
-14
-15
-11
-6
-5
-4
-2
-1
-4
-6
-9
-12
-9
-6
-7
-7
-4
-8
-15
-11
-8
-10
-6
-3
-2
2
3
0
2
2
-1
1
-1
-3
1
-3
-6
-7
-7
-8
-9
-3
-1
-2
3
5
3
1
-3
-2
3
3
3
1
4
5
3
3
3
3
1
0
-1
-4
-3
-2
-2
3
-1
-4
-5
-4
0
0
3
0
-2
-2
-7
-10
-8
-9
-9
-5
0
0
-5
-5
-6
-5
-3
-5
-5
-7
-9
-10
-11
-12
-11
-8
-6
-5
-3
-3
-4
-4
-4
-2
2
4
9
10
12
8
4
9
11
6
1
-1
-2
-1
-1
4
8
6
6
12
10
9
5
4
2
1
4
6
3
0
-1
-3
-3
0
-2
2
9
10
12
11
12
14
13
13
14
15
13
11
9
7
8
7
7
9
7
7
9
11
13
15
16
11
10
14
9
10
7
2
1
-1
3
-1
2
1
3
4
2
3
0
1
0
-4
-1
-3
-6
-8
-7
-7
-6
-7
-4
-2
-3
-1
-1
4
6
8
9
9
6
1
1
-3
-5
-5
-5
-5
-3
-5
-5
-3
-3
2
3
0
0
-2
-2
0
-2
-4
-5
-4
-6
-6
-6
-6
-10
-7
-6
-8
-8
-5
-7
-8
-6
-5
-3
-5
-4
-2
-2
-7
-5
-10
-10
-10
-8
-11
-12
-10
-5
-6
-7
-5
-10
-7
-5
-6
-12
-11
-10
-8
-8
-9
-9
-10
-11
-9
-6
-8
-8
-7
-8
-4
1
0
-2
0
3
4
3
2
2
1
2
3
6
11
14
13
14
10
5
6
7
7
7
9
9
7
10
5
5
4
6
3
0
-2
-6
-4
-7
-8
-9
-8
-7
-3
-1
-4
-3
2
2
1
8
8
7
7
8
5
3
3
5
4
4
4
2
2
3
2
2
2
5
4
7
8
6
5
2
4
0
2
-1
-2
0
-4
-2
-2
-2
-2
2
2
2
-2
-3
-6
-6
-3
-5
-3
-5
-4
0
-3
-3
-1
5
6
6
9
8
8
10
15
14
17
14
13
17
13
13
11
11
7
8
8
11
6
7
4
1
-1
-3
-2
-7
-7
-8
-7
-10
-11
-12
-16
-14
-13
-8
-8
-11
-11
-12
-12
-15
-8
-10
-7
-4
-7
-4
-4
-3
-1
2
6
8
8
6
3
2
-1
0
-1
-2
-1
-4
0
1
-1
2
0
0
-1
-2
-6
-6
-3
-3
-5
-6
-3
-8
-4
-1
-2
-2
-4
-1
1
6
5
5
5
3
2
1
1
-1
-1
-3
-5
0
-1
-3
-3
-1
-2
-4
-1
0
-3
-3
-3
-3
0
-2
-3
-2
-1
-4
-1
3
5
3
5
3
5
7
5
5
2
1
-3
-3
-2
0
3
3
1
2
3
5
2
0
2
8
4
3
3
2
3
6
6
2
2
7
5
4
6
5
2
1
4
2
4
2
0
1
-4
-1
-2
-3
-4
-2
0
0
-4
-3
-3
-3
0
-2
-5
-4
-7
-7
-3
-4
-4
-1
0
-2
-1
-1
2
4
6
5
2
3
0
-2
-3
-1
-3
-5
-3
-4
-3
-6
-5
-3
-3
-1
0
-1
0
-1
-1
-6
-4
1
-2
-5
-1
-3
-5
-7
-1
1
2
7
9
13
10
6
0
-1
-1
0
0
1
-2
-2
-4
-4
-5
-8
-2
-3
2
1
0
-4
-4
-7
-8
-3
-4
-6
-6
-5
-6
-6
-5
-2
-1
-1
-2
0
2
2
6
9
11
12
11
13
10
5
1
3
11
8
9
7
10
8
8
7
6
7
10
12
11
12
10
6
6
8
6
11
9
8
3
3
3
3
3
0
2
1
-2
-1
-4
-3
-3
-4
-2
-4
-7
-5
-9
-9
-9
-9
-12
-8
-6
-8
-5
-9
-9
-9
-4
-4
-2
-1
0
0
-3
-3
-3
-1
-4
-4
-8
-7
-8
-6
-6
-5
-3
-1
-1
-1
-1
-3
-7
-9
-7
-4
-5
-5
-2
-1
1
1
0
-3
-3
-1
1
3
3
-1
0
2
6
8
9
3
4
4
4
1
0
3
-1
4
5
3
2
2
-2
-1
0
-2
-4
-2
-5
-8
-3
-1
-1
-3
0
3
2
2
4
2
2
3
3
-1
0
0
-1
2
4
4
7
8
9
9
6
6
2
3
1
0
2
-2
-8
-5
-3
-6
-4
-4
-5
-8
-9
-10
-10
-13
-9
-5
-6
-3
-3
-2
0
-1
-1
3
0
-1
-3
0
-2
-3
-2
-1
-3
2
0
2
4
-2
1
4
6
8
8
13
11
7
8
8
5
8
9
8
10
10
9
8
5
6
5
2
5
3
4
5
2
2
4
3
0
6
-1
-2
-1
-2
-1
-3
-2
1
6
1
1
-2
-4
-2
-1
-4
-8
-7
-8
-6
-6
-7
-9
-9
-5
-3
2
-1
-1
0
1
3
3
2
1
2
1
1
0
2
1
-1
0
0
0
1
0
1
-2
-1
1
2
2
5
5
4
3
3
3
0
-2
-8
-8
-6
-4
-5
-7
-9
-7
-5
-10
-5
-3
-2
1
0
0
1
2
2
3
6
4
2
1
-1
-1
-3
-4
-3
-2
0
-2
0
-2
-8
0
1
0
-1
1
1
0
-1
-1
-2
-1
-1
-6
-2
-3
-2
1
3
7
2
3
2
2
2
5
3
4
7
7
5
0
-3
-1
-1
1
4
0
-1
-1
2
2
3
3
1
1
0
2
-1
-1
0
-3
-2
-3
-1
-1
0
3
0
0
1
0
-3
-2
-4
-3
-4
-6
-5
-6
-2
-1
-1
-3
-4
-2
-2
-1
-2
1
2
-1
-2
2
2
3
1
1
4
4
3
5
6
5
-1
-2
2
3
-1
-2
6
6
2
5
1
-1
-4
1
2
2
4
-4
4
5
7
9
5
9
-4
2
2
-1
4
6
7
0
4
-1
5
2
0
2
-2
-5
-12
-8
-1
-8
-10
-8
-13
-9
-14
-4
-15
-11
-12
-8
5
-9
-1
-14
5
16
3
10
2
17
-8
-6
-4
-5
7
-8
-13
-13
-4
2
3
18
7
6
8
5
8
11
18
9
4
12
15
-3
6
10
15
8
-6
-2
-9
-27
-22
-45
18
7
6
1
2
2
3
18
8
-15
-25
13
2
5
-12
-18
8
-22
-38
-4
7
27
39
16
-2
7
-27
-22
14
-4
-25
44
-11
-26
-14
5
-13
30
7
9
12
-38
33
-24
-15
-7
3
-7
41
6
6
29
2
-21
-28
-51
-14
-2
17
12
7
57
53
14
-11
10
-20
18
-30
13
26
-21
-32
-26
-28
-37
-49
-39
-16
44
29
-27
-54
-15
63
-14
-17
-17
36
30
-29
22
47
5
-4
-7
-6
9
-14
7
-51
-7
28
28
1
1
38
-22
17
58
56
38
54
109
104
69
64
39
13
28
35
5
-80
-20
10
-48
-84
-50
19
-33
-77
-76
-69
-18
60
17
-78
8
-15
-43
-56
-30
-4
-18
23
-4
-18
-2
-19
5
-8
31
73
-25
42
14
-24
71
94
61
19
41
-6
30
73
44
17
-30
-13
-35
-11
-63
-90
3
-51
-24
-56
18
-40
-39
-35
-52
47
-90
-17
-9
-88
-14
-54
-53
-31
0
-5
-66
-4
-30
-74
47
10
-24
50
-10
4
-33
-77
15
-8
41
64
-6
-33
5
-9
27
-56
-31
-17
-1
-42
-54
-33
-23
14
-99
-142
-176
-269
-491
-893
-1916
-1330
1125
3283
2089
-944
-711
235
870
965
453
231
441
677
343
-126
-270
-313
-151
249
252
-94
-308
-185
-333
-490
-286
-70
-433
-376
-77
145
206
-45
-282
-254
-91
-129
-217
-344
-127
-15
-349
-1444
-2264
-1629
727
3061
2270
36
-1509
-1315
-515
-725
118
1910
3590
2143
-202
-192
169
789
600
148
634
1014
695
103
-919
-1516
-2017
-2411
-3061
-3799
-2009
1789
4243
1870
-1524
-1617
-598
576
1082
1018
1346
1669
1202
515
-105
-1252
-1833
-1085
839
2123
1506
443
130
46
-201
154
-63
-1425
-1314
685
3231
3158
581
-1331
-1385
-332
550
386
-106
126
-855
-2375
-2573
-864
148
-113
186
407
274
-257
-300
-492
-148
619
771
252
-557
-906
-1709
-519
970
1707
451
-742
-482
-978
-1738
-2220
-1946
-40
1892
1319
388
-1563
-2292
-1440
790
4135
3927
-19
-3234
-2236
188
1445
1212
146
-350
-291
748
1309
397
-1213
-1153
866
2852
2513
-343
-2247
-1882
-336
621
1570
1493
-81
-1601
-1684
-177
946
735
-320
-538
-430
-346
-476
-731
-129
-1768
-3665
-3899
-1314
815
-108
-595
-283
1399
1895
1887
1761
2337
2509
3299
4287
4136
2866
648
511
972
1323
395
385
759
639
-257
-1685
-1924
-2066
-1741
-1396
-489
-306
-1411
-2342
-1975
-1204
-1065
-1024
-752
63
232
-148
-81
-222
-93
19
653
1534
1434
759
428
306
610
414
-134
-80
-47
-379
-887
-1155
-717
204
145
50
-1027
-2114
-1734
-844
617
1015
988
24
-1288
-749
-172
313
369
492
763
1092
1246
119
-1150
-1791
-329
582
816
899
116
-558
-1175
-1038
-749
-291
-421
-631
-949
-706
299
595
283
-712
-1020
-718
280
619
315
-653
-1494
-1225
-756
-48
-270
-972
-891
-22
760
1111
531
-479
-1199
-577
1206
2210
1901
1178
507
912
1435
1527
810
101
438
1172
2019
1751
450
-1417
-2030
-1552
56
1438
1384
428
-900
-1013
-172
650
1037
714
589
1101
607
224
213
657
960
56
144
1042
1479
785
-94
-84
-419
-1214
-1067
357
585
-99
-1100
-558
1104
1931
1445
207
385
1071
617
-778
-1228
-1244
-1197
-1888
-1745
-1196
-1423
-1695
-3171
-3249
-2861
-2479
-1953
-1797
-1342
-996
-986
-508
18
-347
149
1156
2396
2369
1308
706
682
1007
1082
1517
1968
1819
1180
485
181
283
219
364
371
678
131
-366
-762
-1514
-1535
-1256
258
1052
923
-179
-1469
-1968
-1681
-1273
-459
-137
-442
-852
-769
102
252
-226
-432
-149
975
2599
3375
2944
1274
313
981
2705
4011
3713
1665
147
-60
672
1222
660
53
-922
-1586
-1303
-938
-1076
-2282
-2322
-1173
301
952
138
-586
-1202
-1027
-302
328
1005
481
-225
-1235
-1466
-642
-187
50
-426
88
907
1064
91
-675
-1470
-1549
-1246
-432
788
1052
1417
1332
730
-565
-2136
-3091
-3090
-2612
-1903
-1207
-1063
-1123
-1828
-1851
-539
992
2104
1512
702
435
170
148
-506
-757
-37
634
1383
1696
2024
2572
2547
2834
3444
3488
2516
1033
-234
-841
-1107
-519
879
2066
2617
2118
1297
773
554
-17
-618
-957
-778
-378
-556
-515
-1177
-1899
-2212
-2118
-1464
-1966
-2714
-3314
-3753
-3576
-3903
-3635
-2465
-1289
-857
-703
-187
371
-175
-984
-423
1104
2204
1558
722
1163
2185
1809
298
-1047
-957
51
533
331
268
306
543
639
804
1208
1461
1708
1752
1895
1619
1105
845
647
588
95
292
484
901
991
645
556
420
1148
1457
1396
901
243
-14
379
1347
1782
1367
88
-1057
-1501
-1290
-408
137
416
321
-61
-40
-45
83
-182
-369
140
979
1538
890
-164
-1068
-1014
-471
71
437
198
-547
-1616
-2032
-1992
-1570
-989
-605
-724
-1265
-1730
-1871
-1864
-1602
-1206
-1296
-1315
-1284
-988
-857
-630
-581
-911
-1515
-1716
-1048
-419
694
1024
1008
587
-192
-210
-199
227
753
1172
1715
1319
458
171
-72
289
709
1470
2051
1865
1644
855
357
-147
-138
532
1102
1773
1488
725
10
-432
-294
-132
-159
-134
-239
-545
-1300
-1987
-2158
-1906
-1853
-2225
-2607
-3114
-2903
-2898
-3105
-2975
-2693
-1847
-1621
-1267
-1303
-1454
-1138
-621
651
1706
2583
2842
2383
2093
2254
3149
4339
5209
5463
5236
4963
4826
4702
4565
4537
4534
4634
4446
4227
3579
2703
1870
1438
1380
1842
1980
1453
643
-500
-816
-781
-394
-94
-97
-241
-930
-1612
-1954
-1639
-1106
-599
-274
-200
-258
-758
-1433
-1745
-1374
-406
108
232
-293
-1280
-2175
-2833
-2503
-1878
-1548
-1784
-2479
-2869
-2905
-3047
-3338
-4043
-4062
-3183
-2573
-2394
-3094
-3379
-3681
-3174
-1978
-929
-660
-1928
-2794
-2737
-1399
44
-347
-2208
-5220
-6704
-6151
-4048
-2080
-2572
-4750
-7344
-8409
-7509
-6119
-4685
-4399
-4836
-5174
-4927
-3676
-2420
-1852
-1535
-1328
113
1799
3486
4629
4786
4913
4775
5674
7202
8948
9979
9531
8746
8015
8042
8580
8879
9006
8144
6929
5698
4881
4815
4578
4071
3024
1795
1036
534
603
285
-323
-1042
-1613
-1310
-858
-311
-446
-889
-953
-714
249
1239
2075
2285
1973
1951
2165
2897
3428
3512
3245
2696
2461
2327
2250
1926
1220
380
-326
-737
-885
-1177
-1832
-2777
-3503
-3921
-4094
-3970
-3986
-4098
-4429
-4592
-4520
-4340
-4199
-4049
-3821
-3495
-2986
-2366
-1777
-1515
-1740
-2071
-2320
-1873
-1022
-345
-126
-707
-1317
-1950
-2346
-2570
-2707
-2346
-1806
-1142
-1007
-1286
-1777
-2218
-1611
-1165
-1485
-3531
-5816
-6289
-5309
-3963
-4284
-5898
-7688
-9199
-9255
-8413
-6603
-5588
-5844
-6385
-6497
-5387
-4074
-2865
-1717
-1063
-184
746
2232
3915
4848
5350
5582
6307
7392
8600
9753
10346
10288
9739
9437
9598
9895
10036
9644
8933
7969
7021
6436
6000
5497
4573
3435
2491
1736
1343
700
-20
-790
-1582
-1840
-2065
-1940
-1954
-2203
-2254
-2323
-1773
-1156
-430
-4
71
217
427
1232
2225
2936
3128
2603
2154
1878
2038
2510
2680
2776
2006
1259
525
105
-22
-531
-896
-1480
-1839
-2133
-2477
-2795
-3426
-3894
-4017
-3640
-3146
-2885
-2837
-3181
-3352
-3064
-2416
-1715
-1639
-1883
-2164
-2050
-1339
-500
-47
-370
-1413
-2133
-2007
-1318
-915
-817
-1193
-1794
-2564
-3419
-3603
-3422
-2459
-1789
-1621
-1978
-2369
-2387
-2200
-2065
-2349
-3317
-4653
-5670
-5883
-4995
-4618
-5012
-5967
-6582
-6759
-6782
-6901
-6572
-5942
-4850
-4021
-3558
-3453
-3435
-3103
-2399
-1116
229
1479
2619
3175
3740
3872
4362
5216
6028
7047
7679
8324
8563
8395
8148
7799
7717
7656
7609
7613
7302
6778
5957
5240
4625
4055
3567
2978
2553
2233
1923
1540
905
124
-593
-1085
-1110
-891
-732
-792
-823
-982
-1055
-1143
-1156
-905
-555
-80
237
418
257
-78
-274
-258
135
543
426
-120
-888
-761
-218
68
-343
-1670
-2207
-1799
-670
-57
-1188
-2474
-3084
-2400
-992
-929
-1679
-2988
-3612
-2849
-2212
-1687
-2077
-2246
-1907
-1942
-2506
-3221
-2961
-1709
-1085
-1459
-2479
-2889
-2169
-1109
-536
-932
-1646
-1731
-1000
2
353
-74
-796
-949
-559
134
609
400
1
-331
-129
292
617
547
318
103
109
406
552
684
668
539
329
138
168
328
384
319
242
219
184
76
60
104
6
-156
-406
-523
-479
-394
-161
-164
-178
-367
-474
-439
-252
38
57
41
8
40
212
343
610
828
885
982
1007
1117
1266
1356
1340
1218
1111
1194
1280
1355
1336
1275
1156
954
830
933
1091
1128
1023
852
859
869
861
832
868
798
793
808
925
928
860
851
743
675
669
760
752
690
533
469
367
349
361
417
391
231
128
3
17
-55
-165
-286
-421
-525
-594
-630
-704
-722
-813
-900
-900
-889
-939
-1017
-1045
-1078
-1161
-1108
-983
-924
-1040
-1235
-1191
-1157
-1077
-964
-903
-857
-868
-922
-925
-819
-692
-689
-698
-671
-636
-552
-513
-448
-516
-562
-557
-477
-327
-127
-16
54
11
6
60
62
147
123
27
-142
-301
-236
-127
-35
-3
-174
-360
-524
-446
-267
-186
-386
-734
-901
-819
-562
-325
-335
-544
-823
-946
-813
-500
-209
-204
-124
-66
173
483
687
741
549
290
301
587
881
1062
1032
807
531
486
708
1071
1261
1182
958
857
800
1034
1224
1287
1234
1141
1153
1228
1361
1327
1319
1234
1252
1415
1676
1764
1492
994
766
1072
1483
1608
1169
572
244
286
578
721
542
-14
-444
-459
-223
-21
-233
-714
-1154
-1295
-1480
-1885
-2536
-2716
-1156
1100
2315
806
-2270
-3903
-2567
924
3530
3162
494
-2398
-3306
-2131
-324
793
539
-248
-742
-918
-1055
-968
-761
-648
-736
-848
-381
-46
-267
-745
-822
-135
30
-472
-972
-893
-242
116
43
-321
-606
-501
-446
-455
-370
-162
-10
-197
-469
-523
-262
-244
-593
-857
-705
-118
21
-230
-396
-333
-303
-728
-1042
-736
-232
-16
-516
-1007
-994
-661
-367
-460
-670
-908
-857
-532
-55
135
44
-102
-112
66
300
544
690
723
847
790
858
981
1177
1428
1298
915
543
806
1776
2610
2284
946
58
518
1977
2666
1925
860
304
1070
1957
2489
2034
991
60
-211
535
1382
1718
1500
768
-146
-473
-176
464
240
-498
-634
-744
-1367
-2709
-3247
-2016
296
2549
2077
-547
-3589
-4670
-1469
3299
6678
5374
882
-2496
-2496
362
2059
1539
-236
-355
1825
3071
1634
-2918
-5667
-4072
-562
2430
1493
-866
-2257
-2311
-1016
-1372
-1441
-1418
-1589
-865
-326
970
765
-828
-2031
-2488
-1203
-85
1118
1001
-562
-1496
-1751
-177
545
-127
-694
-1795
-1200
47
1370
2021
824
-269
-532
267
1326
1017
-1
-1031
-983
155
701
-14
-1939
-3175
-2624
-1393
-844
-1650
-2779
-2916
-2222
-1570
-2028
-3100
-3523
-2651
-1114
-457
-1098
-1758
-1635
-607
453
435
-149
-304
748
2388
2941
2534
1716
1626
2309
3218
3803
3743
3468
3120
3034
3078
3318
3541
3320
2869
2216
2280
2902
3381
2876
1059
191
605
2148
2889
1820
594
-730
-512
-292
-263
184
-16
258
-571
-1112
-961
-1041
-718
-1198
-714
-329
-789
-1043
-1160
-255
-121
-1252
-2087
-1924
-354
588
911
239
-1793
-2082
-939
916
978
-1656
-1776
-54
1959
727
-2143
-1686
-210
916
-639
-1734
-201
779
932
-606
-1505
-718
-684
-712
-731
57
829
-165
-1670
-2239
-1436
-307
81
-307
-985
-1065
-905
-385
-504
-1169
-1833
-1856
-340
685
1040
528
-438
-358
211
2003
3143
2323
842
-408
-435
-556
-1326
-1655
-1442
-486
-528
-2491
-4906
-6064
-4775
-2965
-2507
-3412
-4552
-4639
-3622
-2837
-2771
-3131
-3040
-2161
-963
-187
-170
-533
-602
256
1838
3730
5492
6645
7232
7112
6386
5642
5282
5593
5948
6008
5805
5705
5740
5313
4829
4394
4224
3891
3091
2547
1998
2029
1402
-299
-1972
-3093
-2367
-1371
-1375
-2631
-4332
-4641
-4079
-3379
-3275
-3498
-2974
-2087
-1618
-2325
-3848
-4844
-4325
-2901
-1675
-1513
-2185
-2737
-2383
-1219
-1056
-2254
-3006
-1715
981
1692
-148
-2352
-2292
-13
1086
371
-544
411
2215
2385
831
-806
-672
314
1144
1201
696
967
760
421
-37
-655
-360
288
1801
2299
519
-1136
-1210
492
2024
1493
182
-170
1222
2566
1551
-818
-1555
261
2113
2038
1001
388
638
782
494
254
474
1712
2671
2082
-468
-3640
-4807
-3324
-78
2495
2474
836
-1333
-2296
-2302
-1902
-1533
-1425
-1008
-628
-530
-1536
-3174
-4229
-4244
-3195
-2277
-1794
-1270
-956
-913
-1741
-2386
-1693
280
2752
4109
4269
3634
3023
3310
4190
5324
5917
5979
5963
6100
6272
5812
4855
3768
3136
3152
3161
2688
1585
379
-320
-745
-1453
-2307
-2692
-2185
-1787
-2404
-3690
-4622
-4820
-4665
-4750
-4585
-4209
-3700
-3650
-4339
-5092
-5053
-4086
-2803
-2046
-2115
-2480
-2517
-2044
-1583
-1466
-1270
-508
508
948
299
-297
-107
846
1598
1378
1141
1195
1851
2590
2255
1548
793
972
1981
2293
2253
1647
1815
2336
1040
-67
60
2067
3279
1815
293
-55
415
920
938
984
1421
1524
1403
1173
1195
1783
826
-787
-864
972
3680
3836
1953
205
153
1940
2480
661
-2259
-3739
-3035
-1644
-1141
-1576
-2585
-3879
-5731
-7671
-8337
-6571
-3784
-2381
-3682
-6329
-7957
-7553
-5642
-3841
-3061
-2945
-2631
-1703
-577
-29
-134
-222
554
2367
4360
5832
6368
6054
5380
4950
5470
6873
8495
9445
9088
7827
6284
5542
5806
6548
6845
5994
4703
3506
2880
2484
1844
876
-199
-739
-767
-732
-1288
-2465
-3736
-4545
-4778
-4625
-4247
-3750
-3655
-4239
-5434
-6307
-6026
-4735
-3036
-2168
-2500
-3507
-4090
-3371
-1886
-484
123
16
11
343
821
1146
1210
1367
1715
2372
2712
2515
1717
1286
1916
2619
2456
896
106
1209
2343
1445
-1284
-1899
391
2195
879
-2496
-4198
-2639
-393
83
-1303
-2260
-967
-147
-1467
-3554
-2993
612
2777
1870
-801
-2022
-970
-280
25
26
966
2306
2783
2083
-281
-3404
-5769
-5845
-3259
-136
1442
-250
-4428
-8776
-10717
-9172
-5429
-2204
-1410
-3199
-6017
-8311
-8949
-7660
-4743
-1760
-256
-477
-1477
-1853
-1540
-640
474
2128
4231
6082
7058
6773
5730
4820
4959
6646
9143
11057
11274
9784
7550
6016
5937
7252
8815
9414
8529
6461
4352
2864
2501
2749
3174
2950
1990
524
-841
-1887
-2787
-3483
-3821
-3648
-3368
-3498
-4295
-5484
-6708
-7301
-6806
-5286
-3839
-3334
-4196
-5272
-5597
-4568
-2794
-1176
-391
-473
-758
-578
136
1022
1721
2293
2808
3053
3048
2975
2954
2830
2654
2626
2992
3256
3003
2198
1397
964
816
1032
1187
982
-134
-1415
-2009
-2018
-1969
-2003
-1508
-880
-1399
-3115
-4189
-3553
-1709
-530
-648
-1402
-2019
-1803
-919
-101
210
194
416
734
109
-1581
-3576
-4734
-4564
-3686
-2507
-1980
-2772
-5272
-8441
-10096
-9095
-6150
-3444
-2989
-4788
-7643
-9245
-8657
-6199
-3500
-1813
-1415
-1709
-2088
-1982
-1231
321
2143
3770
4954
5744
6230
6310
6204
6456
7455
8989
10380
10911
10489
9263
8114
7751
8443
9504
9961
9269
7625
5818
4472
4094
4435
4688
4270
2856
1203
-319
-1252
-1712
-1871
-2132
-2910
-3868
-4726
-5396
-5958
-6576
-6884
-6885
-6587
-6390
-6342
-6225
-6306
-6303
-6139
-5221
-3800
-2502
-1862
-1874
-2054
-1803
-777
857
2226
2866
2617
2317
2339
2872
3613
4226
4558
4503
4164
3735
3411
3141
2833
2600
2441
2314
1930
1184
222
-623
-956
-855
-984
-1580
-2299
-2383
-2071
-2055
-2465
-2945
-2785
-2374
-1999
-1762
-1213
-705
-643
-1159
-976
-126
665
-535
-2843
-5050
-5416
-4668
-3439
-2410
-2360
-4180
-7733
-10372
-10071
-6962
-4136
-3548
-5397
-7736
-9321
-8988
-6990
-4201
-2404
-2167
-2996
-3406
-3041
-1634
292
2271
3364
3794
4200
5198
6141
6531
6892
7940
9474
10510
10539
10089
9376
8919
8890
9675
10699
10785
9700
7815
6384
5574
5671
6101
6268
5378
3428
1543
347
28
-152
-395
-818
-1832
-3251
-4686
-5388
-5493
-5561
-5575
-5755
-6261
-7065
-7557
-7030
-5974
-5345
-5257
-5238
-4720
-4108
-3524
-2862
-1980
-1050
-524
92
690
1327
1579
1818
2418
3253
3902
4120
4121
3992
3755
3752
4054
4436
4231
3554
2950
2555
2302
1877
1545
1054
225
-719
-1324
-1281
-1242
-1627
-2278
-2770
-2766
-2534
-2126
-1826
-1947
-2406
-2512
-1839
-911
-296
-495
-743
-1583
-2543
-4076
-5269
-5742
-5092
-3207
-2002
-2889
-6780
-10583
-11240
-8228
-4446
-2995
-4328
-6959
-9412
-10097
-8397
-4613
-1397
-815
-2632
-4525
-4515
-2645
181
2795
4211
4243
3578
3561
4567
6078
7664
8999
9886
9863
9428
9151
9314
9440
9597
10244
10949
10833
9335
7512
6468
6357
6708
7046
6905
5795
3532
1299
273
677
1393
1470
420
-1518
-3736
-5231
-5030
-4045
-3322
-3950
-5558
-7327
-8419
-7916
-5975
-4031
-3813
-5417
-6924
-6685
-4913
-2951
-1687
-1182
-1438
-1948
-1820
-535
1172
2139
2200
2191
2500
2930
3273
3533
3780
3880
3977
4265
4438
4050
3288
2816
2920
3055
2882
2265
1431
386
-518
-572
-85
179
-626
-1835
-2620
-2691
-2318
-1687
-1125
-1101
-1894
-2638
-2460
-1368
-6
60
-909
-2829
-3995
-4696
-5134
-5700
-5060
-3094
-2033
-4266
-9057
-11812
-10133
-5972
-3507
-3927
-6178
-8298
-9980
-9749
-6769
-2388
-445
-2062
-4701
-5389
-3662
-890
1675
3506
4020
3407
2823
3476
5169
7100
8752
9759
9794
8981
8502
8942
9821
10343
10665
10975
10716
9373
7753
7104
7573
8115
7881
7078
5733
4063
2446
1934
2397
2771
2046
320
-1455
-2835
-3339
-3263
-2929
-3314
-4396
-5879
-6844
-7401
-6802
-5800
-4659
-4914
-6228
-7131
-6835
-5160
-3696
-2585
-2236
-2334
-2630
-2493
-1424
86
1306
1809
1802
1740
1673
2124
2828
3752
4206
4235
4008
3602
3337
3235
3535
3803
3659
2992
2102
1369
655
429
533
795
365
-756
-1828
-2211
-1909
-1469
-1144
-1206
-1574
-2223
-2236
-1754
-889
-378
-377
-796
-2063
-3467
-4756
-5501
-5558
-4808
-2700
-1923
-4049
-9098
-12077
-10345
-5711
-2830
-3570
-6373
-9179
-10990
-10187
-6307
-1677
-367
-3166
-6469
-6697
-3927
-510
2185
3524
3210
1620
956
2577
5703
8065
8963
8865
8348
7789
7870
8890
10224
10865
10867
10576
9885
8659
7653
7688
8540
8889
8300
6894
5202
3667
2828
3248
3891
3783
2153
-46
-1843
-2682
-2212
-1466
-1283
-2979
-5162
-6820
-6557
-5914
-5273
-5109
-5433
-5998
-7185
-7253
-6406
-4846
-3895
-3603
-3464
-3392
-3235
-2872
-1762
-351
732
1126
916
812
878
1649
2781
3913
4325
3924
3193
2656
2775
3511
4400
4693
3879
2643
1582
1241
1318
1490
1694
1341
452
-811
-1632
-1709
-1307
-836
-690
-916
-1814
-2678
-2755
-1835
-411
52
47
-979
-2011
-3594
-4264
-4553
-4258
-4654
-4188
-3539
-3781
-6639
-10371
-10712
-7539
-3979
-3951
-6461
-8880
-9888
-9610
-7535
-4121
-1665
-2948
-6029
-7332
-4823
-1171
1399
2251
2149
1257
714
1770
4704
7439
8461
8054
7420
7188
7544
8607
10067
10941
10661
9813
9083
8604
8355
8452
8932
8976
8109
6660
5283
4541
4264
4536
4587
3805
2057
242
-744
-883
-751
-665
-1258
-2763
-4857
-6102
-5985
-4968
-4812
-5137
-5867
-6281
-6768
-7121
-6451
-5227
-4081
-3868
-4060
-4136
-3834
-3165
-2086
-776
105
239
-126
-163
594
1747
2929
3418
3408
2973
2624
2793
3471
4230
4467
4006
3216
2478
2156
2121
2186
1918
1350
553
-81
-407
-603
-725
-960
-1282
-1624
-1934
-1994
-1958
-1666
-1427
-1133
-959
-950
-1188
-1523
-1996
-2137
-2623
-3805
-5569
-6235
-4261
-1815
-2063
-6270
-10486
-10521
-7036
-3871
-3600
-5356
-7601
-9735
-10055
-7407
-2960
-983
-3106
-6340
-6826
-4319
-1282
829
2069
2153
1149
399
1742
4551
6797
7519
7470
7469
7261
7255
7911
9369
10388
10431
9769
9046
8407
7934
8066
8616
8896
8157
6651
5177
4409
4395
4787
4753
3754
2096
355
-527
-719
-213
-72
-809
-2855
-4873
-5800
-5263
-4518
-4323
-4514
-5299
-6061
-7108
-6978
-5806
-4239
-3531
-3769
-4217
-4399
-4009
-3110
-1580
-161
241
-259
-819
-347
865
2231
3115
3312
2914
2320
2181
2868
3955
4562
4385
3460
2611
2148
2196
2554
2689
2302
1335
280
-420
-484
-305
-216
-652
-1283
-1941
-2219
-2106
-1810
-1240
-999
-1030
-1621
-1667
-1552
-1269
-1742
-2566
-3099
-4417
-5485
-6215
-3929
-1961
-2602
-7089
-10719
-9908
-6264
-3739
-3949
-5693
-7618
-9400
-9467
-6439
-2425
-1118
-3566
-6017
-5711
-3167
-830
818
2007
2246
1396
1057
2499
5035
6711
7310
7425
7527
7276
7295
8143
9488
10307
10102
9451
8618
7976
7710
8129
8851
8728
7521
5756
4481
4095
4499
4806
4544
3102
1279
-246
-717
-366
21
-193
-1723
-3630
-4997
-5209
-4422
-4223
-4187
-4978
-5618
-6276
-6535
-5708
-4782
-3880
-4006
-4264
-4398
-3862
-3104
-2125
-1194
-642
-423
-607
-463
279
1359
2414
2748
2726
2276
2057
2388
3184
4038
4264
3716
2908
2266
2164
2425
2733
2510
1653
559
-180
-165
40
-18
-589
-1325
-1831
-1950
-1680
-1416
-1400
-1533
-1648
-1452
-1309
-1123
-1259
-1415
-2017
-2295
-3693
-5118
-6337
-4883
-1977
-1264
-4334
-9444
-10971
-8430
-4381
-2707
-3831
-6574
-9361
-10386
-7954
-3465
-528
-2052
-5327
-6836
-5083
-1931
638
2131
2171
1001
182
1069
3741
6107
7289
7350
7086
6715
6617
7390
8921
10125
10224
9459
8520
7861
7528
7886
8674
9140
8260
6322
4520
3945
4452
5280
5164
3939
1873
48
-503
-106
711
383
-1035
-3032
-4472
-4754
-4526
-4148
-4227
-4374
-4881
-5701
-6412
-6365
-5199
-3991
-3560
-3803
-4207
-4351
-3822
-2827
-1278
-334
-371
-984
-1238
-498
840
2205
2854
2737
2087
1648
1905
2840
3890
4188
3781
2854
2170
2079
2363
2626
2544
1846
1007
133
-273
-241
-28
-130
-655
-1381
-1998
-2095
-1769
-1257
-707
-878
-1458
-2041
-1915
-1254
-1149
-2041
-3315
-4642
-5370
-5846
-4295
-2395
-2521
-5861
-10166
-10281
-6899
-3630
-3464
-5554
-7764
-9067
-9010
-6519
-2995
-1212
-3240
-5843
-6043
-3425
-645
825
1550
1772
1273
987
2177
4639
6549
7070
7006
7108
7140
6994
7560
8956
10292
10235
9009
7827
7392
7753
8384
8882
8529
7078
5160
4030
4378
5313
5468
4236
2336
839
101
255
524
520
-581
-2309
-3639
-4129
-3811
-4080
-4294
-4783
-4822
-5077
-5665
-5769
-5661
-4896
-4317
-3971
-3792
-3953
-4012
-3457
-2225
-959
-449
-817
-1227
-884
154
1601
2414
2600
2119
1699
1984
2714
3677
4068
3732
3143
2597
2503
2735
2932
2812
2203
1328
619
340
341
327
-38
-616
-1283
-1537
-1619
-1278
-1076
-1131
-1492
-1972
-1604
-1054
-847
-1714
-2980
-3373
-4041
-4820
-5936
-4743
-2562
-2665
-5908
-10048
-9973
-6802
-4105
-4210
-5928
-7692
-8953
-9058
-6588
-2932
-1453
-3830
-6584
-6237
-3155
-222
938
1307
1146
621
634
2359
5112
6811
6770
6307
6503
6969
7413
8171
9384
10197
9693
8558
7867
7930
8344
8613
8809
8277
6908
5109
4271
4730
5505
5385
3901
2165
849
364
560
743
650
-470
-2173
-3619
-3985
-3626
-3496
-4017
-4800
-5068
-5467
-5755
-5947
-5314
-4399
-3981
-4313
-4584
-4387
-3750
-2860
-1761
-746
-711
-1250
-1623
-668
968
2132
2363
2030
1554
1552
2217
3342
4198
4034
3123
2503
2644
3102
3437
3120
2653
1894
1214
725
563
577
357
-61
-634
-1182
-1707
-1942
-1825
-1524
-1077
-875
-1239
-1849
-2414
-2142
-1489
-1472
-1902
-3213
-5075
-6449
-6365
-3125
-1121
-2549
-7763
-11111
-9393
-5264
-2790
-3633
-6014
-8360
-9828
-8464
-4470
-904
-1437
-5131
-6948
-5236
-1608
669
1571
1710
1110
479
1154
3570
5978
6812
6616
6682
6956
6837
7036
8228
9951
10449
9447
8101
7397
7538
8034
8834
9132
8164
5961
4084
3894
5130
6020
5315
3355
1323
203
86
738
1291
661
-1186
-3334
-4236
-3581
-3044
-3074
-4091
-4956
-5440
-5724
-5679
-5151
-4478
-4202
-4322
-4675
-4597
-4129
-3356
-2242
-1263
-978
-1413
-1795
-1357
-35
1399
2058
2007
1453
1189
1561
2668
3691
4001
3432
2574
2299
2538
3087
3312
3124
2409
1451
790
682
928
899
333
-287
-872
-1250
-1484
-1558
-1129
-1094
-1235
-1520
-1692
-1459
-1269
-1660
-2049
-2930
-2902
-3583
-4667
-5979
-5232
-3056
-2719
-5370
-9276
-9655
-7022
-4536
-4400
-5779
-7450
-8575
-8831
-6443
-3216
-1888
-4083
-6268
-5727
-2868
-585
250
626
755
605
886
2502
4729
5945
5915
6025
6637
7117
7211
7725
8915
9906
9619
8661
8039
8048
8397
8590
8784
8375
7011
5452
4663
5238
5898
5538
4061
2317
1166
732
980
1415
1036
-434
-2496
-3541
-3301
-2926
-3074
-4204
-4766
-5167
-5586
-5515
-5615
-5023
-4822
-5010
-4903
-4656
-4457
-3939
-3400
-2313
-1513
-1587
-1817
-1597
-557
701
1425
1629
1422
1360
1690
2453
3391
3750
3408
2835
2729
3129
3635
3649
3105
2583
1988
1688
1487
1286
1118
524
-1
-586
-848
-1044
-1160
-1290
-1425
-1383
-1371
-1344
-1563
-1416
-1300
-1745
-2892
-3742
-3567
-3650
-4608
-5973
-4835
-3517
-4011
-7489
-9713
-8328
-5341
-4528
-5820
-7254
-7978
-8369
-7533
-4925
-2459
-3018
-5751
-6475
-4181
-1036
306
365
384
441
580
1802
4120
5931
6079
5590
5952
6955
7501
7737
8475
9543
9748
8936
8115
8146
8550
8765
8782
8557
7735
6247
5114
5268
6007
5929
4557
2687
1734
1329
1525
1481
1159
-136
-1908
-3189
-3026
-2396
-2289
-3599
-5161
-5690
-5523
-4781
-4652
-5029
-5435
-5580
-5416
-4553
-3963
-3704
-3672
-3559
-2682
-1862
-1480
-1358
-1022
-259
478
973
1210
1410
1680
2041
2596
3060
3182
2995
2834
2999
3298
3490
3294
2796
2247
1865
1834
1738
1430
789
250
-161
-387
-634
-988
-1186
-1461
-1474
-1591
-1627
-1580
-1521
-1436
-1202
-1955
-2755
-3898
-3550
-3130
-3858
-5614
-6239
-4513
-3801
-5241
-8521
-8846
-6883
-5209
-5437
-6396
-7028
-7566
-8037
-6509
-3771
-2512
-4291
-6051
-5092
-2275
-234
114
366
631
755
1286
3034
5210
6068
5675
5591
6517
7470
7720
8087
8890
9615
9249
8505
8241
8475
8781
8594
8513
8024
7025
5736
5241
5684
6063
5259
3518
2158
1547
1589
1657
1314
604
-1107
-2379
-3095
-2637
-2433
-3118
-4152
-5131
-5294
-5394
-5208
-5116
-4942
-5084
-5291
-5207
-4844
-4200
-3690
-3153
-2712
-2473
-2370
-2078
-1308
-343
487
644
680
759
1229
2017
2693
3121
3108
2811
2660
2946
3431
3675
3448
2923
2363
2097
1942
1905
1661
1194
608
118
-241
-528
-640
-786
-1022
-1378
-1571
-1538
-1210
-1248
-1120
-1586
-2281
-3143
-3457
-2905
-3523
-4747
-6496
-5339
-3741
-3823
-6542
-9183
-8688
-6324
-4957
-5229
-6526
-7666
-8434
-7748
-5220
-2903
-2958
-5264
-6094
-4354
-1416
176
391
220
204
623
1928
4122
5596
5776
5390
5785
7008
7636
7962
8408
9151
9406
8847
8433
8424
8778
8820
8723
8506
7769
6574
5610
5499
6039
5962
4845
3156
1995
1626
1763
1777
1219
75
-1667
-2773
-2918
-2224
-2061
-3320
-4966
-5743
-5262
-4452
-4516
-5240
-5629
-5662
-5257
-4646
-4223
-3856
-3901
-3835
-3045
-2244
-1756
-1734
-1419
-697
1
397
573
952
1412
1898
2485
2891
2887
2635
2579
2999
3571
3543
3045
2461
2151
2184
2130
1919
1506
952
378
9
-44
-150
-516
-1151
-1416
-1401
-1253
-1462
-1637
-1402
-1272
-1194
-1980
-2625
-3286
-3147
-3419
-4064
-5140
-5328
-4249
-4095
-5527
-7844
-8274
-6694
-5112
-5408
-6615
-7562
-7642
-7128
-5761
-4272
-3794
-4932
-5739
-4527
-2201
-584
-492
-597
-147
744
1723
3033
4315
4975
5184
5429
6330
7192
7581
7921
8443
8970
8920
8565
8477
8728
8942
8725
8354
7831
7115
6438
6022
6141
6001
5257
3893
2902
2390
2283
2020
1367
603
-512
-1450
-2027
-2076
-2430
-3100
-4294
-4470
-4367
-4432
-4907
-5556
-5457
-4994
-4766
-4736
-4536
-4534
-4191
-3866
-3042
-2342
-2150
-2329
-2074
-1177
-266
205
365
537
904
1372
1874
2417
2677
2515
2411
2620
3028
3192
2957
2527
2369
2111
1884
1759
1498
1200
663
263
175
-7
-412
-945
-1072
-980
-760
-1018
-1308
-1585
-1368
-1276
-1562
-2382
-3059
-3083
-3682
-4371
-5429
-4901
-3840
-4193
-6080
-8030
-7908
-6364
-5315
-5497
-6318
-7261
-7871
-7448
-5502
-3722
-3530
-5044
-5695
-4356
-2226
-703
-369
-194
-80
499
1560
3192
4433
4828
5015
5494
6444
6902
7279
7709
8547
9006
8790
8408
8286
8487
8615
8735
8506
7812
6768
5889
5964
6331
6023
4960
3461
2684
2416
2353
2021
1192
229
-753
-1350
-1695
-1923
-2506
-3278
-3945
-4290
-4292
-4382
-4775
-5007
-5128
-4956
-4705
-4615
-4560
-4355
-4048
-3534
-2990
-2756
-2456
-2255
-1699
-1093
-528
-105
145
458
801
1279
1711
2096
2135
2200
2276
2565
2895
2868
2781
2507
2258
2018
1812
1744
1602
1193
608
217
-39
-93
-292
-502
-833
-1196
-1546
-1243
-841
-581
-894
-1504
-2058
-2787
-2991
-2376
-1846
-2982
-5338
-6678
-4839
-2866
-3289
-6231
-8312
-7804
-6017
-4837
-4813
-5584
-7089
-7967
-6862
-4278
-2605
-3419
-5139
-5090
-3330
-1293
-373
-70
48
345
976
2308
3772
4509
4618
4978
5974
6816
6863
6827
7393
8434
8918
8594
8113
7852
7953
8139
8368
8284
7454
6234
5408
5592
6010
5758
4612
3199
2383
2034
1934
1828
1234
229
-1003
-1863
-2064
-2062
-2408
-2950
-3618
-4095
-4570
-4758
-4625
-4379
-4321
-4581
-4802
-4724
-4300
-3750
-3165
-2935
-2890
-2795
-2397
-1766
-1129
-665
-394
-183
52
531
1049
1484
1649
1720
1881
2075
2292
2353
2332
2299
2191
2075
1800
1512
1287
1091
927
683
396
-36
-439
-736
-681
-664
-783
-1141
-1295
-1227
-1184
-987
-1068
-1235
-2024
-2715
-2750
-2423
-3087
-4198
-5198
-4256
-3325
-3978
-5917
-7414
-6877
-5593
-4764
-5049
-5898
-6779
-7186
-6201
-4397
-3227
-3607
-4860
-4796
-3372
-1547
-553
-295
-231
0
712
1973
3424
4281
4429
4630
5429
6322
6765
6953
7424
8144
8481
8206
7928
7957
8251
8396
8295
7855
7138
6356
5983
6151
6261
5712
4472
3285
2754
2684
2608
2104
1158
47
-917
-1287
-1255
-1276
-1940
-2967
-3760
-3979
-3833
-3772
-3943
-4358
-4595
-4722
-4477
-4110
-3892
-3698
-3682
-3414
-3081
-2681
-2244
-1828
-1459
-1265
-993
-624
-89
376
747
1007
1207
1318
1425
1737
2063
2237
2146
1949
1777
1761
1802
1746
1536
1097
685
449
281
110
-144
-373
-644
-990
-1293
-1181
-1003
-974
-1212
-1567
-1298
-1064
-1242
-1851
-2616
-2310
-1949
-2131
-3596
-4911
-4848
-3397
-2783
-3947
-6053
-7036
-6140
-4678
-3898
-4458
-5653
-6771
-6522
-4919
-3141
-2797
-3765
-4578
-3850
-2227
-878
-246
-126
12
517
1457
2746
3649
3907
4066
4828
5825
6367
6392
6506
7308
7929
8013
7691
7518
7648
7764
7860
7933
7532
6688
5847
5668
6045
5978
5115
3873
3005
2683
2674
2435
1760
709
-524
-1001
-1078
-932
-1426
-2506
-3284
-3655
-3417
-3470
-3681
-4077
-4335
-4315
-4229
-3955
-3909
-3727
-3657
-3313
-2945
-2753
-2533
-2319
-1750
-1202
-844
-743
-638
-263
314
896
1118
1133
1048
1128
1570
1925
2120
1898
1583
1446
1479
1575
1378
1076
745
476
339
20
-203
-394
-520
-791
-1062
-1284
-1292
-1231
-1209
-1113
-1035
-1135
-1338
-1950
-2108
-2295
-1905
-2069
-3059
-4112
-4862
-3651
-2978
-3112
-5061
-6551
-6387
-4994
-3860
-4098
-5130
-6143
-6318
-5309
-3788
-2692
-3069
-4069
-4235
-2990
-1216
-249
-34
-52
329
1061
2077
3117
3756
4074
4477
5176
5866
6077
6302
6806
7612
7948
7723
7325
7199
7496
7800
7988
7585
6798
5951
5612
5869
5947
5453
4289
3223
2638
2613
2711
2280
1241
-41
-810
-863
-648
-980
-1815
-2816
-3384
-3434
-3341
-3285
-3470
-3950
-4315
-4378
-3930
-3541
-3465
-3601
-3546
-3276
-2881
-2539
-2243
-1863
-1685
-1356
-1001
-624
-321
-142
179
666
967
1123
1129
1231
1503
1717
1870
1742
1509
1271
1276
1295
1303
1015
576
257
22
21
-89
-276
-667
-818
-1139
-1152
-1365
-1077
-1043
-1028
-1192
-1111
-1362
-1929
-2584
-2357
-1803
-1872
-3023
-4356
-4649
-3981
-3090
-3379
-4436
-5826
-6087
-5402
-4300
-3874
-4408
-5393
-5833
-5087
-3741
-2879
-2948
-3426
-3262
-2446
-1310
-386
101
310
597
1279
2283
3100
3519
3936
4592
5346
5764
5866
6016
6523
7193
7617
7578
7202
6930
6918
7243
7512
7263
6549
5770
5372
5452
5459
5073
4212
3278
2832
2549
2242
1620
1027
456
-78
-765
-1276
-1619
-1901
-2232
-2682
-3004
-3295
-3569
-3725
-3597
-3521
-3559
-3869
-3905
-3675
-3194
-2912
-2809
-2829
-2678
-2298
-1842
-1344
-1146
-969
-824
-497
-15
301
525
648
846
1109
1197
1258
1306
1381
1400
1323
1300
1187
854
513
409
598
583
259
-265
-628
-720
-703
-557
-647
-812
-1119
-1064
-910
-653
-769
-1189
-1692
-2106
-1991
-1696
-1745
-2546
-3741
-4304
-3842
-2942
-3035
-4108
-5510
-5774
-4996
-4143
-3903
-4545
-5087
-5419
-4972
-4099
-3321
-3028
-3298
-3230
-2690
-1740
-1062
-473
56
618
1163
1566
2244
3077
3862
4522
4901
5079
5200
5565
6323
7167
7397
7095
6663
6614
7024
7383
7482
7058
6364
5680
5518
5723
5781
5189
4138
3305
3000
2930
2615
2004
1187
549
-39
-385
-877
-1252
-1762
-2075
-2434
-2754
-3117
-3380
-3361
-3459
-3416
-3636
-3702
-3671
-3576
-3286
-3043
-2851
-2789
-2713
-2395
-1891
-1441
-1238
-1148
-1084
-760
-311
103
395
452
538
619
873
1164
1439
1401
1152
977
1013
1176
998
797
530
500
412
186
-102
-497
-593
-473
-318
-433
-861
-1264
-1278
-880
-237
-46
-661
-2063
-2803
-2420
-1103
-642
-1801
-3696
-4926
-4296
-2886
-2218
-3181
-5107
-6095
-5599
-4274
-3532
-3828
-4656
-5296
-5239
-4420
-3524
-2907
-3034
-3146
-2798
-2149
-1379
-832
-87
616
1243
1515
1837
2452
3348
4418
5089
5310
5111
5022
5573
6532
7351
7363
6863
6328
6316
6688
7137
7291
6827
5924
5175
5006
5342
5379
4792
3860
3050
2686
2408
2170
1678
1161
464
-68
-635
-1120
-1428
-1758
-1794
-2210
-2675
-3287
-3528
-3308
-3022
-2907
-3300
-3713
-3878
-3552
-2859
-2453
-2391
-2733
-2871
-2559
-1872
-1302
-1063
-1117
-1097
-756
-279
203
341
435
514
699
907
937
1015
1053
1234
1252
1085
780
536
608
660
675
392
-23
-391
-602
-361
-57
-3
-600
-1278
-1198
-438
329
-3
-957
-1962
-2312
-1901
-1284
-938
-1934
-3655
-4900
-4387
-2795
-2314
-3390
-5381
-6192
-5698
-4584
-3796
-4003
-4834
-5798
-5755
-4568
-3221
-2686
-3183
-3545
-3178
-2218
-1154
-486
113
408
800
1331
2052
2893
3530
4231
4799
5174
5111
5184
5714
6640
7261
7192
6757
6381
6448
6822
7302
7348
6730
5700
5064
5090
5589
5576
4961
3799
2839
2418
2437
2659
2248
1260
-164
-895
-847
-323
-587
-1504
-2674
-3164
-2874
-2590
-2549
-3126
-3679
-4032
-3831
-3408
-3056
-3028
-3251
-3269
-3007
-2540
-2179
-2021
-1838
-1604
-1282
-1091
-861
-523
-142
230
426
532
480
447
765
1208
1491
1176
709
595
757
1119
1118
1023
515
-23
-243
3
455
270
-282
-914
-937
-656
-294
-293
-458
-851
-876
-1022
-1197
-1529
-1886
-1471
-1712
-2014
-3497
-4140
-3988
-2888
-2443
-3480
-5088
-6092
-5347
-3998
-3339
-3941
-5218
-5879
-5412
-4121
-2857
-2698
-3260
-3877
-3207
-1926
-649
-247
-270
-54
537
1466
2281
2957
3431
3868
4434
4765
5117
5288
5736
6391
6774
6890
6532
6329
6525
6873
7192
6903
6284
5563
5256
5411
5476
5351
4542
3720
2966
2716
2708
2521
1935
867
50
-427
-416
-554
-1046
-1732
-2345
-2621
-2642
-2710
-2777
-3124
-3373
-3652
-3568
-3409
-3279
-3176
-3178
-2978
-2867
-2657
-2482
-2100
-1813
-1513
-1415
-1250
-985
-638
-130
167
370
338
302
533
862
1205
1198
1017
959
1004
1059
931
859
793
704
521
285
42
-136
-142
-156
-199
-574
-745
-678
-561
-454
-553
-459
-819
-1586
-2132
-2150
-1006
-1303
-2085
-4125
-4667
-3730
-2572
-2303
-3886
-5376
-6003
-5210
-3904
-3414
-3889
-5130
-5943
-5193
-3872
-2575
-2756
-3430
-3610
-2896
-1736
-838
-282
-87
241
721
1454
2312
2891
3514
4079
4711
4889
4902
5135
5773
6679
6881
6735
6265
6129
6440
6827
7047
6648
5921
5276
5103
5333
5443
5064
4273
3390
2916
2578
2450
2186
1744
1074
7
-693
-1039
-794
-693
-1253
-2100
-3082
-3195
-2918
-2446
-2440
-3028
-3657
-4069
-3629
-2930
-2431
-2562
-2973
-3077
-2725
-2133
-1711
-1426
-1335
-1360
-1205
-939
-319
44
288
318
345
478
513
891
1194
1386
1084
774
784
961
1007
884
747
559
243
-161
-190
-27
168
-134
-555
-910
-828
-517
-251
-257
-553
-861
-1424
-1847
-2012
-1538
-998
-1630
-3062
-4533
-4368
-2926
-2370
-2742
-4758
-5532
-5760
-4592
-3559
-3493
-4113
-5574
-5623
-4658
-3144
-2383
-2946
-3310
-3322
-2437
-1313
-542
109
33
360
823
1818
2671
3133
3663
4150
4796
4827
4964
5308
5977
6675
6653
6514
6100
6123
6319
6694
6901
6333
5650
4859
4883
5116
5170
4761
3788
2848
2322
2233
2569
2237
1430
70
-738
-738
-559
-379
-1187
-1941
-2771
-2922
-2660
-2498
-2508
-3083
-3491
-3708
-3376
-3002
-2792
-2740
-2806
-2737
-2579
-2311
-1915
-1583
-1297
-1191
-1131
-996
-734
-185
285
570
450
251
339
734
1265
1432
1249
893
666
839
1125
1271
979
526
172
176
193
107
-22
-185
-318
-640
-837
-697
-341
-103
-269
-728
-1025
-1440
-1347
-1558
-1134
-1524
-2208
-3317
-4029
-3347
-2863
-2651
-3817
-5001
-5227
-4876
-3967
-3938
-4327
-4919
-5368
-4710
-4017
-3190
-3209
-3441
-3195
-2720
-1869
-1421
-763
-213
252
745
1142
1841
2411
3170
3883
4465
4682
4584
4834
5441
6269
6586
6375
6058
5879
6228
6560
6754
6458
5826
5271
5005
5109
5144
4843
4120
3290
2835
2589
2560
2195
1671
871
186
-217
-531
-602
-982
-1449
-1968
-2440
-2563
-2642
-2626
-2779
-2994
-3125
-3196
-3105
-3032
-2870
-2643
-2528
-2467
-2494
-2286
-1935
-1535
-1245
-1094
-1013
-953
-670
-276
190
322
356
331
464
670
876
1102
1101
933
731
774
875
870
761
596
368
93
-127
-81
1
-159
-447
-689
-541
-461
-414
-564
-600
-554
-879
-1450
-1901
-1696
-1157
-1598
-2682
-3854
-3766
-2923
-2677
-3088
-4336
-4875
-4976
-4307
-3658
-3690
-4353
-5132
-4929
-4011
-3075
-2789
-3106
-3143
-2828
-1978
-1322
-758
-439
-111
558
1187
1897
2216
2652
3318
4073
4629
4646
4684
4952
5541
6038
6236
6163
5999
5843
5866
6156
6323
6098
5455
4896
4704
4666
4604
4225
3634
3009
2468
2193
2072
1750
1192
401
-278
-485
-683
-663
-1230
-1755
-2291
-2553
-2339
-2458
-2382
-2893
-3131
-3252
-2994
-2618
-2594
-2500
-2680
-2417
-2222
-1896
-1635
-1545
-1326
-1164
-833
-653
-514
-328
-74
275
429
431
414
516
789
966
1055
938
740
652
641
751
800
570
310
-36
-31
8
13
-70
-449
-618
-734
-415
-333
-186
-501
-413
-1059
-1473
-2136
-1716
-1014
-1106
-2053
-3957
-4180
-3789
-2376
-2541
-3427
-4902
-5684
-5027
-4010
-3097
-3566
-4679
-5302
-4877
-3477
-2638
-2386
-2803
-2986
-2590
-1786
-718
-95
207
413
782
1507
2055
2742
3280
3933
4404
4495
4587
4682
5368
5996
6377
6257
5827
5603
5681
6090
6391
6152
5445
4601
4371
4501
4704
4407
3693
2965
2275
2091
1944
1906
1358
589
-261
-642
-790
-686
-913
-1364
-2039
-2651
-2654
-2443
-2084
-2346
-2764
-3211
-3149
-2734
-2343
-2142
-2284
-2423
-2376
-2033
-1573
-1252
-1077
-1057
-935
-765
-427
-91
180
293
308
369
449
562
695
768
870
813
710
566
481
587
524
544
198
61
-206
-255
-258
-199
-180
-499
-719
-773
-559
-384
-421
-456
-773
-1362
-2070
-2016
-1156
-864
-1595
-3502
-4232
-3663
-2435
-2212
-3218
-4518
-5170
-4878
-3905
-3244
-3284
-4211
-4982
-4678
-3692
-2656
-2504
-2667
-2797
-2488
-1909
-1149
-326
152
472
758
1210
1832
2334
3036
3726
4297
4368
4256
4484
5048
5819
6078
6039
5737
5431
5494
5663
6113
6069
5555
4754
4220
4317
4458
4449
3821
3032
2299
1953
1987
1901
1586
715
-77
-574
-669
-547
-742
-1180
-1818
-2305
-2472
-2428
-2231
-2290
-2505
-2853
-2965
-2722
-2391
-2157
-2186
-2200
-2208
-1974
-1714
-1352
-1031
-883
-820
-780
-585
-251
40
253
323
318
284
352
605
788
909
655
565
498
552
540
375
352
280
189
-136
-441
-516
-261
-30
-184
-689
-1009
-906
-425
-34
-66
-527
-1550
-2052
-2114
-968
-748
-1153
-2765
-3863
-3804
-3191
-2188
-2503
-3286
-4646
-5145
-4470
-3481
-2824
-3366
-4326
-4574
-4300
-3038
-2495
-2126
-2380
-2634
-2120
-1517
-293
81
499
638
1047
1733
2059
2791
3269
4006
4338
4237
4323
4444
5195
5690
6024
5851
5277
5073
5090
5738
5976
5689
4871
4035
3867
3992
4353
4074
3295
2337
1733
1758
1819
1662
905
104
-510
-749
-649
-730
-952
-1534
-2092
-2354
-2418
-2257
-2321
-2303
-2478
-2576
-2687
-2614
-2228
-1948
-1728
-1842
-1802
-1696
-1507
-1127
-745
-403
-488
-634
-578
-185
283
478
560
379
272
205
482
856
877
665
259
188
246
345
448
326
130
-234
-451
-542
-448
-282
-224
-320
-728
-1050
-1151
-512
203
362
-848
-2289
-3045
-1571
-187
-5
-2060
-4315
-4438
-3369
-1392
-1683
-2724
-4766
-5501
-4495
-3041
-2015
-3135
-4467
-5024
-4158
-2788
-2177
-2146
-2585
-2683
-2149
-1307
-357
-183
4
305
1004
1634
1808
2210
2770
3714
4190
4161
4131
4074
4668
5241
5836
5870
5244
4762
4750
5564
5936
5767
4879
4157
3908
3968
4255
4053
3514
2555
1984
1771
1893
1741
1209
551
-163
-476
-676
-653
-890
-1263
-1797
-2139
-2221
-2149
-2046
-2156
-2265
-2423
-2442
-2359
-2246
-1998
-1872
-1795
-1772
-1739
-1547
-1274
-971
-706
-608
-621
-578
-421
-55
279
431
362
223
245
419
663
760
661
409
192
192
362
441
324
-20
-302
-453
-407
-136
-132
-361
-815
-957
-639
-578
-449
-634
-365
-682
-1531
-2153
-2023
-619
-594
-1493
-3346
-3858
-3097
-2261
-1837
-2720
-3616
-4628
-4627
-3554
-2660
-2524
-3718
-4519
-4221
-3306
-2289
-2182
-2022
-2287
-2176
-1781
-1019
-66
138
476
709
1256
1638
1903
2721
3444
4023
3855
3701
4072
4501
5272
5463
5580
5182
4741
4767
5155
5714
5493
4882
4085
3764
3824
3957
3966
3427
2663
1893
1666
1806
1777
1314
494
-102
-446
-537
-616
-841
-1107
-1592
-1894
-2026
-2033
-1977
-2120
-2106
-2215
-2223
-2280
-2175
-1903
-1650
-1455
-1485
-1508
-1489
-1229
-828
-548
-453
-606
-638
-466
-66
268
407
308
147
87
271
573
711
567
219
65
22
152
199
173
-105
-356
-493
-431
-412
-448
-605
-616
-718
-748
-775
-663
-502
-277
-422
-1207
-2018
-2346
-1019
-410
-609
-2658
-3893
-3619
-2394
-1303
-1998
-3106
-4332
-4497
-3538
-2673
-2236
-3055
-3979
-4035
-3462
-2306
-2077
-1905
-2184
-2038
-1642
-1144
-416
-118
390
697
1200
1496
1674
2222
2909
3791
3984
3815
3640
3856
4643
5185
5496
5094
4620
4403
4627
5254
5380
5047
4197
3611
3578
3762
3877
3433
2830
2152
1777
1709
1635
1422
848
212
-275
-491
-510
-716
-954
-1383
-1660
-1825
-1930
-1930
-2061
-2007
-2051
-2038
-2111
-2180
-1966
-1719
-1405
-1450
-1550
-1541
-1329
-903
-647
-488
-566
-638
-512
-254
191
303
268
79
59
206
414
596
481
294
116
164
216
152
-12
-112
-154
-287
-367
-450
-450
-552
-659
-634
-632
-611
-770
-711
-585
-227
-589
-1217
-2167
-2041
-995
-348
-680
-2698
-3665
-3717
-2195
-1340
-1825
-3171
-4662
-4478
-3447
-2150
-2083
-3200
-4102
-4134
-3002
-2055
-1635
-1862
-2250
-1998
-1510
-637
-135
57
368
725
1397
1616
1970
2309
2950
3589
3802
3906
3742
3954
4475
5041
5353
4933
4532
4257
4633
5078
5141
4768
3972
3454
3317
3546
3690
3282
2616
1862
1584
1503
1497
1235
675
148
-366
-578
-736
-836
-1026
-1305
-1575
-1851
-1957
-1959
-1900
-1795
-1869
-1973
-2088
-1980
-1700
-1445
-1214
-1342
-1387
-1408
-1077
-657
-471
-442
-581
-494
-312
-22
183
316
262
115
113
162
387
439
298
110
-5
-23
-29
-127
-108
-223
-341
-582
-578
-431
-470
-619
-850
-766
-716
-683
-626
-317
-189
-440
-1439
-1925
-1983
-693
-216
-473
-2214
-3598
-3402
-2320
-999
-1545
-2686
-4076
-4186
-3266
-2133
-1803
-2516
-3647
-3854
-3143
-2030
-1413
-1584
-1966
-2118
-1680
-826
-220
132
195
494
972
1299
1624
1957
2625
3144
3516
3465
3417
3553
3986
4587
4780
4580
4145
3990
4197
4541
4685
4430
3863
3328
3110
3296
3286
3111
2512
1959
1604
1391
1405
1222
867
311
-176
-437
-508
-567
-736
-1017
-1304
-1574
-1617
-1601
-1529
-1519
-1647
-1728
-1804
-1717
-1528
-1360
-1206
-1185
-1189
-1163
-1028
-761
-506
-311
-399
-471
-465
-177
142
310
297
79
12
55
197
277
226
87
-45
-170
-200
-187
-101
-146
-344
-548
-668
-581
-535
-502
-528
-731
-928
-1006
-760
-492
-428
-518
-747
-1248
-1645
-1879
-967
-551
-635
-1940
-3055
-2925
-2388
-1221
-1473
-2084
-3286
-3876
-3163
-2270
-1409
-1944
-2775
-3338
-3169
-2048
-1422
-891
-1386
-1713
-1565
-984
154
394
687
479
769
1233
1573
2178
2400
2933
3064
3136
3252
3228
3683
3900
4354
4234
3783
3523
3368
3994
4115
4116
3590
2957
2667
2477
2899
2885
2643
1873
1211
1083
1014
1182
833
501
-114
-531
-638
-620
-461
-709
-992
-1382
-1532
-1475
-1354
-1098
-1150
-1260
-1548
-1638
-1320
-996
-684
-795
-941
-1045
-939
-572
-271
-78
-244
-474
-481
-173
118
229
107
6
-32
-37
-17
31
77
-8
-153
-283
-340
-376
-342
-414
-432
-646
-788
-836
-698
-519
-616
-790
-977
-950
-730
-658
-559
-634
-689
-667
-1173
-1159
-1641
-966
-874
-877
-1457
-2455
-2166
-2125
-1264
-1589
-1920
-2403
-2942
-2451
-2163
-1358
-1646
-2321
-2596
-2530
-1475
-1232
-853
-1208
-1336
-1052
-732
190
212
494
530
764
1234
1207
1824
2080
2677
2786
2709
2850
2831
3311
3485
3811
3656
3294
3188
3134
3586
3562
3495
3049
2626
2515
2447
2706
2444
2057
1513
1179
1249
1095
1056
648
338
-8
-214
-215
-329
-401
-729
-862
-981
-1051
-1006
-1016
-939
-1040
-1111
-1108
-1026
-905
-919
-786
-716
-620
-659
-673
-525
-286
-116
-176
-309
-399
-263
-62
112
108
-71
-174
-234
-63
1
-76
-230
-470
-495
-550
-488
-487
-547
-669
-861
-936
-903
-739
-683
-792
-976
-1079
-1051
-894
-754
-703
-723
-819
-722
-1010
-1202
-1597
-1243
-695
-571
-1056
-2061
-2190
-1864
-1149
-1090
-1492
-2081
-2429
-2263
-1731
-1297
-1285
-1792
-2041
-1913
-1390
-1023
-900
-833
-756
-638
-456
-179
269
527
765
927
1061
1204
1285
1834
2308
2630
2467
2231
2377
2763
3211
3295
3108
2792
2612
2835
3110
3292
2968
2612
2352
2292
2381
2261
2198
1867
1605
1260
1062
1001
871
797
487
223
-51
-245
-235
-265
-305
-522
-731
-803
-807
-695
-688
-685
-783
-883
-922
-837
-691
-569
-527
-623
-672
-699
-537
-322
-191
-241
-364
-447
-378
-247
-97
-25
-114
-254
-412
-356
-315
-291
-387
-500
-597
-635
-655
-617
-618
-693
-766
-897
-957
-954
-945
-885
-801
-817
-906
-1033
-988
-767
-612
-572
-692
-660
-652
-677
-923
-1106
-871
-634
-436
-958
-1470
-1724
-1446
-878
-746
-1027
-1742
-2095
-1803
-1045
-548
-929
-1605
-1991
-1454
-609
-189
-327
-891
-1006
-624
93
541
466
239
273
788
1285
1515
1421
1396
1637
1978
2295
2283
2204
2154
2364
2703
2812
2656
2287
2171
2265
2524
2564
2324
1943
1649
1682
1835
1901
1592
1144
805
784
875
886
641
326
4
-105
-32
72
97
-178
-439
-562
-392
-224
-251
-432
-581
-562
-473
-367
-421
-549
-613
-478
-278
-226
-306
-402
-410
-369
-271
-221
-236
-442
-508
-462
-258
-280
-429
-583
-574
-457
-472
-546
-777
-764
-745
-610
-769
-968
-1089
-1011
-755
-777
-882
-1170
-1195
-1013
-777
-659
-806
-909
-926
-733
-496
-454
-463
-684
-801
-885
-809
-537
-517
-605
-1020
-1132
-1059
-850
-718
-816
-891
-1096
-1065
-1053
-882
-862
-847
-751
-828
-780
-962
-642
-354
8
-64
-348
-249
13
633
756
741
489
448
830
1232
1640
1552
1370
1367
1570
1928
2018
2056
2003
1939
1929
1902
2003
1968
1939
1864
1788
1706
1500
1437
1326
1388
1300
1152
943
700
705
680
778
657
399
172
97
292
403
334
73
-142
-198
-109
31
24
-82
-295
-364
-303
-214
-195
-240
-322
-366
-384
-373
-337
-426
-497
-595
-561
-536
-558
-631
-691
-676
-682
-654
-758
-776
-808
-800
-767
-810
-772
-837
-892
-935
-911
-812
-851
-933
-999
-916
-744
-745
-840
-943
-854
-670
-581
-541
-623
-631
-568
-440
-276
-316
-502
-686
-643
-350
-211
-345
-625
-792
-594
-433
-303
-478
-612
-683
-624
-520
-536
-439
-475
-399
-442
-459
-410
-351
-166
-52
10
18
-12
108
288
501
606
557
573
717
951
1123
1142
1139
1203
1306
1401
1398
1454
1488
1523
1497
1477
1460
1399
1384
1335
1327
1246
1167
1063
954
917
909
908
817
702
601
603
643
614
530
404
420
370
373
334
285
217
81
76
67
60
-134
-310
-321
-146
98
41
-126
-384
-390
-229
-137
-134
-390
-550
-620
-549
-413
-395
-471
-684
-830
-823
-693
-613
-692
-837
-927
-904
-787
-717
-738
-826
-919
-891
-862
-773
-762
-773
-722
-688
-614
-605
-570
-483
-413
-318
-331
-328
-280
-170
-106
-146
-127
-45
59
-21
-170
-289
-323
-262
-273
-277
-410
-587
-675
-660
-494
-499
-602
-705
-739
-669
-574
-461
-403
-481
-584
-558
-391
-197
-170
-213
-213
-46
159
244
291
320
468
619
741
801
777
810
922
1129
1238
1173
1009
995
1119
1273
1271
1117
1021
972
1050
1101
1109
1028
896
813
825
921
893
811
693
663
692
670
632
563
556
534
484
400
365
350
327
290
234
216
117
39
21
44
44
-104
-220
-270
-241
-257
-305
-358
-426
-509
-607
-617
-573
-525
-573
-670
-783
-785
-733
-696
-724
-752
-778
-765
-755
-774
-713
-678
-613
-636
-669
-619
-538
-423
-425
-441
-429
-372
-309
-329
-313
-285
-237
-244
-265
-241
-204
-132
-122
-113
-95
-136
-158
-182
-106
-46
-96
-159
-213
-142
-104
-164
-293
-351
-278
-203
-218
-309
-386
-435
-442
-337
-179
-140
-313
-506
-449
-211
-22
-42
-173
-186
-121
55
214
279
239
113
219
459
670
663
535
552
682
862
895
844
779
799
907
1002
1035
929
835
827
924
1015
979
877
756
746
830
885
857
748
637
579
595
630
611
499
356
279
307
375
348
235
108
36
56
39
21
-66
-174
-235
-284
-269
-286
-316
-345
-396
-428
-458
-493
-493
-454
-459
-533
-634
-647
-569
-517
-514
-597
-668
-674
-645
-568
-535
-524
-523
-533
-511
-485
-431
-371
-355
-386
-407
-371
-290
-198
-165
-212
-264
-288
-216
-139
-111
-122
-176
-216
-227
-185
-86
-59
-122
-218
-239
-171
-117
-106
-143
-183
-260
-311
-315
-250
-188
-211
-260
-345
-393
-389
-300
-177
-161
-270
-411
-397
-248
-97
-59
-116
-177
-176
-78
52
160
197
148
112
141
229
370
468
501
483
452
497
594
687
764
779
753
722
724
788
835
860
831
781
744
744
789
805
761
686
613
562
536
516
506
475
424
359
328
310
269
219
203
210
175
80
1
-22
-30
-56
-108
-131
-169
-228
-271
-271
-247
-261
-309
-357
-365
-352
-331
-338
-399
-441
-426
-359
-323
-376
-429
-441
-389
-356
-368
-368
-366
-345
-356
-339
-285
-247
-236
-277
-260
-231
-194
-184
-181
-134
-105
-91
-126
-162
-157
-104
-42
-29
-88
-155
-189
-173
-129
-116
-140
-220
-275
-277
-242
-220
-256
-316
-365
-348
-310
-308
-313
-317
-321
-342
-372
-360
-295
-244
-226
-237
-242
-226
-217
-177
-121
-44
-16
-39
-52
-5
117
214
247
218
208
262
347
436
467
454
420
452
558
637
651
605
589
617
636
615
588
613
653
650
585
513
503
512
530
525
473
397
298
268
310
345
299
185
101
104
136
150
111
48
34
24
24
-19
-66
-72
-67
-63
-99
-156
-201
-225
-209
-162
-141
-175
-237
-270
-242
-186
-144
-154
-217
-264
-245
-188
-150
-176
-228
-250
-221
-169
-135
-125
-155
-187
-190
-157
-112
-103
-134
-165
-162
-138
-119
-125
-141
-159
-167
-168
-178
-187
-191
-178
-179
-211
-243
-270
-284
-290
-308
-305
-302
-317
-335
-335
-312
-285
-280
-292
-310
-308
-299
-274
-242
-223
-219
-218
-187
-154
-102
-59
-23
-3
-3
30
66
106
142
165
200
209
212
257
339
402
387
313
269
293
378
464
474
414
337
321
381
445
449
389
308
262
278
343
381
324
210
143
164
239
250
186
132
123
148
162
161
139
106
76
74
75
46
-6
-37
-4
32
19
-37
-82
-88
-68
-49
-45
-66
-110
-134
-112
-93
-105
-140
-156
-137
-108
-93
-116
-141
-149
-120
-75
-59
-69
-101
-99
-66
-31
0
18
28
34
43
46
45
33
32
54
59
33
-9
-51
-62
-59
-62
-64
-85
-115
-147
-158
-142
-141
-162
-178
-174
-175
-204
-252
-281
-273
-244
-211
-197
-206
-227
-259
-253
-200
-150
-141
-168
-186
-171
-139
-119
-105
-103
-86
-70
-46
-30
-12
27
79
115
124
130
141
167
187
202
213
201
154
125
160
231
260
209
144
128
173
223
223
176
123
110
130
162
182
168
130
90
94
110
122
103
61
40
44
58
59
50
26
2
-18
-19
-14
-13
-33
-45
-37
-20
-8
-27
-46
-52
-36
-19
-18
-35
-73
-85
-71
-42
-32
-49
-70
-71
-54
-43
-42
-42
-42
-42
-31
-22
-25
-38
-24
18
55
67
45
34
49
73
90
82
56
25
-6
-2
29
53
23
-33
-57
-36
-4
11
2
-24
-42
-44
-33
-35
-34
-44
-45
-38
-39
-62
-89
-96
-69
-43
-57
-92
-114
-87
-41
-36
-51
-77
-76
-54
-27
-3
-4
-15
-30
-23
7
29
43
43
58
75
84
87
91
101
100
86
82
90
109
119
107
80
56
59
78
92
72
29
-14
-24
2
25
9
-46
-95
-96
-60
-31
-36
-51
-68
-72
-74
-61
-57
-65
-68
-72
-58
-47
-59
-76
-88
-83
-85
-97
-102
-93
-69
-44
-28
-26
-35
-57
-64
-46
-14
7
10
4
-1
-1
7
24
47
65
76
78
80
78
81
98
105
103
85
85
105
112
117
98
73
63
51
40
38
41
30
17
-5
-14
-12
-16
-26
-45
-41
-36
-38
-49
-54
-49
-43
-40
-44
-44
-52
-56
-69
-76
-71
-65
-60
-69
-101
-123
-117
-91
-70
-65
-54
-44
-41
-35
-23
-6
0
-5
-14
3
22
30
26
33
52
63
73
75
89
100
95
92
91
93
92
80
78
83
89
98
100
97
85
83
95
103
93
61
30
21
30
34
24
13
10
11
0
-14
-13
-20
-28
-37
-43
-45
-50
-58
-69
-73
-72
-74
-75
-69
-59
-58
-60
-64
-52
-34
-31
-42
-55
-55
-36
-20
-15
-23
-38
-42
-27
7
37
39
31
33
52
71
69
62
64
68
71
80
81
82
70
61
59
56
42
27
21
26
39
42
34
7
-21
-43
-54
-60
-60
-57
-58
-58
-63
-69
-78
-82
-89
-91
-81
-68
-61
-71
-78
-73
-62
-46
-39
-43
-48
-50
-46
-35
-27
-23
-19
-17
-11
5
16
18
11
5
5
12
20
28
25
16
14
19
22
14
5
3
13
29
31
25
21
27
49
64
73
69
54
38
36
40
39
37
41
44
48
44
24
12
11
19
20
6
-8
-12
-17
-20
-20
-29
-40
-45
-46
-36
-30
-24
-19
-17
-8
-1
10
15
26
30
24
19
9
10
15
20
21
14
2
-6
-21
-22
-11
-6
2
-3
-15
-19
-20
-12
-12
-20
-24
-27
-19
-9
-5
-10
-17
-18
-14
-7
-3
0
10
14
10
7
0
1
-2
-6
0
-6
-17
-26
-27
-26
-27
-32
-32
-31
-36
-42
-53
-55
-49
-41
-32
-31
-36
-34
-29
-19
-14
-15
-6
8
26
29
23
17
20
34
41
37
26
11
2
4
5
3
5
6
12
18
21
17
24
34
38
35
29
31
38
46
51
50
42
38
35
44
52
49
46
42
43
35
25
19
23
27
24
16
8
7
2
3
3
4
0
-1
-2
-6
-5
-10
-4
5
6
5
3
0
-1
1
-1
-7
-14
-14
-5
-4
-9
-15
-21
-15
-16
-17
-10
-6
-8
-7
-4
-6
-5
-1
3
-2
-12
-13
-14
-11
-8
-14
-12
-13
-12
-8
-5
1
3
6
4
-1
-9
-16
-21
-19
-17
-19
-25
-27
-25
-18
-8
-8
-12
-15
-13
-13
-11
-11
-9
-13
-20
-28
-27
-28
-23
-20
-15
-16
-23
-25
-26
-27
-30
-31
-31
-23
-20
-25
-27
-29
-28
-17
-5
8
20
20
24
32
37
38
42
44
42
44
45
46
46
38
34
27
23
23
22
19
14
7
4
4
1
-3
-7
-5
-6
-6
-6
-5
-10
-13
-16
-12
-12
-11
-12
-14
-13
-9
-10
-13
-12
-9
0
7
17
23
28
30
30
34
36
36
30
29
34
35
32
30
27
25
22
21
18
25
29
36
41
39
33
25
24
23
24
18
3
-9
-19
-29
-34
-39
-47
-50
-51
-55
-59
-66
-71
-68
-64
-66
-64
-65
-67
-70
-70
-66
-67
-71
-68
-60
-48
-33
-28
-21
-17
-16
-10
-5
-1
1
4
8
11
19
26
25
27
25
21
22
22
18
18
15
13
19
23
20
13
9
9
10
9
8
11
13
16
15
15
19
20
27
34
40
37
31
30
24
21
22
21
16
12
11
10
9
12
15
16
21
27
30
24
14
10
10
7
12
16
21
26
21
19
10
4
-3
2
4
4
1
-2
-2
-2
2
1
0
-3
-8
-17
-17
-19
-21
-21
-22
-14
-5
1
1
0
0
-3
-3
-5
-4
-4
-1
5
1
0
-1
2
9
20
19
18
18
16
13
12
7
3
1
0
1
2
-1
-4
-3
-4
-4
-7
-11
-13
-20
-25
-22
-17
-15
-17
-15
-20
-24
-27
-31
-37
-41
-41
-36
-30
-25
-26
-27
-23
-21
-22
-22
-24
-23
-14
-16
-15
-11
-10
-4
8
15
21
21
18
14
14
14
14
17
12
13
15
14
13
14
16
16
18
22
15
9
5
4
5
6
6
4
7
7
7
8
6
1
5
7
4
6
7
5
5
8
9
10
12
8
2
2
-2
-8
-5
-8
-8
-4
-5
-4
-6
-9
-11
-12
-17
-13
-12
-14
-15
-13
-11
-12
-11
-13
-8
-5
0
4
2
4
7
9
11
14
17
19
19
14
14
15
14
11
8
10
10
4
6
7
8
12
12
14
10
8
6
2
-1
-4
-6
-3
0
-3
-6
-9
-15
-15
-16
-15
-14
-15
-19
-21
-24
-27
-28
-25
-22
-21
-17
-12
-13
-14
-14
-12
-8
-3
4
7
7
7
10
12
14
14
17
21
19
21
19
18
21
20
21
22
19
14
14
10
7
5
7
10
10
8
7
8
13
14
12
10
10
9
7
4
-1
-7
-9
-11
-12
-9
-8
-7
-13
-15
-16
-19
-16
-12
-12
-11
-7
-8
-9
-16
-14
-12
-8
-9
-11
-10
-12
-11
-13
-12
-8
-3
4
4
6
5
1
-2
0
2
7
13
13
14
11
9
10
6
8
11
11
13
8
4
1
2
6
9
12
13
15
11
7
8
1
2
1
-2
-2
-6
-11
-17
-20
-20
-19
-18
-17
-17
-18
-19
-20
-21
-16
-16
-12
-13
-12
-8
-6
-8
-9
-10
-8
-7
-4
0
0
1
4
5
6
8
9
11
13
13
13
10
6
3
6
7
8
8
5
5
3
2
5
9
11
11
12
10
8
8
7
10
13
13
14
9
9
7
8
6
7
12
12
12
12
13
11
8
3
1
1
0
-1
-3
-4
-8
-9
-8
-5
-3
-3
-3
-5
-6
-7
-6
-5
-5
-3
2
-1
-5
-6
-8
-7
-2
-2
0
-1
-2
0
0
0
1
2
2
3
-1
-3
-2
1
-1
0
0
2
6
2
5
6
3
-1
-4
-2
-2
-1
-3
-6
-10
-10
-11
-14
-11
-9
-8
-9
-8
-13
-15
-15
-16
-18
-11
-11
-9
-11
-9
-10
-4
4
2
6
12
12
8
8
8
12
11
10
11
12
13
12
12
9
10
8
7
6
5
3
3
-2
0
-2
-9
-6
-2
-5
-7
-7
-8
-6
-8
-8
-8
-9
-6
-8
-3
-6
-4
1
-2
-5
-4
-4
-3
-6
-5
-3
-1
-2
-2
-2
-4
-2
0
0
-1
-1
-1
2
2
-1
-3
-4
-2
0
1
2
6
9
7
10
10
8
8
10
10
11
10
7
10
6
7
7
5
2
3
2
-1
-4
0
-4
-2
-1
-3
-5
-9
-9
-8
-5
-5
-5
-5
-4
-5
-8
-4
-1
-3
2
1
3
8
4
6
9
8
8
5
10
9
6
5
6
6
7
9
8
9
10
9
11
8
6
5
3
5
4
5
1
1
-1
-1
-1
-2
-2
-4
-2
-2
-2
-3
0
-3
-3
-2
-5
-7
-9
-9
-7
-5
-8
-8
-7
-7
-6
-5
-5
-6
-1
2
4
1
0
2
-2
-1
1
-1
0
-5
-2
-2
-2
-2
-2
2
1
0
-1
0
3
-2
-3
-1
-4
1
2
0
0
0
0
1
1
-2
0
0
1
-1
-2
-1
-2
0
3
2
5
3
4
2
3
3
2
2
-1
0
-4
-5
-7
-8
-8
-8
-10
-9
-4
-6
-8
-5
-8
-5
-6
-8
-8
-7
-7
-8
-6
-4
-5
-5
-5
-2
0
0
1
0
1
4
5
4
4
6
4
3
1
1
2
3
1
1
3
2
5
4
5
4
4
7
7
7
4
-1
1
0
-2
0
-6
-4
-2
-5
-3
-2
-1
-4
-3
-2
-2
-1
-1
0
-5
-6
-4
-1
-2
-1
1
0
-1
-2
2
3
3
6
7
11
7
6
6
5
7
8
7
4
4
4
6
7
7
8
8
8
8
4
10
7
4
5
2
3
5
2
-1
0
-4
-1
1
-3
-4
-2
-5
-1
0
-4
-4
1
-5
-5
0
-1
-2
-7
-9
-7
-5
-4
-2
-1
-2
-2
-2
2
4
1
2
4
7
3
4
2
1
0
0
4
5
4
1
5
7
6
5
6
7
7
6
6
6
7
5
6
3
0
-2
-1
-2
-1
-2
-5
-4
-3
0
-3
-2
-2
-2
0
-2
-2
-3
-4
-6
-10
-9
-8
-7
-7
-6
-7
-5
-5
-5
-4
-4
-4
-6
-5
-2
-1
-3
-5
-6
-5
-5
-6
-10
-7
-5
-8
-4
1
0
-1
1
2
0
3
5
4
1
0
-2
-3
-3
-2
1
0
2
3
4
4
3
4
5
4
2
3
2
-1
3
2
-1
-2
-2
-2
0
-4
-1
-2
0
3
3
3
0
1
2
1
1
4
2
2
0
-2
-2
-4
-6
-1
-1
0
1
3
1
0
0
0
1
-2
-3
0
-3
-1
4
-5
-2
1
0
2
0
0
-3
4
1
1
0
-1
-2
0
-1
2
4
0
-2
-2
1
-1
-2
6
0
-4
-2
0
0
-2
3
4
0
0
1
2
2
0
3
4
7
7
6
5
4
3
1
4
4
3
0
-3
-3
-1
-1
-2
1
0
4
3
1
1
1
1
4
6
3
3
2
4
5
4
6
3
-1
1
2
1
-2
-3
-2
-1
-2
-3
-1
-3
-4
-4
-6
-5
-6
-6
-6
-7
-6
-7
-7
-5
-8
-5
-5
-6
-2
-4
-2
-2
-6
-5
-6
-2
-1
1
1
1
1
2
2
0
5
4
3
4
8
4
5
6
5
5
6
6
4
6
7
6
5
10
8
8
8
6
6
3
4
2
-1
2
6
2
-2
-2
-3
-3
-3
-3
0
-2
-3
-7
-8
-5
-4
-3
-7
-3
-2
-4
-3
-7
-5
-4
-4
-5
-4
-6
0
0
-3
0
0
-3
-5
0
-1
-1
-2
-1
5
4
-1
-2
3
0
2
3
1
-1
1
2
0
1
-4
-3
-2
-4
-1
-3
-1
-1
-2
0
-2
-3
0
-3
-2
-1
-5
-3
-3
-5
-4
1
-1
-3
2
-1
0
-2
-3
-4
0
-3
1
0
0
4
1
1
3
3
3
6
6
3
7
6
8
11
10
11
10
13
10
9
12
11
6
8
8
7
6
7
4
2
3
1
1
1
1
1
-3
-3
1
-1
1
3
-1
-1
2
-1
0
1
-1
-2
-2
-1
-4
-4
-6
-7
-9
-9
-5
-7
-7
-8
-6
-4
-2
-8
-11
-12
-10
-9
-10
-6
-6
-7
-6
-6
-7
-2
-5
-2
-1
2
2
2
1
1
0
-3
-1
-1
1
-2
-4
-2
0
1
2
1
-1
-1
-3
1
-2
-3
-2
-3
-2
-2
1
-1
-1
1
3
2
3
3
0
7
3
3
4
4
8
9
6
8
5
5
4
2
7
7
6
4
2
2
3
5
3
2
4
6
8
7
11
11
8
7
5
2
4
1
0
1
1
2
0
4
2
2
2
3
3
-1
-1
-1
-2
-1
-4
-9
-5
-5
-6
-7
-8
-5
-4
-6
-6
-4
-7
-8
-7
-7
-5
-6
-8
-7
-6
-7
-6
-6
-4
-1
-2
0
2
2
0
2
3
4
4
3
6
2
2
1
-1
3
0
1
3
3
0
4
3
-1
2
1
1
-6
-5
-6
-10
-9
-9
-12
-14
-11
-12
-11
-11
-10
-10
-7
-7
-6
-4
-5
-6
-6
-10
-6
-6
-2
-5
-7
-2
-2
-2
1
6
4
4
9
9
8
6
4
5
7
7
5
6
9
10
10
8
9
11
13
12
15
16
13
12
17
13
11
11
8
8
4
3
4
6
5
6
6
3
4
0
-1
-2
-3
-2
-3
-3
-6
-6
-6
-4
-6
-10
-9
-8
-4
-6
-7
-4
-3
1
1
6
7
9
10
12
8
5
8
4
7
6
6
0
5
4
3
8
8
11
10
9
8
8
3
-2
-2
-4
-2
-6
-10
-14
-12
-15
-11
-13
-13
-8
-9
-8
-7
-6
-6
-7
-5
-7
-9
-11
-14
-16
-17
-13
-11
-10
-6
-5
-1
-3
-1
-2
-2
3
2
6
5
2
1
0
-3
-3
-1
2
2
1
4
3
5
4
7
8
10
10
6
7
7
4
0
-2
-1
-3
0
3
1
0
-3
-1
2
1
3
2
0
-2
-1
0
-3
-4
-2
0
-1
-2
-5
-9
-7
-8
-7
-4
2
5
5
5
1
2
1
4
6
5
7
7
3
1
1
0
-7
-5
0
-4
-5
-8
-10
-10
-10
-10
-8
-6
-7
-10
-15
-13
-10
-8
-8
-4
0
-3
0
-2
-1
0
-3
2
4
1
1
-1
-2
-4
-2
1
4
5
6
4
5
7
4
5
9
7
6
10
9
7
3
5
4
5
6
4
5
5
7
7
10
12
13
13
13
13
9
7
6
6
0
4
0
3
3
3
8
6
8
9
10
9
8
8
10
7
4
4
5
3
4
4
2
-1
-2
-2
0
2
4
2
2
-1
-1
3
1
0
0
0
-5
-7
-10
-17
-17
-15
-11
-5
2
3
-2
-2
-1
-4
-4
-1
2
5
0
-2
-1
-1
-4
-5
-6
-8
-10
-10
-6
-9
-9
-6
-1
1
0
3
3
2
0
-3
2
4
3
6
3
1
-1
-3
-1
-3
2
3
0
-3
-3
-3
-5
-5
-5
-5
-3
-5
-6
-10
-12
-9
-10
-9
-14
-17
-17
-15
-12
-8
-3
5
5
2
-5
-7
-8
-11
-8
-7
0
2
1
0
-1
-1
-3
-3
-5
-3
-2
-3
-2
-4
0
-3
1
3
7
9
7
9
6
5
3
-1
2
6
5
3
1
0
1
2
2
-1
3
1
1
1
-3
-3
-4
-1
-3
2
-4
-7
-7
-8
-6
-11
-5
-1
-3
3
7
7
7
8
10
9
10
10
11
10
13
14
14
12
11
10
10
11
9
8
5
-1
-3
-2
0
1
-4
-1
-3
-6
-6
-7
-4
-4
-2
2
4
3
3
2
4
7
7
7
6
5
3
-2
0
1
-3
1
0
-1
3
2
1
3
8
6
9
10
8
7
6
1
0
0
-3
-5
-1
-2
-2
-4
-4
-4
-2
5
3
6
3
2
1
-1
1
1
0
2
0
-3
0
0
1
3
1
-3
-3
-4
-6
-3
0
0
1
-2
-1
-2
-3
0
0
-2
0
-1
-3
1
6
4
5
5
4
3
0
1
2
2
1
0
-2
-6
-5
-5
-3
-2
2
2
-3
-5
-4
-1
-1
0
0
-3
-4
-1
-3
-8
-6
-7
-8
-8
-13
-12
-9
-9
-7
-2
0
1
1
-2
-6
-3
-6
-8
-2
3
2
-1
1
-4
-5
-3
1
0
2
-1
1
6
3
1
1
0
0
5
4
0
-1
1
-1
0
-2
-4
-4
-4
-3
0
2
3
3
-1
-3
-4
-2
1
3
1
0
1
-2
-1
-5
-3
0
-3
0
2
3
3
9
7
4
4
3
2
0
-1
-1
1
0
-4
-3
-2
-6
-7
-2
-3
-4
-1
-4
-6
-4
-3
-4
-3
0
1
-2
-1
-2
-3
1
0
-2
-4
-2
-2
1
2
4
4
3
5
5
4
4
3
2
2
3
3
5
6
4
3
4
3
3
3
1
0
5
4
3
6
5
5
4
5
4
4
1
0
-1
1
2
4
5
3
5
5
3
2
4
1
1
2
4
4
6
5
3
3
1
1
-2
-1
1
5
