SAMPLES:	15854
BITSPERSAMPLE:	16
CHANNELS:	1
SAMPLERATE:	16000
NORMALIZED:	FALSE
-31
-33
-28
-26
-22
-16
-21
-25
-31
-30
-34
-36
-31
-31
-45
-42
-45
-37
-26
-27
-18
-21
-19
-14
-15
-16
-14
0
-9
-14
-12
-12
-12
-12
-10
-12
2
10
17
20
10
7
6
20
27
29
40
36
42
32
18
18
21
24
18
17
21
19
19
12
12
12
10
9
3
8
8
4
5
8
14
12
14
14
3
0
-4
1
13
17
17
6
3
2
2
5
5
5
-1
-16
-21
-20
-18
-6
-8
-3
8
8
2
5
9
3
-4
-2
-3
1
-3
-11
-21
-16
-10
0
2
-11
-8
-1
7
13
17
12
10
7
3
7
11
17
12
-1
-12
-8
0
2
8
13
11
13
15
12
9
1
-3
-5
4
13
13
2
-3
-5
-4
5
14
16
20
35
40
41
37
29
36
37
37
33
21
18
19
22
14
13
12
1
-2
-8
-11
-13
-14
-18
-31
-40
-55
-62
-57
-43
-37
-34
-25
-16
-24
-41
-39
-36
-43
-44
-42
-31
-26
-31
-39
-46
-43
-38
-29
-30
-32
-21
-23
-27
-33
-29
-7
-1
8
13
17
25
19
7
11
25
28
22
24
26
34
35
29
35
29
18
7
11
25
22
16
22
30
15
6
6
13
17
10
4
12
23
6
-25
-27
-20
-17
-28
-13
11
13
-5
-14
10
14
-6
-27
-23
-13
-21
-32
-23
-5
0
-5
5
20
36
36
27
30
33
33
23
23
29
30
32
34
41
46
29
4
0
7
1
-3
6
4
-4
-1
3
7
6
-5
-15
-12
-2
-8
-25
-29
-16
-16
-25
-8
16
16
6
6
6
-2
-8
-25
-11
1
-5
-18
-22
-11
-4
-4
-9
-8
-17
-30
-37
-31
-22
-17
-18
-11
18
38
26
11
10
6
-10
-15
-14
-12
-10
-25
-23
-8
9
0
-15
-11
-6
-5
-13
0
15
1
-11
-18
-17
-6
-13
-18
-19
-10
-5
-8
-8
-2
4
0
3
8
15
12
4
2
1
5
1
-6
-12
-14
-13
-11
-1
14
17
19
21
22
14
11
14
10
8
6
3
1
8
4
5
5
7
6
3
5
9
7
13
19
15
20
14
12
9
13
13
13
11
11
14
8
14
22
18
8
7
19
21
16
12
7
10
8
7
1
-1
3
6
13
9
17
14
13
1
-5
1
-5
-6
-11
-13
-18
-12
-19
-27
-24
-26
-26
-21
-22
-21
-18
-16
-18
-18
-22
-21
-18
-15
-24
-28
-24
-27
-26
-24
-31
-36
-26
-20
-15
-12
-6
-1
2
3
4
-6
-10
-7
-8
-8
-6
0
-4
-9
-5
5
18
21
19
22
20
21
11
6
11
8
12
11
15
6
-9
-10
-19
-21
-19
-6
0
0
2
4
10
-2
-8
-5
-8
-4
0
-3
5
2
-3
-12
-14
1
16
17
15
22
24
17
12
21
26
23
31
34
34
29
20
15
11
9
6
12
15
16
17
12
10
16
19
15
14
16
17
9
-5
-19
-16
-11
-11
-16
-15
-13
-18
-14
-13
-7
-4
-6
1
-1
4
-8
-17
-17
-16
-22
-30
-27
-24
-26
-32
-27
-18
-16
-14
-17
-12
-4
1
4
0
4
2
5
7
5
1
1
-7
-11
-4
5
6
9
11
20
18
17
24
24
23
18
17
15
9
2
-6
-3
5
1
5
11
9
6
7
18
30
26
19
19
21
17
8
5
5
3
4
2
9
14
11
5
-1
8
9
8
12
20
17
19
18
8
8
2
1
2
1
-4
-10
-7
-6
1
6
-1
-5
-4
-5
-4
-13
-15
-18
-19
-29
-37
-31
-35
-40
-44
-38
-32
-36
-40
-41
-46
-44
-43
-40
-36
-34
-31
-32
-26
-24
-24
-32
-35
-28
-26
-22
-20
-10
-8
-12
-11
0
6
8
18
19
23
20
17
15
17
22
23
21
22
30
26
22
24
25
25
27
30
33
35
34
30
32
39
37
33
31
35
33
32
28
21
26
29
28
31
28
26
18
18
23
20
17
12
5
-1
1
-3
-8
-10
-10
-7
-11
-14
-16
-18
-16
-21
-19
-17
-22
-22
-21
-19
-23
-28
-28
-27
-28
-30
-29
-30
-31
-29
-23
-24
-27
-20
-22
-22
-20
-22
-26
-31
-27
-25
-20
-19
-18
-16
-17
-16
-16
-13
-9
-5
2
8
6
6
7
7
12
13
10
13
22
25
22
21
24
24
23
24
32
36
35
33
28
21
20
18
16
20
21
25
23
19
22
14
12
11
13
14
12
12
17
13
8
10
7
7
9
6
10
12
11
10
9
5
-3
-3
0
-1
-5
-8
-7
-9
-11
-14
-16
-19
-15
-13
-9
-10
-8
-6
-5
-9
-14
-13
-16
-17
-16
-18
-19
-16
-16
-15
-17
-14
-11
-11
-8
-10
-11
-18
-18
-17
-21
-14
-10
-7
-12
-13
-10
-11
-6
-9
-4
-4
-2
7
7
8
4
-2
-4
0
2
2
-2
0
-8
-6
-4
-7
-7
-4
2
2
-1
-3
-1
-3
1
2
1
5
5
2
2
-1
-3
5
8
8
6
5
5
4
4
1
4
1
2
9
12
12
16
16
15
18
15
17
15
10
11
12
15
13
11
8
9
8
6
8
14
10
9
10
10
14
6
3
3
-3
-2
2
4
4
1
-7
-10
-10
-10
-10
-3
-3
-1
2
-3
1
-1
-6
-2
-6
-2
-4
-11
-12
-16
-16
-11
-3
-1
3
2
2
2
-1
-2
-4
-1
0
3
-3
-5
-1
-10
-17
-16
-13
-16
-18
-17
-17
-22
-19
-17
-14
-8
-6
-4
-3
-2
-2
-5
-6
-8
-14
-16
-8
-6
-8
-2
2
8
9
11
16
15
17
15
17
21
20
19
18
16
10
11
8
12
8
1
2
3
5
6
7
10
14
23
27
24
20
19
12
9
5
2
6
4
5
5
4
1
1
6
4
6
14
17
18
12
9
8
3
4
2
2
1
-4
-8
-11
-10
-15
-15
-13
-13
-10
-5
-1
-2
-2
4
3
-2
-5
-10
-17
-20
-24
-25
-22
-22
-18
-21
-21
-18
-16
-17
-13
-8
-9
-1
-2
-3
-4
-5
-5
-7
-10
-14
-13
-23
-24
-25
-20
-19
-16
-8
-5
-2
-1
0
3
9
7
4
4
3
1
-1
-5
-5
-7
-5
0
5
6
6
8
13
11
13
15
14
18
16
20
20
16
9
6
0
-2
-6
-2
-2
0
0
6
8
11
20
17
21
23
24
20
14
12
9
5
3
2
0
-1
-1
-3
0
3
3
7
10
12
12
9
13
16
10
4
0
-5
-12
-21
-25
-23
-16
-20
-18
-17
-11
-9
-3
4
7
8
6
3
-2
-5
-9
-12
-13
-15
-18
-23
-25
-23
-23
-19
-10
-5
-1
6
4
3
4
2
2
-2
2
-4
-6
-10
-11
-9
-11
-8
-7
-2
1
6
10
10
15
17
12
13
15
10
3
4
0
-2
-2
-3
-1
-2
6
6
12
12
13
16
15
14
15
16
13
14
13
8
4
4
3
0
4
2
4
9
12
15
15
18
16
19
18
10
8
5
3
-2
2
-1
-5
-8
-7
-8
-10
-3
-2
-1
4
2
3
1
1
-3
-6
-5
-7
-8
-10
-14
-21
-18
-17
-15
-11
-13
-9
-12
-13
-9
-7
-10
-6
-6
-9
-8
-9
-16
-17
-16
-14
-10
-12
-7
-9
-6
-3
-4
-4
1
3
6
4
4
7
4
4
6
4
3
4
5
5
3
4
5
7
9
11
12
14
15
12
13
11
8
9
7
10
9
4
4
5
3
4
5
8
12
11
7
13
13
9
9
5
7
3
-5
-5
-9
-10
-11
-9
-6
-12
-10
-5
-8
-13
-17
-16
-16
-13
-17
-19
-21
-23
-21
-20
-19
-19
-16
-16
-17
-17
-17
-13
-15
-16
-10
-8
-6
-8
-8
-8
-5
-1
-3
-3
-6
-8
-7
1
2
-1
3
8
5
-3
2
6
8
9
12
17
14
16
18
19
20
16
13
11
16
13
10
13
13
13
16
15
16
13
12
12
12
12
14
16
18
16
15
14
13
14
11
13
13
10
6
8
8
8
6
9
13
6
6
5
-1
-4
-6
-4
-9
-10
-10
-13
-11
-11
-11
-11
-11
-9
-6
-5
-7
-9
-13
-15
-10
-14
-16
-12
-12
-10
-12
-10
-13
-12
-6
-7
-5
-3
3
0
-4
1
3
3
6
3
10
12
11
7
11
14
14
15
11
15
15
12
9
10
11
11
11
13
9
11
11
8
8
8
8
4
8
5
3
-1
-2
0
0
-1
-2
-2
-8
-13
-15
-18
-20
-19
-20
-24
-23
-24
-30
-28
-26
-26
-24
-22
-20
-20
-18
-16
-14
-15
-19
-18
-13
-10
-13
-15
-13
-9
-13
-11
-11
-9
-4
-3
-3
-8
-10
-11
-9
-5
-9
-7
-11
-8
-11
-12
-11
-9
-5
-4
-2
-9
-6
-3
-5
1
4
11
8
8
12
12
16
17
21
20
20
20
18
16
15
15
12
18
21
24
30
26
26
25
22
27
32
36
37
38
38
35
31
30
34
35
32
29
29
30
25
26
26
20
19
20
22
15
12
9
4
2
2
1
-3
-5
-4
-8
-11
-11
-11
-17
-20
-21
-24
-27
-33
-34
-34
-31
-31
-33
-30
-29
-30
-28
-33
-35
-32
-28
-30
-30
-24
-28
-31
-31
-28
-26
-24
-27
-25
-20
-24
-26
-21
-18
-18
-13
-8
-8
-5
-7
-10
-11
-10
-11
-11
-4
-3
-5
-6
-8
-7
-7
-4
1
2
2
0
3
4
4
4
9
17
20
28
28
30
32
25
26
27
29
27
27
29
24
23
26
32
30
37
43
38
34
32
35
33
35
35
37
38
35
26
19
18
15
12
15
19
16
10
9
7
2
0
5
4
-5
-4
-4
-7
-9
-11
-9
-9
-5
-6
-7
-8
-11
-14
-23
-27
-28
-37
-36
-28
-25
-28
-26
-28
-35
-34
-37
-35
-37
-38
-36
-32
-28
-30
-28
-29
-24
-21
-22
-24
-25
-27
-23
-21
-19
-16
-12
-9
-7
-8
-5
-4
-1
-3
-4
-1
-9
-5
-7
-7
-1
6
12
10
11
4
0
-1
-3
6
9
16
19
17
20
14
12
11
18
23
26
28
30
27
25
31
35
38
39
38
37
34
27
27
25
23
29
27
28
30
28
25
21
20
20
19
14
14
13
4
3
8
3
1
7
4
-2
-1
-3
-12
-16
-21
-22
-24
-26
-25
-30
-28
-26
-18
-17
-15
-14
-20
-15
-17
-22
-23
-21
-17
-20
-16
-18
-19
-19
-21
-13
-13
-15
-16
-14
-13
-11
-6
-10
-6
-9
-14
-12
-13
-14
-17
-10
-14
-16
-14
-10
-10
-10
-9
-12
-11
-5
-4
0
-3
2
7
3
8
8
6
8
9
4
5
11
9
7
7
12
5
4
4
3
10
12
15
14
11
12
17
17
17
16
13
15
15
14
10
13
12
12
13
12
13
5
3
3
5
10
3
-1
-1
-1
-4
-7
-2
-2
1
-1
-2
2
1
1
-1
1
2
-3
-2
1
-2
-3
-3
-7
-11
-9
-4
-1
3
7
10
11
6
6
4
4
6
4
0
0
-6
-2
0
5
9
9
8
0
6
0
2
-1
-7
-5
-4
2
0
3
-2
2
3
0
4
6
9
0
5
3
5
4
1
8
6
6
0
5
9
3
12
11
14
18
25
23
16
11
0
1
1
6
6
10
6
-3
-6
-9
-1
-5
-9
0
1
-6
-7
-10
-12
-13
-14
-19
-17
-12
-12
-14
-25
-27
-25
-25
-24
-26
-28
-36
-42
-37
-35
-33
-28
-26
-25
-30
-29
-33
-33
-37
-38
-32
-16
-5
-1
-2
-14
-17
-9
-2
0
3
4
5
6
-1
-4
-5
-5
1
7
12
11
3
5
2
7
6
10
22
23
20
12
8
8
9
18
29
38
39
30
22
17
23
27
34
45
44
45
38
32
31
30
32
36
43
46
48
33
30
30
26
27
27
28
20
4
-10
-12
-9
-16
-9
-3
-6
-11
-21
-22
-23
-18
-24
-19
-15
-17
-19
-25
-23
-21
-23
-24
-14
-10
-23
-27
-28
-27
-25
-26
-21
-21
-21
-21
-19
-24
-24
-19
-18
-11
-8
-8
-3
-3
5
9
7
3
6
14
19
20
18
19
25
29
34
35
42
43
42
40
36
26
18
13
12
17
16
7
0
-3
-4
-3
-2
-4
-9
-8
-8
-9
-12
-14
-15
-19
-19
-15
-16
-24
-24
-22
-22
-21
-22
-30
-33
-32
-36
-31
-24
-23
-25
-31
-29
-33
-40
-31
-25
-18
-11
-3
3
0
1
1
-2
-5
-1
4
11
18
11
3
-2
8
16
10
16
15
15
8
9
13
6
8
12
19
17
9
0
0
-1
0
12
11
6
2
-1
-5
-5
-1
-2
6
5
7
3
2
15
11
10
13
10
9
4
0
0
2
6
3
1
-8
-10
-5
-6
-1
4
8
13
18
17
10
9
9
10
2
1
-7
-12
-16
-23
-18
-13
-7
-6
1
7
8
8
15
15
12
21
19
27
33
21
15
10
7
-2
-6
-9
-9
-12
-8
0
7
5
4
2
7
13
12
7
7
8
-2
-9
-6
-5
-5
-8
-4
-4
-6
-4
-1
1
2
7
5
11
12
11
4
0
6
1
3
5
-5
-9
-13
-18
-21
-15
-12
-3
2
8
7
-2
-1
2
2
-10
-13
-14
-11
-2
5
10
12
5
-1
-7
-8
-13
-22
-20
-9
1
0
0
-3
-12
-17
-16
-5
-2
0
3
7
10
8
5
2
3
5
6
12
18
18
21
21
10
7
10
-1
2
14
13
5
4
7
6
-5
-9
-7
-8
-7
-4
-3
-9
-17
-22
-21
-15
-11
-9
-7
-11
-3
-13
-16
-8
2
16
18
10
0
-9
-15
-9
-4
5
8
5
2
-2
-8
-25
-30
-25
-17
-1
7
11
4
-1
1
4
1
0
-1
1
1
-4
-17
-23
-18
-15
-2
7
14
10
6
-2
-1
-8
-9
2
4
16
19
5
-18
-33
-32
-22
-21
-16
-5
4
0
-7
-19
-27
-20
-7
19
35
50
51
36
25
14
3
-5
-4
21
21
33
29
12
10
1
6
20
21
23
30
29
18
12
15
6
8
22
33
16
2
0
0
-17
-15
-6
-21
-22
-19
-20
-23
-27
-22
-10
-11
-15
-19
-10
-44
-66
-33
2
-14
-27
-17
-24
-30
-15
8
5
9
-10
2
14
-6
-19
-13
26
27
34
43
41
23
3
-9
-15
-39
-25
25
51
63
53
9
-26
-14
-12
0
13
18
2
-6
-7
-35
-28
17
-3
-8
-28
-56
-67
-58
3
47
69
34
-27
-78
-64
-14
5
53
126
131
108
28
-15
-11
26
55
42
76
90
49
25
59
40
10
24
9
16
26
-1
4
6
-48
-76
-53
-44
-16
5
-46
-29
38
-25
-33
21
42
37
31
12
-25
-69
-65
37
81
19
-13
-22
-99
-140
-128
-73
12
36
-12
-65
-62
-77
-37
28
12
-25
-28
-19
2
4
-31
-36
-14
-27
-52
23
116
73
41
33
-46
-75
-29
-2
-37
-15
41
18
-26
-23
-80
-66
-6
72
76
0
-57
-124
-138
13
102
111
75
46
2
-14
-38
-35
6
21
52
45
43
-101
-41
11
0
31
116
110
87
-29
-72
9
56
83
81
59
-20
-27
-51
1
60
69
-32
-92
-69
-16
-44
-144
-138
-104
-9
92
73
-34
-107
-86
-96
-119
-80
66
129
52
25
-22
-49
-99
-87
-24
106
194
137
71
-55
-134
-196
-98
68
204
223
168
24
-175
-214
-129
-36
143
329
269
11
-106
-234
-232
19
251
311
122
142
0
-156
-179
-85
62
217
361
176
20
-113
-163
-92
105
218
192
93
-92
-222
-208
15
211
202
180
84
-108
-194
-118
-55
6
101
88
65
-3
-159
-284
-153
-18
62
74
81
24
-184
-174
39
108
55
72
90
-136
-153
77
22
-37
-67
-135
-98
-29
67
-36
58
136
-61
-230
-124
-86
-151
114
182
-35
-157
-160
-248
-353
-99
162
209
85
88
31
-221
-198
-4
61
9
91
12
-42
99
-11
29
148
86
-128
-65
0
12
222
172
0
4
30
-29
-110
-118
38
74
41
-132
-35
212
75
-75
-143
148
226
117
-53
-106
189
70
16
-42
98
118
79
40
-139
-21
170
282
47
-117
105
75
-5
-177
-211
26
72
-25
-106
167
132
-27
-195
-136
-16
-151
-11
-9
81
78
43
-61
-212
-170
-144
-107
-30
64
121
-55
-41
-20
-40
22
184
-39
-183
136
134
-42
-73
92
-136
-90
-9
-142
-9
210
6
-145
123
-22
-115
-43
-40
51
65
-73
-80
253
305
-241
-107
114
-230
-220
269
210
-110
-116
26
-80
-88
87
-116
-203
-10
281
137
-15
-116
13
-29
-50
48
-58
143
327
74
-8
118
-208
-181
-123
-2
-9
69
381
101
-37
-375
190
67
-83
-102
7
521
101
-187
-10
170
-278
113
55
-78
121
156
90
-81
-70
-302
-7
38
-55
-143
281
208
-321
-2
-134
-24
63
59
-192
13
338
-97
4
88
-43
-214
109
105
-53
137
-96
93
53
-143
52
315
-19
-374
278
376
-32
-19
-127
-154
-256
221
93
-52
-165
-71
198
-199
-216
-101
-77
37
67
-61
15
235
-185
-546
-1
377
178
-21
-109
-47
48
-154
206
-150
-104
127
100
-146
-75
280
-230
-104
165
186
127
-109
-303
-167
-195
37
-201
176
-81
27
347
-309
116
-68
-233
-7
425
391
-130
63
-22
-57
211
-88
-216
49
96
226
248
-220
95
-217
-415
248
221
142
-123
125
197
-139
-56
-207
89
-30
239
-10
77
-102
-61
311
-109
-28
391
-83
-451
216
60
-157
-315
306
155
-4
-39
25
-228
50
201
-218
309
-90
-435
26
329
51
-190
-177
199
-65
-201
-90
316
52
-212
277
220
-430
-445
109
-282
70
309
17
-130
217
-100
-594
80
115
-133
41
432
321
-411
-314
364
-83
-115
303
127
-41
32
162
-502
-104
675
-444
-71
693
105
-620
330
594
-683
-152
502
-157
-164
240
134
-235
108
145
-480
-163
380
-229
-112
284
-43
-121
2
322
-541
-178
330
-134
-47
22
306
-360
261
206
-725
195
85
-207
-56
397
29
-264
589
-215
-467
210
-46
-250
-41
387
-545
196
157
-507
189
155
-49
-72
275
-38
-287
543
83
-542
572
45
-261
170
200
-493
48
617
-580
-104
489
-173
-131
-21
64
-143
403
-218
-618
652
-246
-113
218
430
-623
152
143
-378
335
-7
-146
302
364
-628
452
20
-333
82
351
-274
-317
637
-420
-44
354
22
-198
186
-239
9
440
-285
46
412
-255
-23
223
-325
-214
80
144
-585
525
-69
-317
173
-152
151
-248
87
-75
247
-261
-41
185
-296
35
357
-322
-164
167
101
-505
154
375
-127
112
-107
208
-214
-83
198
-7
-364
8
354
-352
-135
171
295
-441
273
-96
-36
151
-134
318
124
-46
162
-311
-516
567
-448
170
56
703
-601
264
-27
-605
570
-161
262
-250
727
-147
198
-471
-3
360
-424
407
407
-108
-309
448
-331
-110
55
295
-266
186
262
-156
-166
-108
245
-631
39
394
-177
-174
426
-266
-254
257
39
-102
-164
440
-207
-158
413
268
-348
308
63
-487
261
-209
245
-268
-253
399
-440
0
202
-297
-103
397
-333
-499
702
-280
-555
340
354
-290
-440
896
-573
-581
658
25
-601
767
41
-801
412
778
-713
-322
890
-23
-779
491
204
-574
395
22
-258
-128
584
-606
-180
568
-263
-150
362
328
-932
537
401
-633
115
693
-525
-624
1000
-342
-408
550
-20
-604
627
486
-1152
378
789
-772
-226
828
-215
-676
727
-91
-357
418
47
-453
383
306
-663
319
557
-517
-114
589
-552
-259
300
-307
-410
638
9
-649
548
151
-743
257
333
-513
208
497
-590
136
136
-413
-6
495
-23
-396
693
-651
-287
862
-336
-510
657
219
-697
281
143
-595
380
262
-884
461
565
-649
-103
692
-614
33
841
-456
66
349
225
-480
682
-557
-297
737
-279
-22
15
333
-280
-162
236
192
-527
4
344
71
-481
311
-102
-372
562
-605
580
267
-150
-468
307
120
-299
474
-194
-178
244
174
-890
816
-230
-414
465
-134
-493
44
671
-251
-318
555
-209
-59
213
-739
116
201
43
-5
237
-328
-663
640
-17
-418
362
218
140
-396
36
-17
78
-333
-55
337
23
95
227
-181
-333
536
-470
334
-170
83
90
-184
175
-654
1054
-823
43
541
-393
222
161
340
-676
475
307
-922
91
335
-209
351
-372
-388
-87
187
-359
192
733
-564
346
37
-577
128
-349
347
-58
662
-248
30
83
-260
-62
70
418
-395
187
-122
282
-375
422
-91
-51
-165
-445
85
106
-13
-235
590
-68
-543
376
-233
-482
227
550
-457
170
571
-240
242
331
-455
311
-119
-213
407
407
-330
-66
186
-688
53
641
-14
-917
843
-110
-404
354
-102
115
-385
332
-309
-128
357
-500
339
193
542
38
-696
668
-354
-314
621
-123
-176
-145
-149
64
232
-151
-550
645
-54
-788
883
-53
-723
374
25
-304
-46
847
-43
-409
412
-288
-104
-580
-55
212
-172
253
-266
794
-383
-480
191
-422
9
-281
366
70
506
-50
89
-83
71
397
-328
600
216
-83
349
-42
-119
-246
-120
473
-226
-134
213
-196
-942
-220
297
-235
-152
168
729
-631
-417
685
-215
-120
-71
173
106
-174
135
-131
122
460
-87
-435
735
172
-804
414
-420
632
-329
-700
951
-1124
478
-305
440
20
-195
1026
-964
655
-443
381
-467
-224
454
48
-106
-217
667
-336
-735
91
81
-250
185
466
-291
-273
531
-411
-297
39
640
-291
-312
253
-193
234
-220
125
40
-483
662
519
-190
-13
-200
-7
-338
158
295
13
123
591
-158
-473
346
-217
-216
170
94
-115
-379
648
-265
121
-193
139
216
-907
595
104
-664
658
270
-216
-980
1081
-420
-768
614
-516
-820
231
610
-271
-81
1129
-79
-562
243
404
-60
-444
624
53
-319
-280
4
88
-106
267
227
-75
190
384
-147
-1073
916
-326
-244
868
-66
-461
78
126
-537
-88
1141
-443
-146
658
473
-522
-453
309
-510
-94
-221
791
495
-435
440
-157
-534
-434
210
338
805
-284
-381
12
595
-395
403
-13
-373
82
-442
656
-679
-225
263
168
-650
-907
41
-438
-494
743
577
-220
15
-361
-474
433
46
963
421
294
-723
-464
526
-506
197
-275
496
456
180
-151
550
-725
-556
45
51
-192
-708
882
-298
43
-137
117
206
-108
603
853
-626
-319
-362
-553
187
-493
769
-226
864
-139
205
-289
-494
189
-87
-290
-476
1185
313
-75
133
-493
-262
-139
438
245
82
590
-269
-826
-270
-403
-811
48
691
87
497
878
-969
-442
-372
514
421
177
388
-299
170
-709
33
436
-167
-700
864
157
-63
260
392
-595
231
390
-759
576
844
110
59
725
-1361
-704
-395
-110
-168
348
702
-671
159
-676
-219
456
113
-239
162
41
-42
678
862
36
128
-835
-1005
-433
190
650
688
863
-531
121
-589
-380
-648
438
744
132
1121
-1141
-835
-7
-64
72
-8
761
-574
-100
520
160
-1000
-315
-204
-492
561
-420
368
-552
453
22
-625
542
-220
-128
245
725
-747
-390
501
149
-474
348
137
487
-51
116
1604
-434
-488
-316
349
-943
-611
490
176
-286
630
-224
-205
-808
175
129
222
441
-1012
136
820
241
-611
210
425
-583
194
396
648
37
-288
488
-271
-433
-217
20
336
197
207
488
35
-599
-344
202
270
263
-3
1115
-141
-1161
-218
459
-827
-421
527
-316
435
-243
106
292
-426
200
-675
154
796
187
-126
-304
-224
-607
165
165
-555
204
1016
573
215
95
-474
-494
-287
-195
320
212
-93
148
527
-913
331
999
-805
410
249
542
-523
-205
-283
-884
592
-250
-558
187
105
-181
-101
38
-371
600
161
-101
-428
-297
-357
-35
-126
-234
740
214
342
438
-566
-929
-561
996
1019
777
811
-655
-900
-564
-171
294
-51
55
-335
825
14
-472
-142
-592
-813
-297
152
-46
971
-134
863
-302
203
-510
-242
760
-244
649
507
42
-10
-674
110
-862
249
199
-23
-130
-386
73
-81
-362
-466
474
970
272
-270
90
231
233
621
455
68
235
-352
77
-531
504
-456
333
265
77
349
-297
-590
-356
-24
235
-8
-40
-247
-615
218
-106
-112
-210
-159
-90
10
841
-396
-300
408
286
234
-292
-624
-166
735
61
57
658
90
-427
-278
275
-259
119
-203
92
673
407
-374
-804
-269
-187
-373
652
337
-69
-560
-762
378
-562
-207
-643
-266
-209
9
913
523
255
19
-50
344
641
-537
-238
-103
568
261
-457
-204
-455
-438
108
1230
953
-67
-389
-307
-464
-256
103
-75
-25
192
76
352
129
365
-657
-1230
216
793
1106
86
-423
-293
-788
267
-702
-9
466
837
684
15
497
-486
-1002
-757
-200
-494
674
1121
330
-834
-155
-1067
-1222
225
577
507
376
447
-673
-850
-40
161
57
109
250
-132
675
249
-880
-675
-167
80
-479
683
753
-373
547
834
128
73
636
80
197
878
22
-216
-302
227
-103
580
398
-163
-197
-535
-692
37
843
362
619
-632
-820
-599
-421
275
77
68
-598
-200
357
204
-303
-232
-207
-73
-150
512
-383
-420
-56
316
40
341
396
-482
-395
143
-140
518
624
-770
-1029
58
-229
-212
463
779
581
948
1226
331
-117
145
-236
882
898
425
-275
-369
-485
-1124
170
-142
475
263
-392
275
-329
-277
-522
-188
253
-391
436
254
-838
-1538
-402
-413
-414
92
714
927
469
320
-562
-514
87
702
848
717
-165
169
-160
201
535
151
-87
-57
129
-319
-205
-670
-1033
-533
-282
-837
-21
-3
-682
287
258
581
-205
-211
1175
-106
491
-52
-291
-693
-801
-22
-261
-97
24
248
-690
-927
-822
-18
314
-146
-46
-349
580
201
453
1059
-186
73
362
1348
630
335
637
-46
-352
-492
-180
209
-7
34
1090
1067
-88
-780
-590
403
-139
1226
1977
759
-369
-283
63
-963
-234
847
2156
262
-327
-617
127
216
-157
293
765
884
754
1431
896
-346
-1094
-340
294
-90
-202
441
19
-472
-522
14
-306
-1653
-1924
-1450
-1075
-1628
-1351
-1723
-3041
-3790
-3397
-2528
-2881
-3077
-3363
-3435
-3285
-2956
-2826
-2637
-2966
-3054
-1900
-666
-170
-164
150
395
802
2103
3014
3248
2966
2798
2932
3654
4566
4409
4203
4114
4439
4387
4956
3935
3199
2608
3722
3902
3503
2967
2087
1515
955
1050
809
1861
1643
1149
216
-334
-789
-1101
196
-220
-91
-225
10
206
-148
-850
-1934
-731
-179
404
1521
30
-1802
-2242
-1005
176
-1032
-582
-1299
-264
-263
396
-20
-1290
-1236
-938
1033
1814
1920
-44
-4179
-8849
-9629
-6021
-1658
-868
-3318
-5700
-8016
-9009
-8854
-8172
-7808
-7929
-6199
-3257
-1338
-2617
-5880
-7482
-7027
-3913
1015
4373
4602
2245
1267
2221
3637
4985
5688
6408
7195
8758
10453
10036
7716
5163
4921
6856
8798
9710
8331
5448
2376
1459
2593
3213
2453
897
-70
-542
-620
-979
-2446
-4491
-5454
-3890
-1428
-480
-1883
-4393
-5748
-5233
-2421
246
1014
51
-931
179
1379
2049
2032
1537
1235
2166
4297
5401
4111
1926
-26
-19
1210
2936
2606
399
-1650
-1960
-648
-24
-1116
-3371
-4008
-1548
500
564
-1092
-3289
-3700
-3392
-1452
-493
-687
-1167
-1134
-181
1317
597
-494
-1080
434
2266
2357
2380
1421
982
1126
1363
-941
-5570
-8564
-7685
-4190
-1768
-2514
-5678
-9320
-11011
-10810
-9190
-8137
-8056
-8031
-6916
-5100
-4552
-5244
-6663
-7190
-5140
-1124
2946
4190
3104
1485
1436
3454
5975
8231
8620
8437
8722
9762
10653
9906
8598
7669
8160
9611
10375
9485
6782
4017
2869
3631
4678
4642
3152
903
-655
-1287
-1381
-1733
-2483
-3279
-3015
-2012
-1813
-3176
-5281
-6742
-6425
-4183
-1471
-213
-1047
-2573
-3371
-2539
-958
524
1346
1838
2474
3177
3704
3167
1918
1393
2341
4231
5496
5111
3205
647
-442
335
1758
2244
2103
1101
-260
-945
-823
-1479
-2058
-1318
-609
546
814
-359
-2412
-2985
-1935
-374
2113
3784
2751
942
649
1545
2494
3086
2368
-2490
-8785
-10670
-5789
247
713
-4278
-9773
-12030
-11957
-10690
-8922
-8749
-10155
-10166
-6952
-4176
-5555
-9377
-11362
-9314
-4311
1525
4995
3526
-612
-2553
543
5288
8055
8358
7699
7530
8500
10498
11145
9133
6486
6786
9881
12111
11097
7622
3847
1801
2654
5495
6878
4661
439
-2491
-2740
-1748
-1119
-1826
-3356
-4433
-3842
-2365
-2610
-5043
-7643
-7220
-4587
-1842
-639
-1545
-4005
-5467
-3696
117
2932
2920
1829
1210
1876
3462
4861
5025
3907
3820
5243
6649
6382
4231
2132
1392
2627
4774
5750
4458
1454
-675
-595
929
1797
1107
-539
-1595
-1305
-462
-499
-1350
-2236
-1916
-614
734
1498
1252
999
1120
2139
3324
2693
-1978
-9571
-13169
-7722
1034
4069
-1169
-8910
-13396
-14133
-11781
-8538
-6819
-8159
-9721
-7637
-4610
-5152
-9592
-12452
-9956
-3970
2604
6068
4322
-1321
-4953
-1395
5950
10804
10579
8199
6715
6969
9332
11459
10903
8166
7458
10313
12698
11154
6433
2561
1417
3517
7169
8645
5429
-1188
-5623
-5225
-1933
297
-339
-2627
-5072
-5813
-4895
-4475
-6057
-8105
-7030
-3089
-40
-819
-4313
-7193
-7192
-3502
1959
5305
4158
569
-1115
529
3533
5635
6149
5484
5135
5920
6747
5872
3450
1865
2672
5354
7198
6076
2549
-896
-1740
249
3108
4071
2210
-452
-1910
-1726
-967
-451
-507
-670
-12
1070
1573
1008
44
9
1231
3370
4830
2153
-6022
-14305
-13313
-3291
4664
2538
-6492
-13020
-14771
-13528
-10250
-7378
-7228
-9749
-9413
-5672
-4151
-7991
-12941
-11726
-5352
1887
6140
5307
-11
-5624
-3791
4689
12084
12700
8976
6414
6146
8344
11054
12181
10240
8096
9731
12581
11935
6695
2095
1579
4401
8021
9167
6154
-905
-7000
-7066
-2179
1802
1072
-2295
-5620
-7257
-7116
-6043
-5948
-7132
-6870
-3972
-1306
-2327
-6106
-8396
-6928
-2251
3096
6056
4606
184
-2025
109
4731
7804
7973
6705
5288
4995
5398
5653
4863
3772
4473
6171
7034
4990
1229
-1329
-1086
1707
4123
4099
1254
-2138
-3464
-2255
-194
589
67
-885
-829
336
1283
1395
986
1635
2839
4193
3433
-2510
-11249
-14581
-6816
3939
5841
-2303
-11868
-15427
-14697
-11396
-7301
-5470
-7554
-10459
-8656
-5755
-7128
-11977
-12937
-7091
28
4334
4003
33
-5275
-5734
2128
11356
13846
8990
4588
4497
7255
10922
13159
12595
9410
8399
10455
11475
8228
3584
3088
6332
9577
9368
5359
-1064
-6647
-6548
-1181
3894
2958
-2608
-7615
-9420
-8181
-5946
-4520
-5627
-7224
-6615
-4293
-3637
-6019
-7851
-6510
-2352
1751
3630
2535
-874
-2236
563
5931
9132
7979
5071
3262
4016
5881
7427
7216
5693
4395
4437
5469
5007
2871
1012
1271
2980
3878
2880
135
-2505
-2940
-1031
1322
1488
-325
-2149
-2301
-882
820
1870
2124
2237
2472
3370
2878
-2114
-10561
-14030
-6518
4432
6558
-2432
-12453
-15657
-13763
-9959
-6236
-4731
-7504
-11014
-9794
-6100
-6376
-10994
-12284
-6869
-79
3064
2001
-1314
-5102
-4494
3140
11885
13232
7159
2389
3457
8045
12206
14136
13047
9300
7147
8765
10754
8842
5021
4572
7694
9897
7999
3344
-1901
-5209
-4001
1178
5095
2387
-4587
-9555
-9558
-6683
-4091
-3324
-5059
-7527
-8201
-6700
-5734
-6505
-6978
-4853
-1384
729
618
-1023
-2072
-970
2969
7410
8852
6577
3199
2686
5007
7790
8855
7873
6090
4432
4175
4741
4784
3702
2612
3026
3631
2908
705
-1396
-1978
-940
677
1223
137
-1797
-2842
-2039
-239
968
1262
1487
1865
2526
2654
-367
-7513
-13676
-10380
538
6955
1435
-9740
-15332
-14127
-10579
-7077
-4821
-5724
-9617
-10715
-7610
-5811
-8830
-11815
-8211
-1384
2437
1398
-1523
-4102
-4414
978
9253
13004
8488
2182
1771
6442
11551
13806
13349
10228
7093
7259
9637
10013
7056
5399
7124
9310
8049
3878
-236
-2743
-2155
1258
4553
2983
-3424
-8932
-9304
-5792
-2924
-2495
-4285
-7251
-9060
-8095
-5500
-4620
-5605
-5497
-3136
-770
-502
-1359
-1727
-632
1971
5314
7145
5828
2854
1901
4409
7652
8758
7335
5174
3634
3587
4944
6182
5514
3368
2001
2268
2697
1877
350
-703
-573
140
645
110
-1419
-2643
-2197
-367
1211
1343
738
460
849
2019
2079
-1680
-9110
-13113
-7294
2573
5074
-2895
-11865
-14402
-12597
-9710
-6770
-4927
-7105
-10846
-10434
-6946
-6401
-10052
-10874
-6000
-542
1046
-431
-2214
-3838
-2677
3340
10108
10772
5239
1339
3415
8536
12398
13645
12110
8304
5848
7375
10553
10652
8059
6799
7605
7775
5565
2876
1017
112
895
3069
3864
347
-5305
-8077
-6346
-3043
-1289
-2085
-5324
-9067
-10319
-7508
-3992
-3160
-4579
-5358
-4315
-2969
-1764
-830
-145
268
1361
3456
4602
3793
2281
2778
5141
6964
6971
5541
4035
3157
3867
5716
6691
5270
2673
1298
1686
2577
2623
1863
595
-512
-830
-366
-16
-620
-1230
-1077
-295
148
263
558
805
1365
1632
-584
-6787
-12282
-9610
-531
4622
-95
-8667
-13006
-13045
-11163
-7838
-4340
-4700
-8875
-10788
-8603
-6884
-8578
-9406
-6037
-2051
-841
-1498
-1930
-2723
-2716
1165
7232
9424
5657
1713
2420
6348
10257
12620
12458
8941
5222
5634
9244
11157
9668
7877
7285
6410
4716
3711
3513
2685
1906
2503
3301
1281
-3014
-5518
-4627
-2133
-847
-1495
-4114
-7627
-8899
-6737
-3560
-2980
-4677
-5766
-5340
-4041
-2597
-1132
-511
-917
-710
870
2665
2922
2324
2549
3668
4820
5283
5164
4466
3673
3878
5159
6036
5179
3376
2295
2525
3056
3115
2456
1134
-90
-461
190
534
-124
-1191
-1514
-1066
-437
170
457
445
322
715
-700
-5564
-10837
-9946
-2370
3102
668
-6877
-11820
-12693
-11059
-7468
-3903
-3703
-8004
-10951
-9487
-6892
-6664
-7252
-5581
-3685
-3103
-2698
-1621
-1272
-1817
115
4301
6582
4762
2304
2892
5441
8482
11020
11751
8945
5146
5151
8657
11351
10665
8828
7148
5378
4276
4974
6292
5373
3048
1853
2176
1675
-96
-1258
-1375
-1516
-1863
-1846
-2353
-4283
-6014
-5424
-3592
-3014
-4007
-4797
-5007
-4872
-3922
-2039
-889
-1649
-2513
-1729
86
1066
1308
1557
1734
1731
2347
3760
4537
3979
3146
3369
4089
4371
4280
4121
3622
2728
2266
2319
1962
882
70
162
219
-266
-956
-1413
-1806
-2058
-1565
-877
-449
-722
-627
-251
-240
-1722
-5094
-7717
-7430
-3176
165
-351
-4667
-8808
-10251
-9311
-6476
-4153
-3952
-6405
-8413
-8045
-6451
-5616
-5493
-4938
-4327
-3840
-3129
-1940
-1357
-1211
-237
1919
3327
2908
2085
2624
4592
6922
8642
8716
6931
5090
5381
7613
9577
9724
8443
6639
5195
4886
5805
6567
6019
4413
3117
2404
1914
1465
1124
688
-3
-573
-835
-1274
-2163
-2837
-2954
-2771
-2809
-2971
-3221
-3598
-3690
-3194
-2443
-2120
-2262
-2203
-1882
-1435
-807
-1
593
622
714
1124
1698
1960
2098
2249
2275
2198
2193
2264
2086
1618
1139
840
611
455
549
396
-177
-1005
-1210
-1015
-994
-1152
-1289
-1090
-1072
-1017
-948
-854
-814
-628
25
155
-288
-1334
-2472
-3528
-3860
-2348
-738
-478
-2458
-4544
-5620
-5517
-4500
-3329
-2809
-3787
-4920
-5128
-4472
-4145
-4053
-3613
-2967
-2768
-2736
-2101
-1235
-738
-576
128
932
1269
1317
1844
2742
3522
4258
4768
4867
4380
4309
4843
5507
5819
5853
5782
5348
4777
4461
4412
4159
3626
3098
2670
2291
2022
1758
1382
753
189
-78
-160
-299
-632
-966
-1278
-1359
-1177
-887
-834
-1077
-1249
-1245
-1124
-953
-672
-385
-322
-334
-315
-256
-170
-58
77
114
93
186
317
363
215
22
-182
-306
-127
145
178
-244
-581
-694
-601
-544
-609
-690
-790
-727
-610
-548
-858
-1366
-1500
-1059
-452
-266
-446
-819
-1039
-1068
-587
-102
-289
-1215
-2015
-1936
-1465
-996
-900
-1040
-1641
-2293
-2552
-2341
-2007
-1852
-1726
-1710
-1907
-2201
-2275
-2062
-1803
-1425
-994
-724
-818
-1011
-854
-358
152
473
660
813
886
1022
1342
1699
1987
2197
2495
2656
2555
2358
2255
2294
2347
2352
2316
2104
1785
1491
1423
1441
1360
1188
1022
883
715
668
695
776
770
709
693
687
637
572
564
639
771
870
822
604
373
341
545
801
800
595
411
391
497
547
533
326
36
-76
67
328
308
28
-320
-524
-587
-587
-539
-581
-689
-847
-922
-1032
-1208
-1361
-1312
-1115
-1035
-1114
-1243
-1312
-1346
-1312
-1160
-1002
-1000
-1116
-1132
-1054
-993
-940
-881
-867
-1029
-1156
-1076
-889
-757
-719
-718
-737
-794
-829
-739
-607
-467
-365
-253
-269
-416
-474
-393
-220
-94
-36
-3
18
36
-3
-56
-60
-26
135
351
431
272
98
60
154
340
512
640
602
477
421
425
469
499
534
558
530
506
499
518
554
620
726
808
799
672
632
716
865
1024
1163
1234
1160
1078
1071
1198
1345
1396
1419
1447
1464
1382
1254
1139
1083
1104
1133
1073
901
668
481
404
380
378
261
131
-37
-216
-375
-545
-728
-960
-1069
-990
-869
-963
-1261
-1491
-1524
-1398
-1306
-1317
-1374
-1437
-1395
-1253
-1161
-1157
-1256
-1316
-1260
-1115
-951
-860
-820
-791
-696
-584
-533
-563
-536
-371
-115
94
201
159
58
42
189
407
504
482
399
394
447
498
435
275
131
64
115
188
175
-15
-214
-287
-181
-57
-79
-197
-336
-373
-333
-317
-310
-303
-317
-330
-351
-364
-456
-543
-466
-274
-104
-96
-232
-355
-339
-185
22
220
348
401
423
511
672
832
970
1075
1143
1244
1299
1365
1388
1371
1351
1349
1403
1480
1486
1318
1112
995
985
990
981
901
750
558
394
272
136
17
-53
-25
-59
-206
-455
-668
-709
-691
-608
-602
-691
-871
-976
-962
-921
-921
-971
-1006
-1008
-955
-879
-814
-827
-845
-828
-731
-646
-605
-609
-580
-390
-203
-112
-175
-251
-253
-92
136
278
316
217
146
151
256
317
293
262
225
243
257
214
83
-27
-25
78
128
80
-14
-106
-139
-131
-89
-108
-165
-214
-231
-217
-244
-330
-422
-433
-408
-365
-348
-368
-406
-476
-507
-455
-329
-195
-107
-90
-106
-50
112
253
368
458
509
516
548
625
690
730
758
798
796
725
642
582
574
608
658
688
597
422
240
183
245
260
186
112
76
52
30
-31
-131
-201
-192
-157
-160
-168
-170
-194
-236
-286
-319
-309
-292
-265
-251
-248
-287
-361
-380
-305
-204
-188
-233
-244
-179
-99
-46
-35
-66
-61
12
117
183
175
155
167
215
210
171
121
79
95
178
270
227
67
-117
-167
-66
52
61
-21
-99
-133
-100
-84
-100
-120
-110
-56
-34
-83
-169
-236
-213
-132
-111
-155
-201
-232
-269
-281
-255
-243
-229
-209
-168
-99
-53
-40
16
117
195
234
243
264
263
256
291
354
414
458
450
381
237
93
72
164
277
280
181
57
-57
-104
-142
-197
-223
-203
-187
-217
-285
-383
-447
-415
-309
-211
-160
-167
-218
-238
-232
-243
-249
-210
-149
-140
-146
-144
-146
-186
-207
-158
-73
-35
-67
-78
-12
92
181
213
167
120
167
288
381
389
351
316
344
356
310
257
242
245
289
300
211
100
32
63
146
210
170
63
3
-10
-28
-15
-19
-37
5
48
78
73
29
-15
-32
-12
-27
-73
-85
-97
-117
-173
-225
-231
-143
-31
20
19
-64
-96
-49
64
151
147
102
72
64
30
26
96
196
255
254
172
23
-84
-79
4
101
116
27
-96
-142
-142
-178
-230
-278
-254
-200
-160
-190
-308
-411
-405
-285
-184
-155
-199
-235
-242
-227
-166
-109
-64
-75
-91
-98
-75
-109
-178
-164
-84
-16
-41
-102
-123
-76
15
70
113
125
90
75
107
165
172
178
220
237
228
193
179
165
184
217
241
188
54
-11
29
128
168
172
156
122
60
6
28
92
119
142
186
197
155
112
124
138
141
127
126
148
160
123
62
39
26
46
113
148
91
26
27
78
97
44
-9
-17
-2
-2
-25
-72
-113
-101
-25
25
-5
-96
-175
-161
-114
-78
-106
-172
-225
-233
-254
-307
-369
-367
-325
-268
-208
-239
-346
-419
-392
-288
-202
-171
-154
-180
-237
-277
-187
-25
20
-22
-69
-87
-81
-69
-13
75
95
45
-3
27
51
58
91
145
175
156
143
130
154
179
208
269
294
196
83
88
173
253
275
245
148
20
-18
28
131
163
104
49
41
45
34
25
45
89
90
57
38
37
68
104
144
134
80
56
100
173
175
138
118
114
81
85
195
322
317
229
130
49
33
77
143
125
64
4
-25
-6
24
32
-19
-58
-102
-140
-203
-200
-137
-112
-111
-170
-205
-262
-303
-348
-328
-294
-277
-256
-268
-304
-346
-339
-337
-317
-250
-214
-264
-287
-221
-152
-146
-120
-129
-158
-133
-71
-23
-49
-89
-81
-15
21
9
24
38
22
12
36
34
24
59
103
158
183
164
118
90
85
117
128
146
155
205
227
187
168
148
70
70
147
165
157
134
131
84
51
72
98
93
77
97
89
79
74
55
-36
-70
17
101
151
111
66
33
17
63
125
129
110
121
182
179
125
107
115
103
134
163
72
1
15
81
63
68
60
22
-61
-56
85
119
35
-57
-56
-67
-53
-36
-57
-129
-209
-226
-232
-208
-192
-165
-126
-182
-207
-226
-235
-224
-231
-212
-178
-95
-125
-214
-235
-125
-62
-47
-64
-114
-150
-215
-172
-76
-36
-108
-102
-67
-65
-99
-93
-60
-38
25
109
97
22
-24
-21
35
26
25
72
100
84
60
100
72
19
39
63
108
119
129
129
98
62
107
213
207
176
125
131
175
196
153
68
10
1
49
123
177
149
22
-83
-56
70
94
97
96
84
97
71
69
-24
-64
-51
44
72
57
4
-57
-18
-28
-27
-30
-67
-76
-58
41
42
-32
-1
3
-12
5
48
-8
-82
-112
-58
-42
-47
-57
-69
-42
7
-84
-155
-134
-79
-2
60
109
37
-91
-139
-69
45
94
-19
-128
-166
-235
-773
-766
-156
154
-379
-425
214
-69
-181
393
1101
1105
894
901
-8
-1236
-1804
-1414
-600
147
1263
1516
1425
1000
298
-652
-1533
-1523
-1336
-528
434
1084
1163
992
617
-121
-526
-637
-638
-680
-359
242
516
602
682
574
230
-110
-252
-409
-482
-483
-413
-396
-357
97
519
940
953
808
528
22
-356
-659
-532
-343
-26
430
807
907
715
471
55
-430
-799
-949
-800
-544
-148
223
558
775
636
422
-16
-424
-725
-644
-9
676
1133
857
-16
-1156
-1898
-2002
-1576
-899
-5
945
1535
1511
1026
308
-532
-1077
-1346
-1057
-501
156
814
1046
859
257
-156
-379
-393
-183
102
364
434
396
156
-155
-322
-332
-243
-49
94
290
287
219
84
-98
-110
-81
-72
-102
-59
0
109
143
188
95
-33
-93
-94
-31
25
95
131
125
-228
-1012
-1563
-1267
-368
514
1527
2085
2060
1536
400
-816
-1747
-1722
-1187
-173
1003
1923
2226
1766
842
-377
-1067
-1274
-1034
-591
-31
417
580
693
483
201
-295
-514
-532
-384
-116
50
287
309
298
195
62
-72
-181
-286
-347
-191
-42
-49
34
-10
-35
-109
-320
-745
-1211
-1210
-718
-131
407
736
653
408
64
-271
-643
-749
-590
-231
180
451
599
482
273
-120
-396
-475
-492
-409
-233
139
540
884
1077
967
445
-217
-892
-1144
-1211
-1001
-771
-482
-333
42
543
642
695
425
268
70
-69
-608
-1127
-1149
-576
255
1054
1519
1543
1289
803
150
-469
-663
-709
-180
425
862
1185
959
618
101
-121
-302
-567
-488
-289
62
241
366
445
48
-416
-781
-797
-588
-432
-132
-10
251
192
-173
-245
-231
-129
9
586
896
780
520
388
518
303
95
-705
-1546
-1551
-943
85
993
1483
1333
740
324
-297
-740
-966
-923
-474
414
1080
857
496
304
472
135
-38
96
-167
-508
-517
-172
26
499
403
209
-115
-405
-238
-600
-719
-776
-178
216
250
897
645
-497
-1691
-2409
-2115
-1345
-75
751
1095
1825
1377
-58
-453
-999
-906
-206
717
1618
1913
1766
647
256
-262
-1412
-1638
-1533
-76
995
1450
652
270
-36
-1025
-1701
-1846
-1876
-1243
1193
1191
1242
990
550
-696
-1127
-1235
-2115
-840
-233
1187
2223
2288
2147
995
-888
-1188
-1517
-1811
-443
662
1967
3313
2910
609
-791
-1971
-2996
-2046
-1432
-77
1025
2694
2258
342
-294
-1216
-3466
-2320
-411
464
1761
2001
1169
268
-147
-1139
-1017
-1153
312
441
689
1192
1901
561
-374
-478
-1477
-831
628
1385
184
445
462
78
-343
-546
-531
-122
659
-221
30
807
115
40
-29
-456
-119
-264
175
336
588
-267
892
302
-851
-1423
84
350
-847
120
914
186
-110
120
-1297
-1872
-816
94
1123
1730
1227
162
-1051
-1008
-501
-1065
-265
-302
1236
763
819
860
-612
-713
-1200
202
-1686
-798
1377
853
742
693
805
-401
-916
-186
-1547
-1089
-43
1591
1051
1458
1799
-1023
-1867
-980
-86
-1118
-106
1025
792
484
2380
1609
-1216
-2353
-2250
-1591
-675
3229
1259
1398
2422
-700
-643
-2539
-1251
-1797
-540
2531
1420
1919
313
-1579
-1417
-1429
-293
1020
381
-577
-965
983
-469
1008
671
-234
298
-1819
-629
-308
426
788
462
1070
-1456
-614
937
1277
-1288
79
559
-1495
111
657
1345
74
-469
-1308
-588
862
479
1062
51
-611
-1922
536
-552
-93
1183
-327
-215
688
435
-698
65
-615
-270
683
329
-602
916
67
-516
543
-255
-888
-189
236
723
407
401
-979
-802
944
72
-301
425
782
-906
-764
858
1009
322
-882
-425
-595
45
1438
924
-87
-685
-21
-460
57
302
-409
-301
1119
372
-366
856
-463
-645
-529
-223
1261
26
-441
-265
700
36
-960
648
-995
-830
751
349
-518
533
1362
-918
-882
-582
-375
-195
2327
-378
-187
987
-1299
-1186
-148
2362
653
-84
-1074
-418
420
-896
862
724
-1056
-623
418
-68
1481
-86
-1130
-1652
169
1100
203
2033
712
-632
-1139
-2044
-429
91
2466
-593
111
1972
-1104
-1197
-1892
-348
50
1406
600
458
-395
-573
-431
-1713
1066
1362
714
-965
749
91
-1680
852
-207
1629
278
-867
-941
-1454
319
271
587
901
1088
-480
-649
-588
-1389
-1044
1650
1683
33
583
50
-661
-1637
572
-618
91
1238
-70
-357
307
-682
-1174
220
388
-98
431
244
-1197
1779
-632
-958
995
632
-548
22
2184
-1697
-130
2158
-1174
-245
91
-312
49
1116
422
-1444
1158
-293
-1442
-136
401
-3
955
-907
-642
1564
-60
-1235
475
1038
-500
70
444
49
195
963
-1110
421
834
-2187
-885
92
419
-76
922
-32
-1376
658
136
-1744
716
-522
-489
1796
160
1202
28
-1124
-2310
-1175
1916
-783
1786
1460
207
-125
-2733
-269
240
74
-83
226
2085
-486
519
522
-1355
477
-1659
-183
1213
1216
-329
-476
1197
-1720
-853
1064
-220
-352
-113
-752
-226
1220
-687
-1895
1861
1506
-1152
-659
839
-223
-1095
160
-108
1480
108
-81
235
656
351
-1245
-731
-1172
2734
696
-1650
62
432
-463
-291
996
-815
-818
261
-266
-360
2406
1321
-1119
-1883
-520
1372
667
235
404
794
-899
125
-156
1806
-668
-955
798
-1125
-226
386
864
-470
-354
781
-1617
-809
819
-2059
-130
1251
1469
-52
27
944
-2832
-24
146
575
1292
-235
22
143
-435
-98
-89
-109
-1687
105
2316
-1260
-924
586
1205
-1930
475
1544
-817
-233
233
-1188
50
2436
-126
-752
647
648
-1548
-428
1046
-87
-1094
12
642
-613
550
900
-398
-714
-690
937
-793
-96
-365
648
449
253
-96
161
595
-2058
-303
-137
1353
315
-737
65
126
846
-688
209
1228
-1347
-326
-174
409
320
1279
-136
-1274
1600
363
-1437
-710
327
-953
630
890
423
676
526
-803
-946
136
-907
35
474
664
265
612
236
-1741
-55
-571
17
96
103
881
252
64
-1121
457
-881
-795
1207
539
1828
212
-753
-1384
152
168
-1108
953
1612
682
-836
-1113
-734
-818
-122
-1538
503
1715
544
-260
-1953
1344
1119
-214
-1440
1169
605
-1063
-593
310
2232
-691
537
-946
892
-1136
-894
-359
703
1422
-1157
427
313
-434
-60
-665
347
635
377
436
259
-1255
-173
990
-835
207
999
-18
126
-1618
-698
469
236
762
-214
-216
-361
500
-734
-261
550
-87
-359
819
814
-544
225
1032
-1569
-444
1337
-236
-1743
1081
375
-1029
1854
-1012
-466
649
-297
-1449
-246
847
-264
883
1090
-566
-590
85
-985
-287
732
-348
73
1101
-637
-905
1077
-220
-853
74
-383
-1085
657
1481
-959
371
124
-141
-361
-319
363
-600
1483
564
-636
-715
997
-72
-263
701
978
-229
-547
-799
-390
1554
15
-1589
652
1656
-592
-961
-358
-569
197
780
-361
927
960
-1011
-1418
637
278
-419
286
594
-1042
93
1441
-1210
-63
349
-474
-452
1424
371
-476
-167
-1489
248
2318
1273
-1134
-610
-461
-739
-74
160
420
1342
911
-1782
-628
1240
-1230
-540
972
-133
-748
1661
936
-1779
188
734
10
-1125
614
175
-491
609
-291
-362
1316
-640
-1469
-96
-1333
789
771
-221
1045
1795
-1187
-2660
724
236
-1298
620
2852
554
-851
719
-156
-1787
157
-620
-279
669
846
-370
467
570
-1711
-586
-345
392
-1983
659
2167
-343
-793
503
-194
-259
-166
646
1159
442
-903
-418
1871
-82
-459
-522
1137
-570
520
-573
-244
279
-413
-1066
-741
1747
-621
-437
676
376
-792
-850
723
-1199
254
780
390
-285
-608
458
-1010
1191
585
-1226
-576
943
869
-795
547
699
-182
-415
-262
209
-27
-912
275
-491
1773
-395
-1082
259
-704
-655
176
1317
89
-472
547
-124
-732
93
-357
209
1200
456
-1707
554
810
-1791
-153
1717
-102
-981
1351
-1092
-1113
1508
-152
-989
256
1356
-779
903
1269
-1961
-1375
1092
-4
-473
1395
1237
268
-363
-436
-965
-641
494
174
203
1822
458
577
-1458
-882
-1128
-700
-61
373
1844
495
-201
-520
-1455
-1292
606
811
-329
439
1976
-707
-405
132
-897
43
488
410
527
713
641
-828
-883
837
-481
-235
363
309
819
-405
-903
-532
1079
-189
-1187
469
195
-476
102
-603
-312
1372
-34
-1855
-9
1235
-799
0
855
1420
-1197
836
-1560
-1147
2125
-128
-445
-389
632
-889
-47
135
-67
895
518
-2336
-517
903
234
-312
1474
296
-1020
-664
-604
6
260
1726
-1254
341
301
-405
-266
-653
999
-170
-214
276
21
246
-972
-563
358
588
586
307
658
-1582
-89
557
1
85
451
199
43
56
194
501
427
-389
-231
-253
30
871
-955
182
977
-158
-516
-257
-49
-759
605
628
-727
1091
19
-1423
-188
883
-1749
234
2496
-738
-652
1160
-327
-1573
31
222
-358
664
913
-1103
-335
316
-9
-1180
-528
1290
-1461
393
745
398
-87
-148
169
-1554
768
51
-135
183
1039
1031
-648
-376
-786
-303
-184
724
-651
-159
2003
350
-914
-809
886
-387
-1039
423
-121
1295
368
573
-295
-494
-401
-1141
-845
115
1573
129
56
1066
-1027
-511
141
-874
-6
1284
19
441
1642
185
-1526
107
168
-1429
-5
587
255
-466
1601
-314
-766
514
-624
-1111
-143
698
676
490
-421
-320
579
-767
468
-422
-630
-767
1205
448
-733
1230
-95
51
-987
-584
390
-431
1289
263
-204
47
-557
-19
-667
177
719
249
-289
119
-414
-907
208
900
-172
112
194
-963
-1002
-23
779
392
1002
298
-662
-187
-146
-908
-173
1655
910
-1318
2
1216
-1280
-268
30
255
55
551
-499
-480
1178
-250
-1110
352
708
-1013
-82
350
-402
728
-32
-590
-114
645
149
-1122
1269
-828
-627
747
135
-292
87
1008
-215
-303
594
-1046
-1253
1554
-233
-1180
638
1531
-810
-684
1352
-274
-1078
1163
249
-1230
1473
595
-891
-870
950
-535
-353
1025
-304
-477
1252
-307
-1384
78
940
151
-101
963
-202
426
-580
-1371
262
317
322
-648
606
280
-385
-237
185
-337
231
-170
-279
-105
-553
815
922
115
143
-1111
-74
257
-731
543
-210
655
611
56
-586
-775
641
-1197
-349
1354
11
-646
548
-20
-407
411
947
-949
197
913
-627
-196
384
-120
-545
295
483
178
-415
-477
-596
486
-424
114
341
-9
-130
538
-646
-1116
651
482
-613
459
1083
-1501
-201
1584
-724
-446
1317
27
-1696
566
737
-1116
692
696
-1275
981
256
-1298
-651
1125
627
-381
917
-379
-903
628
-270
-112
-183
143
-81
42
628
-405
328
-558
700
-852
-435
1713
-1178
-302
104
1263
-801
-357
44
-388
847
-126
-820
548
-216
161
-495
193
1007
-700
-425
-469
1365
-795
-1093
121
504
-45
306
816
-1135
376
-111
-753
-376
1120
-351
-309
1578
269
-53
-605
227
-902
531
-12
547
170
-185
423
-139
186
-817
313
-71
-777
492
28
-447
-405
626
545
930
-711
-991
38
-177
1074
-294
742
-390
389
152
-1038
707
-31
-680
100
883
-482
-547
1285
-605
-1335
1592
-872
-134
494
266
-547
-280
754
-1082
893
465
-103
-885
593
992
-1006
104
257
-710
274
742
-551
95
606
-1194
-929
773
499
441
-122
-53
-1161
-59
1333
-1254
273
796
-372
-182
1138
656
-1768
166
827
-1023
89
869
-1128
-392
1221
-355
-537
1021
31
-1793
-266
560
-262
1700
-151
386
-257
157
-136
-1626
677
-919
742
896
-450
425
182
-20
-394
-889
73
-388
522
-31
503
834
-649
62
-500
-473
-401
229
180
511
780
11
-932
51
142
-673
-359
102
-117
65
830
191
-258
-630
236
478
-82
884
-909
245
753
-439
-99
196
822
-885
-47
22
-53
343
-274
-175
560
711
-801
-443
-503
-599
379
1035
-845
-121
977
-935
98
-350
-161
618
192
-137
403
1016
-471
-1255
290
192
-801
757
98
493
-131
314
-287
-104
130
-829
-671
760
586
341
255
303
23
-1139
1034
-480
-337
236
-387
-249
645
588
-423
87
672
-1060
-502
609
-611
-83
285
1238
-38
217
239
-1076
340
-287
-772
567
966
-161
-178
856
-193
-1118
336
-157
-416
351
-502
-441
1274
242
-1162
643
-66
-489
-618
103
108
-982
1404
-266
68
1025
-471
-853
-618
373
-947
637
1679
-1038
130
948
-660
-1055
116
103
-769
1352
442
-254
119
108
-1207
-593
642
-272
333
17
295
198
85
573
-829
-690
609
377
-630
109
656
-324
566
16
47
-1025
332
86
-1195
389
836
-451
1172
826
-905
-417
367
-421
-1137
1138
351
-128
1066
-106
-1108
363
-415
-883
860
885
-1082
-366
2095
-1318
-394
1187
-880
-872
670
90
-843
1170
119
-791
234
759
-1037
63
1054
-1137
-636
1781
-81
-61
48
-209
-875
575
-295
-264
1228
35
-539
-89
1089
-361
-726
48
289
-275
-418
805
79
-363
155
125
-175
-468
-49
139
200
305
-351
-393
303
160
-48
-40
531
-180
-481
-365
-246
53
-505
569
731
-765
-517
-123
31
-310
502
62
521
576
96
-480
136
204
-18
501
-228
-141
-653
245
-363
350
208
571
-302
-379
486
-873
400
-218
-141
686
349
91
-524
431
111
-731
-337
192
6
367
685
133
32
408
-102
-884
106
72
-170
610
288
-158
-506
380
204
-586
275
-423
-407
557
-5
-938
188
62
-165
149
225
-515
-501
158
-172
-467
88
398
-33
-122
-74
162
-513
-628
181
234
-229
606
1004
-779
-105
263
-576
-10
476
-416
-488
1720
-356
-1535
477
775
-853
-465
428
-495
-130
852
112
207
801
-275
-917
480
98
370
608
307
-222
-485
261
-384
-36
35
614
1164
-845
305
-68
-691
-120
781
304
-398
1322
-372
-785
-41
357
-622
267
731
-887
395
1169
-782
-296
790
-746
-240
394
401
-173
330
-206
-738
512
-88
-690
100
206
-132
-482
704
-101
-642
404
-426
225
86
-458
160
-7
444
0
-398
-238
82
-440
-317
70
398
472
-592
-4
-611
-237
451
-281
-703
-316
1119
-480
461
-24
-89
-468
344
127
-90
803
-56
-136
-17
-192
-222
328
997
-1147
-510
561
-107
342
-506
-104
306
774
-730
-47
325
-273
-438
362
237
-196
232
273
-266
-53
631
-341
-23
844
-239
-186
155
-81
-484
-142
755
-143
175
58
466
-820
-356
146
-147
443
-304
490
-190
446
-14
-437
-72
384
-174
-280
557
116
-432
-232
164
-82
537
285
-502
-143
-261
387
-20
-50
-252
-376
573
-272
-203
342
394
-598
-245
207
-535
169
517
210
9
121
282
-683
-310
551
36
79
357
-44
-711
629
351
-1114
-81
265
189
-524
180
599
-283
-129
-177
-399
-282
214
195
-17
270
593
-588
-358
26
-173
-367
584
297
-116
-111
-213
280
-811
47
259
348
-460
640
26
-443
355
65
123
-306
467
186
120
-218
220
-615
138
-29
-304
-87
352
178
-246
-397
272
309
-341
184
207
-105
-492
225
262
-117
251
294
-124
-123
368
39
-367
162
-101
13
210
8
-555
90
353
-425
-154
287
603
-385
-247
80
30
-132
4
443
-133
118
-189
-435
67
-109
251
-185
489
-223
-408
-132
3
-477
-88
616
202
68
-122
12
-251
41
-41
49
310
239
87
132
-337
-217
88
104
142
85
383
-10
-375
106
271
-514
-162
467
-232
-594
650
-2
-417
131
273
-14
-437
289
-479
1
682
-174
325
-243
664
-236
-296
-314
-221
231
14
671
268
354
-73
-608
-332
-614
385
551
-259
478
399
-441
-669
-75
-359
-443
280
490
574
-221
454
-688
-557
89
-95
-103
25
720
-202
-359
340
-211
-250
159
-53
-132
27
29
171
622
-98
-149
219
211
-516
319
-165
-17
358
-367
419
-545
153
-118
213
36
-386
639
-617
180
-95
-263
42
39
106
-620
309
504
-312
-401
268
-180
-379
175
697
230
-92
183
-201
273
-99
98
-164
-68
260
226
-205
-138
267
-284
-267
670
138
-959
179
-246
6
-249
505
383
-405
326
-393
90
-460
70
237
297
270
-149
207
-408
-47
317
-245
123
-57
-22
-141
184
293
-617
55
-6
-30
218
-228
-80
-364
302
-447
-327
98
193
266
-189
488
290
-106
-462
163
823
-174
-131
228
163
136
-486
124
-393
117
-6
-610
430
-160
-29
119
326
151
-546
429
-282
274
-122
92
405
-528
164
-281
-3
340
149
-1000
332
425
-735
176
596
105
-884
-274
624
152
-248
75
475
372
-896
438
364
-870
97
186
247
-228
73
-237
-32
-208
-279
239
314
-167
-342
288
602
-347
-69
79
143
-40
-312
443
503
-179
-315
294
323
-647
-588
56
-165
-166
714
0
69
-85
-384
445
-60
-459
39
591
393
-214
272
-123
-360
206
-636
125
397
167
-249
630
685
-613
-342
-348
-112
-194
-307
152
143
246
210
251
-421
-358
-29
-98
263
76
163
150
457
-31
-416
414
-508
-91
39
277
-93
-136
666
-94
-296
-266
114
-306
-157
46
272
121
2
-258
-262
-219
-175
174
129
-257
-419
306
275
-194
-582
321
316
-10
-210
210
-93
-617
115
372
44
79
362
-221
213
-447
-135
373
525
-236
366
1071
-399
-539
72
320
4
-343
428
473
-607
-595
197
526
-338
-261
116
-394
237
-215
-11
207
-67
-333
295
840
-305
-6
433
-4
-15
-52
32
-81
-146
8
-198
477
-278
-410
704
-129
-635
33
401
-419
-266
616
-69
342
148
-514
-458
207
-626
-587
935
139
-458
356
287
-581
-463
134
47
-144
413
156
391
410
-208
-36
589
-837
-871
208
246
231
153
-71
-229
408
-523
-766
470
448
-354
61
980
-374
-477
194
-331
-113
379
91
-128
556
-577
-116
648
87
-593
-80
-12
-116
333
63
-49
-397
34
-89
-264
442
-272
-69
269
141
66
2
328
-11
89
246
-528
324
717
-296
79
254
-190
-324
402
134
-666
150
75
-155
-23
256
-453
-46
-11
-611
302
294
-268
-135
594
-164
-526
35
249
-193
-201
-91
195
666
-417
-677
195
823
-461
-497
428
165
115
219
493
-336
92
-465
-229
451
442
52
-319
267
-451
-452
111
310
-310
63
-40
79
-138
285
84
-316
595
-273
-346
154
217
-73
179
439
-559
-309
522
-102
-451
417
270
-166
-157
97
-246
-164
177
-553
134
505
-151
-267
642
198
-1113
-408
418
-137
7
205
309
168
-267
-311
-108
486
324
61
-208
437
234
-220
447
386
-376
-239
-5
-359
-24
32
-216
301
620
91
-720
-323
-250
-481
132
262
-85
389
124
-16
305
18
-579
-476
411
-11
187
134
321
203
-248
-296
-701
123
268
-302
48
398
415
-245
-4
-45
-230
-326
25
252
-35
228
20
-41
189
-156
-321
-169
201
166
-4
443
413
144
-276
-426
284
-150
-28
-105
114
-186
159
378
68
-136
-451
-129
-384
-174
202
239
8
93
412
145
268
-755
-513
-366
-12
814
385
227
-97
70
-586
-84
274
-267
-234
-144
375
60
140
612
123
-380
-644
55
-34
-341
18
-165
280
734
353
-428
-459
69
-540
-266
226
337
257
271
258
-218
-278
-278
-682
-317
319
597
501
308
143
-288
-555
-380
14
125
76
21
332
581
-33
-665
-358
152
101
-307
66
583
310
18
-124
-56
194
116
-615
-290
473
234
464
-68
90
-19
120
-18
-203
-149
-279
175
-105
297
425
128
-121
-496
34
-223
-83
176
290
24
-435
315
60
-308
-61
18
-260
-127
126
84
179
16
174
50
60
-163
110
-59
-334
112
435
-16
55
168
-410
-191
183
-221
-199
41
87
-197
29
234
-50
-74
-92
214
-68
-240
164
-157
-252
149
159
174
25
275
-360
-637
-42
-109
30
124
492
393
-350
183
-80
-502
-231
15
198
-237
346
183
-173
-94
-266
-58
103
-22
29
66
128
81
73
401
-67
-132
-65
-88
160
-95
-174
-34
48
184
237
-25
-47
-136
-6
-20
-396
91
465
36
-43
511
6
-717
-342
133
79
297
318
-190
-198
188
-71
-436
46
86
57
-91
105
290
-83
-125
21
301
26
-463
-308
-113
42
355
349
-8
-198
-95
-264
-177
50
-101
241
348
122
-149
-13
96
-131
-100
60
-58
-5
25
178
221
70
-44
-100
-141
-372
51
278
134
69
288
106
-106
231
-24
-326
181
206
-191
-6
142
-49
33
195
-240
181
234
-223
-102
103
-113
-79
318
-95
-177
6
-110
-386
-44
150
305
327
-40
-154
63
-55
-203
214
219
-126
-202
176
8
177
-98
-270
51
-177
-138
86
528
50
-456
-147
-67
-162
94
181
-37
-145
-10
-8
5
146
-63
-5
302
-72
-375
-113
168
173
156
342
-100
-271
-412
-240
197
38
84
180
86
-125
-80
-151
-156
11
-110
-113
-7
-7
156
294
-7
-455
-340
32
-181
-133
286
283
110
32
-137
-360
14
25
-238
64
-13
-128
-402
-179
177
136
94
-42
99
6
10
16
-227
-74
92
209
191
379
7
-387
-135
81
8
-50
328
149
46
99
23
-37
-79
98
10
19
255
-94
-35
-65
13
45
66
239
164
69
-59
-100
-85
105
154
331
160
56
-40
114
-153
-280
92
84
3
31
356
61
-193
-20
-94
-228
-122
89
-94
116
535
101
-209
-100
-141
-263
11
313
34
-198
-114
-168
-74
273
326
-152
-243
-74
-163
-103
5
152
98
97
101
-187
-443
-384
-283
-61
341
452
25
-262
-119
-438
-265
199
114
37
-32
93
64
-24
-123
-128
146
311
340
110
-120
-46
-43
-45
340
286
55
-195
-133
-104
-91
111
-31
65
111
26
-149
-208
-255
-237
108
366
410
268
-109
-416
-203
-149
-106
129
357
309
100
-13
-87
-272
-359
-85
267
376
297
184
-216
-453
-363
-217
-17
152
325
207
-4
-78
-103
-299
-116
135
215
288
241
156
-134
-202
-154
28
77
173
178
36
-127
-97
4
-119
203
535
223
-222
-386
-402
-350
-52
164
184
265
163
-82
-137
-38
-195
-311
-55
140
174
188
19
-158
-232
-196
37
172
42
-70
16
131
25
7
-51
38
-105
-197
50
173
38
-93
63
-70
-165
-40
92
-2
32
96
78
-6
-233
-301
-138
48
157
329
354
72
-248
-211
-90
-94
-59
134
300
229
195
174
-165
-482
-415
-216
-8
264
288
181
228
18
-267
-309
-240
-326
-105
359
444
275
30
-185
-333
-289
-248
-14
411
416
167
132
47
-304
-255
34
-45
-9
190
243
-1
-37
-1
-280
-220
-82
-86
58
231
147
-88
-29
-121
-306
-224
160
335
109
119
197
88
-44
137
114
-99
-198
-109
49
196
267
40
-158
-180
-280
-238
133
294
106
60
87
-216
-373
-151
-15
88
220
171
59
163
131
-70
-86
-50
-170
-110
190
415
369
148
-56
-213
-393
-305
81
228
153
197
290
79
-287
-394
-223
-168
-172
-94
28
186
245
126
-69
-74
-167
-288
-18
241
327
296
248
-13
-259
-245
-315
-207
77
228
199
140
65
-126
-211
-219
-328
-434
-249
60
241
345
235
-4
-190
-250
-288
-265
-120
165
395
371
204
88
-53
-240
-258
-219
-106
3
110
288
323
153
-98
-281
-333
-174
-33
95
344
429
239
35
-154
-341
-328
-198
-48
150
356
339
219
155
-17
-177
-206
-141
-111
24
262
356
363
298
99
-123
-279
-344
-329
-117
276
580
627
337
-38
-348
-532
-518
-279
49
284
519
567
248
-92
-274
-414
-456
-218
18
152
284
375
217
-41
-142
-332
-383
-326
-200
-22
173
331
239
198
60
-248
-353
-304
-291
-191
3
169
314
310
176
-55
-282
-487
-527
-282
-15
236
413
524
383
60
-232
-455
-502
-323
-45
206
409
462
392
169
-126
-404
-471
-331
-124
106
268
342
341
225
-13
-221
-268
-155
-49
98
185
120
37
5
34
63
105
54
-109
-146
-74
-28
6
138
247
216
155
56
-40
-129
-178
-147
-56
80
232
302
191
-20
-195
-301
-311
-203
-57
106
217
185
49
-36
-51
-91
-84
-31
20
17
-71
-116
-61
22
95
132
117
48
-44
-167
-252
-220
-127
7
173
258
170
64
-42
-179
-252
-213
-83
101
255
286
196
47
-71
-160
-172
-111
-33
75
116
97
47
-9
-36
-85
-54
37
104
101
46
-9
-100
-118
-44
14
5
-20
15
38
-16
-120
-190
-184
-135
-24
141
246
196
93
-15
-156
-230
-203
-68
121
262
309
258
105
-114
-252
-256
-164
-2
191
298
278
150
-16
-133
-200
-213
-144
13
200
296
254
120
-40
-175
-234
-220
-170
-29
157
283
281
189
38
-141
-256
-233
-89
47
209
275
145
-22
-146
-246
-267
-185
-65
69
147
155
117
-9
-177
-281
-294
-208
-60
73
176
234
147
-43
-163
-199
-208
-115
49
204
326
334
200
28
-127
-282
-341
-257
-82
111
259
329
252
31
-186
-284
-275
-200
-38
152
288
371
365
212
-12
-162
-214
-177
-85
44
158
218
230
160
21
-131
-224
-237
-167
-36
93
149
165
153
67
-71
-171
-201
-153
-49
72
161
208
188
90
-21
-117
-183
-191
-133
-23
91
144
129
89
31
-58
-108
-119
-115
-68
-2
40
91
146
114
7
-77
-121
-146
-120
-63
-8
50
87
112
93
26
-55
-100
-100
-103
-36
60
105
87
24
-42
-68
-68
-85
-106
-91
-73
-45
-1
16
16
43
59
14
-3
-12
-54
-70
-40
21
72
108
103
41
-28
-83
-103
-83
-45
-3
31
54
61
71
70
44
9
-5
16
19
10
16
44
89
117
115
94
80
46
8
22
60
45
10
29
31
-11
-65
-99
-105
-94
-62
-22
6
8
-20
-38
-40
-31
-25
-15
-6
28
40
22
-7
-39
-45
-45
-31
1
23
23
21
23
11
-26
-34
-14
1
1
-1
-3
-12
-18
-10
3
9
9
8
-6
-11
-7
14
38
27
34
53
60
39
12
6
-13
-14
-1
24
41
41
22
6
12
-2
-40
-46
-44
-52
-44
-23
2
5
-15
-26
-44
-62
-87
-95
-69
-32
-5
14
34
41
28
14
10
-2
2
15
32
40
35
9
2
-1
-18
-44
-55
-54
-60
-43
-21
-7
-3
-6
-12
-15
4
18
21
25
26
25
20
13
23
36
36
26
24
26
14
11
18
23
25
18
6
-5
-8
-14
-26
-29
-37
-49
-55
-59
-49
-38
-36
-34
-27
-27
-29
-18
-1
3
-11
-15
-7
3
3
8
14
13
12
7
-2
4
9
20
27
29
34
45
35
12
7
2
4
17
39
44
37
45
46
34
23
24
37
47
68
80
74
56
49
36
19
14
4
-7
-13
-8
-5
-18
-31
-40
-50
-57
-62
-59
-40
-18
-4
1
2
-12
-19
-19
-17
0
10
14
26
26
22
11
2
-1
5
12
22
34
41
42
38
37
22
5
-2
7
16
23
23
13
5
-9
-26
-31
-24
-19
-8
2
7
8
9
1
-6
-11
-16
-23
-27
-38
-40
-26
-23
-21
-28
-32
-41
-36
-21
-12
-1
-8
-8
-10
-14
-17
-25
-22
-25
-31
-33
-41
-43
-46
-33
-14
-7
-6
-13
-9
-8
-7
0
12
22
22
15
7
-6
-17
-15
-9
0
-2
-9
-10
-14
-24
-30
-32
-28
-19
-16
-9
0
-2
4
8
14
20
14
-1
-7
1
5
2
5
10
4
5
-2
-8
-8
-6
2
15
26
32
32
36
40
36
17
-1
6
18
26
37
40
38
30
28
28
30
33
34
35
27
27
22
22
18
24
32
30
19
9
11
13
19
28
22
20
26
28
18
1
-15
-16
-15
-5
-2
6
1
-13
-17
-30
-38
-38
-27
-23
-22
-22
-28
-26
-31
-31
-27
-23
-9
-12
-15
-19
-19
-16
-18
-10
-14
-14
-15
-14
-15
-14
-13
-6
11
15
5
5
7
10
10
16
13
12
9
1
3
3
3
-4
-1
3
11
18
11
5
4
-7
-20
-21
-9
-3
1
-3
-17
-19
-24
-26
-24
-16
-9
-4
-4
4
9
10
11
22
30
26
23
18
21
27
32
35
32
30
31
19
8
-2
-10
-16
-14
-1
7
11
3
-5
-14
-25
-26
-29
-25
-19
-9
-1
-3
-13
-23
-21
-19
-17
-14
-15
-18
-25
-37
-42
-27
-16
-11
-9
-7
-11
-30
-32
-26
-13
-8
-8
-4
-3
-2
-8
-3
-1
-1
0
6
11
7
6
7
13
19
15
9
7
-4
-12
-18
-18
-12
-8
-1
1
3
-7
-7
-7
-7
-6
-1
-2
-5
1
2
-2
-3
0
0
12
13
17
25
27
33
37
40
41
40
42
41
38
33
29
37
37
32
33
35
38
42
51
56
46
25
20
20
21
21
19
10
1
-3
-6
-8
-10
-17
-17
-20
-21
-27
-29
-32
-21
-5
5
11
1
-12
-28
-38
-40
-35
-18
-10
-10
-10
-8
-11
-14
-14
-12
-14
-16
-15
-16
-7
-10
-1
-2
-13
-20
-23
-17
-10
-6
-11
-9
-11
-15
-9
-1
5
7
-1
-3
-7
-8
-2
3
10
11
19
24
32
32
22
24
26
30
35
37
34
31
32
21
16
12
0
-8
-19
-21
-25
-33
-28
-29
-21
-16
-15
-27
-39
-37
-43
-34
-22
-19
-14
-15
-19
-26
-27
-25
-21
-7
2
5
3
7
7
7
11
8
6
1
7
7
6
11
17
19
9
3
10
7
10
13
6
-1
-8
-19
-31
-31
-26
-21
-21
-25
-23
-23
-27
-21
-19
-12
0
9
6
-1
2
4
7
7
8
14
13
6
2
5
13
15
15
17
24
22
18
13
9
13
10
11
8
2
-6
-10
-9
-13
-17
-10
-4
3
2
-5
-2
-7
-6
-4
4
5
0
0
-4
-9
-3
-3
-3
4
9
12
14
23
22
19
17
22
25
23
28
26
33
34
23
15
6
-1
0
9
16
26
31
34
30
21
20
22
17
17
14
13
7
4
3
-4
-8
-13
-16
-14
-5
-6
-11
-11
-5
-2
3
8
8
4
13
6
7
5
-4
-8
-12
-14
-18
-21
-22
-18
-17
-17
-16
-16
-20
-22
-23
-12
-4
-5
-16
-18
-24
-31
-29
-28
-29
-26
-28
-29
-24
-26
-26
-24
-13
-3
-6
-4
2
4
-8
-12
-14
-20
-15
-9
-2
-10
-11
-7
-5
-4
-10
-8
3
11
18
21
23
28
19
19
20
16
10
8
10
11
2
-1
5
0
-3
2
11
22
26
29
23
21
14
8
8
7
10
12
10
1
-2
-7
-7
4
15
11
16
19
15
15
16
16
10
16
19
11
6
3
5
5
0
-7
-17
-20
-22
-25
-19
-22
-17
-18
-18
-23
-29
-30
-30
-22
-21
-26
-32
-32
-34
-29
-31
-31
-24
-24
-18
-10
-8
-5
-1
10
14
12
8
4
8
8
10
16
18
20
19
14
9
15
18
25
29
31
32
26
28
21
11
10
3
7
15
17
15
11
11
9
11
12
10
10
10
14
16
17
19
19
23
29
26
30
24
21
14
14
14
7
7
4
6
10
14
13
7
5
-10
-10
-7
-11
-9
-11
-15
-19
-23
-32
-36
-36
-36
-41
-40
-45
-47
-41
-37
-35
-35
-29
-34
-29
-32
-31
-27
-28
-19
-16
-10
-12
-15
-15
-13
-8
-2
-4
-4
-4
3
1
2
6
2
5
9
6
0
5
6
10
10
7
8
5
7
7
10
18
10
12
14
18
16
17
18
16
21
15
18
25
27
31
37
30
20
18
20
20
23
25
18
14
11
11
5
11
10
13
17
24
21
16
13
11
8
14
24
25
23
16
19
17
10
3
4
5
4
-1
-1
-10
-7
-10
-12
-8
-7
-11
-19
-21
-24
-27
-32
-30
-28
-30
-21
-23
-23
-24
-28
-25
-21
-23
-26
-22
-24
-21
-21
-25
-20
-13
-9
-6
-7
-8
-6
-10
-7
-11
-12
-3
-5
-4
-7
-5
-6
-5
-3
-5
7
16
15
14
12
7
7
5
5
1
0
0
-1
-2
-4
-1
-3
-3
2
0
-2
-2
-3
-8
-4
-1
-13
-10
-7
-8
-16
-20
-21
-20
-22
-23
-19
-16
-15
-10
-13
-16
-14
-14
-18
-12
-3
-7
-5
0
5
1
1
1
6
11
14
20
22
27
28
31
26
26
21
17
17
17
14
13
21
20
26
24
25
21
21
15
8
13
14
14
12
2
6
9
7
5
2
4
-1
-1
-6
-8
-7
-8
-4
-5
-5
-6
-7
-3
3
5
3
12
14
11
15
15
18
13
11
12
10
12
11
10
9
17
14
9
13
9
7
10
13
18
19
15
13
14
10
8
6
2
-1
-12
-18
-10
-14
-12
-9
-4
-2
-2
1
-6
-6
-12
-16
-15
-15
-17
-18
-17
-17
-21
-22
-24
-24
-28
-29
-20
-19
-12
-16
-14
-9
-5
-6
-6
-1
-7
-10
-18
-9
-3
-7
-2
2
2
2
2
6
11
9
3
3
0
-1
-3
-2
1
0
4
5
9
13
15
16
11
4
4
5
4
-2
-2
0
-4
-5
-14
-13
-5
-2
4
6
7
7
6
10
9
14
14
13
11
4
1
-7
-8
-7
-5
0
2
-2
1
-3
3
6
8
7
7
11
-3
-1
1
1
4
9
9
7
5
0
-4
-5
-1
-3
-2
1
3
0
-6
-9
-8
-13
-17
-14
-13
-11
-15
-19
-15
-15
-19
-13
-5
-1
2
0
-10
-15
-18
-17
-12
-8
-2
2
0
-6
-3
-6
-9
-2
-7
-5
-7
-11
-14
-15
-12
-12
-6
-6
-8
-9
-11
-11
-18
-14
-14
-14
-4
-5
-2
-6
-11
-13
-12
-4
-4
-2
0
-1
-5
-7
-11
-11
-4
0
8
5
6
2
1
0
6
14
17
29
26
26
29
24
30
28
34
36
33
32
26
28
25
34
39
43
46
41
40
34
32
31
31
33
28
23
25
22
24
23
25
27
25
23
16
17
12
9
13
15
16
18
20
18
11
4
3
0
-8
-9
-9
-11
-14
-15
-11
-7
-10
-8
-5
-12
-17
-20
-23
-22
-27
-34
-37
-34
-36
-37
-36
-34
-34
-36
-41
-45
-41
-49
-46
-37
-36
-32
-39
-41
-42
-46
-44
-39
-35
-29
-26
-29
-28
-26
-29
-18
-15
-18
-16
-18
-17
-12
-7
-7
-9
-7
-5
0
4
7
9
9
11
13
13
10
19
19
16
21
21
25
23
18
20
25
22
24
26
22
24
22
22
21
22
21
21
18
16
16
14
14
18
19
18
19
21
22
14
13
15
21
21
18
13
13
13
5
6
9
9
7
9
13
9
9
5
2
3
0
-2
-3
-4
-6
-6
-11
-13
-9
-10
-10
-6
-9
-7
-6
-5
-3
-1
-1
0
-3
1
1
2
4
-3
1
0
1
-2
-5
-4
-5
-7
-8
-7
-7
-4
0
1
-1
-4
-7
-5
-6
-5
-1
4
1
-4
-10
-20
-17
-11
-9
-5
-2
-6
-8
-10
-18
-18
-15
-9
-11
-12
-10
-14
-21
-23
-17
-13
-12
-15
-14
-12
-11
-13
-13
-6
-2
3
4
3
4
2
3
4
5
5
4
7
7
9
9
4
9
6
11
10
5
6
3
7
10
13
16
13
12
13
5
3
6
5
7
14
12
12
19
15
19
22
23
24
18
17
12
10
8
5
2
-1
5
-2
-3
0
-7
-5
-3
-2
-4
0
3
8
15
16
22
19
14
11
9
6
5
9
9
1
-7
-8
-6
-2
0
0
1
0
0
-6
-14
-8
-11
-8
-8
-9
-15
-22
-19
-19
-13
-12
-9
-10
-11
-8
-10
-4
-4
3
2
1
2
-4
-5
-10
-8
-7
-9
-11
-14
-13
-10
-6
3
4
9
15
12
12
11
13
10
14
15
12
7
4
2
-4
-5
-9
-5
-9
-3
-5
-6
-3
-9
-4
-1
-3
-9
-12
-20
-25
-24
-31
-34
-33
-31
-32
-32
-30
-27
-24
-22
-22
-21
-22
-23
-26
-26
-19
-16
-20
-20
-17
-16
-17
-17
-13
-11
-8
1
5
5
13
19
20
28
33
30
29
38
34
30
31
34
39
36
33
31
27
23
20
19
28
28
20
23
26
28
25
19
12
12
5
6
6
6
8
0
3
1
-1
-5
-7
-2
1
6
6
4
1
2
1
-7
-7
-4
-6
-10
-12
-9
-6
-3
0
-2
3
8
8
6
6
11
10
12
13
18
21
20
16
15
15
16
8
6
4
8
5
0
2
-4
-6
-9
-7
-6
-10
-11
-17
-18
-18
-15
-19
-24
-25
-28
-31
-38
-41
-39
-39
-38
-37
-39
-34
-35
-32
-28
-25
-18
-21
-20
-18
-16
-12
-8
-3
3
3
10
14
17
15
16
22
25
28
27
31
35
37
37
36
33
29
31
36
33
40
36
38
34
31
32
30
32
27
27
18
13
12
11
7
4
2
-1
0
-3
-9
-18
-24
-27
-26
-35
-36
-34
-37
-40
-46
-45
-47
-42
-47
-43
-39
-45
-42
-36
-31
-30
-26
-22
-17
-15
-8
-6
-3
5
5
5
10
14
14
16
18
19
22
16
20
24
25
23
12
11
9
11
13
11
18
12
14
11
8
6
4
3
5
8
8
6
-3
0
1
-8
-9
1
-2
-5
-8
-12
-11
-14
-15
-16
-20
-13
-15
-20
-14
-9
-10
-12
-6
-5
-4
-2
-5
4
10
7
15
18
22
22
24
28
29
29
33
39
42
48
44
41
43
38
33
26
25
22
21
19
16
13
11
8
2
5
6
0
0
-4
-7
-19
-20
-13
-14
-17
-19
-17
-19
-24
-28
-28
-22
-22
-25
-24
-22
-18
-18
-17
-18
-22
-21
-21
-18
-15
-15
-11
-8
-1
2
1
1
3
2
-4
-3
0
1
5
0
4
5
-1
-3
-9
-13
-12
-19
-18
-13
-13
-13
-17
-20
-22
-24
-25
-22
-15
-6
-3
-4
-4
-15
-21
-24
-25
-20
-17
-14
-14
-13
-10
-12
-9
-8
-5
0
-1
2
2
-6
-6
-2
1
6
14
14
16
19
24
24
26
33
30
35
32
32
33
37
40
40
40
32
30
26
21
21
25
27
25
29
26
23
30
24
19
16
20
19
15
14
11
11
0
-3
-4
-6
-7
-11
-7
-6
-9
-11
-16
-22
-25
-25
-20
-14
-16
-17
-20
-24
-28
-30
-25
-25
-24
-20
-14
-12
-12
-13
-14
-10
-6
-8
-14
-20
-18
-18
-21
-16
-12
-2
0
8
9
2
6
10
15
17
25
27
22
24
19
16
14
15
17
14
10
5
2
1
-3
-3
-7
-11
-10
-16
-13
-12
-11
-15
-11
-5
-5
-3
4
6
3
7
11
8
11
7
6
6
3
-1
-5
-10
-9
-11
-14
-17
-22
-27
-32
-24
-25
-28
-25
-23
-23
-20
-19
-14
-7
2
10
14
14
8
7
7
11
11
13
14
15
19
17
16
13
12
7
3
1
-1
-4
-10
-16
-17
-12
-8
0
9
13
15
7
9
11
17
11
12
21
19
17
19
23
24
18
22
26
24
19
9
8
10
22
29
26
26
23
17
7
2
6
9
17
21
25
23
23
17
9
9
9
10
-3
-1
-2
-7
-7
-13
-8
-7
-5
-2
-9
-15
-26
-28
-29
-26
-17
-19
-19
-25
-34
-33
-31
-27
-21
-23
-20
-22
-31
-39
-43
-46
-42
-37
-34
-30
-32
-35
-38
-36
-32
-32
-19
-12
-12
-14
-9
-6
-6
7
4
5
5
5
11
5
3
5
6
11
13
13
15
20
13
15
15
4
5
7
9
7
3
1
2
9
8
8
11
9
2
3
6
12
17
20
18
14
16
9
14
12
11
13
6
11
8
10
6
6
8
13
20
16
17
15
14
15
11
12
17
26
30
34
36
37
32
20
17
15
15
12
8
6
0
-2
3
4
0
-7
-9
-11
-13
-20
-23
-26
-22
-19
-21
-22
-30
-28
-32
-25
-18
-17
-14
-12
-13
-10
-14
-12
-12
-12
-11
-10
-10
-13
-13
-21
-24
-26
-25
-21
-20
-18
-16
-19
-21
-13
-6
0
4
1
-5
-7
-4
-5
7
22
24
30
26
24
25
23
25
30
42
46
53
48
48
53
43
36
31
31
28
30
31
28
20
13
17
22
17
12
8
8
4
4
6
-1
5
2
-10
-16
-24
-26
-30
-23
-15
-13
-17
-15
-20
-28
-28
-28
-20
-13
-7
-19
-23
-16
-22
-18
-19
-19
-19
-18
-16
-17
-9
-6
-14
-14
-9
-8
-8
-3
-6
-7
-6
0
6
9
9
9
10
13
2
-13
-22
-23
-18
-22
-17
-11
-12
-13
-17
-15
-13
-14
-23
-27
-22
-23
-21
-21
-17
-18
-16
-21
-19
-14
-16
-15
-15
-13
-1
6
11
11
12
8
5
5
5
7
12
4
3
3
-3
-4
-4
-4
0
8
11
15
24
26
23
18
15
18
17
12
12
25
33
27
25
23
23
21
11
13
17
20
19
21
18
15
20
21
25
14
2
0
6
11
15
16
13
16
10
6
13
14
10
4
9
12
11
10
-1
-7
-12
-15
-11
-10
-11
-15
-18
-26
-28
-19
-10
-7
-4
-1
13
8
-4
-7
-2
2
2
6
2
0
-9
-12
-4
0
0
-1
4
7
-2
-3
4
8
1
-6
2
3
3
-3
3
7
-1
-16
-16
-19
-23
-25
-22
-11
-2
2
4
6
2
6
9
9
11
6
0
3
1
5
9
13
19
23
22
10
-2
-5
-12
-16
-13
-7
-1
-9
-15
-21
-27
-32
-34
-27
-27
-27
-25
-23
-21
-18
-19
-9
-5
2
7
10
9
9
11
7
12
12
11
13
14
19
18
18
23
13
6
-2
0
3
1
-2
4
9
9
10
9
10
2
7
4
3
0
-5
-10
-8
-4
-11
-11
-12
-19
-21
-25
-26
-21
-21
-15
-11
-7
-12
-7
-3
-4
1
2
3
-4
-10
-9
-10
-1
4
12
21
29
32
24
22
21
27
35
38
32
23
17
12
13
12
9
16
13
10
3
-7
-13
-18
-9
2
5
7
6
8
2
-6
-7
-7
-6
-9
-9
-17
-21
-16
-21
-14
-6
0
5
4
-3
-12
-14
-22
-25
-20
-21
-21
-18
-23
-33
-33
-28
-21
-21
-21
-17
-16
-17
-13
-11
-11
-5
1
5
8
3
5
9
9
13
15
26
26
30
35
37
32
29
32
33
40
38
38
37
31
28
26
23
24
29
26
25
18
11
7
1
-2
-2
4
6
3
5
0
2
3
3
8
6
2
-8
-11
-15
-19
-19
-21
-24
-21
-23
-24
-29
-29
-27
-28
-24
-17
-16
-21
-18
-24
-27
-30
-30
-29
-26
-25
-22
-18
-19
-16
-12
-5
0
-3
-2
-3
1
1
0
2
7
7
8
11
4
1
0
5
11
17
20
20
16
17
15
23
24
22
17
8
10
8
3
7
8
15
20
24
20
19
10
10
9
8
10
4
-5
-8
-11
-20
-27
-24
-18
-15
-14
-10
-10
-13
-14
-20
-15
-13
-15
-11
-15
-15
-22
-23
-25
-24
-25
-26
-16
-13
-13
-9
-8
-4
-1
-2
-3
-3
-6
-9
-14
-15
-14
-8
-8
-2
1
3
11
17
18
18
25
27
27
28
25
21
20
19
23
23
17
19
20
25
27
23
22
29
32
35
32
36
32
27
26
24
22
15
7
-2
1
-2
-3
0
3
7
5
4
4
7
7
5
5
4
1
-3
-3
-2
0
4
5
2
2
1
-4
-10
-8
-4
-8
-5
-6
-2
-4
-8
-5
-5
-8
-17
-22
-26
-23
-27
-30
-28
-27
-27
-26
-27
-26
-21
-21
-22
-18
-19
-25
-25
-24
-24
-23
-21
-16
-12
-15
-14
-17
-17
-21
-23
-27
-27
-25
-23
-17
-12
-9
-3
-5
-5
-6
-7
-10
-8
-7
-10
-6
-2
2
4
11
10
9
13
15
13
13
18
27
23
28
32
31
26
26
28
26
29
22
22
16
15
18
25
26
29
33
33
30
32
23
20
17
13
18
18
17
14
13
9
9
7
5
14
12
8
1
-6
-7
-11
-13
-13
-7
-4
-1
0
2
-3
-5
-1
-2
1
1
6
8
12
9
7
11
7
5
7
1
-5
-7
-10
-14
-14
-14
-16
-8
-8
-3
-2
-8
-14
-16
-17
-18
-20
-25
-21
-27
-29
-22
-22
-21
-23
-19
-21
-25
-24
-30
-23
-25
-27
-15
-14
-11
-13
-8
-8
-11
-13
-10
-9
-8
-8
-9
-2
2
7
16
16
16
16
12
13
12
7
4
10
11
13
20
20
17
14
12
16
20
17
17
16
12
14
15
13
11
10
12
12
13
