SAMPLES:	15914
BITSPERSAMPLE:	16
CHANNELS:	1
SAMPLERATE:	16000
NORMALIZED:	FALSE
0
-7
-12
-3
1
0
1
-6
-15
-18
-9
1
7
5
7
15
20
20
19
16
17
10
11
3
-4
-13
-25
-16
-11
-11
-9
-9
-9
0
-1
-4
-3
5
16
23
25
27
22
8
3
9
14
13
-3
-5
-6
-9
-13
-14
-17
-15
-18
-20
-9
-9
-5
-4
-2
9
6
3
15
21
25
20
15
13
10
12
9
10
11
15
19
20
22
19
15
9
1
3
-5
-11
-14
-28
-27
-36
-30
-9
2
7
2
2
3
8
23
29
28
17
17
16
12
-4
-10
-10
-9
3
12
18
18
8
13
14
22
19
6
0
-12
-11
-6
-6
0
-4
-6
3
-3
-11
-18
-11
-6
-9
-14
-21
-20
-20
-16
-9
3
7
6
4
8
24
27
33
24
19
14
12
14
14
18
14
5
-7
-13
-10
-15
-22
-19
-17
-20
-25
-28
-21
-19
-17
-10
-4
11
8
7
11
10
11
16
27
37
54
57
56
54
54
48
35
32
24
15
-2
-10
-9
-15
-21
-28
-37
-31
-25
-23
-20
-19
-21
-24
-20
-19
-20
-21
-34
-44
-45
-51
-56
-56
-45
-39
-32
-29
-16
-11
-9
-6
-1
9
4
0
-2
4
2
0
-9
-15
-12
-8
-5
7
15
9
7
-3
-1
0
1
4
2
0
0
8
15
22
27
30
27
30
33
30
29
23
26
21
15
16
9
-1
-9
-15
-3
-6
-8
-1
-11
-14
-27
-33
-18
-15
-6
-6
2
-5
-10
-3
-8
6
2
-5
0
-3
-5
-4
-7
-5
-9
-15
-14
-8
-1
-1
2
-2
2
10
7
14
13
12
9
2
-3
-13
-15
-15
-12
-6
-5
2
5
-6
-7
-13
-13
-8
-2
1
4
1
-3
3
2
14
22
29
36
32
28
22
21
24
21
16
0
-5
-7
-1
7
6
15
23
15
15
24
21
15
5
-2
-7
-8
-7
-4
0
-5
-1
-1
7
8
9
8
13
15
11
6
3
4
-4
-6
-11
-11
-14
-19
-25
-24
-18
-18
-12
-18
-11
-4
3
13
12
13
10
17
24
25
21
8
5
2
4
6
0
2
-1
-4
0
-1
-10
-13
-18
-20
-11
-10
-7
4
5
15
14
12
21
19
15
12
4
2
0
1
10
11
10
2
-5
-3
-2
-2
3
7
11
10
9
7
3
-2
-8
-10
-17
-12
-11
-11
-7
-14
-19
-22
-20
-16
-17
-15
-20
-23
-17
-20
-19
-27
-28
-39
-50
-52
-55
-53
-56
-47
-30
-18
-8
-4
-1
4
9
16
14
18
21
23
30
28
27
20
8
-2
-4
-4
-6
-5
-3
5
-2
-1
-2
-3
-5
-11
-6
-4
8
11
20
36
32
29
18
12
16
10
12
16
25
34
38
41
31
19
0
-3
-4
-13
-12
-16
-14
-20
-19
-14
-11
-8
-7
2
7
10
20
23
22
21
21
27
28
24
15
7
-1
-1
0
4
4
-3
-6
-3
-3
-11
-11
-14
-19
-9
4
11
15
15
16
19
18
11
11
5
0
-1
-9
-3
-5
-7
0
1
7
-4
-2
-15
-27
-36
-45
-45
-43
-31
-22
-9
-1
4
10
9
12
12
4
-4
-11
-19
-20
-26
-20
-16
-18
-1
1
10
13
18
19
10
16
11
9
3
3
8
4
9
10
13
22
25
31
30
30
29
14
1
-14
-25
-32
-36
-36
-33
-29
-22
-9
-5
-6
-6
-10
-14
-16
-20
-20
-18
-12
-2
9
9
14
17
10
23
24
22
19
11
6
5
3
-2
-5
-4
-4
-2
-1
6
8
10
12
8
13
3
1
-6
-11
-11
-15
-9
-3
7
10
15
10
13
8
-5
-7
-14
-15
-12
-9
0
12
13
15
16
14
8
1
-8
-13
-18
-28
-22
-20
-26
-23
-21
-10
-4
-3
-1
4
7
6
13
15
12
11
5
3
3
1
1
10
14
24
26
25
29
24
21
16
4
1
-2
-12
-21
-26
-26
-25
-26
-18
-7
-4
-4
-5
-1
0
-3
-2
-5
-5
-6
-6
-1
2
-4
-9
-5
-3
0
9
10
14
16
20
24
16
18
15
9
6
3
-4
-3
-9
-13
-5
-2
6
6
13
16
9
4
-6
-6
-11
-18
-16
-18
-19
-14
-18
-16
-15
-16
-13
-9
-9
-10
-2
-3
3
7
4
7
3
4
7
8
10
6
9
15
20
27
22
26
17
12
19
24
26
18
18
18
17
10
4
1
-12
-17
-20
-27
-29
-29
-32
-29
-25
-20
-15
-8
-11
-8
-7
-13
-6
-7
0
8
4
4
3
-1
-1
-3
5
5
5
2
4
-2
-8
-15
-11
-12
-17
-9
-8
6
7
8
14
18
25
29
28
30
23
17
7
0
-2
-6
-2
4
10
15
9
1
-8
-10
-9
-12
-9
-16
-10
-14
-16
-3
-11
-10
-5
4
14
14
11
11
18
22
22
28
28
25
12
-2
-3
-13
-18
-20
-21
-21
-14
-11
-6
-4
2
7
12
24
25
27
22
15
10
6
0
-6
-13
-18
-20
-24
-32
-38
-35
-33
-24
-18
-9
-7
-11
-11
-8
-11
-14
-13
-17
-14
-16
-13
-13
-15
-15
-13
-11
-10
-9
-7
-5
-3
-1
-5
-7
-9
-5
-3
5
10
8
13
16
23
29
37
34
27
27
26
24
28
25
22
19
10
10
4
-2
-11
-14
-15
-16
-16
-23
-20
-24
-23
-16
-6
6
16
10
11
7
4
8
2
7
2
4
2
5
4
3
-2
-5
3
1
5
8
13
21
11
10
5
4
1
2
0
-2
0
-2
2
3
6
9
14
19
18
19
16
17
23
23
28
23
16
13
4
1
-9
-14
-17
-21
-23
-26
-17
-17
-15
-9
-4
1
6
6
3
-4
-12
-18
-23
-33
-37
-41
-41
-36
-31
-22
-20
-14
-10
-1
10
12
17
17
15
16
17
16
18
13
9
7
6
4
5
7
5
10
14
16
19
23
26
28
31
30
24
11
7
-5
-16
-24
-33
-31
-31
-26
-24
-21
-15
-9
-2
4
11
17
13
19
16
15
10
2
-4
-14
-18
-24
-23
-22
-18
-14
-9
1
11
19
18
11
8
0
-3
-5
-6
-2
-2
-4
-4
-3
-1
-5
-9
-13
-15
-20
-19
-13
-10
-2
-4
0
-1
-7
-5
-5
-1
-10
-14
-11
-9
-4
-7
-5
-6
-9
-10
-11
-8
-9
-15
-18
-16
-17
-22
-19
-15
-15
-14
-11
-1
1
3
6
11
15
19
29
33
32
22
17
16
11
6
11
14
15
23
24
26
28
29
29
27
23
20
21
22
19
15
13
9
0
-5
-1
1
3
0
0
1
-3
-6
-5
-1
-7
-10
-10
-5
0
-2
0
1
7
-4
-10
-8
-8
-3
0
6
22
31
32
31
34
33
27
15
16
11
-3
-8
-17
-10
-5
-6
0
1
3
-4
-11
-12
-14
-13
-18
-16
-12
-5
0
7
11
11
8
1
-2
-4
-9
-10
-12
-6
0
5
5
2
-1
-11
-22
-22
-26
-22
-22
-20
-13
-16
-14
-21
-17
-25
-27
-21
-17
-13
-11
-10
-10
-9
-13
-17
-15
-20
-13
-13
-14
-6
-8
1
4
2
7
-1
-1
-3
3
4
3
8
8
17
18
24
21
16
9
-12
-24
-30
-32
-28
-32
-26
-17
-12
-6
-5
1
-6
-6
-9
-4
-1
-1
2
0
-5
-8
-14
-20
-21
-25
-28
-21
-17
-10
0
3
7
18
27
32
29
31
35
27
25
22
25
29
33
45
46
51
42
39
40
35
31
30
33
28
27
12
7
-2
-16
-15
-18
-18
-20
-18
-16
-16
-9
-6
-5
-6
-8
-5
-8
-1
-3
8
13
13
23
22
21
18
14
11
13
10
14
15
16
17
21
18
9
1
-7
-8
-15
-13
-20
-21
-21
-25
-17
-14
-9
-10
-10
-14
-12
-14
-12
-14
-14
-12
-14
-17
-18
-24
-31
-28
-29
-17
-10
-3
5
6
11
13
19
17
16
11
8
12
12
11
10
14
18
21
18
14
6
2
-6
-12
-10
-7
-5
-10
-4
2
0
5
0
-5
-3
-8
-13
-10
-9
-6
1
2
9
7
5
-2
-1
-2
-2
2
1
0
4
3
12
10
6
4
1
-4
-4
-7
-13
-8
-8
-6
3
2
8
9
7
12
5
3
-2
-3
-1
0
1
-10
-16
-26
-30
-29
-31
-21
-23
-20
-18
-19
-10
-8
-8
-5
1
3
7
12
15
16
14
14
16
13
13
11
9
10
14
21
24
24
22
14
8
8
7
4
-4
-7
-12
-15
-15
-23
-29
-28
-32
-35
-39
-37
-36
-41
-38
-35
-26
-16
-10
-5
-3
6
4
3
-6
-3
3
6
8
13
14
14
16
21
28
26
29
29
27
27
22
17
6
6
3
0
-2
-4
-2
-2
2
5
9
11
9
12
7
3
1
-4
-2
2
5
17
21
18
19
19
14
13
8
3
-3
-1
-5
-6
-2
-4
-2
-7
-1
-2
0
4
5
5
9
10
8
2
-2
-4
-3
4
11
12
7
1
-3
-3
-10
-15
-15
-19
-16
-13
-8
-3
-4
-5
-9
-10
-14
-13
-10
-7
-3
6
14
21
23
26
29
27
25
25
19
13
10
8
11
14
15
6
-1
-13
-19
-19
-20
-19
-15
-11
-8
-4
3
9
7
7
-2
0
-5
-3
-6
-8
-8
-14
-11
-15
-14
-16
-16
-8
-7
-4
-2
-2
-5
-9
-11
-17
-16
-19
-26
-21
-21
-20
-23
-29
-26
-29
-30
-26
-16
-13
-9
-12
-19
-20
-16
-15
-16
-13
-17
-16
-13
-11
-2
2
7
8
16
18
17
14
11
5
1
1
5
10
13
18
16
18
14
12
8
12
19
20
24
31
30
34
26
22
22
12
17
15
18
17
13
17
16
17
15
15
9
-1
-1
-6
-6
-10
-15
-16
-14
-7
-7
-1
5
15
18
16
21
18
20
20
19
19
18
13
6
5
8
6
3
-3
-1
1
-1
3
5
-2
-11
-21
-24
-23
-21
-26
-23
-19
-18
-20
-16
-6
-1
9
17
32
40
41
39
35
33
28
24
19
19
11
4
-10
-21
-16
-18
-18
-8
0
4
0
-2
-8
-12
-20
-21
-21
-16
-17
-25
-26
-29
-32
-32
-31
-26
-25
-30
-34
-38
-35
-41
-33
-29
-21
-17
-8
1
-5
-5
-8
-5
-2
-2
5
7
15
18
15
12
1
-4
-16
-8
-1
4
11
7
3
3
-1
1
-1
-3
2
6
9
13
15
11
8
6
8
15
24
34
39
32
37
32
28
20
7
-3
-11
-12
-16
-13
-12
-13
-19
-27
-24
-23
-20
-13
-1
10
13
16
14
9
5
0
3
4
6
7
1
-3
-12
-16
-11
-5
-2
14
24
29
28
16
15
8
5
11
14
13
14
14
14
13
16
21
26
23
20
19
14
9
1
-7
-18
-24
-25
-34
-34
-40
-48
-39
-34
-24
-13
-4
-5
-14
-19
-14
-6
4
21
32
37
41
43
38
24
8
-7
-20
-16
-18
-16
-16
-23
-25
-27
-23
-16
-4
8
17
34
36
35
30
24
31
22
26
26
20
19
16
9
-1
-2
-15
-30
-40
-46
-56
-62
-62
-61
-59
-45
-31
-11
6
15
28
29
32
27
24
23
22
25
23
20
18
12
-6
-26
-42
-44
-43
-38
-29
-17
-5
3
6
6
2
-5
-5
-3
2
15
13
8
10
15
19
9
-1
-10
-23
-38
-43
-47
-42
-30
-11
14
28
24
15
4
-4
-5
-3
6
15
25
23
35
35
27
18
8
9
12
20
11
-1
-11
-18
-16
-21
-14
-10
-20
-24
-22
-17
-3
6
10
-1
-4
2
12
16
20
29
30
31
46
54
53
42
23
17
13
14
12
12
3
-7
-17
-20
-16
-22
-23
-20
-20
-24
-21
2
17
26
29
26
27
29
26
21
11
-8
-6
8
24
35
42
38
22
2
-4
-12
-19
-37
-44
-32
-30
-31
-48
-50
-25
3
41
60
56
24
-1
-6
-5
-5
-14
-20
-16
-7
3
8
12
10
-2
-19
-24
-20
-27
-34
-31
-14
7
-5
-19
-35
-56
-54
-30
5
13
-4
-20
-17
1
14
28
30
44
58
60
66
47
26
-23
-55
-78
-97
-99
-72
-48
-58
-76
-89
-67
-43
-24
2
0
2
-31
-65
-64
-49
-1
16
44
50
35
19
13
32
28
-7
-29
-19
1
55
72
67
50
15
13
7
9
-15
-35
-22
29
87
86
33
-21
-28
3
57
75
59
26
12
16
40
39
23
18
24
26
34
62
72
82
60
47
33
8
14
31
74
88
61
9
-33
-28
-3
34
15
-47
-94
-95
-46
-5
46
80
80
62
31
5
-58
-129
-143
-88
0
59
70
43
17
9
6
-5
-22
-67
-78
-59
-38
-28
-46
-39
-21
-12
-17
-31
-67
-115
-100
-52
-11
-7
-35
-61
-62
-31
36
96
128
72
-19
-98
-119
-82
-17
41
49
27
-21
-29
-23
-71
-109
-97
-65
12
62
33
-26
-93
-131
-114
-85
-30
40
73
127
147
139
64
8
3
26
58
74
69
26
-30
-47
-44
-22
-36
-55
-31
12
55
41
18
-9
-4
-16
14
45
37
22
-12
-12
-21
-30
-42
-10
15
54
91
132
164
141
96
16
-42
-80
-59
-33
-24
-49
-79
-74
-25
61
125
155
133
85
19
4
-29
-57
-66
-82
-43
-33
2
57
76
66
20
-45
-53
37
126
145
110
36
-33
-74
-100
-70
-83
-88
-85
-92
-78
-58
-54
-52
-52
-36
16
55
38
-14
-77
-100
-58
-23
-15
16
60
76
81
55
43
32
29
49
46
19
-16
-23
8
60
48
13
-71
-121
-164
-150
-92
-34
44
77
127
168
150
81
-21
-119
-177
-183
-128
-69
4
27
38
56
43
44
27
32
88
138
134
90
32
27
29
23
38
18
16
5
21
60
45
26
-37
-37
28
77
88
65
50
40
15
39
25
-19
-104
-156
-149
-74
-3
16
56
90
115
89
12
-55
-142
-204
-193
-147
-69
-58
-72
-108
-137
-135
-139
-106
-89
-96
-71
-21
72
92
55
34
36
49
31
77
115
108
54
-46
-87
-67
-19
16
48
61
124
187
196
178
80
26
30
72
103
77
39
-47
-93
-129
-133
-108
-95
-66
-29
-7
37
69
84
14
-48
-89
-151
-127
-97
-30
-3
8
18
-4
-40
-68
-70
-56
-9
22
57
96
92
30
-36
-111
-130
-84
-62
-21
-11
-32
-5
-4
-74
-95
-39
76
192
192
133
21
-70
-159
-179
-97
64
182
193
201
191
154
90
-6
-43
-29
5
85
181
214
187
99
35
24
53
59
-9
-51
-93
-70
1
44
84
72
63
50
-35
-97
-146
-129
-94
-85
-29
-16
-18
-68
-86
-66
-49
0
5
29
41
30
1
-57
-65
-83
-82
-85
-86
-89
-129
-113
-64
-10
11
9
21
15
39
56
76
65
4
-78
-123
-132
-17
88
133
109
58
45
-23
-58
-149
-157
-107
-24
60
64
83
42
-4
-76
-112
-120
-111
-3
66
141
152
88
40
-5
47
93
105
65
-9
-43
-86
-104
-117
-109
-21
39
159
208
220
172
27
-17
-24
32
42
0
-58
-80
17
61
48
-52
-116
-102
-61
16
38
58
54
78
48
21
-22
-105
-190
-195
-123
36
170
242
267
202
79
-76
-185
-239
-204
-101
37
133
127
14
-131
-216
-213
-102
24
119
146
85
18
-28
33
82
123
127
54
40
-36
-79
-75
-4
120
105
65
-1
-10
12
37
28
-24
-27
-33
-19
-80
-180
-186
-63
69
143
95
-9
-55
-41
66
110
69
43
3
33
34
64
11
-58
-116
-109
-4
73
104
13
18
-39
-44
-148
-168
-17
56
120
-7
-115
-182
-184
-133
-114
-68
-98
-35
43
101
77
-36
-85
-68
81
99
173
130
45
51
-26
-32
-62
-51
24
101
150
111
123
112
137
12
-68
-115
-48
51
64
72
26
14
-66
-111
-116
-113
-119
-80
15
163
184
59
-34
-49
-8
-55
-128
-214
-117
-21
81
15
-128
-139
7
146
131
131
-57
-98
-93
-7
30
-5
-21
-78
4
48
79
-47
-126
-181
-43
130
157
156
20
28
-20
-32
-22
69
86
92
91
-32
-68
-145
-2
11
-32
-152
-189
-53
115
241
135
-60
-250
-138
74
288
181
-9
-323
-236
-40
92
162
50
-29
-8
-44
7
-100
-89
-116
14
142
99
212
35
144
85
115
-77
-185
-107
-84
25
-40
-26
23
16
152
19
76
29
13
53
38
161
202
210
140
-100
-295
-301
-77
177
229
53
-38
-52
39
78
-93
-47
-56
60
132
183
207
106
-89
-180
-163
-91
156
184
231
74
-49
-151
-160
-127
-137
-38
-70
31
39
77
84
-41
-155
-414
-350
-261
110
296
244
200
-11
15
-130
-63
-226
-115
-70
31
196
231
347
107
66
-13
-40
-43
-138
-64
-63
49
-33
-45
47
73
88
-33
-153
-127
-116
28
54
208
135
131
-136
-213
-251
-101
-18
-24
-38
80
113
114
140
-9
2
26
154
-19
-81
-249
-230
-159
-57
129
46
58
-70
-65
-140
-169
-202
-49
212
344
309
-41
-279
-474
-343
-127
186
210
250
152
236
79
-103
-290
-486
-268
-134
48
162
3
36
-91
-8
-47
59
262
446
390
120
-53
-259
-151
-98
42
-7
104
17
53
-81
-175
-279
-108
164
399
453
336
164
29
-188
-296
-289
-224
14
107
431
192
-35
-341
-194
72
306
338
99
-176
-170
-162
30
-24
107
132
169
159
33
-27
-154
-64
-53
80
-27
-58
-157
-136
46
247
266
253
97
-75
-165
-11
198
227
138
-72
-110
27
30
51
55
43
17
-149
-149
-168
-302
-307
-237
-66
2
-13
-31
23
235
357
267
-3
-335
-361
-252
21
191
200
22
-80
-194
-177
-244
-204
-99
158
259
176
36
-87
-54
-15
-49
-53
-224
-55
-14
214
190
241
200
125
35
4
-33
-6
25
46
60
-23
-146
-127
-269
-325
-455
-354
-78
225
306
274
202
119
16
-48
-211
-273
-308
-57
299
460
423
132
-116
-358
-263
-2
406
393
267
-177
-326
-300
-118
32
140
237
400
415
205
-22
-40
-22
88
-11
-95
-271
-149
80
81
51
-178
-111
106
414
574
395
98
-213
-296
-257
-308
-134
-101
-70
-53
-223
-253
-379
-263
-124
-30
-1
-7
15
73
253
258
153
25
-116
-132
24
105
39
-134
-266
-246
-75
115
175
66
-78
-30
38
58
-50
-41
-46
88
-28
-106
-90
109
165
119
-35
9
-3
-80
-85
-182
-82
-97
18
164
245
262
21
-148
-288
-150
79
160
119
-48
-80
5
176
186
205
72
42
-56
62
-39
-76
-57
24
164
59
109
-37
-84
-92
-12
25
-35
-149
-143
9
84
115
75
38
9
-72
-159
-64
138
232
104
33
3
-4
-27
-128
-90
-223
-368
-442
-46
334
506
223
-64
-290
-317
-51
144
393
253
119
34
36
38
-33
-129
-223
-196
-159
-220
-281
-368
-72
-9
250
41
-116
-67
19
320
97
-107
-276
-196
-11
190
147
184
128
224
-95
-243
-265
-63
82
18
211
197
373
370
438
230
36
-201
-292
-301
-258
90
210
217
49
95
314
340
301
212
54
-87
-306
-257
-209
0
134
326
404
361
213
212
175
-26
-210
-238
-120
-125
14
-90
-43
-90
9
51
-138
-215
-238
-101
94
96
-6
-206
-276
-200
-173
45
26
288
226
457
330
244
48
-329
-291
-492
-450
-480
-328
-178
119
431
319
90
-323
-348
-292
-320
-250
-233
81
-35
94
-71
-11
-95
-311
-266
-261
32
42
-65
-32
-104
-74
-291
-216
-185
-53
-3
-45
47
110
139
212
212
105
79
11
105
37
220
395
619
423
143
-237
-371
-367
-98
12
334
653
673
428
-110
-264
-127
39
197
174
218
82
-22
-23
121
100
-39
-343
-176
-65
49
-41
-378
-226
-175
110
166
293
155
46
-63
2
-21
8
148
226
355
72
48
-41
88
-5
-238
-363
-294
-94
-115
-179
-466
-480
-230
5
99
194
89
27
-146
-228
87
262
464
413
221
100
-140
-144
-94
-40
16
-201
-114
44
307
237
-150
-361
-463
-184
32
196
216
-72
-203
-316
-187
-40
120
222
213
141
83
98
137
115
145
232
128
131
4
-44
-90
-12
231
327
240
117
292
247
301
9
-194
-429
-515
-518
-542
-160
-186
147
173
158
3
-139
141
313
203
23
-322
-243
-34
204
175
44
-9
-64
62
-122
-313
-338
-133
101
261
479
230
34
35
35
145
-281
-426
-317
-185
1
45
-65
-124
-28
239
290
168
31
-138
-138
137
317
402
144
-243
-269
-118
-111
-299
-308
-203
-55
46
-13
-114
-57
59
229
154
13
-51
-178
-282
-358
-236
-124
103
279
123
-67
-184
-18
64
158
368
519
674
534
222
-90
-42
126
84
69
-87
14
-132
-49
71
170
188
43
-130
-231
-75
204
258
146
-221
-358
-616
-712
-522
-259
-34
-31
13
77
108
106
147
197
109
141
215
182
99
-28
-68
-18
7
-85
-171
-119
76
222
124
-130
-252
-298
-262
-1
126
131
-47
-139
21
262
516
407
244
80
102
-19
30
-73
-94
-117
-202
-145
-129
-44
-132
-174
-144
-126
-223
-353
-518
-372
-306
-161
-70
41
115
78
134
265
287
150
-102
-131
-23
155
166
-2
-112
59
225
186
161
25
-86
0
71
100
126
19
103
164
156
43
-69
-259
-244
-21
217
337
183
-38
-151
-136
68
233
276
158
37
182
431
664
771
713
606
712
832
941
845
694
603
499
514
682
956
1245
1256
1089
879
943
1168
1555
1808
2113
2079
1189
-228
-2031
-3583
-5009
-6098
-7247
-8182
-8676
-8767
-8018
-6829
-5286
-3777
-2702
-1758
-1064
-165
759
1644
2497
3108
3762
4321
5188
6126
6759
6982
6498
5735
4619
3578
2632
1849
1191
395
-142
-600
-481
-128
261
449
96
-573
-1451
-2004
-1989
-1460
-484
425
1401
2336
3323
4211
4855
5136
4652
3864
2761
1998
1720
1687
1734
1582
1254
889
564
166
-139
-497
-1151
-1847
-2422
-2436
-1921
-1164
-318
233
577
638
537
437
199
-48
-600
-1153
-1502
-1735
-1423
-928
-351
-214
-417
-839
-1241
-1367
-1462
-1511
-1636
-1677
-1722
-1482
-1028
-383
293
609
810
806
941
1141
1692
2601
3206
2651
-429
-5145
-10055
-13701
-15168
-15585
-14745
-13462
-11717
-9403
-6748
-3136
271
2857
3679
3089
2633
2608
3954
5748
7948
9765
10487
10832
10789
11511
11524
10177
7263
3292
-178
-3052
-4399
-4531
-3995
-3448
-3565
-3305
-2629
-1107
449
1258
1439
802
392
616
2200
4784
7275
8869
9211
9077
8724
8242
7381
5930
4013
1503
-964
-2556
-2946
-2343
-1950
-2022
-2747
-3624
-4331
-4755
-4635
-4612
-4636
-4970
-4738
-3366
-1013
1849
3990
5131
5232
4663
3858
3202
2897
2394
1575
294
-594
-775
-396
87
99
-394
-1728
-3232
-4442
-4662
-4122
-3463
-2702
-2121
-1258
-129
1250
2657
3336
3297
2277
1081
183
41
333
559
696
560
299
-17
-112
-23
-161
-799
-1928
-2823
-3040
-2466
-1611
-820
-199
148
437
645
1073
1647
2358
2971
3298
2859
1393
-1068
-4460
-8306
-12131
-14898
-16211
-15950
-14362
-11949
-8904
-5815
-2656
160
2356
3931
4660
5038
5155
5652
6718
8153
9782
10863
11502
11259
10331
8839
6609
3945
789
-2311
-4878
-6458
-6873
-6310
-4998
-3469
-1948
-671
361
1408
2334
3111
3688
4128
4863
5841
7255
8688
9748
10113
9484
8114
6119
3967
1824
-178
-1998
-3508
-4519
-4981
-4838
-4320
-3597
-3029
-2860
-3061
-3411
-3381
-3016
-2081
-1023
77
1305
2365
3699
4564
5121
5089
4210
3003
1313
82
-834
-1295
-1407
-1498
-1501
-1775
-1880
-2128
-2280
-2543
-2998
-3336
-3547
-3118
-2119
-780
586
1679
2476
2778
2756
2312
1824
1225
569
-18
-573
-763
-759
-559
-443
-560
-824
-1144
-1476
-1811
-1981
-1844
-1385
-876
-361
402
1102
1796
2087
2276
2552
2921
3631
3670
2477
-558
-5132
-10077
-14506
-17026
-17549
-16318
-13983
-11275
-7996
-4606
-1018
2393
4945
6328
6280
5858
5529
6070
7578
9461
11192
11562
11096
9822
8158
6260
3669
678
-3006
-6438
-8796
-9587
-8510
-6327
-3659
-1449
261
1703
3055
4410
5577
6443
6815
6819
7021
7595
8859
10074
10433
9735
7698
4955
1995
-706
-2843
-4534
-5863
-6841
-7128
-6348
-4853
-2924
-1222
-149
62
-417
-843
-855
-58
1286
2654
3724
4256
4706
4825
4570
3753
2303
403
-1856
-3573
-4409
-4106
-3216
-2348
-1764
-1781
-1915
-2029
-2012
-1900
-1865
-1808
-1699
-1163
-70
1516
3110
4269
4678
4214
3254
2115
1131
338
-365
-1007
-1570
-1905
-1918
-1653
-1428
-1466
-1877
-2635
-3295
-3557
-3235
-2398
-1345
-226
848
1874
2834
3466
3563
3112
2491
2094
1990
2229
2730
2929
2138
-488
-4917
-10168
-15042
-17951
-18633
-17263
-14384
-10866
-6789
-2802
1160
4838
7456
8820
8534
7597
6709
6523
7443
8822
10336
10667
9699
7744
5148
2678
-348
-3569
-6942
-9796
-11152
-10856
-8322
-4670
-676
2534
4509
5921
6806
7968
8792
9199
9111
8467
8121
7969
8481
8920
8509
6879
3746
173
-3344
-5891
-7384
-8010
-7892
-7465
-6252
-4431
-2018
395
2050
2912
2814
2318
1892
2020
2816
3747
4441
4529
4234
3553
2582
1248
-437
-2179
-3941
-5256
-5798
-5427
-4078
-2627
-1436
-783
-649
-677
-1013
-1166
-1173
-943
-611
-82
770
1839
3064
3890
4196
3757
2911
1733
542
-454
-1166
-1647
-2068
-2269
-2373
-2291
-2228
-2176
-2302
-2705
-3072
-3101
-2553
-1530
-239
1104
2246
2988
3140
2935
2571
2300
1953
1547
1218
1114
1583
2174
2866
2536
473
-3408
-8775
-13892
-17769
-19089
-17732
-14610
-10337
-6156
-1950
1968
5369
8152
9454
9517
8287
6741
5805
5839
7243
8646
9399
8558
6244
3401
79
-2735
-5523
-8000
-9894
-10979
-9936
-7093
-2532
2308
6121
8588
9309
9437
9136
9086
9228
9097
8714
7750
7077
6465
5982
5259
3538
974
-2584
-5833
-8095
-8939
-8177
-6798
-4721
-2708
-626
1457
3284
4766
5241
4919
3731
2619
2061
2153
2952
3396
3354
2340
736
-902
-2515
-3670
-4551
-5267
-5652
-5341
-4317
-2474
-709
652
1213
719
11
-910
-1262
-1077
-691
-122
316
875
1542
2196
2680
2741
2199
1166
6
-895
-1232
-1150
-890
-763
-965
-1467
-1960
-2297
-2501
-2527
-2628
-2596
-2370
-1857
-848
654
2265
3562
3954
3506
2717
1672
851
137
-115
-66
105
205
121
515
1162
2416
2652
903
-3040
-8687
-13703
-17592
-18708
-17219
-13719
-8874
-4549
-188
3335
6327
8600
9172
8770
6906
5317
4527
4838
6597
7989
8752
7432
4761
1603
-1783
-4293
-6799
-8349
-9232
-8937
-6595
-2925
2177
6650
9711
10864
10414
9574
8446
7874
7637
7278
6665
5535
4608
3962
3319
2448
653
-1813
-4815
-7190
-8219
-7561
-5571
-3214
-730
1106
2729
4030
4940
5748
5564
4770
3222
1687
1008
793
1177
1104
619
-608
-2209
-3428
-4299
-4270
-4116
-3910
-3652
-3256
-1922
-353
1177
2245
2128
1344
-155
-1282
-1541
-1161
-320
323
872
1171
1414
1483
1517
1218
354
-653
-1713
-1958
-1630
-936
-284
-212
-653
-1656
-2533
-2993
-2840
-2304
-1640
-860
-179
671
1518
2327
2931
2952
2540
1742
896
223
-319
-587
-835
-907
-951
-864
-556
-135
762
1793
3064
3540
2020
-1774
-7690
-13309
-17470
-18796
-17069
-13396
-8198
-3473
760
4183
6505
8211
8367
7716
6215
4723
4241
4712
6539
8162
9001
7738
4588
857
-3106
-5933
-7958
-8773
-8365
-7017
-4269
-506
3945
7968
10482
11104
10120
8585
7064
6103
5929
6003
6068
5431
4417
3267
1948
537
-1389
-3379
-5444
-6850
-7199
-6193
-3907
-1129
1556
3366
4651
5377
5652
5486
4717
3729
2378
1133
309
-104
-136
-456
-1016
-1906
-2805
-3655
-4205
-4144
-3746
-2932
-2226
-1527
-686
182
934
1305
1184
807
321
-107
-161
225
765
1157
1216
966
830
450
86
-267
-733
-1085
-1471
-1613
-1329
-959
-640
-656
-1087
-1675
-2208
-2403
-2147
-1429
-441
516
1188
1645
1957
2004
1803
1448
875
284
-462
-1170
-1486
-1523
-1010
-641
-377
-284
-374
101
449
1569
2795
3772
3782
969
-3552
-9445
-14706
-17764
-18418
-15841
-11661
-7007
-2614
977
4199
6486
7911
8241
7532
6332
5119
5072
5981
7677
8999
8555
6457
2685
-1282
-4718
-7331
-8398
-8510
-7498
-5597
-2682
1459
5699
9260
10985
11009
9689
7758
6302
5514
5597
5820
5587
4894
3689
2300
765
-878
-2535
-4482
-6126
-7257
-6973
-5152
-2419
756
3443
5475
6401
6309
5761
4881
3834
2537
1052
17
-636
-791
-605
-584
-901
-1992
-3406
-4601
-5049
-4681
-3752
-2553
-1363
-256
597
1342
1809
2037
1692
876
11
-635
-640
-151
699
1364
1604
1350
668
-93
-800
-1332
-1656
-2017
-2086
-1886
-1447
-768
-183
103
-110
-710
-1382
-1651
-1429
-806
-29
584
1009
1290
1362
1308
1116
721
202
-537
-1272
-1695
-1698
-1262
-779
-235
9
143
204
475
1558
2597
4040
4458
3307
30
-5783
-11510
-16704
-19002
-18245
-15069
-9735
-5003
-459
2844
5240
7047
7472
7655
6823
6031
5623
5908
7477
8821
9612
8294
4933
580
-4172
-7640
-9808
-10114
-8767
-6622
-3297
288
4260
7770
9848
10696
9608
8171
6577
5630
5818
6200
7026
6635
5634
3860
1469
-651
-3114
-4724
-6187
-6979
-6768
-5532
-2825
138
3164
5197
6246
6185
5307
4510
3740
3227
2382
1498
753
57
-347
-846
-1437
-2518
-3896
-5022
-5460
-4936
-3626
-1853
-338
843
1391
1678
1739
1541
1363
827
271
-339
-624
-372
134
707
904
706
214
-433
-1030
-1245
-1163
-936
-687
-583
-403
-377
-363
-473
-743
-1058
-1534
-1709
-1647
-1114
-265
518
1253
1627
1555
1302
851
489
127
-408
-743
-1181
-1370
-1389
-1436
-1244
-1218
-939
-555
123
1127
2223
3596
4646
4758
2787
-1537
-7248
-13129
-17482
-19108
-17449
-13141
-7936
-3015
817
3542
5191
5992
6393
6295
6058
5801
6040
7134
8674
10079
10017
7836
3720
-1400
-6068
-9366
-10504
-9629
-7404
-4373
-1146
2162
5159
7452
8773
8853
8137
6867
5937
5882
6624
7746
8118
7536
5811
3195
223
-2491
-4412
-5598
-6170
-6178
-5376
-3636
-1222
1335
3535
4954
5308
4786
3830
3201
3037
3116
3102
2752
2033
937
-344
-1495
-2463
-3473
-4211
-4788
-4677
-3918
-2582
-944
402
1214
1389
1283
584
276
22
-46
250
176
382
235
67
-13
-242
-437
-799
-1033
-1266
-1131
-858
-459
-2
240
279
-104
-503
-840
-1105
-1261
-1271
-1032
-647
-270
60
369
546
608
536
175
-96
-271
-442
-281
-408
-513
-803
-1225
-1001
-750
-167
246
496
903
1375
2364
3699
4782
4290
1302
-4093
-10405
-16065
-19378
-18943
-15317
-9623
-4206
-131
2787
4226
5211
5574
5699
5820
5660
6161
7095
8859
10584
11080
9511
5449
129
-5450
-9610
-11319
-10637
-8037
-4984
-1821
1235
3848
6066
7257
7683
7356
6622
6038
6076
7082
8464
9485
9183
7416
4407
688
-2578
-4883
-5857
-5977
-5702
-4818
-3467
-1594
333
2003
3263
3651
3601
3191
3123
3586
4067
4646
4418
3570
1978
7
-1575
-2985
-3668
-4331
-4588
-4398
-3810
-2454
-1294
-60
454
458
200
-338
-336
-313
235
792
1074
1230
884
455
-26
-469
-783
-1002
-1106
-1082
-789
-372
223
586
619
380
-251
-867
-1393
-1680
-1705
-1507
-1141
-717
-256
41
304
408
371
251
63
36
189
539
877
1277
1129
630
-161
-919
-1075
-1223
-968
-362
509
1699
2556
3748
4524
3761
819
-4862
-10989
-16436
-19495
-18749
-15254
-9216
-3531
742
3625
4475
4865
4356
4150
4463
4945
6285
7757
9929
11461
11522
9397
4827
-643
-6279
-10153
-11645
-10567
-7370
-3774
-391
2300
4150
5294
5525
5358
5283
5325
5973
7175
8918
10515
10923
9917
7275
3688
-257
-3714
-5618
-6203
-5471
-4509
-3480
-2243
-1394
-405
347
1226
2024
2349
2940
3724
4982
6022
6390
5910
4229
2004
-581
-2531
-3595
-3911
-3695
-3535
-3165
-2967
-2693
-2308
-2000
-1817
-1944
-1935
-1371
-493
651
1831
2479
2635
1832
848
-71
-757
-790
-699
-423
-209
-97
7
-6
-285
-666
-980
-1411
-1577
-1625
-1358
-651
-207
166
129
-204
-593
-953
-910
-688
-140
429
1029
1398
1321
1338
1208
1156
959
288
-260
-955
-1103
-773
-367
254
563
983
1548
2153
3003
3052
1313
-2781
-8836
-14592
-18555
-19035
-15734
-10140
-3936
317
2502
2922
2376
2183
2284
3615
5335
7272
9318
10834
12095
11712
9541
5269
-399
-5527
-9308
-10151
-8638
-5448
-1889
302
1575
1583
1579
1766
2260
3702
5168
7052
8753
10291
11607
11503
10132
7107
3379
-249
-3232
-4332
-4158
-2917
-1890
-1582
-1681
-2401
-2865
-2959
-2250
-605
1155
3113
4866
6244
7098
6794
5709
3702
1318
-724
-2149
-2278
-1944
-1374
-1266
-2014
-2880
-4197
-4809
-4847
-4069
-2723
-1669
-444
348
1325
1909
2086
1880
1066
430
-352
-498
-179
473
1162
1219
864
85
-764
-1520
-1930
-2002
-1815
-1442
-1128
-582
-143
114
46
-292
-652
-939
-909
-605
46
654
1190
1542
1628
1511
999
325
-357
-630
-636
-295
148
426
684
305
121
10
394
1397
2246
3432
3636
2016
-1869
-8185
-14062
-18335
-19139
-15920
-10931
-4714
-556
1460
1786
512
317
493
2296
5091
7829
10860
12587
13485
12476
9606
5123
-463
-4973
-7989
-8125
-6325
-3571
-866
13
-210
-1404
-2280
-2085
-912
1549
4466
7449
10009
11619
12435
11639
9609
6568
3251
649
-1075
-1364
-760
-103
-46
-1120
-2819
-4775
-6104
-6140
-4918
-2412
374
3270
5378
6442
6538
5543
4171
2511
1339
648
523
896
1062
1038
12
-1743
-3791
-5527
-6099
-5889
-4621
-3113
-1583
-389
186
704
572
622
451
426
720
872
1332
1509
1673
1413
808
119
-665
-1138
-1501
-1514
-1239
-1017
-669
-568
-488
-369
-431
-563
-797
-1007
-1031
-876
-525
25
597
1100
1334
1291
1044
778
682
745
819
785
612
325
52
-72
-40
77
524
992
1583
2193
2947
3161
1517
-2621
-9048
-15109
-19071
-18847
-14653
-8734
-2525
683
1181
-261
-2396
-2492
-1168
2306
6592
10294
13183
13988
13493
11217
7636
3201
-1424
-4491
-5867
-4843
-2649
-564
462
-784
-3083
-5561
-6684
-5445
-2442
1899
6235
9543
11419
11781
11026
9521
7458
5316
3730
2808
2761
3171
3412
2780
636
-2491
-5877
-8281
-8854
-7677
-4877
-1596
1362
3288
3901
3765
3207
2748
2599
2798
3402
3962
4272
4163
3300
1847
-277
-2690
-4672
-5876
-5953
-5034
-3830
-2802
-2265
-2262
-2220
-2061
-1533
-691
284
1286
1904
2312
2410
2399
2223
1803
1258
581
-63
-505
-787
-919
-1014
-1172
-1337
-1389
-1312
-1128
-897
-747
-557
-652
-705
-545
-243
307
640
876
829
693
797
899
1101
1097
752
267
-130
-88
327
860
1075
1068
862
594
811
1256
2169
1795
-820
-5949
-12610
-17277
-18911
-15820
-10160
-4448
-464
-267
-1818
-4074
-4685
-2592
1064
6066
10071
12745
13736
12904
11262
8218
4810
1190
-1508
-2334
-1688
278
1428
1097
-1421
-5247
-8328
-9529
-7532
-3496
1404
5614
7913
8626
8027
7347
7112
7050
7294
7248
7272
7170
6782
6052
4165
1396
-2169
-5588
-7658
-7875
-6368
-3995
-1835
-612
-500
-1044
-1397
-923
429
2189
3782
4796
5017
4857
4248
3545
2623
1043
-480
-1902
-2620
-2474
-2305
-2245
-2582
-3540
-4118
-4323
-3630
-2157
-858
173
401
152
-97
-93
413
1302
1908
2162
1929
1402
1022
745
444
102
-353
-643
-671
-623
-401
-454
-784
-1406
-2075
-2338
-2059
-1341
-424
226
481
243
-4
6
415
947
1194
1314
1105
1107
1145
1257
1391
1267
894
600
514
842
1581
2322
2030
-385
-5683
-12069
-16991
-18586
-15367
-10112
-4566
-1132
-1430
-3582
-6465
-7160
-4522
111
5904
10521
13201
13864
12480
10220
7459
4858
2602
1417
1651
2745
3998
3502
1274
-2669
-7174
-10108
-10487
-7664
-3020
1384
4267
5088
4455
3478
3159
4090
5958
7900
9319
10007
9956
9076
7283
4797
1935
-744
-2796
-3709
-3646
-2923
-2489
-2779
-3691
-4768
-5204
-4654
-2925
-544
1657
2912
3257
2944
2557
2537
2773
3054
3206
2784
2108
1226
202
-744
-2127
-3243
-4000
-3990
-3213
-2382
-1554
-1494
-1875
-2536
-2964
-2385
-1204
327
1692
2377
2401
2002
1437
940
772
717
797
965
1041
1288
1131
596
-309
-1554
-2473
-2890
-2478
-1501
-499
9
-140
-740
-1502
-1713
-1440
-510
621
1423
1873
1797
1730
1500
1291
1034
779
804
936
1459
2345
2956
2792
186
-4618
-10763
-15787
-17587
-15536
-10483
-5764
-2878
-3555
-6390
-9130
-9971
-7200
-1976
3989
9152
11918
12570
11544
9498
7617
6069
5514
5685
6556
7460
7530
6026
2450
-1983
-6334
-8792
-8771
-6479
-3232
-614
404
-99
-1157
-1671
-762
1510
4566
7378
9233
10019
9949
9117
7961
6508
5127
4006
3073
2410
1703
475
-1047
-3256
-5125
-6277
-6322
-5225
-3727
-2194
-1544
-1349
-1596
-1610
-1005
119
1741
3248
4101
4507
4178
3443
2467
1191
251
-383
-430
-248
-158
-403
-1297
-2479
-3796
-4527
-4426
-3561
-2326
-1244
-620
-480
-570
-605
-310
275
1019
1701
2049
2182
2110
1839
1632
1191
768
328
-196
-515
-715
-691
-753
-1035
-1403
-1872
-2138
-2109
-1644
-950
-249
290
370
130
-170
83
480
1021
1314
1423
1751
1988
2533
2778
2967
2008
-1162
-5991
-11731
-15013
-15523
-12711
-8516
-5655
-4892
-7433
-10639
-12398
-11130
-6592
-696
4589
8344
9373
9022
7879
7040
7322
7782
8984
9807
10484
10167
8562
5935
2179
-1061
-3606
-4340
-3603
-2447
-1605
-2158
-3519
-4973
-5511
-4529
-2004
1123
3726
5402
5895
5994
6033
6316
6993
7635
8015
7718
6819
5551
4015
2220
393
-1258
-2360
-2867
-3018
-3042
-3324
-3753
-4334
-4742
-4792
-4343
-3027
-1389
211
1099
1233
977
1022
1406
2039
2801
2888
2859
2206
1766
1366
818
335
-483
-1201
-1790
-2092
-2200
-2096
-2166
-2257
-2526
-2558
-2267
-1799
-1128
-704
-312
-143
99
506
992
1620
1930
2025
1735
1284
925
741
749
776
831
503
31
-585
-1150
-1340
-1440
-1317
-1279
-1087
-915
-924
-896
-809
-460
-149
149
741
1486
2035
2414
2423
1300
-1816
-6847
-11487
-13748
-13214
-10265
-7204
-5440
-5978
-8893
-11756
-12768
-10607
-5946
-886
3195
5678
6264
5855
5499
5742
7102
8531
9920
11015
11368
10751
8895
6350
3690
1714
502
233
501
224
-734
-2637
-4539
-5424
-5203
-3875
-2047
-214
953
1449
1514
1922
2842
4209
5899
7009
7752
7520
6769
5826
4747
3834
2891
2240
1649
1070
243
-930
-2209
-3365
-4135
-4407
-4342
-3903
-3418
-3125
-2890
-2738
-2333
-1730
-943
144
1015
1475
1546
1483
1705
2164
2502
2533
2348
1701
1187
613
38
-162
-643
-960
-1319
-1720
-1929
-2182
-2332
-2352
-2327
-2152
-1762
-1329
-859
-494
-287
-82
171
494
866
1284
1598
1707
1605
1283
1018
862
929
1080
892
531
-17
-324
-480
-610
-478
-391
-516
-806
-1130
-1101
-659
77
1171
2183
1349
-1800
-7324
-12576
-14216
-12880
-8108
-4291
-2971
-4767
-9481
-12639
-13248
-9736
-4170
856
3723
4146
3086
2120
2736
4432
7115
9061
10082
10510
9938
9100
7661
6201
4812
3883
3632
3403
3145
1612
-518
-2826
-4394
-4341
-3416
-1897
-995
-908
-1605
-2277
-1975
-535
1665
3718
5053
5442
5288
4856
4770
5029
5350
5545
5124
4383
3435
2394
1559
667
-59
-835
-1474
-2029
-2629
-3230
-3723
-3999
-3991
-3548
-3438
-2921
-2531
-2066
-1586
-1272
-661
-269
448
1091
1767
2205
2233
2182
2035
2013
1875
1745
1514
1182
712
-24
-618
-1009
-1214
-1404
-1588
-1862
-2147
-2361
-2513
-2288
-1928
-1429
-995
-662
-351
-29
220
530
891
1118
1391
1533
1801
1902
1831
1467
1144
657
381
199
157
449
410
257
-180
-207
-140
504
874
1199
-517
-4543
-9958
-14154
-13739
-10353
-5213
-3620
-5048
-9147
-13225
-13640
-11018
-5191
-186
2558
2482
1088
395
1048
3611
6520
9210
10536
10277
9739
8679
8118
7382
6600
6329
5854
5661
4551
2957
625
-1741
-3209
-3621
-2624
-1738
-1304
-2079
-3422
-4189
-4032
-2302
-114
1816
2847
2901
2875
2939
3715
4691
5747
6312
6121
5560
4535
3908
3277
2813
2285
1555
742
-289
-1135
-2186
-2994
-3748
-4053
-3847
-3657
-3446
-3579
-3759
-3837
-3427
-2568
-1551
-637
-188
206
485
965
1613
2224
2696
2832
2664
2272
2066
1886
1712
1400
920
389
-99
-529
-959
-1297
-1675
-1954
-2137
-2356
-2334
-2300
-2205
-1924
-1616
-1072
-583
-191
86
174
365
776
1358
1827
1975
1679
1342
1184
1399
1721
1539
963
308
308
1027
1605
1911
1161
472
-400
-2782
-6122
-10786
-12693
-11996
-8746
-5461
-5667
-7609
-11997
-14235
-13296
-9301
-3394
174
1369
-112
-1389
-958
1319
5214
8322
10293
10178
9155
8572
8485
9207
9389
9194
8419
7281
6185
4649
3260
1537
-50
-1207
-1833
-1715
-2017
-2746
-3891
-4884
-4932
-4198
-2696
-1308
-335
151
207
718
1595
3095
4441
5180
5526
5345
5188
5054
5158
5112
4742
4075
3025
2012
998
107
-737
-1430
-2119
-2676
-3227
-3884
-4322
-4679
-4713
-4424
-3900
-3402
-2934
-2669
-2325
-1597
-628
304
1078
1484
1786
2055
2176
2637
2882
3119
2972
2511
2070
1550
1131
744
479
198
-226
-813
-1530
-2166
-2592
-2723
-2736
-2558
-2409
-2275
-2087
-2013
-1774
-1522
-986
-266
376
862
1011
980
1060
1231
1556
2093
2388
2582
2282
2002
1934
1960
2008
1898
2030
438
-3299
-8611
-12033
-11382
-7969
-4372
-4321
-7237
-11824
-14962
-14310
-10418
-4870
-1280
-992
-2883
-4427
-3630
-453
3601
7018
8646
8479
7606
7276
8471
9999
11147
11023
10203
9260
8015
6911
5607
4389
3102
1838
893
149
-845
-2329
-4000
-5107
-5211
-4568
-3729
-3254
-3175
-3473
-3451
-2618
-912
1080
2411
2870
2936
3131
3648
4741
5774
6562
6565
5784
4764
3892
3362
2954
2412
1602
710
-329
-1352
-2409
-3290
-3814
-4267
-4441
-4407
-4460
-4661
-4931
-4762
-3915
-2756
-1797
-1067
-756
-456
-76
594
1634
2612
3299
3414
3179
2872
2711
2614
2594
2515
2313
1830
1158
425
-294
-886
-1414
-1792
-2031
-2165
-2492
-2872
-3100
-3242
-3119
-2771
-2199
-1475
-1067
-1029
-1003
-627
189
1034
1621
1792
2016
2024
2171
2505
3002
3730
4038
3500
1116
-3161
-7753
-9532
-8012
-4540
-2377
-3959
-8044
-12803
-14940
-13143
-8867
-4460
-2641
-3952
-6428
-7493
-5717
-1708
2566
5484
6117
5454
4670
5342
7574
9894
11562
11579
10889
9931
9057
8553
8055
7578
6704
5587
4250
2866
1407
-331
-1893
-2881
-3277
-3187
-3443
-4068
-4883
-5633
-5542
-4714
-3255
-1848
-1059
-882
-863
-415
823
2474
4128
5107
5257
4869
4538
4636
5012
5298
4922
4060
2843
1794
1029
477
-42
-786
-1848
-2885
-3632
-4027
-4216
-4386
-4533
-4607
-4345
-3891
-3294
-2791
-2481
-2044
-1502
-680
364
1202
1778
1987
2091
2317
2697
3147
3475
3404
3004
2406
1882
1598
1323
1066
594
-5
-691
-1416
-1848
-2191
-2380
-2583
-2807
-2943
-2902
-2811
-2729
-2432
-2068
-1532
-1000
-570
-254
120
520
1169
1689
2200
2757
3418
3314
1103
-3101
-7141
-7628
-4962
-1510
-811
-3831
-8413
-12297
-13092
-10359
-6168
-3094
-3210
-6086
-8585
-8620
-5644
-1447
1839
3385
2863
1864
1720
3593
6737
9292
10335
9884
9280
8928
8993
9425
9765
9681
8782
7419
6287
5314
4282
2908
1616
695
-64
-830
-1966
-3096
-4035
-4603
-4610
-4267
-3705
-3472
-3659
-3821
-3516
-2540
-1234
-40
929
1496
1763
2055
2641
3649
4503
4969
4864
4367
3729
3174
2831
2574
2358
1736
836
-316
-1311
-1887
-2356
-2621
-2963
-3412
-3839
-4186
-4026
-3595
-3230
-2937
-2754
-2408
-1936
-1297
-604
123
745
1095
1399
1635
2002
2397
2619
2782
2804
2604
2274
1821
1519
1337
1098
724
286
-193
-672
-1222
-1645
-2059
-2265
-2361
-2367
-2237
-2329
-2303
-2287
-1940
-1401
-931
-469
-212
197
872
1882
2016
21
-4001
-7711
-7846
-4868
-1030
-189
-3094
-7697
-11582
-11896
-8996
-4588
-1673
-2191
-5243
-8116
-8304
-5403
-955
2296
3312
2036
367
255
2357
5827
8409
9189
8252
7145
6816
7446
8733
9616
9661
8660
7190
6133
5575
5356
4929
4133
3278
2236
1083
-54
-1102
-1850
-2482
-2753
-2904
-2893
-3130
-3627
-3928
-3881
-3240
-2354
-1638
-1140
-890
-770
-234
526
1604
2330
2667
2708
2761
2906
3072
3313
3409
3274
2577
1700
1013
574
397
213
-164
-786
-1748
-2662
-3095
-3051
-2650
-2460
-2654
-2981
-3219
-2996
-2421
-1641
-967
-615
-568
-444
-68
532
1191
1693
1950
2000
1866
1817
1846
1969
1982
1771
1532
1207
935
632
302
10
-308
-753
-1116
-1384
-1436
-1560
-1638
-1640
-1473
-1267
-1203
-960
-735
-494
7
585
29
-2466
-6639
-8893
-7721
-3804
-905
-1816
-5665
-10140
-12066
-10500
-6401
-2393
-1170
-3422
-6973
-8453
-6483
-2261
1522
3218
2593
753
-217
1028
4408
7761
9185
8319
6683
5799
6320
7747
9188
9783
8999
7332
5806
5304
5564
5585
5003
3992
2919
1920
1026
458
2
-638
-1437
-2124
-2386
-2513
-2840
-3229
-3442
-3165
-2673
-2191
-1884
-1814
-1883
-1725
-1156
-162
894
1380
1366
1084
1183
1622
2247
2916
3175
2990
2218
1547
1328
1323
1246
904
535
3
-616
-1375
-1905
-1994
-1847
-1796
-2091
-2480
-2753
-2728
-2456
-1966
-1311
-925
-907
-870
-668
-180
346
873
1305
1483
1447
1391
1541
1758
1894
1907
1777
1450
1042
659
469
462
367
178
-123
-428
-758
-978
-1088
-965
-571
-573
-638
-923
-833
-470
300
169
-1850
-6003
-9323
-8930
-5267
-1304
-1167
-4657
-9608
-12519
-11598
-7411
-2683
-692
-2649
-6691
-9135
-7665
-3141
1421
3583
2884
466
-1202
-315
3366
7491
9613
8846
6628
5189
5517
7353
9342
10362
9523
7530
5614
5007
5653
6174
6002
4863
3378
1897
876
489
526
419
-276
-1193
-2030
-2492
-2754
-2996
-3003
-2856
-2646
-2470
-2339
-2236
-2280
-2280
-1930
-1069
-124
439
487
336
252
509
1185
2032
2573
2511
1932
1423
1309
1572
1854
1783
1430
811
106
-448
-517
-345
-320
-741
-1398
-1980
-2257
-2158
-1914
-1648
-1561
-1637
-1705
-1594
-1256
-705
-305
25
196
299
418
634
1067
1347
1401
1300
1285
1446
1622
1534
1134
554
254
214
398
450
321
38
-279
-416
-379
-333
-393
-508
-392
-43
412
638
-864
-4317
-8605
-9523
-6340
-1726
-97
-3298
-8484
-12521
-12455
-8777
-3545
-473
-1689
-6013
-9827
-9445
-5138
297
3405
3072
453
-2068
-2020
1259
6136
9314
9113
6530
4370
4413
6493
9224
10891
10581
8420
5985
4911
5598
6820
7161
6153
4450
2712
1494
1049
1138
1222
546
-535
-1584
-2223
-2578
-2863
-2850
-2767
-2635
-2751
-2858
-2852
-2762
-2602
-2376
-1778
-1103
-543
-468
-446
-216
248
863
1243
1563
1479
1358
1227
1379
1711
1819
1850
1512
1073
646
339
238
304
322
52
-519
-1171
-1505
-1506
-1352
-1250
-1240
-1443
-1647
-1755
-1574
-1092
-671
-464
-450
-457
-389
-89
309
732
1020
1114
1061
955
898
937
1083
1139
1078
876
487
283
133
190
307
345
273
-34
-240
-248
-20
218
310
600
509
-1170
-4872
-8383
-8410
-4839
-1043
-886
-4744
-9670
-12466
-11546
-7591
-3044
-1156
-3252
-7626
-10313
-8777
-4158
548
2600
1663
-943
-2797
-1894
2025
6683
8975
7999
5406
3953
4689
7144
9850
11179
10389
7947
5874
5613
6876
8101
8043
6646
4626
2811
1844
1936
2417
2316
1054
-662
-1819
-2186
-2157
-2297
-2436
-2674
-3077
-3475
-3527
-3272
-2963
-2802
-2662
-2191
-1689
-1446
-1341
-1122
-632
-120
305
688
1132
1358
1213
993
1041
1472
1887
1993
1768
1405
851
555
591
906
1044
618
-95
-827
-1057
-993
-820
-670
-817
-1210
-1659
-1894
-1583
-1031
-720
-703
-824
-887
-799
-515
-62
408
590
633
609
647
769
901
993
951
808
593
503
436
567
720
635
310
-214
-308
-38
545
823
699
333
311
212
-1250
-4342
-7335
-7229
-4371
-1331
-1529
-4912
-9160
-11667
-10825
-7513
-3657
-2232
-4161
-7801
-10035
-8670
-4718
-554
1401
720
-1476
-3034
-2075
1483
5761
7944
7284
5139
3958
4687
7003
9524
10847
10218
8139
6330
6175
7383
8621
8599
7277
5363
3733
2911
2942
3227
2843
1564
-88
-1104
-1512
-1575
-1787
-2271
-2760
-3379
-3687
-3673
-3360
-3141
-3268
-3333
-3079
-2566
-2134
-1809
-1561
-1279
-957
-610
-43
501
912
996
893
1058
1305
1720
1830
1781
1509
1188
972
1016
1286
1325
979
295
-214
-461
-415
-261
-247
-539
-1025
-1499
-1636
-1356
-1037
-804
-876
-1101
-1171
-1092
-708
-266
95
274
239
171
233
440
616
838
860
856
733
626
615
646
681
622
471
325
376
397
545
438
490
614
961
930
-600
-3709
-6829
-6917
-4192
-1070
-899
-4062
-8279
-11175
-10904
-7868
-3991
-2156
-3792
-7451
-10036
-9322
-5852
-1650
711
465
-1587
-3496
-2924
253
4476
6967
6731
4931
3597
4107
6211
8854
10462
10190
8404
6617
6327
7372
8591
8805
7860
6241
4631
3742
3676
3980
3614
2320
742
-336
-718
-943
-1360
-1909
-2444
-3006
-3321
-3412
-3276
-3259
-3550
-3887
-3882
-3353
-2620
-1967
-1755
-1853
-2036
-1942
-1083
52
911
964
472
144
371
1195
1993
2399
2121
1482
829
722
1159
1645
1738
1168
359
-239
-309
-36
275
147
-327
-981
-1418
-1301
-889
-588
-592
-1022
-1359
-1447
-1194
-709
-339
-157
-241
-293
-268
-33
204
424
491
501
484
458
588
727
843
660
380
156
223
480
724
838
636
501
405
719
559
-654
-3168
-5443
-5657
-4041
-2070
-2014
-3967
-7045
-9420
-9709
-7790
-4958
-3508
-4348
-6799
-8611
-8424
-6171
-3085
-960
-517
-1657
-2747
-2362
-53
3048
5188
5643
4866
4285
4574
6096
7956
9282
9404
8437
7487
7371
7976
8604
8556
7743
6532
5410
4799
4731
4568
3869
2677
1330
532
107
-208
-702
-1438
-2262
-2974
-3231
-3068
-2861
-3108
-3625
-4075
-4140
-3810
-3180
-2606
-2299
-2324
-2383
-2063
-1382
-541
9
130
2
101
403
961
1513
1820
1788
1413
1199
1228
1437
1587
1473
1156
753
379
288
382
395
146
-387
-833
-1006
-934
-789
-719
-858
-1026
-1239
-1243
-1029
-826
-616
-602
-619
-554
-392
-166
92
188
159
70
172
367
596
693
634
499
296
222
352
640
694
538
222
135
375
712
1086
792
-518
-2825
-5004
-5408
-4159
-2179
-1707
-3051
-5786
-8272
-9084
-7976
-5441
-3554
-3558
-5372
-7449
-8008
-6646
-3973
-1575
-440
-883
-2011
-2311
-1014
1576
3913
5164
5050
4603
4440
5164
6557
7921
8599
8305
7766
7454
7693
7965
7920
7444
6658
5875
5242
4940
4654
4050
2980
1762
921
447
241
-183
-843
-1793
-2592
-3113
-3164
-2910
-2782
-3012
-3535
-3930
-4037
-3684
-3125
-2572
-2275
-2276
-2262
-1951
-1365
-694
-272
7
166
357
695
957
1297
1449
1537
1598
1542
1591
1481
1348
1134
990
855
736
613
374
236
-86
-355
-531
-654
-681
-789
-914
-1032
-1103
-1164
-1077
-944
-812
-710
-724
-712
-634
-475
-293
-130
-54
27
43
72
122
253
391
508
594
523
411
396
455
573
512
386
265
413
653
961
520
-863
-3072
-4831
-4907
-3665
-1881
-1687
-3105
-5726
-7905
-8410
-7180
-4971
-3476
-3508
-5064
-6711
-7170
-6031
-3742
-1709
-583
-770
-1434
-1514
-442
1524
3255
4331
4527
4560
4729
5416
6447
7324
7700
7504
7290
7383
7656
7880
7590
6828
5905
5108
4843
4837
4706
3956
2749
1471
581
234
78
-47
-630
-1515
-2470
-3123
-3144
-2866
-2570
-2758
-3226
-3668
-3805
-3435
-2876
-2336
-2061
-2040
-1957
-1729
-1222
-680
-286
-8
87
360
684
1089
1437
1521
1408
1238
1131
1327
1596
1680
1461
960
530
277
381
521
556
310
-255
-691
-918
-831
-626
-555
-702
-983
-1231
-1346
-1207
-953
-806
-828
-849
-860
-740
-506
-366
-184
-185
-101
-45
0
214
400
578
516
348
325
465
652
704
624
446
237
205
436
936
599
-723
-3028
-4663
-4644
-3457
-1997
-1891
-3036
-5210
-7153
-7803
-6831
-4944
-3591
-3536
-4567
-5727
-6146
-5341
-3733
-2019
-936
-851
-1021
-777
235
1658
2842
3593
4015
4399
5007
5821
6618
7051
6927
6633
6566
7020
7613
7838
7410
6371
5235
4400
4248
4519
4589
4006
2752
1357
376
-48
-44
-86
-426
-1240
-2192
-2804
-2892
-2647
-2654
-2733
-3096
-3293
-3313
-3168
-2665
-2331
-2012
-1991
-1800
-1448
-990
-486
-307
-59
49
365
732
1109
1347
1401
1312
1116
1158
1251
1433
1437
1277
987
620
387
204
233
205
62
-221
-569
-785
-923
-919
-910
-898
-1004
-1220
-1328
-1320
-1158
-963
-855
-837
-833
-744
-573
-338
-150
-138
-108
-77
41
229
363
518
575
507
411
412
424
438
347
324
305
319
353
431
654
9
-1294
-3349
-4534
-4297
-3156
-2041
-2162
-3171
-5111
-6639
-7234
-6420
-4851
-3672
-3421
-4103
-4788
-5090
-4473
-3383
-2080
-1111
-681
-400
170
1164
2188
2982
3336
3707
4306
5140
6132
6828
7088
6788
6255
6073
6434
7062
7384
7115
6165
4961
4068
3650
3758
3776
3381
2459
1321
351
-227
-460
-614
-868
-1453
-2082
-2508
-2601
-2486
-2486
-2648
-2926
-3037
-2937
-2617
-2169
-1779
-1623
-1672
-1589
-1241
-612
-51
285
489
461
559
703
991
1303
1379
1298
1120
1103
1224
1256
1116
790
405
96
-29
100
196
117
-160
-576
-962
-1147
-1213
-1094
-1024
-1079
-1160
-1311
-1372
-1319
-1182
-1031
-883
-792
-637
-526
-417
-303
-202
-137
-20
76
188
316
297
320
286
335
318
277
305
299
276
165
81
66
62
163
428
160
-814
-2587
-3980
-4283
-3609
-2596
-2278
-2549
-3762
-5171
-6164
-6138
-5182
-4148
-3503
-3576
-3714
-3785
-3524
-2989
-2256
-1484
-904
-318
427
1566
2545
3080
3341
3443
3749
4312
5283
6201
6803
6629
6094
5715
5665
6018
6288
6316
5951
5163
4243
3556
3271
3081
2695
2107
1344
691
111
-291
-596
-1009
-1417
-1912
-2261
-2265
-2139
-2074
-2300
-2515
-2647
-2574
-2294
-1836
-1420
-1271
-1184
-1104
-825
-443
-99
288
420
496
545
595
883
1102
1259
1142
936
800
656
670
739
770
589
334
12
-180
-315
-446
-611
-820
-997
-1144
-1149
-1128
-1063
-1084
-1250
-1450
-1492
-1382
-1113
-802
-702
-641
-779
-756
-600
-332
-20
78
151
72
-5
-53
-91
71
210
304
292
190
113
49
31
11
20
-22
-71
-104
89
349
263
-481
-1926
-3179
-3733
-3484
-2775
-2285
-2194
-2832
-3869
-4790
-5112
-4717
-4085
-3486
-3170
-2915
-2821
-2596
-2217
-1761
-1343
-1005
-482
317
1367
2355
3045
3276
3226
3321
3630
4315
5097
5713
5930
5706
5549
5413
5318
5258
5109
4850
4409
3900
3530
3310
3076
2592
1884
1093
398
-105
-326
-419
-540
-886
-1429
-1806
-2020
-1968
-1873
-1795
-1737
-1776
-1747
-1642
-1450
-1154
-956
-842
-727
-541
-232
43
305
457
551
553
526
601
685
821
817
696
593
456
308
202
164
42
-186
-435
-511
-591
-665
-777
-986
-1152
-1303
-1309
-1237
-1100
-983
-1109
-1337
-1466
-1340
-1073
-715
-475
-438
-575
-658
-597
-483
-269
-189
-130
-88
11
42
36
38
28
65
38
103
44
8
-25
-73
-101
-177
-88
-96
15
202
357
209
-508
-1617
-2511
-2891
-2804
-2485
-2239
-2082
-2368
-2787
-3193
-3445
-3494
-3458
-3233
-2930
-2518
-2080
-1617
-1237
-936
-733
-659
-432
48
878
1750
2401
2803
2987
3135
3370
3715
4124
4508
4690
4715
4692
4703
4659
4555
4340
4032
3699
3289
3012
2722
2471
2076
1572
1056
507
182
10
-64
-292
-628
-1005
-1246
-1295
-1305
-1240
-1202
-1201
-1232
-1184
-1041
-918
-749
-741
-713
-640
-509
-238
-41
238
249
148
69
-7
169
285
384
396
254
49
-173
-219
-245
-267
-347
-477
-556
-658
-816
-982
-1133
-1212
-1277
-1211
-1098
-1000
-916
-921
-1002
-1108
-1119
-1116
-938
-727
-509
-298
-227
-280
-332
-356
-224
-97
19
120
204
243
136
11
-167
-223
-140
-75
-28
-19
-82
-101
-138
-191
-240
-271
-225
-196
-100
-7
125
221
4
-466
-1112
-1690
-2011
-2033
-1920
-1655
-1612
-1761
-1965
-2170
-2161
-2246
-2248
-2299
-2185
-1901
-1525
-1059
-640
-312
-178
-159
-119
112
545
1134
1698
2174
2518
2717
2830
2960
3101
3245
3324
3392
3491
3578
3601
3502
3295
2994
2684
2379
2125
1965
1806
1668
1385
1071
778
525
278
21
-237
-351
-441
-467
-405
-410
-398
-479
-571
-690
-649
-511
-357
-240
-205
-205
-267
-232
-129
-95
-31
-41
-15
-46
-82
-109
-125
-110
-232
-404
-593
-581
-543
-590
-749
-1008
-1136
-1127
-964
-754
-743
-888
-1094
-1172
-1126
-1151
-1107
-957
-770
-623
-573
-594
-560
-475
-408
-347
-348
-387
-419
-432
-345
-164
-10
-14
-113
-136
-126
-82
-75
-53
-66
-63
-77
-210
-300
-242
-30
71
-12
-176
-241
-160
9
101
83
99
134
246
188
-80
-522
-1005
-1272
-1382
-1301
-1162
-1083
-1152
-1292
-1458
-1561
-1608
-1602
-1565
-1524
-1439
-1247
-953
-651
-397
-219
-152
-95
5
265
681
1044
1295
1522
1715
1884
2133
2344
2484
2538
2484
2405
2409
2478
2627
2614
2424
2159
1869
1799
1784
1738
1526
1202
965
759
663
591
544
458
318
181
48
-6
-64
-11
75
63
-69
-231
-279
-253
-152
-117
-66
-80
-156
-219
-299
-280
-345
-403
-534
-605
-594
-521
-515
-635
-776
-893
-851
-749
-665
-713
-849
-860
-654
-529
-599
-832
-929
-838
-682
-544
-497
-498
-442
-432
-409
-466
-500
-515
-430
-271
-36
99
-37
-223
-356
-187
-24
17
-166
-287
-101
132
148
-113
-394
-417
-260
-184
-287
-408
-327
-179
-152
-246
-373
-457
-399
-333
-250
-190
-80
25
16
10
-59
-87
-178
-298
-482
-663
-725
-689
-609
-581
-652
-817
-957
-1036
-1038
-930
-847
-798
-767
-800
-709
-598
-474
-333
-211
-79
5
166
345
526
747
903
1005
1095
1265
1457
1644
1722
1762
1739
1705
1762
1830
1888
1852
1735
1655
1620
1602
1564
1541
1379
1199
1038
902
746
622
553
525
474
414
415
358
197
27
-30
-68
-138
-360
-514
-552
-376
-168
-158
-310
-435
-469
-488
-498
-607
-624
-577
-438
-277
-215
-253
-394
-444
-405
-290
-282
-326
-533
-623
-504
-407
-351
-401
-403
-381
-195
-164
-326
-601
-793
-630
-369
-270
-306
-350
-193
-87
-195
-549
-713
-605
-428
-214
-164
-195
-251
-346
-338
-272
-278
-382
-473
-461
-331
-71
-64
-159
-371
-630
-721
-516
-74
242
293
-59
-386
-389
-231
-91
-87
-109
-84
-62
54
213
311
198
-89
-402
-679
-685
-557
-344
-183
-282
-488
-570
-506
-357
-320
-457
-529
-594
-545
-357
-110
97
131
95
18
-19
127
329
584
733
820
804
818
940
1091
1214
1168
1082
1148
1329
1428
1373
1314
1271
1305
1369
1240
1075
824
651
592
619
733
669
543
481
441
412
271
42
-183
-333
-266
-117
29
-99
-335
-381
-198
10
-78
-342
-540
-522
-202
142
131
-232
-520
-382
-96
144
31
-190
-233
-187
-89
-51
-76
-70
-90
-141
-300
-485
-490
-426
-271
-312
-451
-486
-341
-129
-10
-25
-226
-377
-448
-514
-506
-445
-225
-115
-131
-317
-440
-417
-425
-359
-448
-498
-483
-436
-332
-363
-389
-444
-459
-229
-46
18
-191
-334
-230
-60
3
-81
-270
-312
-218
-158
-133
-175
-161
-93
-180
-260
-262
-144
14
-28
-82
-284
-437
-472
-302
30
242
268
263
142
-81
-263
-311
-166
-13
-5
-65
-77
22
190
236
117
-85
-228
-109
108
316
365
256
225
274
348
495
483
386
514
659
749
781
718
760
774
656
561
474
485
675
819
824
733
556
426
244
212
348
332
133
27
111
415
484
192
-240
-380
-59
156
144
-34
-102
1
148
262
262
128
35
-31
70
366
469
289
77
-23
14
5
-97
29
381
608
373
-95
-375
-496
-343
-54
-116
-185
-256
-157
-62
-25
-220
-566
-748
-789
-417
-213
-177
-251
-267
-209
-191
-296
-442
-608
-648
-450
-162
-57
-222
-425
-592
-460
-371
-326
-365
-425
-388
-306
-324
-425
-497
-375
-231
-212
-198
-322
-232
-210
-175
-216
-350
-326
-244
-84
-39
-72
-168
-154
-75
-41
-4
-7
-94
-173
-153
-99
118
162
260
276
192
-12
-250
-276
-95
128
186
-4
-81
128
392
563
375
20
-165
47
282
354
143
85
160
311
537
537
374
29
-234
-343
-144
147
454
624
451
70
-219
-221
29
151
236
337
345
384
482
476
278
23
-200
-190
-54
168
422
654
702
676
430
155
-10
-106
34
182
295
316
313
476
512
449
172
8
26
69
212
303
358
281
241
387
564
462
15
-255
-70
228
393
317
-38
-334
-346
-258
-57
-225
-425
-561
-324
18
-31
-316
-686
-721
-767
-661
-362
13
148
185
12
-223
-469
-598
-320
164
461
425
111
-85
-152
-243
-293
-384
-429
-435
-367
-270
-113
-271
-235
-239
-217
-340
-546
-421
-430
-450
-369
-291
-149
-57
38
39
-184
-253
-336
-194
-23
-15
-23
-203
-223
-50
106
96
-37
-193
-134
145
327
197
-120
-293
-140
24
294
309
115
-57
-229
-130
4
151
229
78
142
103
166
-59
-316
-225
-84
144
199
339
242
266
154
-61
-131
-276
-85
68
276
368
234
153
275
429
321
5
-397
-382
-19
237
400
436
515
716
806
673
337
35
16
-39
69
96
286
645
840
819
569
260
60
-61
-158
-310
-373
-165
227
600
677
355
-18
-119
-30
84
-98
-382
-620
-359
107
305
297
62
1
-146
-293
-312
-357
-408
-389
-198
-111
-60
-102
-98
-65
-69
-89
-170
-321
-417
-421
-259
-67
92
191
248
430
224
-8
-342
-522
-408
-325
-37
-87
-30
-142
-157
29
54
-14
-358
-377
-196
143
235
83
-5
-71
-77
-23
131
234
99
-242
-284
-316
-88
132
218
194
60
-40
-126
-213
-270
-284
-185
-132
-38
29
69
213
79
-8
-253
-239
-348
-277
-44
87
290
192
79
-196
-224
-220
-154
-182
-179
148
342
109
-259
-348
-169
122
240
209
-31
-118
0
141
235
256
274
106
-27
35
89
97
1
6
272
454
389
44
-214
-25
314
571
478
66
-187
-83
196
222
81
-198
53
355
404
170
-239
-250
-211
-268
-424
-359
-54
422
667
522
123
-266
-407
-318
-124
122
265
329
256
182
76
-92
-177
-308
-232
-116
72
39
52
-32
-110
-209
-242
-214
-59
55
-42
-80
191
660
764
369
-186
-382
-145
201
213
-65
-187
-94
195
189
189
101
63
50
63
213
7
-195
-394
-285
-12
206
88
-280
-474
-278
-31
217
142
-55
-260
-340
-279
-244
-181
-123
-64
155
349
241
70
-114
-286
-463
-425
-272
70
231
317
222
-26
-325
-503
-469
-224
-6
-25
-94
-76
-59
119
225
196
-30
-347
-316
-134
64
154
22
-7
188
225
163
-81
-244
-236
-41
140
238
263
244
41
-29
20
-37
-143
-211
133
338
392
221
-36
-108
-52
198
202
66
10
60
82
244
165
44
-126
-37
235
350
339
-24
-83
-34
342
344
163
-69
-282
-269
-121
-56
-184
-269
-161
97
231
188
-131
-343
-436
-196
-34
-122
-397
-503
-47
535
639
352
-14
-224
-138
-47
12
178
247
423
225
10
-54
63
355
409
434
261
207
124
153
156
-130
-442
-609
-279
158
187
17
-121
2
145
53
-228
-808
-1017
-681
-192
337
405
386
383
291
74
-281
-552
-574
-345
10
279
163
85
-100
-120
62
217
341
157
-59
-281
-300
-16
248
241
89
-153
-304
-329
-83
166
309
166
-1
-196
-295
-290
-410
-109
168
389
176
-46
51
256
322
-57
-319
-389
-142
59
74
201
292
391
170
-103
-204
-217
-168
-321
-288
-132
118
386
319
60
-165
-81
14
197
211
-101
-282
-439
-191
124
447
480
205
-102
-443
-501
-304
30
36
-73
-91
149
212
212
48
-168
-252
-258
-114
11
-117
-123
94
427
700
461
112
-160
-89
225
421
307
-137
-362
-210
292
545
533
114
-135
-207
-97
35
-54
-136
-107
137
195
182
-104
-232
-162
86
227
44
-24
-34
102
52
-218
-416
-382
-221
-157
-230
-296
-108
127
470
451
183
-38
-178
-50
-30
-144
-152
-45
199
428
413
305
76
-127
-353
-307
-150
-115
-152
-173
22
265
294
111
-125
-180
-11
127
148
41
-87
-44
22
96
192
190
71
-162
-243
-282
-102
0
3
-91
-184
-82
53
149
-42
-164
-209
-29
134
138
-14
-181
-171
-11
69
16
-41
-89
-36
45
88
206
147
-59
-248
-406
-445
-275
83
419
487
215
22
-190
-209
-234
-118
113
136
61
-131
-158
-11
122
218
145
11
13
164
281
114
-293
-442
-334
39
298
217
78
-11
54
52
101
19
-1
-60
-8
136
150
186
139
15
-83
-59
42
321
416
309
41
-155
-116
-22
-53
-124
-260
-478
-392
-21
422
452
138
-199
-375
-293
-151
-57
-19
-58
42
-10
-71
22
167
283
316
291
147
143
96
11
-157
-190
-2
101
70
-75
-173
-126
46
218
207
-78
-374
-509
-331
-139
-120
-154
-66
195
319
319
198
24
-107
-92
142
220
184
10
-154
-164
-104
75
159
165
41
61
-70
-256
-543
-737
-460
-37
440
476
372
153
-108
-271
-352
-289
-153
-44
-64
-36
-12
151
297
314
62
-161
-214
-201
-79
-4
90
92
152
260
229
143
29
-39
-111
-168
-252
-195
30
272
365
180
-43
10
199
342
314
133
-40
-47
87
87
-2
-273
-305
-112
130
169
73
-43
-53
30
-6
-119
-313
-383
-294
5
197
267
196
229
230
-10
-309
-536
-485
-231
95
247
202
222
174
84
-141
-297
-220
-51
159
152
15
-237
-312
-75
187
307
140
-91
-175
-47
53
93
83
0
-6
65
182
108
38
-40
42
143
-17
-255
-452
-210
201
413
205
-44
-88
140
271
140
-60
-126
-67
-90
-42
33
226
277
136
-37
-42
-65
-6
59
162
178
28
-24
6
161
177
-45
-360
-505
-357
-9
327
495
300
1
-200
-241
-113
-114
-18
15
31
49
111
162
232
231
55
-105
-227
-152
-62
-24
-68
-189
-177
-108
-30
84
134
63
-189
-348
-401
-164
66
118
34
-161
-185
-127
-19
-21
44
87
257
304
160
-52
-257
-228
-170
-51
-93
-146
-102
114
299
281
105
-137
-161
-156
-154
-225
-184
-41
177
279
257
159
32
51
-7
-142
-209
-189
-57
44
114
166
111
88
130
203
155
15
-107
-150
-90
-60
-31
11
83
169
291
284
171
37
-132
-201
-270
-369
-364
-215
-12
167
229
149
85
-12
18
17
26
-73
-197
-116
64
323
430
455
354
196
73
46
15
-73
-188
-238
-206
-57
91
227
270
148
-30
-134
-75
-4
-22
-148
-173
-79
-24
72
164
203
152
11
-87
-149
-148
-139
-81
-51
-94
-173
-294
-361
-295
-75
156
298
320
296
109
-82
-301
-331
-191
59
253
241
175
32
-10
-14
33
36
-47
-110
-142
-112
-111
-84
-59
-28
-77
-68
0
161
191
62
-54
-188
-150
-156
-40
87
252
290
148
-9
-207
-181
-114
65
118
129
96
43
133
148
50
-122
-206
-172
-88
-52
-114
-124
62
263
427
304
113
-122
-236
-255
-189
-106
-113
-72
-86
-13
29
-11
-47
9
45
42
-32
-68
-101
-153
-186
-132
-43
10
115
241
311
340
227
110
76
34
-14
-142
-197
-169
-112
-54
26
120
171
136
-12
-141
-233
-139
-81
-67
-128
-107
87
289
412
269
37
-198
-199
-34
114
113
19
-95
-100
21
157
118
-43
-201
-137
56
165
131
-47
-88
-31
144
257
207
61
1
7
80
151
134
106
94
68
21
-41
-26
44
57
43
-49
-100
-116
-118
-179
-185
-208
-194
-71
69
220
249
168
29
-59
-64
-52
-63
-77
-74
-43
30
92
127
103
15
-67
-189
-231
-192
-36
104
88
-11
-146
-225
-207
-141
-15
116
182
131
-81
-233
-269
-149
-1
99
88
52
123
242
313
197
33
-159
-254
-255
-182
-77
-37
-28
19
134
218
242
144
-58
-298
-457
-362
-141
70
155
130
51
63
131
142
75
-48
-74
-37
85
193
201
72
-61
-92
1
130
201
117
-7
-80
-29
-34
-148
-238
-224
-55
97
134
37
-62
-89
-130
-64
50
92
135
6
-141
-170
-22
167
202
90
-66
-111
-54
64
136
106
32
27
-7
-25
-29
-19
-24
-128
-164
-116
6
84
85
106
116
114
33
-22
-43
-17
30
11
8
50
170
256
209
29
-125
-160
-113
-82
-58
-53
-38
81
175
181
37
-63
-124
-62
49
64
46
-49
-90
-144
-115
-94
-40
30
41
80
66
96
81
27
-61
-122
-114
-77
-40
9
42
49
82
84
30
-91
-134
-72
35
97
78
1
-72
-42
33
110
98
3
-105
-124
-41
25
73
51
36
-14
-76
-112
-85
15
20
12
0
70
122
108
108
58
-6
-97
-76
-23
45
44
-13
-55
-91
-48
-42
-35
-70
-131
-204
-256
-181
-32
65
94
24
-66
-127
-144
-111
-38
81
191
252
168
81
19
-9
-44
-104
-108
2
174
323
364
317
199
38
-142
-282
-275
-204
-63
38
98
154
214
205
88
-45
-122
-98
-44
-28
5
29
35
6
-90
-139
-148
-129
-56
19
57
69
27
-49
-100
-99
15
123
181
231
279
267
119
-62
-160
-119
-46
31
43
1
-57
-117
-114
-72
-60
-50
-18
-8
4
-22
-44
-63
-72
-71
-69
-43
19
85
99
63
-5
-35
-10
30
51
26
-9
-53
-64
-69
-57
-71
-101
-123
-102
-48
2
72
112
112
25
-22
3
47
70
62
51
24
-3
5
38
70
80
83
12
-84
-135
-100
-24
6
10
-36
-52
23
118
158
98
-6
-80
-112
-102
-77
-45
9
73
143
176
117
-10
-114
-184
-145
-78
-8
70
110
130
102
84
40
-12
-68
-67
-26
-6
-28
-53
-6
73
101
68
4
-49
-66
-81
-61
-43
-23
7
42
77
81
66
67
44
5
-7
-3
4
-26
-60
-88
-67
-12
41
72
68
42
-3
-44
-52
-72
-86
-119
-116
-57
16
55
55
58
72
85
84
64
19
-57
-124
-103
-31
57
80
80
67
51
20
-39
-90
-133
-112
-57
-10
32
12
-21
-6
0
-14
-45
-47
-27
22
41
34
39
49
45
11
-6
-24
0
8
2
-4
9
47
63
47
-11
-51
-75
-88
-88
-36
9
44
70
63
38
-22
-75
-91
-68
-23
27
13
8
51
61
94
72
31
16
33
48
41
45
44
57
52
36
11
-45
-69
-75
-80
-103
-89
-38
14
31
16
-12
-39
-90
-144
-157
-131
-74
-20
33
64
62
44
34
5
-9
-22
7
39
70
71
78
73
45
31
7
18
32
35
16
-3
-2
26
44
7
-44
-95
-106
-92
-86
-80
-75
-66
-61
-68
-65
-83
-66
-13
32
65
47
15
6
16
24
43
60
28
5
-10
15
30
33
30
41
65
71
62
20
-7
-25
-17
2
24
28
1
-23
-32
-12
9
34
73
104
118
107
103
112
126
129
123
109
100
77
56
77
89
54
-29
-91
-87
-58
-33
-24
-17
-6
-5
-17
-40
-48
-68
-103
-130
-130
-87
-33
-8
-10
-28
-46
-60
-54
-34
-11
-9
-14
-4
-7
-12
-15
-19
-21
-29
-50
-44
-33
-49
-85
-105
-106
-86
-68
-53
-15
-3
15
29
52
78
59
65
56
57
87
91
92
67
53
65
39
8
-32
-38
5
43
71
58
57
59
51
38
5
-10
-13
-8
10
8
2
-17
-21
-17
-21
-32
-49
-46
-24
2
0
-13
-20
-25
-38
-57
-70
-85
-104
-102
-56
8
25
3
-39
-90
-113
-91
-20
43
92
86
52
-6
-67
-102
-123
-98
-45
19
51
40
19
6
2
-7
-21
-7
17
67
105
88
33
-37
-48
-44
-36
-23
-26
-11
19
49
44
45
9
-26
-44
-66
-56
-50
-14
29
38
11
-7
-2
1
-9
-23
2
29
35
53
43
25
6
-41
-55
-38
0
36
58
67
49
17
-20
-36
-17
26
79
125
145
126
92
59
27
6
-7
9
51
95
122
111
81
54
13
-43
-64
-25
19
17
-18
-42
-54
-44
-14
2
9
12
6
18
25
39
52
49
51
57
54
40
40
42
33
14
-16
-39
-51
-53
-41
-33
-35
-22
7
11
-1
-26
-42
-70
-79
-63
-42
-19
-22
4
9
4
-15
-31
-30
-47
-59
-71
-50
-34
-19
-3
-5
-29
-52
-53
-55
-54
-59
-46
-38
-28
-7
2
17
12
-6
-12
-15
-10
-15
-37
-42
-44
-49
-31
-16
-3
12
18
42
35
7
-28
-40
-29
-20
-2
14
34
16
7
5
2
12
4
-5
-20
-24
-14
3
17
22
29
10
-8
-40
-46
-49
-59
-37
-16
21
36
19
7
2
-7
-8
2
-5
-13
-11
19
48
46
27
8
7
15
25
31
50
54
49
39
45
57
51
31
6
-5
-17
-33
-3
39
60
79
82
89
82
65
43
12
-12
-23
-21
0
37
54
59
59
74
65
29
-8
-30
-23
-16
-4
17
25
26
2
-19
-42
-56
-57
-69
-48
-40
-35
-14
-7
26
28
5
-2
-13
-8
-12
-16
-8
4
7
-2
1
7
3
-9
-40
-46
-41
-40
-34
-29
-10
-4
-26
-36
-47
-40
-23
-31
-23
-23
-32
-35
-26
-14
-16
-25
-46
-40
-21
-14
-9
-5
-5
-8
-5
-7
4
8
5
8
9
17
23
29
45
45
29
5
-11
-8
-6
2
-1
17
23
28
37
30
25
6
-1
-6
-6
-3
-13
-13
-18
-22
-17
-20
-14
-10
-11
-20
-12
-2
1
2
0
10
13
13
22
28
45
51
47
62
60
52
26
-17
-45
-59
-58
-45
-22
-10
0
-2
-13
-17
-20
-21
-20
-11
6
15
17
23
30
31
29
28
25
14
14
23
31
32
25
11
5
1
-14
-38
-60
-64
-56
-55
-46
-16
10
24
29
37
45
35
18
27
36
41
42
40
46
38
34
29
27
27
17
11
-3
-15
-32
-33
-29
-27
-25
-31
-26
-27
-20
-14
-1
16
25
24
14
8
2
-1
-4
-10
-5
0
6
-6
-16
-19
-24
-17
-23
-22
-19
-34
-46
-50
-44
-45
-44
-29
-23
-10
-6
3
5
-6
2
17
39
33
16
1
-6
-13
-17
-11
-10
-2
-9
-9
-13
-7
6
7
22
18
18
19
8
2
-3
-20
-22
-12
-7
-8
-8
-7
-7
-2
6
19
25
34
25
23
40
50
44
27
19
4
0
-11
-22
-22
-13
-3
-1
8
4
9
14
4
0
-1
-9
-2
19
36
34
28
16
10
8
4
-2
-17
-21
-21
-19
6
26
25
28
26
22
5
-10
-16
-18
-13
-4
18
24
25
23
16
2
-10
-12
-27
-25
-15
5
22
15
11
1
-9
-15
-31
-45
-57
-74
-93
-96
-78
-53
-42
-26
-20
-24
-15
-11
-17
-24
-32
-29
-11
7
6
7
-12
-23
-20
-14
0
1
-1
-1
2
3
9
18
25
29
37
39
44
26
18
11
8
-7
-15
-15
-21
-11
-1
10
18
15
12
15
10
13
9
11
5
11
18
30
44
46
49
36
33
49
57
59
52
54
53
45
49
42
40
37
23
12
4
-9
-13
-18
-23
-18
-7
12
13
31
42
39
35
19
13
-2
-15
-26
-28
-27
-39
-36
-35
-37
-34
-37
-28
-27
-19
-9
-20
-23
-33
-39
-34
-17
-10
-12
-12
-16
-25
-25
-34
-27
-12
-2
3
4
13
7
-11
-21
-29
-34
-46
-47
-38
-33
-22
-26
-12
-4
0
2
5
7
-6
-20
-30
-28
-20
-15
3
13
18
20
25
31
32
34
28
25
23
22
18
13
13
5
7
7
-2
9
16
10
12
17
12
5
-10
-15
-18
-12
-11
-2
6
4
9
6
-10
-19
-26
-41
-40
-27
-13
-4
0
-1
6
5
-3
0
-1
8
11
0
8
9
2
10
18
22
26
23
19
28
35
38
42
35
36
33
13
7
-4
-8
-9
0
10
11
9
9
17
15
15
16
9
13
9
9
13
6
2
-16
-15
-24
-28
-35
-39
-40
-42
-33
-41
-33
-21
-7
9
14
18
20
5
3
5
3
16
16
21
25
16
12
3
1
11
10
15
11
12
8
2
10
18
27
19
17
13
14
17
11
12
5
4
0
1
3
0
-11
-9
-6
-4
-1
7
-6
-18
-38
-63
-56
-55
-52
-49
-41
-27
-12
-5
-1
2
-1
9
19
18
10
-6
-9
-8
-10
-4
-7
-5
-3
3
7
9
14
4
-2
4
15
22
22
21
19
7
-10
-22
-26
-16
-14
-16
-20
-32
-41
-45
-46
-31
-24
-11
-8
2
4
-5
-4
-9
-8
-15
-25
-36
-49
-45
-49
-44
-32
-29
-18
-20
-5
12
11
9
3
3
-6
-10
-4
0
3
11
7
14
8
8
12
6
13
19
18
22
33
48
52
51
55
57
42
25
24
19
19
14
20
24
16
10
-1
1
6
5
3
-1
-12
-24
-28
-24
-10
18
40
53
64
58
44
21
13
8
12
2
7
22
20
21
8
1
-4
-20
-15
3
6
13
8
4
-3
-7
-7
-10
-15
-20
-26
-27
-20
-21
-25
-26
-24
-20
-12
-6
3
7
1
-3
-2
3
-1
-3
-13
-17
-15
-18
-17
-16
-14
-6
-1
-4
3
-1
9
17
25
29
34
31
37
38
38
45
38
37
25
13
9
6
13
14
14
12
13
21
25
19
12
5
-6
-12
-5
-1
5
2
-1
10
12
9
-5
-16
-35
-50
-46
-39
-35
-31
-28
-37
-44
-45
-47
-46
-41
-33
-31
-20
-18
-19
-23
-27
-32
-42
-46
-41
-27
-24
-22
-15
-8
0
5
16
25
16
19
9
10
8
-4
-12
-13
-14
-16
-11
3
19
20
21
22
15
7
2
6
14
16
26
28
21
21
20
13
9
11
12
14
9
9
11
6
14
8
-2
-11
-22
-19
-16
-12
-22
-19
-15
-10
-11
-12
2
6
4
6
10
12
11
-1
-1
5
17
22
27
42
43
28
12
17
7
-2
-16
-19
-8
-12
-10
-1
3
3
-1
-3
-4
-12
-9
-13
-3
9
2
-1
-3
6
10
10
20
24
27
24
3
-11
-18
-25
-19
-6
1
4
4
-9
-7
-14
-10
-20
-18
-15
-19
-13
-15
0
1
-5
3
16
26
26
19
25
26
24
24
27
30
23
21
13
13
16
19
22
29
31
15
11
7
-1
5
0
-4
-13
-24
-27
-37
-41
-46
-43
-36
-36
-34
-32
-25
-20
-12
-7
-6
-6
-2
11
26
44
51
46
42
31
17
10
7
-9
-12
-12
-8
-5
-15
-9
-2
-3
12
21
29
26
19
19
7
0
-11
-19
-17
-27
-31
-28
-36
-34
-34
-34
-18
-12
7
7
11
17
9
11
14
24
28
21
18
2
-7
-19
-21
-22
-24
-27
-33
-20
-15
-13
-3
-1
12
4
-4
1
-8
-5
-15
-21
-18
-18
-11
-12
-16
-11
-20
-14
-4
5
10
1
-3
0
-1
-12
-15
-16
-16
-8
-7
6
7
-11
-17
-25
-17
-18
-17
-8
-5
-5
-6
-10
-15
-19
-16
-11
-7
5
7
8
10
13
20
24
28
31
29
33
33
31
23
23
27
33
51
51
45
33
22
16
4
9
17
29
28
23
18
5
-2
-12
-7
8
9
8
-7
-10
-21
-14
-14
-7
-2
-11
-11
-15
-11
-16
-16
-6
-8
-7
-1
14
31
27
27
23
15
9
-1
1
1
3
-2
-9
-16
-20
-29
-32
-25
-14
-2
7
5
6
6
3
10
11
18
25
15
0
-6
-13
-18
-28
-25
-22
-20
-22
-7
9
13
13
3
1
-8
-20
-28
-22
-20
-24
-36
-28
-24
-14
-22
-16
5
13
26
28
29
32
23
18
15
11
8
-2
-8
-3
-4
-11
-10
-2
5
15
24
29
32
28
23
18
19
18
10
9
0
-5
-6
-9
-6
5
3
4
9
13
25
24
23
17
10
4
-6
-10
-8
-9
-7
-2
8
13
16
21
17
14
8
6
5
0
-1
-3
-9
-18
-38
-47
-52
-54
-48
-44
-36
-25
-17
-13
-8
-10
-7
-5
-3
-3
-6
-10
-12
-6
0
3
3
10
10
15
16
14
10
13
15
13
13
12
10
3
-4
-14
-25
-25
-21
-10
-3
6
12
14
16
11
7
2
-4
-6
-11
-17
-16
-17
-26
-32
-39
-40
-39
-44
-48
-55
-55
-53
-50
-38
-33
-28
-24
-21
-17
-14
-11
-3
7
14
24
33
40
51
46
46
50
47
40
38
33
32
23
23
22
19
20
19
25
25
28
33
30
34
27
17
13
4
2
-7
-7
-10
-10
-3
-7
-16
-19
-25
-24
-18
-12
-6
2
9
17
26
32
36
30
23
24
24
20
15
12
4
-3
-8
-7
-6
-5
-10
-8
-7
-7
1
4
16
16
22
27
23
21
13
6
3
7
4
0
-1
-1
-5
-7
-13
-14
-7
-11
-13
-16
-14
-12
-12
-11
-18
-20
-25
-26
-21
-16
-12
-5
1
-3
-5
-13
-13
-10
-9
-8
-11
-15
-14
-11
-7
-6
-6
-8
-10
-12
-13
-7
-3
-3
0
3
1
-2
-6
-10
-13
0
-4
-2
0
4
16
19
26
20
11
3
6
12
10
13
13
10
12
13
8
4
-1
-3
-1
-4
-4
-12
-12
-12
-12
-11
-12
-13
-21
-21
-19
-12
-7
4
10
13
9
5
-2
-12
-17
-16
-11
-14
-12
-5
-3
1
0
0
6
12
14
10
15
22
17
9
7
1
-4
-9
-13
-13
-7
-6
-9
-5
1
-2
-2
3
0
-1
-10
-8
0
1
10
15
25
30
33
39
42
46
43
32
21
16
13
7
-1
-5
-8
-19
-23
-20
-18
-12
-14
-9
-4
-11
-14
-15
-10
-5
8
12
5
1
0
-5
-1
6
15
11
4
8
5
1
-3
-3
4
14
20
27
28
24
26
19
17
11
4
-5
-15
-23
-30
-25
-21
-15
-17
-10
-11
-12
-7
-3
1
-2
-8
-4
-3
-13
-14
-16
-19
-25
-23
-15
-8
4
17
22
17
3
-16
-14
-19
-18
-11
-11
-15
-21
-17
-10
-4
-5
-6
-7
-8
-14
-24
-26
-29
-30
-16
-7
2
4
8
4
1
5
3
12
20
17
18
15
20
24
25
33
25
31
30
30
33
23
22
9
4
-9
-15
-13
-23
-19
-13
-2
-1
3
5
5
13
25
27
33
38
38
40
28
16
1
-11
-17
-15
-10
-14
-7
-9
-3
7
7
16
16
13
4
-9
-10
-12
-13
-14
-8
-4
-8
-18
-20
-13
-3
-1
-1
8
13
20
22
28
27
17
19
23
28
29
27
19
9
-4
-18
-27
-40
-41
-39
-43
-40
-37
-36
-45
-46
-47
-47
-40
-38
-29
-27
-28
-27
-24
-14
-11
-3
0
0
-3
-2
-1
5
11
17
16
16
21
16
19
20
20
23
21
16
8
1
5
7
12
4
-2
-9
-2
1
5
13
23
28
37
42
37
38
23
17
13
8
11
9
12
10
15
13
14
21
19
30
29
21
15
1
-3
-10
-18
-25
-34
-50
-52
-40
-28
-19
-16
-17
-7
-7
-9
-15
-24
-18
-19
-14
0
8
3
-4
-19
-24
-31
-40
-37
-32
-26
-22
-13
-4
5
7
7
-3
-7
-10
-12
-13
-15
-4
-4
-10
-5
-5
5
11
8
4
5
4
-5
2
10
19
23
14
18
19
12
11
4
0
-11
-17
-16
-25
-31
-37
-33
-17
-7
8
14
20
30
34
36
34
40
38
40
48
49
51
47
41
37
25
17
6
-7
-8
-14
-15
-19
-8
-3
4
13
19
18
13
20
17
11
9
16
25
26
26
31
26
19
18
5
0
-7
-15
-16
-13
-2
-3
-10
-4
-13
-14
-14
-26
-35
-41
-37
-34
-21
-18
-11
-1
1
16
9
4
-2
-11
-12
-17
-23
-25
-23
-17
-15
-11
-4
-5
1
-1
0
5
-1
3
12
12
20
17
11
1
-6
-5
-17
-20
-23
-19
-25
-27
-22
-22
-9
1
8
14
13
21
23
29
27
18
15
13
10
10
-3
-6
-11
-12
-16
-13
-13
-21
-24
-27
-19
-14
-13
-11
-14
-13
-11
-12
-14
-11
-15
-11
-7
4
13
14
21
21
24
23
19
20
10
2
-1
-13
-18
-24
-27
-23
-16
-10
-9
-4
-7
-12
-8
-5
-8
-9
-8
1
7
12
15
20
19
9
11
8
6
10
8
9
6
0
0
-7
-5
-3
0
0
-1
1
-3
0
-2
-4
-1
-3
-3
-2
0
-7
-15
-12
-9
3
4
5
8
8
9
2
3
-2
-2
-2
4
16
21
32
25
31
29
29
32
30
27
22
21
7
6
-2
0
11
13
12
13
9
8
5
7
11
10
14
10
6
-1
-8
-4
-6
0
5
8
5
4
0
-7
-10
-19
-28
-26
-24
-30
-31
-37
-34
-27
-19
-12
-10
-13
-15
-6
-2
-4
-4
0
5
12
7
5
6
4
8
8
3
-2
-6
-11
-10
-15
-18
-8
-6
-1
4
5
8
1
1
4
2
7
13
16
19
23
18
17
17
10
16
21
19
15
5
0
-5
-16
-23
-25
-16
-12
0
2
-1
-1
-8
-16
-16
-15
-13
-13
-9
-8
-7
-8
-9
-9
-6
-8
-6
-10
-19
-11
-14
-12
-16
-18
-22
-23
-21
-24
-24
-30
-22
-14
-10
-2
0
0
9
17
24
28
29
24
23
16
11
6
-2
-1
-2
2
-1
-1
6
9
13
19
12
14
20
19
19
16
19
14
11
5
14
14
19
14
7
11
8
7
1
1
-8
-9
-14
-13
-14
-9
-14
-10
-6
-4
-2
10
23
28
37
41
50
46
49
47
39
37
27
25
19
9
0
-2
-2
-2
-3
-12
-20
-22
-19
-14
-11
-16
-14
-22
-15
-5
-9
0
2
7
15
12
6
-4
-6
-10
-11
-14
-22
-23
-29
-44
-45
-40
-32
-29
-26
-19
-18
-12
-10
-7
-2
-8
-11
-13
-11
-11
-17
-25
-42
-48
-48
-42
-33
-28
-31
-32
-19
-16
-6
-2
-4
0
-2
3
0
-12
-8
-4
2
10
21
28
24
25
21
19
19
13
14
13
14
16
12
8
7
-4
-10
-14
-8
-3
3
11
16
17
19
25
31
26
14
12
6
7
8
8
14
11
11
16
25
31
33
33
41
43
35
37
36
33
25
16
11
5
-4
-8
-14
-16
-22
-15
-3
-1
6
1
2
15
22
30
25
24
18
10
8
0
-3
-14
-27
-36
-34
-17
-11
-2
-1
6
5
1
-3
-4
1
-1
5
5
9
-3
-7
-8
-15
-16
-27
-29
-26
-20
-21
-23
-24
-17
-19
-24
-32
-36
-40
-39
-40
-38
-31
-27
-22
-17
-21
-19
-20
-16
-3
9
24
25
26
18
14
10
-5
-4
-10
-5
2
12
14
13
15
10
8
1
0
0
3
7
-2
1
2
4
4
5
4
-6
-7
-7
2
11
18
15
15
22
28
27
24
15
15
15
16
18
8
4
-8
1
10
18
17
4
6
0
0
4
-1
3
-1
1
-2
-17
-23
-26
-22
-18
-9
-7
2
14
16
26
24
22
21
20
30
34
40
40
38
31
12
4
-3
-3
0
-9
-3
-11
-9
-2
-3
-5
-13
-23
-34
-30
-31
-28
-30
-31
-19
-14
-12
-26
-29
-32
-30
-19
-1
14
9
1
-5
-6
-13
-18
-16
-8
-2
5
11
3
-2
-3
-9
-12
-5
-10
6
13
19
16
0
-3
-10
-1
-5
-7
-14
-25
-33
-46
-35
-27
-19
-12
-11
-7
-1
-2
-10
-4
-3
2
12
16
31
37
38
34
15
8
-13
-13
-5
2
10
7
15
11
-2
9
13
23
23
15
22
17
23
18
19
16
3
1
-5
-3
7
14
10
13
14
2
-8
-21
-21
-11
-3
16
23
27
26
21
17
13
14
18
15
12
15
14
16
24
19
19
15
8
14
8
11
5
-9
-6
-11
-9
-17
-27
-39
-44
-37
-30
-17
-8
-10
-14
-6
-6
-3
1
-1
12
1
-1
-7
-6
-4
-17
-10
-9
-5
2
14
14
15
15
3
1
-4
-11
-20
-29
-29
-24
-28
-24
-14
-7
2
-5
-5
-9
-20
-34
-44
-39
-40
-35
-32
-22
-15
-10
2
13
28
29
35
45
39
34
25
23
12
12
8
4
-6
-16
-13
-10
2
13
27
31
33
22
8
1
-4
-6
-2
-8
-16
-9
-5
1
6
12
13
15
22
20
24
24
7
1
-1
0
-1
0
2
-4
5
13
20
28
26
26
25
10
-2
-14
-30
-50
-57
-47
-42
-42
-38
-30
-19
-14
-7
-1
2
4
3
16
17
18
24
23
36
26
