SAMPLES:	15991
BITSPERSAMPLE:	16
CHANNELS:	1
SAMPLERATE:	16000
NORMALIZED:	FALSE
3
3
8
9
10
13
14
10
11
9
15
13
10
7
5
8
6
4
5
4
2
3
4
3
0
2
0
-1
1
5
3
0
-1
-1
-5
-4
-4
-2
-4
-5
-3
-5
-5
-10
-6
-10
-12
-7
-13
-13
-8
-14
-13
-9
-8
-7
-6
-3
2
0
-2
-1
1
0
-1
-4
-1
0
-4
-4
-2
-1
-1
-2
2
2
1
3
5
4
3
6
8
10
13
13
11
7
10
8
3
-3
0
0
0
-2
-5
-4
-1
-1
-1
1
0
0
3
4
8
8
7
7
9
6
3
8
7
2
2
3
1
2
2
3
0
1
3
2
-1
-2
0
-1
-3
2
5
5
4
4
5
5
6
6
8
8
9
10
10
12
13
10
8
11
6
6
4
2
3
-2
-2
1
-2
-5
-8
-6
-8
-9
-7
-6
-4
-6
-7
-4
-2
-3
-4
-1
1
3
5
4
2
2
0
1
-3
-6
-6
-6
-7
-9
-10
-8
-11
-9
-9
-12
-9
-8
-5
-2
-1
-1
1
2
1
4
4
3
0
-2
3
1
2
4
6
5
5
9
8
7
8
9
10
9
6
7
1
-1
0
-2
-1
-3
-4
-8
-8
-8
-5
-6
-8
-8
-4
-4
-5
-7
-7
-8
-9
-2
-1
-1
2
1
-1
2
0
1
0
0
0
-2
-5
-7
-7
-11
-8
-8
-7
-4
-4
-3
-7
-4
-8
-5
0
2
3
0
-1
2
3
-2
1
2
4
6
5
5
1
3
5
1
4
4
-1
-2
4
-1
-3
-2
-2
-4
-5
-7
-7
-7
-9
-3
-5
-7
-6
-4
-3
-2
2
1
2
2
5
5
3
5
3
3
2
3
2
1
5
5
5
5
5
2
2
-1
0
-2
0
0
-4
-1
-4
-5
-3
-2
-3
-4
-4
-2
-2
1
-2
0
0
-2
3
2
4
6
5
5
4
4
1
0
2
0
-1
1
-1
-2
-1
-4
-1
-2
-4
0
-4
-1
1
-1
1
1
1
3
3
2
4
7
5
4
5
2
5
6
5
6
3
4
7
5
6
6
6
4
7
5
7
8
6
9
8
7
8
6
4
2
4
2
1
3
4
2
3
4
4
4
6
5
4
2
3
-1
0
-1
-4
-1
-1
-4
-5
-1
-1
2
4
5
4
5
6
4
6
4
2
0
2
2
0
-1
1
1
-4
-6
-8
-6
-6
-9
-7
-6
-7
-4
-4
-4
-2
-1
0
1
3
5
-2
-1
0
-3
1
-5
-4
-3
-5
-8
-9
-11
-12
-11
-13
-13
-12
-14
-14
-15
-13
-10
-10
-8
-8
-6
-4
-1
-4
-3
-5
-5
-6
-3
1
-1
3
2
1
-2
-3
-3
-1
-2
2
1
-1
0
-2
-3
0
-2
0
-1
-1
1
0
2
3
0
3
1
3
1
3
4
1
2
-1
0
-2
-3
0
1
3
1
3
-1
-4
0
-2
-1
1
2
2
2
11
8
5
5
4
4
1
4
3
2
0
0
3
-1
1
3
2
1
3
4
4
3
4
6
5
5
5
2
0
-1
3
5
3
2
4
-1
1
3
4
8
8
8
3
4
5
1
-1
0
1
4
3
3
0
2
5
5
8
8
7
7
10
4
2
4
6
3
1
0
1
-1
-1
0
-2
-4
-6
-5
-5
-1
-2
-2
-1
1
2
1
-2
-6
-7
-7
-7
-7
-5
-6
-7
-7
-8
-4
-10
-13
-14
-13
-15
-16
-12
-13
-14
-9
-7
-4
-5
-7
-3
0
2
5
5
4
4
2
5
2
5
0
1
3
-1
0
-3
1
3
4
3
1
2
8
2
2
2
-3
-4
-3
-6
-5
-3
-3
0
1
3
2
5
2
2
1
4
7
6
6
4
5
4
3
3
1
-2
2
4
5
5
6
9
11
8
10
9
12
12
11
9
10
7
1
0
-6
-1
0
-1
4
5
3
8
6
6
5
6
7
7
7
5
2
3
1
-1
-6
-6
-4
-4
-2
-2
1
1
0
-1
1
-5
-4
-7
-8
-6
-8
-11
-14
-11
-13
-12
-12
-10
-8
-7
-5
-3
0
-3
-3
1
4
4
6
5
1
-4
-5
-4
-7
-7
-4
-5
-3
-2
-2
0
-3
-4
0
4
-2
-3
-4
-3
-2
-1
-2
-2
-4
0
0
0
0
-4
-2
-3
1
-2
-5
-6
-6
-8
-10
-7
-5
-7
-7
-7
-6
-7
-5
-5
-3
-2
-1
2
-1
-1
1
-1
-1
-6
-6
-8
-7
-2
0
4
7
4
8
8
5
9
5
3
3
1
3
6
7
8
7
8
12
12
11
10
14
18
17
18
17
16
14
11
13
12
13
12
13
9
4
2
2
3
5
9
16
16
14
11
6
3
-4
-4
-3
-5
-5
-2
-9
-11
-14
-16
-12
-6
-2
4
10
12
12
10
7
4
1
-3
-4
-5
-5
-3
-4
-6
-5
-2
-1
3
5
6
7
4
5
-1
2
-1
-3
-3
-6
-8
-13
-15
-14
-16
-11
-7
-5
1
5
8
5
10
6
8
6
4
4
1
-7
-10
-13
-18
-15
-17
-13
-12
-7
-6
-3
2
5
5
6
7
5
1
-3
-2
-7
-7
-7
-8
-13
-15
-13
-12
-10
-6
-5
5
7
9
7
3
1
0
-4
-9
-14
-16
-21
-26
-29
-27
-26
-24
-20
-16
-10
-6
-2
-2
-5
-6
-7
-4
-4
-6
-7
-12
-11
-11
-16
-15
-13
-9
-6
1
4
8
11
12
13
14
14
15
16
13
9
0
-1
-2
-7
-5
-2
2
3
6
8
10
12
13
13
18
18
18
16
15
13
8
7
6
8
5
5
7
8
6
6
9
10
6
9
9
7
5
4
6
3
1
1
1
1
0
-2
2
0
1
4
2
4
5
4
4
3
3
0
3
3
1
3
-2
2
-1
-2
1
1
0
-2
1
2
5
7
7
11
10
11
11
9
12
9
12
12
8
12
11
9
7
8
8
8
6
6
8
2
3
5
4
0
0
0
1
0
0
0
1
0
-4
0
0
-1
-1
1
3
2
-2
-1
-2
-2
-4
-7
-3
-5
-7
-7
-3
-8
-10
-6
-4
-6
-4
-3
-2
-2
-3
-5
-4
-5
-5
-8
-4
-3
-7
-7
-9
-10
-9
-6
-10
-8
-8
-11
-9
-8
-7
-8
-9
-5
-5
-4
0
-3
-4
0
-1
-1
-3
-1
0
-1
-1
-3
-3
-8
-5
-5
-7
-1
-4
-3
-2
-2
-2
0
0
0
-1
-2
0
1
-2
0
-1
-1
0
-1
0
1
0
3
5
5
4
4
3
2
7
4
0
2
0
-2
0
0
-4
-2
-5
-3
2
1
-1
-3
2
-2
-6
-1
0
0
2
3
2
2
3
-3
-2
-3
-3
-1
-1
0
1
1
2
2
-1
4
3
4
3
5
6
1
-2
-1
-1
0
0
3
0
0
0
-1
-4
-5
-5
-6
-5
-7
0
-3
-6
-3
-4
-1
-3
-4
-3
-2
-2
-2
-2
0
-2
-1
1
2
-1
1
0
0
0
-1
1
1
4
0
0
2
1
1
2
-1
1
0
2
1
0
3
6
6
3
2
5
4
2
2
1
1
0
1
1
3
4
0
4
7
10
7
6
6
6
7
5
4
6
2
-1
-3
-1
0
0
1
1
2
-1
0
0
1
1
2
4
6
7
7
3
2
2
-1
-3
0
-2
-5
-3
0
-2
-1
-1
0
1
0
2
2
0
3
1
-2
-4
-3
-4
0
-1
0
1
1
0
1
2
4
4
3
2
2
0
1
1
0
1
-3
-1
-6
-5
-2
-1
0
-3
2
1
0
1
3
3
0
1
0
3
-1
-3
-1
-2
1
-1
-5
-4
0
-3
-4
-5
-6
-3
-4
-5
-2
-2
-5
-6
-6
-6
-9
-6
-8
-6
-4
-5
-2
-4
-2
-4
-3
-3
-5
-4
-5
0
0
-2
-4
-2
1
0
-2
-4
-2
0
-3
-2
-3
-1
-2
-2
-2
-1
0
0
-1
-1
1
2
2
0
0
3
4
4
2
3
4
3
5
6
4
3
3
4
3
2
3
3
2
3
3
2
4
4
5
2
4
5
6
8
7
8
9
8
8
11
9
10
10
7
5
5
6
6
7
6
6
7
4
5
5
5
2
2
5
-1
2
1
1
2
-1
-1
-4
-3
-3
-5
-7
-6
-5
-9
-8
-7
-10
-6
-4
-5
-6
-1
-2
-3
-3
-6
-7
-8
-5
-5
-6
-6
-5
-6
-7
-5
-6
-5
-4
-3
-4
-3
-4
-3
-5
-4
-4
-7
-6
-2
-6
-7
-3
-3
-4
-6
-4
0
2
1
-1
5
3
4
7
4
2
3
5
3
3
0
0
0
-2
0
0
0
1
5
4
5
7
4
8
9
8
7
10
8
8
9
9
8
4
5
5
3
5
5
1
2
2
1
2
-2
0
-3
-4
-4
-1
0
-1
-2
-3
-2
-1
-3
-4
-4
-3
-4
-3
-7
-7
-3
-4
-5
-6
-8
-7
-3
-4
-5
-4
-7
-5
-5
-6
-7
-6
-5
-6
-3
-3
-4
-5
-5
-1
-1
-4
-4
-2
-1
-1
-2
-2
2
-3
-3
-2
-3
-2
-6
-5
-3
-6
1
-1
0
-1
-3
1
0
2
2
-1
0
3
2
4
2
3
6
5
4
1
2
2
3
4
5
5
7
3
2
5
4
1
4
8
6
3
3
6
7
6
10
8
10
9
6
7
6
4
3
0
2
-1
0
0
-3
0
-1
-3
-1
-1
0
0
-4
-3
-2
-3
-3
-2
-1
-2
-6
-5
-3
-5
-4
-5
-4
-3
-4
-2
-2
-1
-2
-6
-2
-5
-6
-5
-5
-3
-3
-2
-1
-1
0
0
1
-2
-1
0
-5
-3
-3
-1
-3
-2
-1
0
-3
-4
-3
-1
0
-1
4
4
3
2
4
2
3
6
8
8
4
5
8
9
7
7
7
7
7
6
5
3
6
4
3
3
1
2
3
6
6
6
6
3
5
4
4
4
6
7
7
5
5
3
0
0
-2
0
0
-1
-2
-4
-2
0
-1
-4
-3
-2
0
-4
-6
-5
-7
-7
-5
-7
-7
-7
-7
-5
-4
0
-4
-1
1
0
-1
-2
-2
-4
-2
-3
-3
-6
-7
-4
-4
-4
-4
-1
-1
3
-1
0
2
2
2
0
2
-2
1
-6
-7
-1
-1
-1
0
-1
3
2
2
6
6
3
4
6
1
-2
-3
-4
-2
-2
-4
-4
-1
-1
-4
-3
2
1
0
0
2
2
1
0
-3
-2
-4
-1
-2
-6
-2
-1
-1
1
1
3
2
2
0
1
3
1
-2
-1
0
-4
-9
-7
-8
-8
-7
-7
-5
-4
-2
-5
-4
-2
-2
-3
-4
0
-2
-2
2
2
0
2
1
2
3
3
3
2
5
2
1
4
4
2
5
4
2
3
3
1
2
4
2
2
4
5
1
0
3
3
2
3
3
1
-1
-1
-1
1
1
2
0
-1
1
1
1
-1
-2
-3
0
0
-4
-1
-2
-4
-5
-4
-4
-4
-4
-4
-1
0
0
0
1
-2
-1
-2
-3
-1
1
4
1
3
4
1
3
1
-1
2
2
5
2
3
3
0
4
-3
-4
-1
-2
1
0
0
3
5
3
4
8
7
4
4
2
3
4
2
-1
4
0
0
3
1
1
-1
2
1
0
3
4
6
5
1
-1
-3
-2
-2
0
-1
-2
-1
-1
-1
0
1
4
4
2
5
3
4
3
-1
-1
-1
1
0
-3
0
-1
-2
-3
-6
-5
-4
-2
0
-1
3
2
0
-2
-4
-5
-3
-4
-3
-1
-1
-2
-4
-7
-4
-2
-1
4
1
5
3
5
6
2
4
5
6
5
3
3
3
0
1
-2
-2
-1
-1
0
0
-1
-1
-2
1
-2
0
2
2
3
0
3
-1
-2
-1
-3
-3
-2
-5
-3
-1
-2
-2
-1
-1
-1
0
-1
-3
-3
0
0
1
1
0
1
0
-1
-1
0
6
4
0
2
1
3
3
3
2
3
2
-1
-1
1
1
2
2
2
3
4
5
2
-2
-2
-2
-4
-1
0
-1
-1
-5
-5
-5
-7
-6
-6
-5
-3
-6
-3
-4
-6
-5
-4
-1
-3
1
0
1
-1
2
3
7
5
2
6
4
2
2
1
-1
-1
-4
-2
0
-3
-5
-6
-6
-8
-8
-4
-4
-3
-3
-6
-7
-3
-5
-1
-2
-2
-1
-4
-1
-1
1
0
4
5
0
2
-1
-1
-2
-2
-1
-2
-1
4
2
2
3
-2
1
1
-1
-1
0
-4
-4
-1
-2
-2
2
1
0
4
3
5
6
8
10
7
11
8
4
4
-4
-4
-5
-4
-1
-2
-2
2
0
5
2
1
2
2
4
1
3
-3
-5
-4
-2
-5
-8
-6
-7
-10
-3
0
2
6
4
8
9
6
5
4
1
1
1
-3
-3
-1
-4
-6
-4
-2
-4
1
0
-2
-1
2
2
2
1
3
1
1
1
3
1
0
1
3
4
2
0
3
2
3
7
3
7
3
1
1
-1
3
3
2
3
1
-2
-2
-1
0
2
2
1
2
3
5
5
5
3
3
0
2
5
5
6
5
2
1
3
3
3
2
0
-2
0
-1
-1
2
1
-2
0
0
-3
-6
-3
-3
-5
-4
-2
-2
0
2
-2
-1
2
-2
1
-1
-1
1
0
0
0
-2
-2
1
-2
-2
-2
-1
-1
0
1
-1
-1
-2
-4
0
-3
-1
-2
1
0
-3
2
3
4
1
-1
-1
1
0
2
3
0
-2
0
-2
-3
-4
-6
-3
-3
-3
-3
-3
-2
-1
0
1
1
0
1
0
-2
-4
-1
-2
-1
-3
-4
-2
-1
3
3
5
6
6
6
5
4
5
5
2
0
2
-1
-1
-1
1
-1
-1
0
-3
1
-1
2
-1
-2
0
4
1
-2
0
-3
-1
-7
-4
-6
-7
-6
-8
-6
-5
-4
-6
-4
-6
-6
-3
-2
-3
-3
-2
-2
-5
-4
0
0
-3
1
4
4
4
-2
3
5
4
7
5
9
5
3
3
5
6
5
7
6
5
3
3
4
2
-1
1
-3
-3
-2
-5
-2
-3
0
-2
-2
-3
-3
-2
-3
-1
-4
-2
0
-2
0
-2
-3
-4
-3
-5
-4
-6
-7
-2
-2
0
1
0
0
2
0
-2
1
0
0
-3
-1
-2
-2
-4
-5
-2
-2
-1
-2
-2
-1
1
1
-2
-1
1
-2
-1
2
0
-1
-4
-1
-2
-2
-2
-2
0
-1
2
-2
1
-2
-1
1
1
4
0
3
2
6
8
8
7
7
12
11
9
9
8
7
6
7
9
4
5
2
4
4
4
3
3
6
4
4
5
5
2
1
1
0
-1
0
1
1
1
1
0
-3
-1
-2
1
-2
-4
-4
-1
-2
-4
1
-3
-1
-2
-3
-3
-5
-1
-1
-4
-2
-2
-3
0
-2
-3
1
3
4
5
3
8
8
7
7
5
8
9
11
9
9
5
3
2
0
1
0
-2
0
-3
-4
-3
-4
-3
1
-1
0
0
-7
-6
-10
-6
-5
-7
-4
-6
-3
-3
-4
-6
-5
-8
-7
-5
-5
-4
-6
-4
-7
-6
-7
-8
-9
-9
-9
-8
-6
-7
-6
-7
-5
-4
-5
-4
-3
-3
-3
-3
-1
-1
2
3
3
4
4
7
3
6
6
6
7
5
3
2
2
-4
0
-1
-2
-4
-3
-2
-3
-2
-1
2
-2
-4
-2
-2
-2
0
0
1
1
4
1
1
3
2
4
3
3
4
8
4
3
5
7
4
5
5
2
3
3
1
0
-2
-1
1
3
-1
1
4
2
1
-1
3
3
2
3
-1
0
1
0
-1
1
0
-2
-2
0
-2
-4
-4
-5
-3
-6
-8
-7
-8
-8
-9
-8
-6
-4
-6
-4
-4
-1
0
1
1
4
4
5
6
5
5
5
6
8
7
5
8
6
4
4
2
3
4
4
5
3
5
2
4
5
2
0
0
3
-1
1
-1
1
1
1
3
1
4
5
7
5
4
7
2
3
1
1
3
1
1
-1
-4
-2
-1
-2
0
-2
-2
-1
-2
-5
-4
0
-3
-5
-2
-3
-4
-3
-1
0
0
-1
0
3
3
3
5
3
-1
2
2
1
-2
-5
-3
0
-1
-2
-3
-1
-1
-4
-4
-3
-3
-4
-2
-3
-2
0
-4
-5
1
-1
1
3
2
3
5
2
3
5
2
1
1
2
-2
-4
-3
-6
-6
-3
-4
-5
-4
-3
-4
-4
-5
-7
-4
-3
-3
0
1
-1
3
0
-2
-1
-1
3
-3
-3
0
-1
0
1
2
4
3
0
0
3
-2
0
-2
-5
-1
-5
-3
-1
-2
-6
-7
-6
-6
-6
-4
-3
-5
-3
-3
-3
-2
1
-1
-1
1
-3
-2
-2
-1
0
-4
0
0
-2
-4
-5
-5
-6
-8
-8
-6
-7
-5
-5
-3
-3
0
4
2
5
6
6
8
7
3
4
3
3
4
2
3
6
6
1
4
5
3
4
3
1
2
7
7
4
5
8
3
3
2
1
5
2
-1
0
0
-7
-5
-4
0
0
0
3
2
3
5
8
9
7
4
3
2
0
-3
-8
-5
-8
-5
-3
-5
-4
3
1
1
7
9
9
7
8
7
7
3
2
0
5
3
2
1
2
3
3
8
6
5
3
5
6
3
5
5
2
1
3
2
1
0
4
5
0
3
2
2
0
1
-1
-1
-2
2
0
-2
2
1
6
5
7
5
4
2
1
0
5
3
0
0
-2
-1
0
-1
-3
-2
1
3
2
2
4
2
4
1
1
1
-1
2
3
4
3
1
0
-1
-3
-10
-10
-10
-12
-10
-15
-14
-15
-15
-13
-14
-12
-14
-12
-13
-12
-10
-11
-16
-15
-11
-9
-10
-10
-5
-9
-10
-9
-7
-5
-4
0
2
2
1
-1
-4
-7
-9
-9
-9
-12
-13
-10
-6
-5
-3
2
5
8
8
8
10
12
10
12
13
10
6
8
3
4
0
2
2
1
0
1
4
0
0
-2
2
-1
-1
-1
-6
-5
-7
-6
-5
-8
-5
-7
-8
-3
-2
-2
3
4
5
6
4
8
5
3
2
5
5
4
1
1
1
0
2
0
4
5
6
7
9
12
11
14
12
12
12
15
11
9
11
8
12
13
12
8
7
10
8
9
5
3
9
3
4
3
0
-1
-3
-3
-6
-3
-3
-2
-2
0
0
0
-1
0
1
-1
-2
-2
-5
-4
-5
-8
-7
-4
-1
-4
-3
0
-1
-1
-1
1
4
6
6
5
4
1
3
2
2
1
3
0
0
1
0
1
3
2
3
7
5
4
2
1
-3
-4
-2
-3
-5
-4
-3
-5
-6
-7
-6
-3
-3
-1
0
-1
-2
-3
-1
-5
-4
-3
-4
-6
-5
-10
-8
-8
-9
-9
-9
-6
-3
-1
0
-2
-1
-2
-2
2
-1
-2
-3
-4
-8
-7
-9
-8
-6
-8
-8
-10
-9
-9
-11
-9
-6
-5
-4
-3
2
-3
-1
3
3
8
5
3
2
2
3
2
4
2
5
5
10
10
10
7
4
8
5
5
3
2
7
6
2
1
-1
0
0
1
-1
0
3
-1
1
-1
1
2
3
5
5
4
1
0
-3
-4
-2
1
-1
-1
0
2
3
2
2
1
3
6
6
5
3
2
2
1
-2
1
1
2
5
5
8
6
8
9
7
7
2
-5
-6
-9
-7
-12
-5
-2
-6
-2
-4
2
5
2
3
0
-4
-7
-10
-13
-14
-12
-11
-3
-3
2
4
6
0
-2
-8
-9
-13
-16
-13
-16
-7
-9
-3
-4
0
1
-2
6
2
4
7
5
2
-1
-11
-9
-14
-8
4
11
23
24
29
25
18
20
14
17
16
13
5
2
-10
-18
-16
-17
-12
-9
-3
-6
-2
0
3
2
3
13
-3
-1
-10
-12
-10
-7
-4
-1
17
17
11
4
7
7
14
24
26
23
5
-6
-8
-9
2
2
-2
0
2
-3
-11
-8
3
0
10
3
4
-4
-10
-12
-22
-11
-24
-21
-28
-21
-16
-16
-7
-9
-7
-13
-22
-11
0
-3
6
0
-15
-30
-38
-37
-28
-26
-22
-5
-2
-22
-26
-17
-12
2
5
22
29
40
36
27
38
51
52
47
57
72
50
24
30
18
26
27
38
48
54
23
-10
-27
-14
13
14
40
55
39
16
-23
-45
-38
-36
-32
-33
-23
-46
-50
-72
-70
-56
-37
-13
-24
5
-40
-42
-75
-66
-33
-33
-14
-16
9
-7
9
19
27
56
54
59
18
13
21
-4
16
13
14
7
1
-20
1
18
13
22
32
57
46
80
79
58
51
44
35
31
24
34
38
19
36
45
19
19
10
-18
-26
-37
-41
-69
-42
-51
-93
-65
-53
-52
-58
-57
-54
-33
-34
-22
-34
-29
-26
-54
-63
-65
-60
-34
2
27
10
12
3
-20
0
28
40
36
92
69
33
3
-9
-19
-13
0
8
49
54
72
15
4
-15
-49
-58
-65
-58
-75
-46
-38
-32
-8
21
58
94
113
113
113
96
65
12
-30
-69
-127
-157
-187
-144
-158
-145
-94
-64
43
96
158
194
211
187
112
84
16
-11
-67
-83
-87
-80
-58
-35
25
65
137
123
180
171
164
134
99
79
0
-41
-115
-100
-96
-48
22
97
127
126
94
35
-7
-56
-57
-101
-89
-124
-124
-86
-91
-59
-62
-17
-19
-36
-62
-97
-97
-123
-109
-116
-65
-41
-25
-16
-7
64
29
38
18
-2
-44
-110
-107
-140
-132
-148
-129
-119
-77
-39
26
56
75
93
55
55
21
40
5
32
21
24
67
98
140
125
167
197
207
212
225
121
-71
-279
-424
-440
-332
-176
-180
-399
-1046
-1878
-2486
-2452
-1920
-1065
-419
-139
-698
-1996
-3235
-3915
-3256
-1844
342
2374
3989
4735
4488
3892
3516
3937
4877
5763
6163
5713
4401
2674
729
-372
-798
-200
469
893
824
193
-383
-953
-838
-685
-367
-612
-1245
-2133
-3056
-3451
-3451
-2820
-2228
-1840
-1793
-1857
-1715
-1429
-915
-273
236
352
4
-638
-1250
-1406
-1195
-591
-33
326
423
180
170
147
605
1043
1369
1478
1081
606
-145
-733
-1247
-1527
-1594
-1680
-1720
-1796
-1806
-1819
-1988
-2276
-2791
-3401
-3968
-4456
-4736
-4856
-4857
-4724
-4628
-4300
-3882
-3295
-2649
-2078
-1432
-998
-536
-238
81
501
896
1410
1927
2649
3447
4248
4998
5662
6192
6550
6710
6803
6767
6741
6598
6461
6296
6057
5759
5381
5023
4626
4255
3790
3350
2796
2183
1528
829
138
-522
-1045
-1359
-1542
-1649
-1767
-1852
-1815
-1759
-1642
-1596
-1540
-1550
-1779
-1919
-2007
-1872
-1638
-1414
-1126
-852
-606
-340
-120
258
366
488
183
-520
-1493
-2667
-3725
-4637
-5660
-6554
-7600
-8299
-8685
-8899
-8680
-8455
-7818
-7452
-7113
-6740
-6487
-6026
-5569
-5197
-4457
-4054
-3162
-2384
-1210
237
1709
3307
4601
5794
7001
7928
8949
9468
9891
9933
9721
9575
9252
9078
8945
8854
8783
8573
8300
8208
7794
7048
6257
5314
4196
2895
1443
-43
-1476
-2729
-3881
-4820
-5465
-5793
-5888
-5961
-6009
-6132
-6291
-6414
-6500
-6645
-6718
-6878
-6985
-7033
-6941
-6532
-5956
-5119
-4196
-3173
-2061
-918
219
1195
2208
3106
3844
4385
4547
4660
4639
4585
4614
4643
4931
5222
5528
5848
6011
6159
5980
5639
5007
4128
3189
2206
1244
442
-365
-937
-1467
-1856
-2091
-2259
-2270
-2382
-2506
-2596
-2674
-2679
-2687
-2751
-2809
-3014
-3189
-3354
-3332
-3060
-2787
-2663
-2768
-3185
-3744
-4381
-5015
-5624
-6315
-7107
-7852
-8608
-8921
-9082
-8738
-8174
-7572
-6770
-6128
-5361
-4553
-3718
-2790
-2161
-1510
-1039
-568
31
676
1496
2381
3274
4226
5212
6291
7354
8300
8995
9476
9684
9758
9616
9276
8835
8264
7721
7110
6518
6096
5676
5485
5152
4869
4497
4047
3564
2832
2065
1109
90
-931
-1902
-2676
-3394
-3897
-4340
-4589
-4688
-4618
-4421
-4290
-4026
-3986
-3919
-3875
-3902
-3797
-3802
-3473
-3064
-2461
-1624
-889
109
1082
2071
3020
3725
4463
4920
5187
5310
5106
4879
4510
4152
3853
3595
3467
3332
3241
3244
3115
2994
2768
2448
2128
1555
883
-29
-1030
-1941
-2752
-3351
-3756
-3930
-3732
-3441
-2978
-2384
-1893
-1272
-814
-497
-490
-983
-1840
-3167
-4577
-5899
-7260
-8456
-9727
-10678
-11323
-11565
-11265
-10719
-9667
-8558
-7475
-6439
-5626
-4758
-4041
-3399
-2914
-2564
-2248
-1934
-1347
-436
741
2097
3493
4941
6479
7966
9442
10711
11614
12105
12063
11709
11129
10475
9740
8841
8073
7304
6669
6212
5879
5803
5695
5501
5106
4456
3692
2743
1651
351
-1136
-2672
-4123
-5417
-6380
-6988
-7282
-7290
-7198
-6896
-6469
-5963
-5384
-4945
-4581
-4543
-4616
-4712
-4901
-4879
-4824
-4500
-3947
-3221
-2133
-853
678
2306
3728
4966
5921
6622
7001
7016
6694
6141
5489
4748
4103
3615
3251
3072
3010
3048
3149
3289
3456
3473
3271
2816
2030
1096
-8
-1043
-1997
-2797
-3284
-3556
-3490
-3240
-2701
-1940
-1203
-420
47
185
-249
-1380
-2767
-4324
-5870
-7508
-9301
-10804
-12138
-12867
-13077
-12673
-11773
-10654
-9019
-7595
-6244
-4847
-3679
-2550
-1777
-1430
-1260
-1262
-1073
-680
-46
923
2040
3505
5109
6829
8684
10338
11756
12746
13182
13246
12820
12156
11238
10052
8834
7463
6299
5374
4729
4515
4346
4353
4240
4056
3871
3436
2921
2028
714
-823
-2533
-4112
-5563
-6744
-7652
-8383
-8666
-8664
-8295
-7570
-6757
-5809
-5060
-4336
-3793
-3389
-2860
-2576
-2199
-1942
-1611
-1060
-438
624
1730
2913
4083
5079
6063
6826
7469
7745
7642
7328
6676
5921
5113
4371
3750
3079
2494
1961
1526
1338
1226
1138
875
392
-187
-905
-1493
-1985
-2505
-2949
-3332
-3556
-3494
-3213
-2699
-2181
-1893
-1792
-2239
-3075
-3998
-5188
-6333
-7698
-9177
-10565
-11903
-12595
-12941
-12731
-12045
-11222
-9930
-8706
-7247
-5722
-4395
-3018
-2158
-1457
-989
-735
-149
353
1060
1887
2728
3948
5252
6829
8544
10049
11500
12462
13083
13427
13238
12949
12138
11029
9837
8374
7252
6125
5299
4720
4043
3725
3277
3075
2911
2538
2183
1300
253
-1027
-2447
-3749
-5100
-6313
-7430
-8379
-9064
-9299
-9302
-8857
-8181
-7479
-6459
-5686
-4603
-3616
-2703
-1643
-1113
-257
229
850
1642
2064
2958
3415
4185
4981
5493
6379
6739
7295
7520
7368
7371
6907
6570
6004
5184
4407
3383
2462
1620
802
150
-491
-1124
-1678
-2236
-2555
-2819
-2986
-2902
-2906
-2773
-2621
-2469
-2142
-1959
-1922
-2131
-2831
-3791
-4950
-6212
-7347
-8658
-9803
-10967
-11967
-12319
-12572
-12083
-11421
-10551
-9196
-8237
-6795
-5522
-4288
-2936
-2248
-1430
-1040
-604
99
634
1555
2314
3269
4467
5626
7132
8604
10011
11290
12141
12733
12953
12822
12584
11848
10936
9802
8430
7341
6148
5349
4684
3963
3608
3039
2798
2573
2226
1943
1130
279
-859
-2134
-3298
-4625
-5710
-6846
-7859
-8532
-8971
-8907
-8574
-8016
-7289
-6536
-5625
-4622
-3610
-2590
-1760
-1047
-414
115
768
1337
1954
2581
3116
3786
4383
5132
5863
6407
6924
7097
7176
7136
6901
6586
6028
5336
4437
3493
2625
1768
1120
463
-124
-616
-1157
-1519
-1856
-2070
-2172
-2304
-2279
-2367
-2310
-2177
-2176
-1934
-1923
-2126
-2592
-3444
-4403
-5515
-6638
-7792
-9047
-10216
-11298
-12074
-12490
-12541
-12122
-11508
-10540
-9432
-8280
-6877
-5571
-4178
-3020
-2149
-1310
-796
-132
527
1196
2018
2740
3771
4822
6021
7439
8769
10169
11258
12100
12670
12832
12839
12508
11815
10895
9717
8490
7320
6172
5250
4391
3582
2975
2433
2108
1810
1453
1036
355
-428
-1338
-2322
-3389
-4522
-5663
-6807
-7792
-8580
-9016
-9109
-8910
-8450
-7724
-6847
-5761
-4434
-3167
-1846
-774
158
1022
1650
2357
2813
3220
3549
3758
4162
4457
4947
5428
5862
6334
6594
6888
6963
6871
6652
6144
5477
4545
3558
2574
1541
628
-330
-1153
-1869
-2489
-2763
-3017
-3053
-2905
-2813
-2532
-2382
-2069
-1723
-1492
-1151
-1294
-1606
-2376
-3500
-4512
-5842
-6988
-8324
-9612
-10637
-11678
-12069
-12278
-11957
-11238
-10389
-9100
-8029
-6679
-5312
-4065
-2726
-1876
-1074
-554
-231
356
804
1439
2178
2872
3869
4887
6186
7710
9038
10377
11310
12003
12497
12530
12472
11939
11087
10053
8730
7523
6279
5247
4393
3546
2898
2341
2008
1828
1673
1482
1086
503
-250
-1137
-2134
-3245
-4427
-5637
-6785
-7791
-8458
-8801
-8797
-8471
-7977
-7201
-6315
-5179
-3900
-2628
-1478
-557
304
923
1554
2075
2435
2752
2898
3172
3424
3791
4259
4696
5195
5538
5859
6119
6255
6285
6067
5576
4870
4052
3210
2356
1456
591
-229
-928
-1484
-1875
-2134
-2352
-2433
-2455
-2356
-2208
-2035
-1783
-1561
-1338
-1173
-1252
-1590
-2189
-3122
-4174
-5375
-6612
-7797
-9029
-10118
-11117
-11783
-12087
-11995
-11466
-10751
-9685
-8606
-7344
-5968
-4680
-3311
-2280
-1384
-686
-183
399
869
1421
2008
2649
3465
4386
5516
6802
8107
9375
10431
11266
11892
12214
12335
12076
11442
10561
9399
8228
6985
5815
4813
3865
3142
2499
2037
1720
1513
1428
1197
831
295
-416
-1201
-2190
-3236
-4358
-5555
-6555
-7513
-8093
-8404
-8443
-8011
-7511
-6611
-5550
-4345
-2883
-1674
-367
618
1427
2177
2607
3102
3233
3311
3360
3293
3466
3584
3867
4168
4405
4771
4990
5299
5478
5479
5320
4842
4213
3359
2454
1607
620
-326
-1267
-2100
-2745
-3266
-3523
-3598
-3516
-3280
-3004
-2590
-2101
-1610
-1124
-916
-970
-1379
-2193
-3164
-4334
-5523
-6770
-8107
-9332
-10548
-11363
-11836
-11862
-11408
-10767
-9733
-8650
-7404
-5982
-4612
-3157
-1962
-1002
-290
138
560
913
1300
1695
2095
2602
3264
4136
5261
6550
7826
9030
10024
10852
11454
11824
11943
11614
10946
9902
8723
7515
6313
5239
4107
3101
2220
1569
1221
988
956
872
710
467
40
-429
-1040
-1824
-2779
-3924
-5058
-6117
-6999
-7612
-8035
-8158
-7955
-7437
-6584
-5467
-4114
-2724
-1320
-5
1177
2260
3075
3730
4074
4140
4100
3877
3720
3588
3479
3451
3378
3473
3694
4025
4442
4739
4933
4906
4685
4340
3815
3142
2277
1249
169
-938
-1921
-2767
-3450
-3892
-4095
-4043
-3736
-3232
-2574
-1811
-1103
-509
-256
-309
-742
-1585
-2607
-3931
-5319
-6843
-8414
-9786
-11050
-11795
-12225
-12159
-11672
-10913
-9677
-8434
-6917
-5381
-3906
-2420
-1313
-334
279
677
974
1113
1304
1461
1723
2162
2750
3638
4763
5986
7346
8592
9775
10812
11528
12107
12201
11943
11316
10284
9179
7847
6533
5195
3873
2727
1727
1068
585
386
356
378
447
422
317
82
-319
-994
-1824
-2946
-4132
-5311
-6487
-7360
-8121
-8470
-8540
-8236
-7482
-6493
-5023
-3592
-1938
-384
971
2366
3301
4179
4592
4717
4682
4341
4077
3686
3383
3113
2935
2980
3091
3421
3787
4199
4577
4766
4849
4686
4275
3691
2872
1877
777
-441
-1595
-2704
-3676
-4361
-4825
-4936
-4758
-4351
-3738
-3021
-2203
-1425
-850
-554
-640
-1132
-1955
-3049
-4270
-5691
-7176
-8666
-10109
-11208
-12025
-12262
-12076
-11513
-10480
-9327
-7828
-6248
-4561
-2882
-1502
-247
602
1260
1663
1904
2110
2164
2264
2373
2647
3170
3982
5038
6218
7424
8587
9715
10690
11550
12095
12252
11977
11273
10320
9101
7828
6401
4968
3610
2280
1273
451
-23
-231
-336
-247
-228
-147
-113
-197
-423
-992
-1717
-2718
-3776
-4854
-5902
-6795
-7600
-8090
-8286
-8030
-7368
-6373
-5076
-3693
-2139
-622
907
2373
3533
4419
4888
5086
5015
4799
4477
4035
3601
3138
2805
2619
2636
2838
3117
3483
3798
4041
4197
4205
4006
3580
2888
2000
947
-163
-1254
-2331
-3271
-4046
-4563
-4790
-4722
-4353
-3851
-3171
-2517
-1849
-1306
-1051
-1006
-1441
-2131
-3102
-4307
-5562
-6996
-8347
-9677
-10781
-11550
-11949
-11823
-11367
-10472
-9366
-8064
-6571
-5026
-3366
-1881
-553
465
1208
1739
2064
2332
2469
2634
2777
3043
3463
4102
4973
5960
7039
8091
9176
10125
10988
11644
11918
11921
11442
10745
9770
8554
7307
5875
4524
3178
2002
1079
327
-136
-461
-607
-683
-707
-670
-731
-869
-1238
-1797
-2558
-3438
-4362
-5327
-6208
-7018
-7588
-7926
-7957
-7621
-6947
-5952
-4748
-3381
-1956
-486
941
2210
3301
4065
4589
4836
4833
4717
4391
3988
3514
3068
2756
2598
2589
2674
2853
3051
3276
3462
3621
3711
3609
3311
2764
2025
1128
166
-820
-1839
-2755
-3591
-4217
-4569
-4680
-4484
-4061
-3475
-2758
-2117
-1562
-1212
-1174
-1410
-2022
-2898
-4049
-5340
-6738
-8142
-9399
-10499
-11272
-11651
-11638
-11195
-10369
-9226
-7794
-6216
-4505
-2785
-1238
148
1262
2069
2637
3002
3250
3337
3348
3353
3426
3693
4161
4856
5697
6570
7580
8563
9513
10403
11048
11475
11507
11207
10596
9691
8594
7308
5918
4473
3051
1772
674
-144
-761
-1189
-1407
-1531
-1472
-1351
-1272
-1212
-1371
-1685
-2139
-2807
-3471
-4290
-5121
-5874
-6533
-6894
-7073
-6897
-6414
-5708
-4675
-3555
-2181
-798
623
2009
3112
4059
4629
5007
5117
4981
4718
4250
3683
3113
2592
2257
2041
1958
1997
2063
2238
2476
2747
2942
2991
2853
2511
1937
1246
410
-575
-1628
-2706
-3638
-4386
-4849
-5016
-4902
-4550
-3953
-3193
-2306
-1501
-926
-685
-872
-1320
-2078
-3053
-4225
-5626
-7063
-8592
-9849
-10826
-11393
-11512
-11316
-10651
-9767
-8426
-6883
-5119
-3321
-1744
-272
853
1756
2448
2924
3268
3360
3334
3251
3229
3400
3805
4447
5215
6110
7032
8039
9057
10024
10840
11339
11515
11332
10878
10099
9114
7947
6558
5099
3564
2233
1051
107
-628
-1234
-1586
-1798
-1808
-1715
-1585
-1445
-1495
-1623
-1931
-2345
-2822
-3443
-4113
-4897
-5545
-6069
-6352
-6315
-6082
-5585
-4885
-3960
-2818
-1561
-164
1152
2361
3373
4140
4724
4989
5094
4948
4582
4046
3389
2806
2254
1848
1538
1339
1278
1315
1530
1781
2074
2312
2379
2283
1961
1459
759
-86
-1090
-2080
-3067
-3847
-4393
-4748
-4813
-4719
-4317
-3730
-2962
-2118
-1443
-940
-811
-1025
-1539
-2315
-3226
-4453
-5772
-7177
-8566
-9697
-10589
-11008
-11118
-10825
-10178
-9278
-8000
-6555
-4890
-3231
-1713
-349
717
1602
2248
2754
3078
3252
3290
3306
3382
3617
4046
4615
5353
6136
7057
8008
8963
9855
10525
10984
11100
10958
10559
9836
8932
7725
6416
5024
3629
2354
1156
199
-606
-1229
-1639
-1878
-1926
-1849
-1706
-1563
-1516
-1569
-1769
-2040
-2406
-2870
-3443
-4092
-4712
-5233
-5584
-5664
-5511
-5172
-4579
-3791
-2759
-1543
-243
1096
2266
3261
4080
4664
5055
5201
5083
4759
4232
3641
3053
2532
2100
1762
1520
1381
1420
1581
1853
2085
2197
2209
2056
1783
1345
739
8
-889
-1758
-2595
-3277
-3781
-4137
-4307
-4311
-4126
-3709
-3143
-2410
-1717
-1207
-940
-1054
-1397
-2000
-2757
-3711
-4838
-6132
-7500
-8777
-9815
-10541
-10898
-10952
-10714
-10164
-9289
-8078
-6636
-5062
-3522
-2160
-932
112
1028
1832
2456
2933
3170
3375
3544
3794
4186
4687
5274
5904
6602
7370
8173
9032
9820
10418
10809
10901
10809
10439
9860
9040
7951
6693
5326
3978
2711
1551
561
-296
-985
-1498
-1813
-1894
-1824
-1661
-1527
-1495
-1557
-1728
-1926
-2254
-2717
-3352
-4050
-4776
-5420
-5846
-6058
-6073
-5883
-5424
-4684
-3674
-2476
-1130
215
1487
2632
3629
4406
4988
5273
5302
5019
4549
3995
3402
2841
2315
1872
1508
1287
1263
1410
1668
1917
2107
2168
2117
2015
1778
1397
783
1
-950
-1962
-2906
-3681
-4278
-4702
-4900
-4855
-4604
-4085
-3366
-2500
-1678
-1041
-656
-626
-854
-1357
-2095
-3127
-4393
-5762
-7172
-8494
-9618
-10440
-10924
-11120
-10905
-10345
-9416
-8178
-6670
-5012
-3337
-1743
-306
976
2081
2984
3752
4196
4350
4362
4355
4414
4535
4816
5157
5633
6215
6988
7889
8783
9660
10321
10778
10960
10908
10639
10058
9218
8078
6738
5276
3838
2508
1256
125
-854
-1628
-2135
-2380
-2357
-2213
-2012
-1800
-1615
-1493
-1458
-1552
-1835
-2300
-2929
-3606
-4268
-4877
-5343
-5670
-5830
-5766
-5428
-4786
-3889
-2770
-1535
-253
992
2204
3326
4240
4914
5258
5306
5101
4669
4126
3502
2813
2112
1482
988
695
607
703
901
1160
1404
1633
1783
1846
1791
1522
1054
359
-482
-1394
-2328
-3157
-3878
-4399
-4737
-4879
-4783
-4460
-3915
-3211
-2385
-1615
-1000
-637
-587
-859
-1373
-2115
-3066
-4234
-5494
-6809
-8065
-9163
-9976
-10457
-10601
-10331
-9742
-8830
-7654
-6238
-4669
-3057
-1479
-15
1230
2243
3051
3662
4059
4257
4297
4278
4240
4299
4472
4769
5182
5715
6394
7150
7986
8794
9505
10022
10314
10378
10165
9707
9014
8074
6892
5546
4183
2838
1597
495
-484
-1280
-1895
-2244
-2359
-2277
-2082
-1846
-1609
-1444
-1326
-1345
-1500
-1830
-2316
-2910
-3566
-4199
-4770
-5210
-5500
-5594
-5421
-4975
-4254
-3311
-2201
-964
263
1519
2656
3663
4474
4995
5282
5244
4993
4547
3980
3336
2676
2036
1430
929
586
441
440
586
794
1035
1287
1482
1584
1544
1312
870
236
-533
-1380
-2230
-3035
-3763
-4389
-4829
-5017
-4941
-4604
-4075
-3402
-2674
-1984
-1376
-938
-770
-880
-1283
-1957
-2881
-4013
-5266
-6579
-7854
-8944
-9780
-10308
-10518
-10369
-9866
-9017
-7838
-6395
-4789
-3105
-1478
23
1373
2493
3412
4088
4518
4687
4668
4572
4461
4380
4397
4505
4742
5144
5737
6466
7279
8134
8936
9609
10098
10381
10411
10182
9688
8923
7873
6604
5233
3824
2452
1196
63
-915
-1679
-2199
-2458
-2478
-2306
-2052
-1790
-1550
-1369
-1293
-1338
-1547
-1935
-2499
-3163
-3868
-4541
-5103
-5529
-5784
-5827
-5606
-5104
-4342
-3347
-2171
-926
338
1545
2646
3593
4353
4878
5111
5071
4788
4343
3792
3191
2534
1872
1288
837
582
476
496
583
738
951
1171
1370
1441
1352
1061
580
-38
-775
-1602
-2474
-3323
-4092
-4711
-5107
-5285
-5224
-4947
-4501
-3901
-3190
-2455
-1776
-1242
-952
-947
-1229
-1767
-2522
-3463
-4562
-5772
-6995
-8090
-8931
-9455
-9653
-9514
-9078
-8334
-7273
-5934
-4405
-2794
-1209
255
1543
2629
3511
4154
4566
4760
4781
4684
4532
4418
4360
4408
4580
4886
5339
5934
6650
7433
8193
8856
9372
9700
9823
9714
9343
8689
7769
6668
5443
4165
2875
1633
499
-496
-1304
-1899
-2291
-2479
-2491
-2368
-2170
-1966
-1765
-1639
-1589
-1645
-1822
-2138
-2586
-3103
-3627
-4097
-4497
-4783
-4927
-4899
-4644
-4161
-3488
-2650
-1702
-676
371
1389
2326
3117
3752
4161
4327
4303
4098
3744
3270
2710
2102
1507
984
579
310
166
141
192
303
459
621
742
797
745
562
214
-269
-848
-1501
-2190
-2867
-3486
-4003
-4376
-4589
-4588
-4406
-4038
-3520
-2911
-2228
-1577
-1009
-626
-493
-619
-962
-1515
-2251
-3166
-4206
-5322
-6405
-7329
-8023
-8445
-8618
-8505
-8135
-7470
-6553
-5393
-4073
-2694
-1334
-56
1093
2083
2937
3608
4100
4373
4484
4512
4511
4538
4632
4769
4958
5218
5613
6130
6736
7387
7996
8509
8884
9130
9224
9151
8865
8348
7610
6685
5642
4554
3432
2325
1269
291
-585
-1310
-1836
-2191
-2397
-2501
-2537
-2529
-2474
-2399
-2331
-2328
-2417
-2613
-2886
-3188
-3486
-3774
-4058
-4295
-4451
-4489
-4369
-4055
-3584
-2985
-2271
-1482
-628
269
1140
1945
2614
3138
3508
3735
3818
3729
3489
3107
2619
2090
1579
1128
741
410
149
-14
-99
-83
27
141
213
195
78
-111
-359
-672
-1068
-1565
-2098
-2623
-3089
-3447
-3669
-3779
-3784
-3668
-3427
-3060
-2580
-2008
-1463
-1009
-698
-546
-575
-767
-1140
-1720
-2476
-3361
-4308
-5248
-6098
-6811
-7332
-7662
-7758
-7599
-7177
-6513
-5611
-4547
-3369
-2169
-969
198
1261
2217
3009
3634
4066
4336
4510
4605
4668
4717
4791
4865
4986
5212
5532
5967
6470
7016
7529
7968
8357
8624
8745
8686
8428
7982
7326
6519
5599
4581
3493
2375
1293
280
-620
-1350
-1918
-2356
-2636
-2790
-2832
-2779
-2658
-2524
-2430
-2402
-2413
-2490
-2636
-2851
-3119
-3423
-3748
-4017
-4202
-4279
-4229
-4029
-3703
-3244
-2660
-1930
-1118
-271
573
1377
2084
2686
3168
3491
3638
3616
3442
3127
2718
2245
1753
1246
764
343
-15
-275
-433
-476
-441
-394
-336
-289
-270
-280
-348
-501
-768
-1139
-1546
-1975
-2382
-2753
-3078
-3339
-3526
-3585
-3492
-3262
-2904
-2452
-1945
-1467
-1008
-609
-340
-253
-356
-642
-1123
-1759
-2498
-3299
-4111
-4905
-5601
-6162
-6554
-6709
-6626
-6307
-5777
-5030
-4141
-3157
-2127
-1081
-78
850
1691
2413
2992
3435
3735
3941
4067
4146
4202
4271
4382
4556
4800
5124
5498
5925
6382
6833
7255
7605
7871
8009
7989
7797
7429
6908
6238
5446
4555
3587
2606
1642
729
-86
-787
-1360
-1805
-2121
-2329
-2432
-2454
-2438
-2376
-2322
-2307
-2351
-2459
-2611
-2811
-3041
-3279
-3526
-3751
-3926
-4028
-4019
-3885
-3629
-3257
-2794
-2229
-1581
-865
-129
591
1264
1850
2343
2726
2971
3094
3089
2956
2714
2376
1976
1541
1110
722
357
67
-144
-286
-360
-375
-368
-359
-345
-358
-407
-528
-688
-922
-1204
-1513
-1845
-2172
-2464
-2687
-2833
-2907
-2918
-2832
-2658
-2372
-1992
-1541
-1092
-697
-358
-136
-65
-138
-350
-704
-1213
-1832
-2530
-3296
-4055
-4749
-5341
-5813
-6128
-6264
-6201
-5938
-5473
-4810
-4015
-3110
-2158
-1189
-227
685
1546
2294
2883
3326
3646
3876
4024
4138
4248
4349
4456
4622
4832
5130
5495
5920
6351
6745
7120
7440
7679
7805
7793
7599
7237
6735
6104
5338
4458
3506
2512
1533
588
-265
-1002
-1632
-2147
-2541
-2799
-2958
-3005
-2972
-2921
-2875
-2831
-2800
-2809
-2861
-2954
-3110
-3323
-3553
-3748
-3882
-3943
-3892
-3748
-3519
-3159
-2667
-2053
-1356
-605
159
882
1555
2133
2612
2975
3193
3242
3146
2925
2605
2203
1756
1290
814
411
69
-199
-365
-433
-451
-410
-317
-214
-121
-74
-61
-121
-281
-494
-784
-1130
-1518
-1917
-2298
-2619
-2835
-2965
-3009
-2936
-2749
-2466
-2066
-1588
-1071
-550
-85
259
447
469
309
-21
-526
-1194
-1983
-2836
-3710
-4532
-5252
-5840
-6252
-6476
-6480
-6250
-5823
-5195
-4411
-3524
-2570
-1581
-596
331
1177
1908
2502
2959
3296
3538
3693
3799
3877
3956
4062
4211
4437
4744
5102
5525
5955
6396
6832
7227
7545
7740
7801
7696
7434
7027
6484
5794
4994
4099
3156
2208
1292
446
-319
-986
-1554
-2009
-2356
-2596
-2738
-2805
-2829
-2820
-2816
-2828
-2843
-2881
-2954
-3064
-3221
-3401
-3571
-3710
-3801
-3830
-3787
-3667
-3452
-3145
-2727
-2206
-1601
-970
-326
313
906
1460
1970
2398
2704
2899
2966
2924
2795
2569
2282
1944
1556
1151
748
394
106
-148
-332
-456
-526
-537
-522
-479
-447
-413
-407
-464
-575
-749
-989
-1252
-1533
-1812
-2063
-2300
-2487
-2614
-2647
-2575
-2404
-2121
-1753
-1335
-903
-494
-144
114
256
252
85
-251
-741
-1372
-2102
-2883
-3684
-4467
-5169
-5745
-6165
-6387
-6390
-6162
-5748
-5126
-4339
-3433
-2434
-1396
-360
618
1493
2257
2881
3368
3725
3963
4102
4169
4211
4247
4307
4420
4609
4867
5179
5552
5960
6393
6819
7189
7487
7650
7675
7524
7206
6728
6083
5301
4394
3411
2393
1375
422
-457
-1252
-1924
-2477
-2878
-3134
-3261
-3262
-3191
-3064
-2928
-2811
-2720
-2678
-2692
-2774
-2904
-3089
-3315
-3521
-3700
-3814
-3844
-3786
-3633
-3354
-2939
-2427
-1817
-1130
-407
320
1029
1686
2247
2712
3050
3252
3285
3191
2989
2691
2344
1951
1549
1148
772
460
194
1
-116
-181
-185
-148
-85
2
77
119
111
15
-148
-388
-678
-1008
-1370
-1734
-2086
-2390
-2637
-2792
-2830
-2761
-2597
-2323
-1963
-1541
-1062
-576
-123
249
514
634
601
408
45
-461
-1093
-1815
-2621
-3430
-4195
-4883
-5444
-5836
-6056
-6100
-5941
-5587
-5068
-4382
-3568
-2687
-1775
-873
-15
771
1477
2076
2561
2924
3181
3369
3513
3649
3779
3919
4087
4297
4563
4887
5254
5658
6058
6437
6774
7023
7172
7212
7113
6866
6457
5899
5213
4434
3599
2722
1827
952
108
-655
-1318
-1877
-2311
-2633
-2852
-2963
-2991
-2953
-2866
-2760
-2664
-2602
-2581
-2606
-2674
-2770
-2897
-3053
-3209
-3337
-3409
-3413
-3323
-3145
-2876
-2500
-2030
-1478
-864
-207
451
1087
1674
2177
2582
2880
3056
3101
3017
2818
2531
2191
1809
1401
991
613
286
17
-190
-324
-389
-401
-349
-273
-205
-162
-152
-166
-235
-360
-550
-802
-1076
-1375
-1671
-1949
-2199
-2381
-2492
-2519
-2448
-2301
-2054
-1746
-1389
-1009
-622
-260
60
324
476
496
391
150
-210
-664
-1218
-1832
-2485
-3133
-3749
-4294
-4724
-5027
-5183
-5164
-4986
-4654
-4186
-3602
-2932
-2207
-1450
-720
-29
592
1135
1596
1963
2248
2463
2627
2775
2930
3096
3296
3537
3823
4150
4520
4928
5344
5744
6109
6393
6585
6674
6640
6476
6178
5760
5210
4569
3853
3098
2323
1551
818
133
-473
-985
-1406
-1716
-1935
-2078
-2154
-2171
-2144
-2105
-2073
-2060
-2081
-2138
-2237
-2369
-2533
-2718
-2894
-3058
-3189
-3254
-3244
-3156
-2971
-2687
-2312
-1861
-1337
-761
-163
435
988
1488
1920
2270
2517
2656
2686
2615
2452
2222
1935
1611
1276
941
639
376
157
-26
-148
-205
-223
-204
-166
-117
-78
-64
-91
-172
-300
-477
-703
-973
-1261
-1551
-1817
-2043
-2222
-2341
-2394
-2363
-2240
-2025
-1743
-1420
-1080
-736
-403
-95
170
373
505
547
500
351
116
-199
-595
-1027
-1513
-2015
-2519
-3001
-3431
-3786
-4043
-4197
-4240
-4187
-4034
-3782
-3438
-3043
-2600
-2135
-1658
-1178
-717
-276
137
519
880
1202
1512
1815
2112
2439
2770
3104
3452
3806
4163
4523
4872
5196
5479
5698
5830
5882
5843
5713
5492
5180
4794
4326
3807
3255
2689
2139
1607
1105
653
255
-69
-337
-555
-727
-867
-995
-1115
-1234
-1351
-1487
-1639
-1798
-1973
-2157
-2331
-2506
-2660
-2774
-2849
-2872
-2835
-2732
-2567
-2326
-2019
-1657
-1261
-843
-412
3
376
706
990
1219
1368
1448
1458
1407
1303
1161
992
802
615
443
282
164
71
4
-34
-61
-63
-57
-51
-44
-46
-76
-135
-224
-338
-474
-634
-809
-985
-1155
-1306
-1430
-1512
-1558
-1543
-1483
-1379
-1226
-1046
-828
-607
-386
-178
6
154
266
350
386
386
344
248
109
-80
-309
-562
-857
-1174
-1501
-1845
-2183
-2518
-2826
-3089
-3308
-3464
-3578
-3625
-3598
-3525
-3384
-3183
-2918
-2602
-2246
-1860
-1444
-1010
-565
-116
334
780
1221
1661
2094
2509
2896
3264
3616
3932
4223
4490
4722
4923
5078
5182
5243
5249
5199
5102
4948
4742
4492
4200
3871
3510
3125
2735
2336
1935
1537
1151
769
396
27
-322
-654
-965
-1250
-1509
-1750
-1964
-2149
-2306
-2438
-2541
-2622
-2682
-2721
-2734
-2718
-2677
-2607
-2509
-2390
-2246
-2064
-1852
-1618
-1371
-1110
-856
-593
-324
-60
191
425
631
806
952
1063
1131
1157
1150
1109
1040
947
838
707
572
443
302
168
49
-57
-148
-220
-272
-320
-357
-390
-423
-463
-490
-530
-579
-631
-679
-721
-763
-790
-805
-805
-802
-778
-742
-694
-634
-565
-480
-387
-286
-189
-105
-25
36
70
82
64
19
-58
-175
-337
-536
-775
-1037
-1331
-1642
-1959
-2270
-2563
-2833
-3063
-3248
-3372
-3425
-3413
-3328
-3172
-2962
-2694
-2373
-2004
-1600
-1159
-700
-244
206
650
1074
1475
1855
2201
2522
2825
3111
3375
3623
3860
4081
4277
4463
4624
4754
4858
4919
4937
4908
4821
4675
4479
4226
3916
3563
3172
2745
2301
1836
1371
910
455
23
-386
-758
-1105
-1423
-1699
-1943
-2141
-2310
-2450
-2559
-2636
-2691
-2732
-2757
-2756
-2728
-2679
-2609
-2522
-2413
-2279
-2117
-1926
-1704
-1462
-1197
-911
-620
-319
-27
255
517
751
948
1096
1205
1277
1307
1299
1248
1178
1087
974
851
724
585
450
325
206
97
6
-71
-138
-203
-266
-317
-377
-445
-516
-593
-667
-745
-817
-888
-942
-980
-997
-990
-973
-925
-849
-760
-661
-561
-461
-369
-281
-196
-132
-76
-49
-31
-25
-31
-49
-74
-110
-165
-241
-350
-481
-638
-819
-1032
-1265
-1516
-1775
-2030
-2269
-2488
-2672
-2817
-2917
-2958
-2924
-2828
-2661
-2426
-2137
-1789
-1412
-998
-560
-122
317
741
1136
1507
1849
2163
2446
2690
2916
3121
3307
3481
3637
3778
3909
4024
4116
4189
4242
4251
4215
4143
4016
3843
3615
3325
2991
2612
2198
1758
1298
848
396
-36
-438
-815
-1151
-1441
-1682
-1874
-2018
-2122
-2193
-2229
-2241
-2234
-2210
-2187
-2155
-2123
-2090
-2042
-1983
-1906
-1811
-1698
-1550
-1378
-1172
-937
-682
-405
-122
168
444
704
936
1131
1281
1383
1437
1445
1411
1338
1236
1104
942
774
607
439
275
122
-24
-151
-265
-362
-445
-517
-582
-634
-688
-735
-775
-822
-857
-906
-958
-1012
-1058
-1096
-1132
-1151
-1159
-1152
-1117
-1068
-984
-882
-772
-637
-504
-366
-230
-111
-4
91
167
222
253
271
276
259
218
153
61
-60
-205
-365
-542
-741
-954
-1179
-1403
-1614
-1806
-1985
-2127
-2225
-2283
-2294
-2260
-2171
-2032
-1855
-1638
-1394
-1131
-840
-538
-230
83
392
687
973
1248
1509
1767
2022
2254
2475
2684
2881
3069
3231
3372
3488
3571
3623
3647
3638
3587
3488
3343
3166
2944
2689
2408
2105
1795
1468
1138
813
498
208
-67
-320
-546
-756
-942
-1105
-1248
-1374
-1494
-1590
-1662
-1726
-1764
-1777
-1767
-1729
-1672
-1587
-1481
-1344
-1174
-988
-781
-562
-343
-118
96
298
472
629
770
861
919
938
925
888
821
724
611
484
360
234
108
-16
-137
-238
-338
-424
-511
-592
-668
-739
-812
-886
-958
-1034
-1101
-1160
-1224
-1275
-1314
-1336
-1347
-1338
-1316
-1289
-1229
-1148
-1054
-946
-825
-691
-559
-423
-300
-189
-83
5
78
126
173
198
220
241
255
271
282
287
291
290
279
241
180
102
-9
-145
-304
-479
-671
-881
-1094
-1287
-1466
-1615
-1732
-1813
-1841
-1825
-1759
-1642
-1489
-1304
-1090
-861
-618
-370
-123
118
356
593
806
1015
1206
1389
1564
1732
1889
2037
2180
2318
2449
2572
2678
2761
2822
2861
2872
2853
2796
2705
2575
2406
2202
1978
1740
1496
1241
986
727
477
241
19
-181
-371
-527
-669
-781
-877
-947
-980
-1016
-1026
-1027
-1007
-966
-915
-858
-784
-702
-616
-525
-441
-362
-284
-209
-137
-73
-13
46
103
152
194
230
254
266
266
253
221
175
114
41
-38
-134
-236
-339
-449
-555
-651
-747
-827
-896
-959
-1015
-1058
-1090
-1109
-1110
-1103
-1090
-1066
-1032
-996
-951
-894
-831
-771
-714
-654
-597
-538
-473
-420
-369
-322
-268
-202
-142
-80
-11
61
136
212
277
331
375
398
416
414
391
355
292
210
102
-31
-179
-340
-501
-657
-813
-960
-1097
-1206
-1295
-1351
-1364
-1348
-1311
-1237
-1135
-1012
-860
-693
-518
-335
-150
35
204
367
520
661
801
933
1053
1162
1280
1404
1521
1632
1739
1843
1939
2021
2074
2119
2149
2158
2140
2092
2015
1909
1778
1629
1471
1295
1117
931
750
576
416
274
155
49
-30
-96
-147
-182
-212
-228
-245
-254
-265
-279
-289
-301
-310
-315
-319
-316
-313
-307
-300
-274
-247
-217
-186
-158
-132
-114
-102
-97
-105
-115
-132
-164
-199
-248
-308
-376
-441
-514
-597
-677
-755
-827
-899
-959
-1004
-1033
-1051
-1057
-1063
-1045
-1022
-999
-963
-921
-882
-840
-796
-756
-712
-669
-625
-574
-517
-455
-391
-321
-235
-146
-58
28
113
200
280
343
391
426
452
457
443
406
343
262
162
36
-94
-235
-385
-540
-691
-833
-963
-1066
-1145
-1196
-1211
-1207
-1178
-1119
-1033
-926
-799
-653
-505
-347
-185
-27
134
283
430
578
715
850
971
1092
1210
1320
1429
1535
1634
1728
1810
1883
1939
1977
1995
1989
1957
1905
1823
1712
1584
1431
1272
1098
917
742
571
412
269
141
33
-59
-136
-199
-247
-281
-308
-333
-349
-365
-383
-397
-407
-410
-414
-407
-394
-373
-341
-302
-259
-207
-151
-95
-40
18
70
106
138
155
169
167
152
120
76
28
-31
-97
-172
-251
-335
-423
-506
-587
-661
-728
-792
-846
-894
-932
-959
-992
-1017
-1026
-1032
-1029
-1021
-1008
-980
-953
-914
-865
-812
-743
-673
-604
-526
-443
-359
-276
-193
-112
-39
28
84
133
179
219
243
256
257
255
244
225
194
149
100
39
-18
-84
-155
-219
-284
-338
-394
-444
-483
-513
-540
-561
-580
-582
-577
-564
-536
-503
-452
-391
-319
-227
-130
-13
109
232
375
514
652
785
918
1038
1149
1252
1337
1405
1460
1496
1516
1517
1496
1470
1432
1378
1319
1252
1174
1097
1012
923
835
742
650
561
472
378
278
181
87
-7
-95
-181
-262
-332
-386
-417
-445
-451
-445
-420
-383
-343
-293
-241
-186
-133
-83
-35
2
31
56
77
92
101
107
105
101
90
83
65
49
25
-11
-46
-80
-121
-164
-208
-261
-310
-362
-415
-464
-514
-563
-614
-672
-719
-759
-799
-829
-857
-870
-874
-876
-862
-839
-799
-756
-702
-633
-562
-487
-410
-328
-259
-184
-114
-57
-7
28
55
71
77
72
53
23
-6
-47
-91
-123
-155
-179
-205
-224
-233
-234
-230
-226
-224
-230
-228
-231
-236
-247
-270
-294
-314
-332
-348
-361
-364
-354
-329
-288
-247
-177
-98
-13
85
186
288
389
486
575
657
729
792
843
883
907
915
921
924
924
916
900
883
868
855
840
825
807
787
759
737
710
674
633
580
528
475
408
348
288
229
166
107
60
16
-23
-57
-81
-101
-114
-119
-115
-96
-77
-52
-26
5
42
73
92
104
112
112
104
92
76
51
36
18
11
-3
-24
-33
-50
-61
-69
-83
-100
-129
-167
-208
-250
-298
-346
-408
-467
-525
-578
-624
-670
-699
-723
-734
-736
-732
-717
-696
-672
-643
-613
-576
-538
-503
-467
-432
-397
-374
-352
-336
-323
-310
-301
-289
-281
-272
-259
-241
-220
-192
-164
-133
-90
-56
-28
-10
-5
0
-3
-18
-37
-70
-97
-129
-160
-185
-198
-207
-210
-198
-176
-150
-119
-75
-20
33
88
141
191
234
265
293
320
330
331
328
328
325
322
318
320
333
343
358
384
422
456
479
501
523
547
559
555
543
528
511
486
451
415
383
343
309
287
273
258
255
261
262
270
276
280
292
294
293
286
280
265
237
208
176
141
104
74
50
26
7
-1
-6
-5
-4
0
9
19
28
26
23
20
4
-5
-18
-36
-70
-101
-128
-158
-185
-209
-236
-265
-280
-302
-310
-317
-312
-311
-313
-309
-304
-305
-308
-315
-326
-338
-361
-378
-390
-393
-395
-399
-397
-382
-363
-348
-329
-310
-277
-249
-230
-211
-198
-184
-174
-170
-168
-166
-167
-178
-190
-203
-213
-222
-225
-224
-220
-217
-213
-204
-195
-177
-162
-147
-127
-105
-89
-73
-60
-43
-22
-10
4
16
32
42
52
66
76
85
93
104
122
143
166
184
193
205
204
213
224
238
246
247
252
258
267
276
285
290
296
302
313
323
331
336
337
342
345
344
343
335
325
324
316
306
292
274
264
251
236
231
224
209
196
187
172
157
139
124
120
112
98
86
82
84
85
80
74
70
70
63
60
57
46
39
32
25
22
15
7
2
-2
-3
-12
-18
-28
-42
-44
-51
-59
-76
-90
-111
-141
-173
-208
-229
-259
-284
-311
-335
-352
-358
-359
-361
-362
-355
-344
-338
-325
-312
-309
-311
-300
-291
-283
-276
-271
-256
-242
-228
-215
-211
-207
-189
-173
-164
-153
-145
-140
-135
-130
-120
-119
-119
-114
-117
-131
-139
-153
-155
-160
-167
-162
-152
-137
-121
-104
-83
-62
-43
-22
0
17
32
54
74
98
119
132
145
163
180
202
217
230
243
249
255
257
263
265
271
275
273
272
262
255
249
241
232
217
199
181
171
160
149
139
136
131
124
115
106
98
89
83
76
68
57
45
32
28
30
28
26
29
28
36
46
59
70
81
92
100
116
131
139
138
142
146
145
140
137
137
134
135
139
143
141
150
149
150
145
133
118
92
65
24
-16
-51
-90
-121
-150
-173
-205
-232
-250
-264
-270
-280
-288
-296
-296
-295
-296
-287
-286
-276
-264
-253
-237
-220
-206
-185
-157
-138
-121
-107
-95
-83
-66
-50
-42
-36
-39
-41
-42
-47
-47
-47
-40
-41
-38
-43
-53
-54
-58
-61
-72
-78
-80
-83
-75
-78
-70
-58
-44
-31
-12
7
25
40
54
76
82
93
97
98
106
103
105
105
97
89
83
78
74
74
75
75
76
82
89
96
101
101
101
92
80
72
57
43
27
9
-7
-21
-29
-34
-42
-47
-45
-42
-41
-31
-20
-9
6
22
31
38
40
40
37
36
41
39
39
37
35
36
37
42
43
55
60
67
72
83
94
98
104
108
107
107
104
101
92
89
80
62
56
39
27
14
6
0
-4
-8
-11
-13
-20
-27
-34
-34
-35
-39
-43
-44
-49
-54
-60
-66
-74
-76
-75
-71
-65
-59
-55
-47
-41
-38
-35
-38
-37
-38
-44
-51
-53
-56
-60
-60
-58
-52
-47
-39
-27
-16
-5
6
13
22
22
25
23
18
13
6
-3
-5
-11
-19
-22
-28
-27
-26
-20
-9
-6
-1
7
13
20
17
11
3
5
0
-7
-16
-26
-32
-40
-45
-52
-56
-60
-59
-56
-52
-45
-42
-40
-40
-35
-31
-26
-27
-24
-24
-26
-30
-34
-34
-35
-36
-35
-32
-36
-32
-29
-20
-13
-11
-4
4
11
14
17
19
25
29
29
32
36
37
41
46
48
53
58
63
71
76
80
81
76
75
73
66
58
56
51
48
47
42
41
43
48
52
56
59
59
62
67
68
62
56
51
43
32
24
12
4
-6
-12
-8
-7
-4
0
9
17
27
31
35
37
41
37
31
26
17
9
-4
-10
-16
-17
-20
-28
-28
-33
-36
-36
-38
-42
-48
-47
-48
-50
-51
-52
-54
-53
-56
-52
-53
-49
-44
-39
-32
-28
-24
-19
-13
-17
-17
-19
-20
-22
-24
-25
-30
-29
-26
-26
-26
-25
-24
-23
-23
-19
-18
-20
-17
-14
-14
-10
-7
-7
-3
-6
-7
-5
-3
-3
-5
-8
-8
-14
-15
-13
-11
-12
-13
-10
-15
-17
-14
-11
-7
-5
-3
0
1
0
-2
-1
4
3
5
9
10
12
10
14
17
22
22
23
29
31
34
34
30
23
22
16
10
-1
-6
-10
-14
-11
-15
-17
-12
-11
-9
-9
-9
-1
2
6
7
12
16
16
13
10
6
6
3
3
3
-1
2
0
4
14
18
20
22
24
28
30
31
27
24
20
18
14
7
3
-2
-6
-8
-9
-15
-11
-5
-2
7
8
15
21
22
28
29
32
33
27
23
21
17
8
2
-5
-13
-19
-19
-17
-15
-10
-5
1
5
9
15
18
21
26
29
35
40
41
39
36
33
27
23
19
9
4
0
-9
-18
-19
-21
-28
-35
-39
-39
-39
-43
-41
-37
-35
-29
-25
-24
-25
-27
-23
-21
-23
-18
-18
-16
-9
-6
-3
4
5
8
11
17
22
21
23
23
28
25
20
18
16
13
6
1
-5
-7
-17
-20
-23
-24
-28
-27
-26
-25
-24
-23
-22
-19
-13
-13
-5
-1
1
5
4
4
0
-1
-3
-6
-7
-13
-11
-16
-18
-20
-25
-26
-30
-29
-31
-27
-25
-21
-20
-17
-11
-9
-8
-8
-7
-8
-10
-6
-5
-2
1
4
3
3
7
3
2
4
8
16
23
32
38
37
41
38
37
37
35
29
28
26
24
21
17
13
13
14
9
9
7
7
7
7
12
11
13
16
15
12
11
5
0
-5
-10
-10
-16
-18
-20
-25
-25
-28
-31
-26
-24
-16
-10
-4
0
4
4
4
0
-4
-10
-11
-15
-17
-19
-15
-14
-13
-11
-10
-6
-4
1
2
5
5
13
16
20
25
26
29
27
24
22
21
20
19
22
21
20
18
20
17
15
12
14
14
14
12
11
10
4
1
-3
-7
-12
-19
-18
-16
-16
-13
-14
-7
-8
-11
-8
-6
-10
-12
-11
-9
-12
-9
-4
-1
4
3
6
9
11
13
15
15
16
18
15
10
12
4
-2
-7
-10
-11
-15
-19
-21
-22
-19
-15
-15
-13
-12
-8
-6
-4
-3
-1
4
2
1
-1
0
-5
-6
-11
-9
-12
-11
-8
-9
-6
-12
-8
-8
-8
-6
-4
-6
-4
-4
-10
-7
-13
-15
-19
-22
-20
-17
-17
-17
-14
-11
-6
-3
0
3
7
9
8
8
10
10
11
10
7
8
8
13
12
12
13
13
18
22
23
21
20
19
20
20
22
21
22
21
17
16
9
9
3
-1
-2
-2
-5
-9
-8
-13
-11
-14
-12
-10
-12
-11
-9
-12
-12
-11
-11
-7
-6
-3
3
6
4
2
5
6
7
10
9
6
6
7
5
7
7
8
6
3
2
0
-3
-10
-9
-10
-14
-16
-17
-21
-21
-20
-20
-19
-18
-15
-13
-11
-5
-2
-4
2
1
2
4
6
7
6
7
2
0
1
1
4
2
0
0
-1
0
1
6
8
8
9
11
12
14
15
14
14
15
16
14
15
16
14
15
15
15
14
15
13
11
8
6
4
-2
-2
-6
-6
-6
-9
-12
-11
-14
-15
-14
-16
-16
-17
-16
-17
-14
-12
-12
-12
-11
-10
-7
-5
-2
2
0
3
8
8
12
11
13
10
9
6
6
8
4
3
3
1
1
0
-2
-2
0
-2
-7
-8
-10
-12
-15
-19
-15
-19
-20
-27
-25
-25
-27
-26
-26
-24
-22
-19
-16
-11
-10
-6
-3
0
3
6
8
11
16
19
22
27
28
31
32
32
34
35
35
34
37
34
31
30
25
22
21
19
13
10
5
0
-1
-5
-6
-12
-14
-19
-19
-21
-25
-26
-25
-23
-24
-23
-26
-26
-29
-27
-25
-23
-20
-21
-18
-14
-16
-14
-11
-9
-6
-5
-1
3
3
7
12
7
9
15
12
15
14
13
14
16
18
17
18
20
18
16
21
17
15
18
17
18
18
18
17
11
9
8
5
1
3
2
-1
-2
-3
-6
-7
-8
-11
-13
-14
-14
-16
-16
-19
-19
-18
-18
-13
-13
-12
-8
-6
-1
2
3
6
8
10
9
7
12
11
11
7
12
14
14
15
16
18
19
21
23
22
22
23
19
16
11
10
8
4
2
4
2
2
2
-2
0
-3
-6
-3
-10
-13
-15
-22
-23
-21
-19
-20
-23
-21
-21
-23
-19
-18
-20
-17
-14
-13
-14
-12
-12
-9
-8
-8
-5
-7
-3
1
-1
-1
0
-3
-5
-4
-5
-5
-6
-8
-7
-7
-10
-7
-10
-7
-9
-8
-6
-6
-3
-3
-5
-4
-1
3
-2
-1
4
7
6
10
9
9
11
12
13
7
7
8
9
8
9
11
10
15
13
13
12
11
15
13
8
6
3
1
1
-5
-5
-4
-6
-3
-2
2
2
1
2
2
3
1
1
-3
-3
-5
-9
-10
-11
-13
-16
-14
-10
-12
-12
-8
-7
-3
-7
-4
-3
-5
-6
-6
-9
-8
-6
-6
-6
-6
-4
-4
-8
-9
-4
-6
-7
-3
-1
1
3
6
12
11
13
15
15
16
15
19
19
18
13
13
12
7
4
4
0
1
-2
1
4
2
0
1
-1
-1
2
1
3
4
5
2
4
6
4
6
7
8
2
1
3
3
4
2
3
3
1
0
1
-2
1
4
3
6
7
5
5
2
1
0
3
2
1
0
-1
3
1
3
3
4
7
7
7
13
13
11
15
17
19
17
12
11
5
2
0
2
3
3
1
-3
-6
-12
-12
-14
-18
-17
-16
-15
-15
-10
-14
-16
-12
-12
-9
-8
-8
-7
-7
-7
-5
-2
-1
1
-3
-3
-5
-4
0
3
2
0
5
5
6
7
10
8
7
6
7
4
4
4
2
4
4
5
4
-1
0
-1
0
-2
-2
-2
-6
-6
-9
-10
-8
-11
-12
-11
-10
-12
-17
-16
-16
-13
-17
-19
-18
-19
-23
-20
-21
-18
-15
-15
-12
-7
-5
-7
-5
-2
1
3
3
-1
3
3
3
0
0
1
1
3
-1
-1
-5
-7
-6
-8
-9
-5
0
0
-4
-2
-1
1
3
5
1
-1
1
-1
0
2
5
6
8
6
7
12
12
8
10
11
13
14
11
10
8
6
5
5
2
4
7
10
12
13
10
7
6
7
8
3
9
8
10
12
8
4
4
5
4
9
11
9
10
15
10
10
13
11
5
8
6
3
-2
-1
1
-2
0
0
0
2
3
2
6
7
6
8
10
11
12
9
6
5
4
7
7
3
2
3
4
0
-1
-6
-2
-6
-10
-10
-11
-11
-10
-11
-14
-15
-18
-16
-17
-13
-11
-8
-4
-4
-3
-4
-3
-4
-4
-5
0
-4
-7
-7
-9
-5
-3
-3
-5
-7
-8
-7
-4
-6
-8
-9
-8
-7
-6
-6
-7
-9
-9
-5
-7
-6
-5
-2
-1
3
6
6
10
8
5
8
6
2
-1
4
5
7
11
8
4
6
8
9
11
8
8
9
3
3
0
-6
-3
-6
-5
-4
-5
-7
-8
-3
-4
0
-4
-2
-1
0
2
-2
-4
-5
-6
-8
-6
-6
-8
-11
-10
-8
-7
-4
-2
0
4
4
5
2
0
1
1
0
5
2
4
5
9
6
6
9
9
11
6
7
8
10
12
8
0
0
-1
-3
1
-5
-6
-4
-4
-3
-2
-2
-1
-1
-2
1
-1
-1
0
-1
-2
-2
-3
-5
-5
1
4
6
5
2
3
3
0
1
1
1
-2
1
2
1
-1
-3
-2
2
6
5
5
6
5
6
3
1
-2
-2
0
0
-1
-6
-6
-7
-7
-5
-5
-2
3
2
2
3
3
4
1
5
2
-1
-2
-1
0
-4
-5
2
3
4
4
3
2
1
2
1
1
-3
-2
-1
-3
-4
-6
-6
-4
-3
-1
0
3
2
1
3
3
4
6
4
3
8
6
7
8
6
1
2
0
-1
-6
-6
-6
-10
-13
-14
-13
-14
-13
-16
-12
-11
-12
-7
-4
-1
2
3
5
4
6
8
9
10
10
11
14
6
8
7
3
6
8
6
3
7
5
3
-1
0
0
-4
-2
-1
-2
-5
-3
-3
-2
-4
-3
-1
-2
-2
-2
-1
-1
-1
0
-2
-3
-2
1
-2
0
0
-2
2
2
0
0
2
0
-1
0
-2
1
0
0
-2
-3
0
-2
-2
0
0
2
-4
-5
-5
-5
-5
-3
-4
-4
0
1
-1
0
-1
0
6
6
6
2
3
4
4
5
4
2
2
-1
-7
-7
-6
-6
-10
-6
-3
-3
-4
-3
-3
-1
3
-2
-1
2
3
3
3
2
1
3
4
4
7
8
8
7
10
10
13
7
6
5
2
2
-5
-4
-2
-7
-7
-5
-5
-1
2
1
1
0
3
4
8
5
4
7
6
5
6
2
6
5
-1
-2
-4
-2
-1
-3
-6
-4
-3
-2
-5
-6
-5
-7
-5
-5
-9
-8
-3
-6
-5
-5
-5
-3
-3
-3
-1
-1
0
1
1
1
2
0
-2
0
-2
-4
-3
-4
-6
-3
1
-4
-4
-1
-4
-3
-3
-2
-4
-4
2
2
-1
4
1
0
-1
-1
4
3
1
-1
0
2
1
3
6
4
5
4
6
5
4
7
3
4
5
5
1
3
3
-2
-1
-4
-6
-5
-5
-7
-8
-8
-7
-9
-7
-6
-2
-5
-4
-1
-1
-1
-1
2
-2
1
3
2
-4
0
3
0
4
3
1
5
2
6
5
5
4
0
4
2
3
4
3
0
0
0
0
-1
1
1
-1
-2
2
5
5
8
7
8
9
10
11
12
11
10
7
5
5
4
5
2
2
0
-5
-2
-6
-10
-8
-8
-12
-12
-11
-11
-12
-10
-9
-9
-7
-8
-6
-5
-3
0
-1
-1
1
1
4
6
10
11
9
11
12
9
6
6
6
5
7
7
8
10
5
6
6
3
3
3
-3
-6
-5
-5
-5
-3
-4
-8
-5
-3
-6
-3
0
-2
-4
-1
-2
-5
-1
-1
2
2
3
2
0
0
0
-3
-5
-10
-11
-11
-9
-4
-8
-7
-5
-5
-6
-2
2
4
6
9
6
3
5
2
1
1
2
2
6
5
2
-2
0
2
-3
0
2
-1
0
0
0
-5
-5
-5
-7
-8
-3
-3
-5
-5
-7
-6
-5
-8
-4
-3
-2
-4
-4
-5
-7
-2
-3
-4
-4
2
4
1
2
5
7
5
4
6
6
3
0
1
-1
-2
-3
-2
-2
1
3
3
8
6
9
12
8
8
10
6
7
5
5
6
2
0
-4
-3
-5
-9
-10
-8
-11
-8
-7
-10
-9
-4
-4
-3
0
4
3
4
2
-3
-1
-6
-5
-5
-2
-5
-1
1
0
1
1
6
6
11
12
10
12
12
7
7
5
5
3
2
0
-2
-3
0
-4
-1
0
0
2
0
5
6
2
5
5
2
3
3
4
2
0
0
0
1
4
2
-2
1
2
0
-1
-2
-2
-2
-4
-6
-7
-9
-9
-8
-6
-2
0
-3
0
3
2
-1
1
2
-3
1
3
1
0
-2
-2
0
-1
0
-2
-2
-1
2
1
1
5
2
3
3
0
2
1
2
-1
-1
0
0
2
2
2
2
2
3
1
3
8
8
7
8
9
9
8
5
6
2
2
0
-5
-4
-6
-5
-5
-5
-3
-5
-8
-6
-7
-4
-5
-4
3
2
1
2
2
3
2
-1
-4
0
1
2
-1
-3
2
0
-1
-2
1
0
1
0
0
1
-3
-3
-4
-4
-3
-4
-2
-2
-5
-4
-1
-1
0
2
3
3
2
1
1
0
1
-2
-3
-2
-6
-4
-3
-6
-2
-5
-6
-1
-1
1
-2
-2
-4
-3
-2
-4
0
-5
-3
-5
-5
-3
-3
-1
-3
1
2
5
6
3
0
1
-2
-2
-1
0
-2
-5
-4
-6
-3
1
-2
0
3
3
4
6
9
9
9
5
4
3
3
-2
-2
-3
-1
-2
-1
2
4
7
6
8
7
8
9
7
3
0
2
4
-2
-5
-1
-1
-1
-2
-3
1
2
1
2
2
0
0
1
-2
-2
-4
-8
-8
-7
-2
-4
-5
-1
5
2
1
6
7
5
5
6
6
1
-1
-3
-4
-1
-4
-7
-4
-2
-2
0
3
3
1
4
5
7
4
2
2
0
0
0
-2
-4
-3
-1
-1
1
0
1
3
4
6
3
3
0
0
-2
-3
-2
-3
-5
-5
-6
-6
-3
-2
-2
2
-1
2
5
3
1
-1
-1
-1
0
-1
-4
-4
0
-2
-1
-1
0
0
-1
-2
0
1
0
-1
2
2
-1
1
0
-2
0
0
-1
0
1
2
6
4
3
5
4
5
2
4
1
1
-1
0
1
-1
1
0
-3
-4
-5
-2
0
0
-2
-1
1
2
2
0
1
1
0
-2
2
0
-2
-3
-5
-3
1
-2
-4
-3
-4
-2
-5
-3
-1
-1
1
-1
-2
0
-2
-5
-5
-3
-2
0
-1
0
-1
-2
-1
-1
2
0
-3
-1
1
1
1
1
3
0
0
0
-2
2
2
2
1
0
1
3
0
1
4
3
2
-2
2
-1
0
1
2
6
2
2
3
3
2
3
5
7
3
1
3
2
2
-1
0
0
-3
-1
-2
-5
-5
-5
-4
-6
-2
-2
-3
-2
-4
-5
-3
-4
-5
-1
-4
-4
-3
-1
-3
-3
-1
-3
-1
0
-4
0
-1
-1
5
6
7
6
6
6
7
9
7
6
3
7
8
4
4
6
0
1
4
4
1
1
0
3
4
1
1
0
2
0
0
-3
-2
-1
-3
-1
-1
-1
-1
-2
-3
0
0
-4
1
3
0
2
3
3
0
-1
2
1
-1
-4
-1
4
5
5
2
4
4
1
1
4
3
4
4
2
-1
1
-1
0
-3
-2
-1
-3
0
2
3
-3
-2
1
3
1
-3
-3
-4
-3
-2
0
-1
1
2
2
3
5
8
9
8
8
6
8
7
5
5
6
3
0
0
-1
-2
-4
-6
-8
-10
-11
-10
-9
-8
-8
-5
-4
-6
-5
-5
-3
-4
-4
-5
-1
-4
-4
-1
-1
-2
-3
-2
-3
-2
0
0
-1
1
3
4
3
2
1
0
1
0
-2
-2
-2
-2
-1
-3
0
2
0
-5
-5
-5
-4
-6
-6
-4
-7
-7
-5
-7
-8
-8
-5
-3
-5
-2
-4
-4
-1
-4
-5
-4
-6
-2
-2
-4
0
-1
-2
-2
-1
2
3
2
2
1
0
2
0
-3
-5
-2
-4
-4
-2
-7
-7
-6
-3
-2
1
-1
1
-1
2
4
4
3
0
2
-2
1
-1
-1
1
0
-1
0
5
3
2
7
8
11
11
8
10
8
12
8
5
3
0
0
2
1
2
1
-1
0
-1
-1
2
3
1
3
0
0
3
2
2
4
2
3
3
2
6
6
8
8
10
8
10
10
7
8
9
10
6
8
7
6
8
6
4
5
6
1
5
4
5
5
3
1
1
2
-2
-2
-3
-2
-4
-4
-3
-4
-2
-2
-4
-1
0
0
4
2
6
6
5
5
4
2
1
-1
-2
-3
-2
-3
-5
-5
-1
-2
-3
-2
-3
-3
-4
-2
-1
-2
0
-3
-6
-2
-1
-1
-2
-5
-2
-5
-7
-6
-9
-5
-3
-7
-5
-8
-6
-7
-7
-4
-5
-7
-6
-1
-2
-3
0
-1
-4
0
-1
-3
-2
-1
-5
-4
-2
-3
-4
-2
-3
-2
-3
-3
-2
-5
-4
-2
-3
0
1
0
0
0
0
0
-1
0
1
2
2
-3
-1
3
1
-1
0
-1
-1
-3
-3
-3
-2
0
1
-2
-2
-2
-2
-3
-2
0
-1
-1
-2
-2
5
6
2
4
0
0
2
3
1
-1
3
3
-2
-2
0
-1
-2
-1
-1
-2
-1
-2
2
-1
0
4
4
4
7
4
1
4
6
4
3
3
-1
0
3
1
0
1
0
-1
3
1
3
6
3
7
6
3
5
5
4
6
3
4
4
3
4
4
4
4
6
4
3
4
4
3
4
3
4
3
3
1
0
-2
-2
-2
-2
-1
0
4
1
-1
0
-1
1
1
-2
0
0
-3
-4
-6
-6
-4
0
-5
-5
-2
-4
-4
-4
-4
-4
-2
-1
-4
-4
-5
-2
-4
-4
-4
-5
-2
-1
-7
-7
-3
-3
-2
-2
-1
-4
-2
-4
-2
-3
-3
-1
1
3
2
3
4
5
3
4
2
3
1
0
-2
-1
0
-2
-1
-3
-3
-4
-2
0
-2
-4
0
-2
1
4
0
-1
-1
-3
1
-3
-1
-3
-4
0
-4
-1
-4
-4
-2
-1
0
3
0
3
3
2
2
3
3
-1
1
2
-2
-3
-1
-1
-1
-2
-1
-2
0
-1
1
3
5
3
5
5
5
5
5
3
5
3
2
3
3
3
2
3
1
5
2
3
3
4
4
5
7
2
3
2
1
4
4
3
2
3
3
1
0
1
0
0
2
-1
1
-1
-2
0
1
1
1
3
1
0
-1
-1
-2
-2
0
-1
-1
-3
2
-2
-1
-2
1
1
3
2
-2
2
2
1
1
3
0
1
-1
2
-1
-1
-2
-5
-5
-4
-4
-4
-5
-4
-1
-1
-1
0
1
0
2
2
-1
-1
-5
-2
-2
-5
-1
-1
0
-1
5
3
-1
2
0
3
0
2
0
-1
0
-1
4
-1
0
3
0
-1
0
1
0
2
0
2
1
-1
1
1
3
2
3
-1
-1
2
2
1
-1
2
0
2
-1
-2
-1
-3
-4
-1
0
0
0
-1
-3
-4
-4
-4
-4
-6
-7
-6
-6
-6
-5
-6
-5
-5
-5
-2
-2
-2
0
-3
-5
-4
-3
-3
-1
-5
-5
-2
0
-2
-2
-3
-1
-2
-3
0
0
-5
-3
-2
-1
-1
-3
-4
-2
0
-1
3
-1
2
0
0
3
2
2
5
4
3
8
3
2
6
2
2
2
0
4
2
2
0
4
4
5
4
1
3
3
2
-1
1
0
-3
2
-2
-2
-1
-1
3
-1
3
3
2
3
4
6
0
2
3
0
2
-2
1
0
2
2
1
0
0
2
2
3
3
1
5
6
4
0
-1
1
-1
-1
-1
3
1
0
2
1
0
1
5
5
7
5
6
5
2
5
2
-1
3
0
-1
0
-2
-4
-4
-7
-7
-4
-5
-4
-3
-2
-4
-5
-2
1
2
4
2
3
1
3
2
3
6
3
4
4
3
5
7
8
2
4
2
1
-3
-3
-4
-5
-4
-3
-4
-2
0
-5
-3
-3
-1
2
-1
2
0
1
-1
-3
2
-2
-1
0
0
-3
-3
-4
-6
-1
-3
-4
-7
-2
-3
-1
-3
-5
-4
-5
-5
-7
-3
-3
-1
-3
-2
0
1
2
4
4
3
4
2
0
-1
-2
2
-1
-2
-2
-3
-3
-4
-3
-4
-3
-2
-3
-2
-2
-5
-1
0
-1
0
-1
0
1
-2
-2
-2
-2
0
1
0
-1
2
1
-3
1
3
-1
2
4
0
0
2
2
-2
1
0
-1
1
-2
-2
-3
-1
-2
-1
-1
-1
-2
1
1
-1
0
-1
1
2
6
5
0
3
2
1
2
3
3
0
1
0
0
2
3
3
2
4
7
5
2
6
5
5
5
1
1
-3
-1
-1
-4
-2
-3
-4
-3
-1
-1
2
1
3
4
1
-1
2
1
-1
1
-4
-5
-1
-2
0
0
2
4
0
2
1
2
3
4
4
7
6
3
3
2
5
3
5
5
-1
-2
-1
1
0
-1
0
-4
-6
-2
-1
-2
-4
-3
1
-3
-3
-1
-3
-7
-5
-4
-3
1
3
0
1
3
2
2
2
3
1
2
1
-1
2
3
1
4
3
3
5
2
4
6
4
1
1
1
1
-3
-4
1
-2
0
0
1
1
0
-2
0
-1
-2
-2
-3
-2
-3
-6
-4
-2
0
-2
-3
-3
0
-1
-3
0
-2
-3
0
0
2
-4
-1
1
-4
-5
-3
1
-1
1
1
1
3
0
0
0
0
-1
-5
-4
-5
-8
-5
-8
-10
-10
-5
-6
-4
-6
-3
3
-1
3
0
1
1
4
2
1
2
-1
-1
-1
-1
1
0
3
5
2
5
5
2
2
2
1
-2
-3
-3
-3
-6
-6
-5
-5
-7
-3
-3
-2
2
3
2
3
6
4
5
4
2
2
0
1
-1
0
1
-2
-1
2
2
4
5
4
7
6
5
2
3
2
-1
1
0
-1
1
2
3
3
2
0
2
1
-1
0
3
3
-2
-2
4
1
-1
1
0
-3
-4
-1
-1
1
6
2
1
4
4
6
4
2
-3
-3
-2
-2
-2
-1
-1
1
0
0
0
3
2
8
9
8
10
8
7
5
3
4
4
0
2
-3
-7
-5
-5
-7
-3
-3
-6
-3
-2
-3
-1
-2
2
-1
-3
-5
-3
-6
-9
-1
-3
-4
-3
-2
-2
2
2
-1
-1
-2
1
3
5
5
2
1
1
0
-1
-2
-1
-2
0
1
3
2
2
4
3
3
5
5
3
-1
-6
-2
-3
-5
-4
-5
-4
-5
-5
0
-3
-1
-4
-2
-1
-1
1
0
-1
-4
-3
-5
-4
-5
-4
-5
-5
4
-1
0
3
5
6
9
7
3
3
1
1
-1
-3
-3
-3
-1
2
2
4
2
7
7
4
7
6
7
3
2
-1
-3
-2
-5
-3
-7
-8
-6
-4
-2
-1
-1
3
1
1
1
-1
-1
-2
-2
-6
-5
-8
-9
-9
-8
-9
-4
-3
-1
1
3
3
1
1
1
2
-2
1
0
-2
-4
-5
0
1
-2
1
3
3
5
3
6
7
6
5
4
3
3
-2
-2
-4
-5
-5
-5
-6
-6
-2
0
2
3
4
3
1
0
2
-2
1
0
-2
-3
-3
-2
-2
-4
-2
-2
2
5
5
8
7
7
5
6
4
4
3
1
2
1
-1
1
-1
0
3
3
8
6
10
8
7
8
5
5
3
2
0
1
-1
-1
0
-2
1
-1
0
1
-2
0
0
-1
2
0
-3
-4
-3
-3
-2
-7
-4
-6
-8
-5
-5
-3
-2
-2
-1
0
-1
-1
0
3
4
4
2
1
4
5
5
5
4
2
0
1
1
1
0
0
1
0
-2
1
3
1
1
0
1
0
-2
-2
0
-2
-2
-1
-1
-2
1
-1
0
-1
-2
-2
-2
-1
0
-1
-2
-4
-2
-2
-4
-2
-2
-2
-3
1
-1
-2
2
2
1
3
0
-1
0
0
3
-1
0
2
2
0
4
4
3
-1
0
2
0
-2
-4
1
-4
-7
-4
-2
-5
-4
-1
-2
-1
0
1
0
-2
-2
-2
-2
-1
0
1
0
0
0
2
0
1
0
-1
0
1
0
-2
4
3
4
3
1
2
-2
-1
-1
-1
-3
-2
-1
1
0
1
2
2
0
-2
0
0
-2
-1
-1
-4
-3
-3
-3
-5
-3
-2
-3
-3
2
1
-3
-1
-1
-3
-2
-3
-4
-2
-2
-4
-7
-1
-5
-1
1
2
5
5
7
2
5
5
3
4
3
5
2
2
1
-2
-3
-2
0
0
0
-1
0
0
1
2
-3
-3
1
-3
0
-2
-1
-1
-2
1
2
3
1
1
1
4
2
3
0
-1
4
1
-2
-2
1
3
0
1
1
3
4
2
4
4
6
5
5
5
0
2
3
1
1
0
1
4
1
-2
0
3
3
1
4
3
1
-1
-2
0
-1
-2
-2
-4
-5
-5
-3
-3
-4
-5
-3
-2
-4
-3
-1
-2
0
-3
-1
-2
-5
-3
-4
-3
-3
1
3
3
2
-1
2
3
1
2
5
3
2
0
3
0
-1
1
-1
-1
1
-2
1
7
2
4
5
1
4
4
5
0
2
1
-1
1
0
-3
-5
-3
-6
-5
-3
-3
-3
-1
0
1
2
2
3
0
1
2
-1
-2
1
4
2
1
1
1
1
3
2
1
5
3
6
4
2
1
2
0
1
-1
-7
-7
-5
-4
-5
-4
-4
-5
-2
-3
-3
-4
-2
-4
-2
-1
-3
-5
-4
-3
-5
-3
-5
0
0
0
3
1
4
4
4
5
5
3
2
1
0
-2
-5
-2
-1
0
-2
-4
-1
1
2
0
2
4
4
4
3
-1
-2
1
0
-2
-1
-1
2
4
2
5
0
1
3
5
4
2
0
0
2
-5
-4
-2
-7
-4
-4
-6
-2
-2
-2
-2
-1
2
6
5
2
2
2
3
-2
-2
-1
-1
-2
-4
-1
-2
-1
0
3
2
5
3
4
6
5
3
1
-1
-1
-1
-4
-4
-5
-3
-6
-4
-3
-3
3
-2
-1
1
0
0
1
0
-1
-2
-4
-3
1
-3
-4
0
2
0
1
-2
2
0
1
1
0
3
0
1
-1
-1
-5
-5
-4
-5
-3
-4
-4
-3
1
2
3
4
6
7
5
7
6
4
4
3
2
0
-1
-2
3
3
3
1
0
4
3
2
6
3
0
2
1
-1
-2
-5
-6
-6
-5
-6
-10
-6
-6
-5
-5
-1
1
1
1
0
1
3
0
-1
-1
-2
-1
-1
1
-1
-1
-1
1
1
-1
3
3
6
6
5
3
3
4
2
-2
-1
-3
-1
-1
0
0
2
0
-2
3
1
2
3
5
4
2
4
1
0
-2
-2
-3
-3
-2
-4
-2
0
1
-2
0
2
2
-1
0
3
-1
0
-3
-2
0
-2
-3
-1
-1
-2
0
2
1
1
5
3
6
4
6
5
6
8
2
3
2
3
-1
-2
1
-2
-1
4
0
1
2
3
1
0
2
-2
0
0
-4
0
-3
-5
-2
-5
-4
-5
-1
-3
-2
0
0
1
1
0
0
-1
-1
-3
-5
-1
-1
-2
-2
1
-3
-1
0
-2
-1
-1
-1
-3
-1
-1
-1
-4
-1
-3
-2
-2
-5
-7
-8
-2
0
-3
-1
0
-1
0
0
2
2
-1
0
3
4
2
3
-1
-1
2
0
1
1
0
2
0
0
1
1
4
3
5
3
5
3
2
2
2
2
3
2
2
3
2
2
0
3
1
1
1
1
1
-2
-1
0
-2
-3
-5
-4
-4
-2
2
1
-2
-3
-2
-2
2
1
0
0
-3
0
-1
-1
-3
-5
-1
-2
0
-1
-1
1
-2
-3
1
1
2
3
2
4
0
0
2
1
1
-1
-2
-3
-6
-1
0
-3
-2
-4
-4
0
3
0
-1
2
2
-1
-1
0
-2
-1
-2
-1
-2
-2
0
1
0
-1
-1
1
3
2
1
4
2
1
2
2
3
1
1
-1
2
2
0
1
4
0
1
-2
1
3
3
2
3
2
-1
2
1
1
2
3
-1
0
1
-1
0
-3
1
3
-2
0
-1
-1
0
-2
-1
-1
-1
-1
-1
0
1
-1
-4
-5
-1
2
3
2
2
-2
0
1
0
0
1
-2
2
-1
-4
0
-1
1
2
3
1
1
1
2
-1
-1
0
-1
0
0
0
0
-2
0
-1
0
-1
-3
1
-1
-2
-3
-1
-1
-2
4
2
-2
-2
-1
-3
-4
-1
-3
1
2
-3
-1
3
2
2
1
2
-1
1
2
1
1
0
2
3
2
2
-1
1
3
1
2
5
1
0
1
2
2
3
2
2
2
0
3
3
5
3
5
4
1
2
-1
0
1
0
-4
-1
1
-2
-1
-1
-1
-2
-2
-2
-1
-1
1
-1
-1
0
-1
0
0
-3
-4
-2
-3
-5
-4
-5
-6
-4
-6
-4
-3
-5
-4
-2
-3
-3
-1
-2
-2
0
-1
-2
-2
0
0
1
-1
-3
1
-1
1
-1
-1
-3
-1
0
0
1
0
1
4
1
1
-3
-1
-1
-3
1
1
3
6
5
2
6
3
4
4
4
6
5
4
-1
1
1
4
4
1
3
5
5
2
1
4
3
2
5
2
0
2
1
1
3
1
-2
-1
0
0
-2
0
-2
-2
-1
-4
-3
-5
-1
-5
-5
-2
-3
-3
-4
0
-2
-2
-1
-1
-3
-4
-6
-3
-4
-5
-7
-1
-3
-4
-2
-2
1
0
-2
-3
-1
1
2
-1
0
1
-1
1
2
5
2
-1
3
1
0
3
3
3
4
2
1
4
1
1
3
2
1
-2
0
-2
-2
-2
-1
0
0
1
-1
3
0
-2
2
0
1
3
2
0
1
0
0
-1
1
1
0
-4
-2
0
1
1
-1
0
2
4
3
2
1
0
1
0
-4
-4
0
-1
-3
-2
-3
-1
-2
-3
-3
-1
-2
-4
-1
-1
-2
-3
-3
-5
-6
-2
-2
-2
-2
0
0
-3
-1
-1
-1
0
2
0
1
0
2
1
0
-2
-3
0
0
-1
1
0
-3
-2
-2
-4
-2
-1
-1
0
-3
-1
-1
-1
0
0
0
1
1
1
0
3
4
2
2
3
1
5
3
3
3
4
5
4
2
3
5
2
5
4
3
3
5
4
7
7
3
4
4
3
4
2
1
0
2
1
1
-1
-2
-2
-2
-2
0
0
-1
1
-1
1
1
0
0
-3
0
1
-3
-1
-2
-1
0
-1
1
0
2
4
2
1
1
0
0
0
0
-2
1
-3
-3
-1
-2
0
-1
4
4
3
5
3
1
1
2
-2
-1
1
0
0
-4
-4
-5
-3
1
-2
-3
-3
-1
-1
-1
-2
0
-1
0
-3
-4
0
-2
-2
-1
-3
-5
-4
0
0
-1
1
1
2
0
1
-1
0
2
-2
-1
-2
-1
-1
-3
0
0
-2
3
2
3
2
4
2
2
0
1
3
0
1
0
1
-1
-1
-2
0
-2
-1
-1
0
0
0
-2
-3
-3
-2
-4
-4
-3
-4
-3
-3
-4
-6
-2
-3
-2
0
-2
1
2
1
2
-1
-1
2
1
1
-2
-2
0
0
-2
-1
-2
0
4
2
1
4
2
0
1
-2
1
1
-3
0
-3
-6
-4
-1
-2
-3
-1
-2
0
1
2
3
0
5
5
1
2
0
0
1
2
-1
-2
1
-2
-3
-1
0
1
2
0
0
1
1
3
1
2
1
-1
2
0
1
0
1
2
6
3
4
2
3
5
5
3
1
2
-1
2
1
0
0
0
-1
-1
-1
0
2
0
0
-1
0
-3
-1
-1
-3
-1
0
-2
-1
-1
-4
-4
-5
-5
-1
-2
0
2
0
2
0
0
3
1
1
3
0
1
3
1
-1
-1
0
0
3
1
-2
1
-1
1
4
1
-2
-1
1
-1
-1
-2
-2
1
-5
