SAMPLES:	15900
BITSPERSAMPLE:	16
CHANNELS:	1
SAMPLERATE:	16000
NORMALIZED:	FALSE
-5
-9
-12
-9
-4
-6
-4
-3
2
-5
-6
-9
-11
-9
-13
-13
-7
-6
-3
-2
1
-1
-5
-4
2
7
11
7
1
0
1
-4
-10
-9
-8
-7
-11
-13
-16
-21
-20
-12
-8
-5
0
1
1
5
1
3
1
4
5
2
3
-2
4
-2
-3
-6
-11
-5
-1
1
0
6
5
13
17
15
10
7
4
7
10
4
4
0
-2
0
4
-1
-5
-4
-6
-6
-1
-2
-2
2
5
2
-6
-5
-1
0
2
4
8
7
1
3
4
-2
-8
-4
-4
-8
-7
-10
-9
-7
-8
-7
-9
-9
-10
-12
-9
-6
-6
-2
0
3
5
0
-5
-5
-10
-8
-7
0
4
1
5
1
0
-3
-2
-6
-7
-1
6
13
11
12
9
0
0
-6
-10
-3
5
6
4
0
-8
-9
-9
-14
-10
-5
-1
6
6
2
2
4
7
11
14
8
8
9
9
7
-2
2
5
6
7
8
8
4
3
4
3
6
5
3
2
1
1
1
0
-1
3
0
0
-1
-1
2
2
1
-2
-3
-4
-3
-3
-2
0
2
-1
1
0
-2
1
2
4
8
7
2
2
2
5
2
-1
-3
0
0
2
2
-4
1
-1
-2
-5
-5
-5
-2
-2
-2
1
-1
1
5
8
2
-2
-3
0
3
3
0
-2
-3
-6
-5
-6
-4
0
6
8
8
6
-2
-3
0
3
5
7
6
3
1
1
0
-2
0
9
15
13
11
9
6
4
2
3
2
1
7
12
9
6
3
-1
1
2
0
-1
4
5
11
11
7
0
-5
-7
-10
1
3
6
12
13
8
2
-1
-4
-2
3
4
2
-2
-4
-4
-4
-4
-7
-7
-1
-3
-10
-14
-14
-13
-13
-9
-8
-5
-1
-3
-1
-4
-7
-9
-4
0
5
2
2
6
3
2
-3
-6
-9
-8
-6
-2
1
6
8
11
12
5
3
3
2
-2
-4
-4
-5
-7
0
1
1
2
1
1
3
1
1
-1
2
1
5
7
1
1
-3
-3
-2
-2
-4
1
3
-1
2
8
10
10
7
8
2
-3
-4
1
7
7
4
6
7
2
0
-4
-8
-8
-7
-3
2
0
3
4
3
9
4
2
2
-1
-2
-4
-10
-6
-6
-4
-4
-9
-13
-12
-7
-6
-8
-7
-2
-3
3
4
0
-1
0
-1
0
-7
-5
-7
-8
-2
-3
-1
-5
-4
-2
-3
-9
-7
-3
0
4
9
8
5
4
5
9
7
6
2
2
3
5
2
1
5
6
8
6
5
3
5
6
6
5
1
4
0
-4
-4
-3
-1
-3
2
-1
-2
-5
-4
-5
3
10
4
7
7
5
3
1
-3
2
3
1
5
0
-8
-8
-8
-2
-1
-1
1
-1
5
4
2
3
1
8
9
10
8
8
8
8
8
6
4
6
3
9
5
5
5
7
11
12
10
8
10
10
14
13
14
15
10
13
9
0
-4
-9
-13
-12
-11
-11
-9
-12
-8
-10
-6
-7
-3
-5
-8
-7
-2
-1
-1
1
-4
-7
-8
-9
-10
-7
-4
-6
-5
0
3
-2
-4
-3
-6
-4
-3
-1
-2
-8
-5
-2
0
2
0
-1
-1
-1
0
-4
-10
-9
-8
-9
-8
-9
-4
0
4
13
12
11
14
11
7
0
3
3
8
12
12
5
4
3
-2
-3
-5
-2
0
4
2
2
-1
-3
2
3
6
5
4
4
4
4
4
-1
-2
-4
-8
-5
-6
-6
-3
-4
-5
-7
-10
-4
-2
6
3
8
10
7
10
6
2
-8
-2
-3
-1
-2
-3
-7
-11
-13
-14
-13
-11
-11
-13
-6
-6
-4
-1
4
8
7
7
5
-1
-4
-3
-8
-4
0
5
8
6
4
-1
4
6
7
11
10
10
6
6
5
8
11
6
11
12
9
3
3
-1
-3
1
1
5
4
2
5
8
2
4
4
3
3
7
4
5
4
2
1
-4
-2
-6
-6
-2
2
0
-9
-7
-3
-4
-1
0
4
-2
-4
-7
-9
-8
-8
-10
-9
-6
-5
-7
-4
-5
-9
-9
-9
-8
-5
-4
-7
-3
-3
-3
-3
-2
-2
-8
-11
-11
-12
-12
-10
-10
-9
1
3
7
6
4
-1
-1
-2
-1
1
-3
0
1
1
0
-5
-5
-6
-10
-6
-7
-5
1
2
6
1
-1
-1
0
-2
-5
-2
0
-5
-5
-5
-5
-4
-5
-5
-2
2
4
6
10
9
6
6
4
7
9
9
9
5
8
4
1
-3
1
3
5
9
8
8
5
3
0
0
-2
-4
0
2
3
3
2
0
-4
0
-3
2
3
3
2
-1
2
1
3
3
3
2
3
12
10
7
4
4
0
0
3
0
-1
-3
-1
-2
-2
-8
-8
-10
-9
-4
-3
1
4
3
0
-2
1
-1
-3
2
-1
3
2
-1
1
-4
-5
-7
-7
-6
0
2
-1
0
-4
-2
-3
2
-1
1
2
3
0
-3
0
-7
-8
-3
-3
-4
-2
3
0
-3
-6
-5
-3
2
4
0
-1
-2
-3
-4
-7
-3
3
2
3
3
2
0
0
0
2
1
4
6
6
6
3
-1
1
3
3
-1
0
0
-2
3
0
-3
-7
-6
-12
-9
-6
-9
-10
-5
-4
-1
2
1
-3
-6
-5
-5
-6
-1
0
1
4
0
0
3
4
2
1
4
4
4
3
2
-1
-1
1
1
1
0
-2
-7
-2
0
-2
-4
-4
0
-4
2
2
-2
-3
-3
-4
-3
2
0
2
1
0
3
5
6
0
-1
-3
-1
4
4
-1
-2
0
-2
-2
-2
5
0
-4
-3
-4
-2
-6
-4
0
-4
-2
0
-4
0
-2
-3
2
-2
-2
4
3
6
4
4
3
1
6
2
0
4
3
9
8
6
6
3
2
-1
-2
-5
-10
-6
-5
2
3
3
3
-3
0
5
2
6
11
8
8
10
6
5
0
-2
-2
-3
-6
-5
-1
-3
-1
-2
0
-4
-4
-1
1
1
4
6
7
8
0
3
3
5
5
-2
-6
-6
-3
-6
-6
-8
-2
5
6
8
8
10
6
5
2
0
5
1
4
4
-1
5
-6
-4
-4
-12
-7
-11
-13
-14
-14
-6
1
5
2
2
-4
-6
1
-2
0
3
2
1
4
3
-5
-7
-8
-9
-1
-5
-5
-7
-11
-2
5
10
7
5
4
-3
0
-3
-3
-5
-9
-8
1
-1
-1
1
-5
-5
-13
-7
-8
-7
2
0
-3
3
7
5
9
9
3
3
0
0
8
5
-2
5
3
-5
-5
-2
-7
-5
-4
-8
-1
3
5
8
8
5
-3
-2
-4
-7
-6
0
-1
7
5
6
15
12
13
13
7
6
4
2
5
5
13
10
7
12
17
12
8
7
-5
-6
-8
-2
3
6
2
-2
-3
-10
-10
-8
-9
-8
-5
0
6
4
2
0
1
7
8
4
15
13
12
4
0
5
6
7
0
3
5
3
1
-3
1
-4
-12
-8
-5
-2
-7
-7
-7
-8
-8
-8
-3
-4
-1
-1
-2
-1
0
-3
-3
3
0
1
3
1
1
-6
-2
-1
-2
-1
-3
-3
4
4
3
7
2
-1
0
3
8
10
12
10
4
6
6
-2
1
-4
-3
-2
-5
-9
-9
-7
-13
-13
-11
-8
-4
-2
-4
-1
-9
-9
-4
-3
-4
-3
-3
0
3
10
7
4
2
-5
-2
-1
1
-1
-3
-3
1
5
4
-1
-6
-1
-2
1
3
7
5
3
4
2
1
1
2
0
-9
-12
-4
-3
1
3
3
5
6
4
4
6
0
-7
-8
-2
0
0
2
1
1
3
1
-3
-6
-9
-7
-2
5
7
10
8
0
2
3
-5
-4
-3
0
0
1
1
-3
-3
5
11
7
2
3
-3
-13
-6
-8
-7
-2
1
2
-1
-4
-2
-2
0
-1
-4
-3
-2
-2
1
1
8
8
5
10
12
16
9
8
6
7
12
12
11
7
10
3
2
6
2
2
-6
-3
0
-3
-1
-4
-2
-2
-3
-3
-2
1
0
1
3
3
1
0
-6
-5
-7
-7
-5
-6
-2
-2
1
-4
0
2
2
8
9
11
7
1
1
-2
-8
-4
-3
-2
0
-2
-4
-2
-8
-4
-3
-2
8
4
4
7
6
1
-3
1
4
5
6
0
-6
-2
-7
-1
3
-2
1
0
2
2
10
8
0
3
8
6
6
7
2
3
2
-1
-6
-5
-2
-1
0
-5
-8
-10
-9
-3
-4
-1
-7
-6
2
5
10
8
7
4
0
7
4
0
-3
-5
-1
1
5
5
2
-5
1
-1
-4
-6
-8
-8
-11
-6
-1
1
3
1
0
0
-4
-4
-2
-3
-3
0
-2
-5
-6
-4
-2
-3
0
-2
0
3
4
7
9
8
13
8
7
3
2
2
-1
-1
-1
-1
-4
-6
-5
-2
-2
2
0
2
-5
-5
-4
-4
-2
6
5
6
5
3
3
3
6
2
7
2
6
5
5
2
-1
5
2
-3
-2
-2
-3
0
-5
-2
0
0
0
-1
-1
1
2
2
4
2
-6
-8
-8
-11
-10
-4
-5
0
-1
0
1
1
1
2
6
-1
2
-2
-2
0
1
0
3
3
-1
-1
-3
-1
-2
0
3
10
4
2
-1
0
-3
-3
2
1
1
3
2
-3
0
-2
-1
0
2
-1
-6
-8
-10
-9
-13
-9
-6
-4
-6
-5
-4
-8
-6
-6
-6
2
3
-3
-4
-3
-1
-1
0
0
-4
-6
-2
-5
-6
-5
-2
0
-2
-7
-2
-3
-1
0
-3
0
2
2
1
5
-2
2
1
-2
1
5
7
4
6
6
6
10
7
7
5
1
5
3
6
5
6
5
-2
0
2
-4
-4
0
-3
-2
-4
-5
-7
-6
-4
0
4
1
0
-3
-8
-7
-7
-4
1
2
5
3
0
1
0
-1
2
2
6
3
4
-1
-2
-2
-1
-1
-3
-2
-5
-1
-3
1
3
2
0
4
5
-2
-4
0
1
0
3
5
2
2
3
2
-2
-1
-1
-6
-10
-6
0
2
3
3
4
5
-1
-2
-2
-6
-5
-1
-3
-2
0
-3
-10
-10
-5
-5
-1
-7
-2
1
1
-1
-4
-3
-5
-1
1
5
2
0
1
-3
-2
3
-1
0
-1
1
0
0
3
2
1
0
-6
-9
-6
-8
-5
-2
-3
4
5
-1
-6
-1
7
-2
-4
-2
2
1
3
4
0
2
2
-2
-1
0
3
5
7
9
4
5
4
7
4
0
6
4
6
5
0
-6
-6
-5
0
0
3
3
-1
-3
-4
-2
2
-1
2
5
6
8
7
3
2
1
0
5
3
6
6
5
5
2
-5
-2
-6
-7
-4
-2
0
2
0
-1
3
4
2
4
6
8
10
8
2
2
-1
-5
-2
-6
-8
0
1
2
-2
-7
-5
-5
-7
-3
0
0
2
1
-3
-4
-5
-3
-2
-6
-7
-4
1
0
-3
0
1
1
1
2
2
1
2
4
2
2
2
7
8
3
4
2
0
-2
-5
-2
-5
-2
0
-3
3
0
0
3
2
1
-5
-3
0
0
-2
0
0
1
3
1
6
5
9
3
3
6
1
3
3
0
0
-4
-1
1
-2
-1
0
4
-1
3
6
3
4
6
2
0
0
-1
4
4
-1
-6
-6
-4
-2
0
4
3
-1
3
7
6
8
9
6
9
12
6
7
4
0
-4
-6
-6
-4
-2
-1
-1
-1
-2
-1
-5
-7
-5
-6
-3
-2
8
8
9
6
11
11
10
11
7
2
-2
-2
-2
-3
-2
1
-2
-2
0
3
0
-1
5
7
4
3
6
5
4
6
5
2
-1
-8
-7
-8
-12
-9
-4
-7
-8
-8
-9
-5
-3
-1
-2
3
1
3
2
1
2
0
1
2
4
5
0
0
2
1
3
4
-2
-4
-5
-9
-13
-9
-10
-8
-9
-7
-5
-1
3
2
5
7
12
3
1
-2
-10
-6
-3
1
5
7
4
3
-2
-5
-8
-4
-2
-2
-3
1
2
4
5
7
5
-1
1
-3
-7
-9
-13
-11
-12
-12
-8
-2
0
0
-2
-2
-1
-2
4
5
4
6
3
0
5
5
4
6
4
2
0
-4
-3
-1
-4
3
5
1
-3
1
4
5
4
4
5
2
-1
-1
-1
0
2
-2
-2
-2
-4
-4
-3
-5
-1
-4
-3
2
1
-1
1
0
-4
-3
1
1
-4
-2
-4
-3
-1
1
1
-3
-4
-10
-6
-3
-4
-2
-3
-3
-2
-1
0
-4
-3
0
-2
2
-1
2
4
1
8
7
2
4
2
-3
-1
0
1
-1
-4
-2
-7
-4
-1
-4
-2
-3
3
5
2
2
1
2
5
6
9
7
3
1
-4
-7
-7
-5
-2
2
-1
-4
-2
-2
0
-5
-4
-2
-3
-2
1
-1
-3
0
0
1
1
-3
-5
-6
-5
-4
-3
-4
-4
-1
-2
-6
-3
-2
1
1
2
4
5
6
4
7
6
6
5
8
4
0
1
2
1
0
-1
0
1
1
2
-3
-2
-4
1
0
0
0
2
4
5
4
2
1
-4
0
-4
-5
-1
-1
-2
-3
3
3
5
4
1
3
3
5
4
4
6
1
0
-2
-1
-2
3
-1
-4
-5
-4
-4
-10
-10
-6
-3
-1
-1
-1
-5
-7
-6
-7
-6
-7
0
5
2
3
-2
0
0
-4
0
2
-2
-1
5
2
0
0
3
3
7
6
5
6
3
4
7
3
0
0
0
3
7
3
3
-2
0
-3
-2
0
1
4
1
1
0
0
1
2
0
-1
4
6
4
5
8
9
9
12
12
11
7
6
1
0
0
3
-2
-4
-2
-1
2
-4
-2
-2
-8
-4
-3
-5
-5
-2
-2
-1
0
0
-1
-4
0
2
-2
-2
-2
3
-3
-5
-8
-10
-7
-6
0
-2
-1
-2
-3
-1
3
3
5
6
7
6
5
4
-2
2
-1
0
0
-3
0
5
0
-2
-2
-4
-5
-2
6
5
10
6
5
3
1
5
1
-3
-4
1
1
-2
1
0
-4
-3
0
4
2
1
1
1
3
2
4
3
3
7
3
-1
3
3
0
0
-1
-4
-8
-8
-3
1
0
0
0
-5
-1
-1
0
0
5
6
1
7
8
10
6
2
3
4
0
2
0
-7
-7
-8
-10
-10
-10
-8
-10
-10
-7
-6
-3
-1
3
0
5
7
1
0
-2
-4
-7
-10
-6
-8
-11
-13
-13
-13
-16
-11
-10
-9
-12
-8
-5
-2
3
8
10
9
14
9
12
10
9
7
5
3
0
1
-4
-3
-6
-3
-4
-4
1
2
3
5
3
2
6
3
8
7
9
7
6
4
6
3
1
2
-2
-3
0
-1
-4
2
0
-2
-1
3
-3
1
5
4
7
7
9
12
9
7
0
1
-7
-12
-11
-12
-8
-7
-5
-3
-3
3
7
13
7
7
15
14
12
8
9
5
7
7
5
2
-2
-4
0
-5
-8
-10
-8
-1
2
3
4
-1
1
6
8
6
6
7
9
6
3
0
1
-1
-11
-11
-19
-15
-16
-16
-14
-12
-7
-5
-7
-7
-8
-5
-2
-2
3
1
4
4
6
4
0
1
0
-1
-4
-7
-8
-13
-10
-13
-16
-9
-8
-9
-7
-3
-5
3
6
3
2
5
4
6
3
1
-1
0
-2
-3
-1
-4
-6
-8
-7
-4
-1
-5
-1
1
6
6
4
7
9
8
9
11
4
2
7
4
7
10
14
14
7
4
3
5
2
4
9
11
10
13
11
15
17
11
9
9
9
5
3
-4
-9
-9
-6
-9
-8
-7
-4
0
-4
-4
1
3
3
2
2
-1
-4
2
0
-4
-7
-12
-10
-14
-12
-11
-12
-11
-18
-22
-20
-19
-18
-20
-19
-14
-18
-15
-15
-10
-12
-11
-11
-9
-10
-11
-16
-23
-25
-28
-23
-24
-30
-28
-23
-27
-30
-29
-27
-26
-25
-24
-23
-20
-19
-13
-13
-11
-9
-12
-8
-6
-7
-3
0
-4
-4
-7
-8
-9
-11
-6
-7
-8
-8
-11
-11
-13
-13
-16
-16
-17
-15
-13
-7
-1
2
4
10
13
16
19
24
29
33
41
51
59
65
70
70
74
78
88
93
95
102
102
103
105
105
107
105
101
105
102
101
94
91
88
82
86
81
79
80
74
70
64
63
63
57
53
50
45
41
40
37
30
26
21
16
15
11
9
9
3
6
5
2
-3
-13
-17
-26
-30
-40
-44
-46
-54
-56
-57
-62
-62
-59
-52
-52
-52
-44
-49
-43
-50
-52
-50
-56
-60
-68
-70
-69
-75
-75
-68
-71
-70
-73
-72
-80
-82
-86
-90
-90
-92
-93
-95
-97
-94
-89
-90
-86
-88
-88
-81
-78
-71
-73
-74
-72
-70
-71
-73
-68
-62
-57
-55
-48
-48
-50
-49
-50
-51
-50
-51
-55
-50
-53
-50
-51
-52
-54
-53
-53
-52
-52
-50
-44
-45
-43
-42
-39
-37
-40
-35
-30
-27
-18
-14
-10
-9
-8
-4
0
-3
1
2
9
3
1
4
-1
0
1
5
9
11
14
17
16
17
19
25
24
20
22
25
19
20
22
25
25
28
28
26
23
21
20
25
29
29
30
29
37
34
34
31
31
36
29
33
34
32
27
23
19
24
24
20
21
18
20
24
26
27
26
25
24
21
23
25
36
39
44
40
42
40
41
38
35
36
33
33
25
25
18
17
16
15
13
15
16
17
27
22
18
18
23
20
26
26
27
27
26
28
24
27
29
33
35
41
39
34
26
9
3
6
7
14
24
27
32
31
27
15
6
5
10
19
22
24
21
23
15
12
3
1
2
11
20
33
36
32
32
27
19
14
10
8
13
18
28
29
26
23
25
20
15
23
27
33
37
35
35
33
32
33
31
28
24
22
24
23
25
28
22
18
13
9
8
7
6
5
16
23
24
21
8
1
1
5
4
-2
-5
-7
-8
-5
1
2
0
-8
-9
-7
-2
2
4
6
13
13
6
6
6
11
12
12
7
1
4
7
2
-9
-20
-19
-10
-3
4
-6
-9
-3
3
-1
-14
-23
-32
-36
-28
-24
-16
-12
-17
-17
-13
-10
-25
-35
-32
-27
-27
-27
-33
-26
-24
-20
-23
-28
-30
-33
-32
-25
-26
-29
-22
-26
-26
-27
-30
-34
-37
-25
-6
10
22
24
15
3
-7
-16
-29
-39
-40
-23
2
9
15
21
24
23
13
4
-4
-4
7
9
13
10
10
6
-9
-14
-16
-9
-10
-6
2
5
2
-14
-31
-40
-49
-47
-42
-37
-28
-27
-40
-44
-47
-48
-49
-48
-44
-37
-18
-6
-5
-11
-23
-30
-30
-30
-29
-23
-9
-2
0
-5
-13
-14
-18
-25
-30
-20
-6
11
15
11
16
13
12
14
13
12
21
25
19
8
4
22
22
15
12
6
8
16
18
18
15
17
9
-1
1
7
23
18
17
5
3
8
13
10
7
10
10
13
11
7
-2
0
-6
-9
-6
2
12
18
18
14
-3
-17
-17
-11
-4
-15
-24
-52
-52
-37
-20
-13
-24
-36
-37
-34
-27
-31
-34
-33
-43
-35
-33
-31
-32
-28
-34
-45
-54
-40
-33
-26
-21
-15
-12
-12
-17
-24
-8
-11
-12
-16
-2
3
12
6
-7
-24
-31
-40
-55
-48
-41
-20
-20
-19
-31
-23
-21
-17
-33
-28
-26
-22
-12
2
4
-6
-15
-18
-17
-25
-18
-23
-2
3
-5
-32
-37
-40
-42
-39
-30
-34
-34
-26
-28
-24
-14
-14
-29
-34
-16
1
10
18
12
20
28
32
22
34
46
49
42
44
57
69
75
71
50
45
46
38
45
53
82
77
77
74
64
61
50
27
19
30
52
55
52
39
28
31
43
32
8
9
12
16
20
36
44
57
62
50
32
30
26
20
8
0
-15
-28
-35
-26
-14
-20
-55
-84
-68
-32
2
-7
-19
-30
-26
-23
-26
-33
-53
-61
-64
-55
-46
-50
-47
-39
-24
-11
-24
-30
-23
-4
5
-12
-31
-42
-34
-10
2
0
-11
-16
7
14
7
-14
-25
-12
11
23
12
-8
-23
-30
-18
-8
-15
-43
-61
-57
-38
-24
-12
-15
-25
-10
-18
-9
-22
-12
-20
-18
-14
-14
2
31
40
29
4
-6
-3
17
49
51
38
39
50
54
72
75
76
59
66
67
77
92
93
84
78
73
65
64
82
78
61
54
55
59
50
62
43
38
19
34
46
52
55
44
53
57
53
52
60
93
94
71
39
22
24
39
53
40
22
-14
-28
-31
-29
-26
-19
-9
0
-2
-11
-49
-70
-80
-69
-52
-49
-49
-53
-44
-23
-24
-51
-76
-101
-83
-71
-48
-58
-57
-50
-59
-62
-74
-56
-34
-24
-37
-90
-82
-70
-36
-46
-84
-121
-156
-137
-110
-96
-104
-145
-140
-124
-83
-95
-126
-116
-131
-121
-153
-122
-116
-80
-45
-26
-24
-34
-25
-9
17
36
5
2
10
44
40
25
42
32
88
75
80
20
29
68
82
92
74
82
80
104
110
94
107
116
115
125
149
170
143
155
136
150
153
166
192
188
228
190
177
181
224
249
232
205
185
174
215
201
204
183
205
208
187
190
168
174
172
168
162
169
182
159
120
125
124
153
148
165
148
144
120
96
74
111
153
178
170
139
119
98
126
128
79
62
57
68
41
16
36
22
-11
-74
-151
-203
-218
-214
-214
-241
-270
-357
-396
-401
-399
-449
-504
-549
-601
-613
-574
-573
-632
-680
-691
-688
-696
-687
-699
-689
-637
-611
-646
-649
-599
-556
-560
-558
-540
-514
-450
-402
-387
-388
-338
-281
-233
-208
-175
-172
-129
-70
-32
-26
-5
49
78
114
141
169
165
220
261
293
294
325
347
379
424
440
431
434
491
528
564
567
572
576
617
639
626
595
590
619
640
652
634
631
636
666
658
647
636
658
695
715
721
700
696
698
710
716
695
677
675
663
658
610
597
569
551
540
519
492
461
507
521
549
485
474
480
592
647
647
600
619
669
720
745
721
695
704
681
690
645
461
68
-311
-478
-667
-1068
-1529
-1898
-2096
-2244
-2464
-2686
-2995
-3021
-3097
-3153
-3207
-3161
-3096
-3056
-2890
-2663
-2618
-2529
-2337
-2050
-1832
-1665
-1417
-1206
-875
-515
-234
-60
131
357
568
751
904
936
922
1040
1193
1233
1157
1075
1096
1074
1050
925
777
677
614
590
447
274
165
95
59
-27
-140
-232
-247
-148
-147
-167
-139
-30
60
142
237
343
400
497
606
690
789
848
896
937
1011
1037
970
891
888
858
830
735
674
590
554
549
463
382
330
333
326
292
273
272
329
407
420
419
458
557
616
662
739
839
951
1049
1138
1163
1191
1192
1204
1246
1314
1372
1357
1322
1292
1336
1356
1376
1256
1153
1047
1037
990
910
823
780
729
748
699
698
731
764
795
672
707
433
115
-419
-707
-1097
-1596
-2124
-2505
-2773
-2996
-3245
-3516
-3743
-3810
-3752
-3831
-3874
-3802
-3653
-3561
-3404
-3202
-2989
-2885
-2653
-2357
-2062
-1773
-1493
-1182
-868
-501
-205
6
200
417
613
745
817
848
886
999
1072
1060
983
974
972
959
878
703
562
479
426
315
165
96
7
-47
-90
-147
-203
-241
-210
-198
-210
-140
-74
10
139
256
344
385
508
626
748
845
951
941
998
1058
1098
1036
927
880
811
753
652
520
438
402
359
290
189
197
187
220
208
208
218
263
336
377
426
482
575
661
754
841
905
967
1060
1140
1212
1264
1334
1365
1407
1468
1473
1430
1348
1380
1374
1341
1255
1189
1123
1081
1030
934
861
785
730
585
504
496
437
327
248
281
304
251
244
231
309
305
363
292
69
-276
-719
-1001
-1311
-1536
-1925
-2324
-2613
-2711
-2870
-3067
-3294
-3296
-3355
-3384
-3370
-3275
-3133
-3036
-2835
-2687
-2502
-2334
-2131
-1996
-1693
-1386
-1120
-993
-751
-373
-117
55
146
261
386
528
637
577
582
650
756
718
677
646
620
590
522
418
308
235
191
103
2
-28
-90
-91
-175
-174
-253
-239
-216
-157
-141
-101
5
84
222
348
488
533
628
717
818
890
966
954
945
969
1025
973
843
747
686
679
587
475
390
368
402
379
328
289
361
432
450
450
509
587
699
777
858
922
1032
1160
1260
1376
1442
1521
1564
1638
1654
1694
1714
1739
1725
1690
1648
1550
1483
1443
1428
1418
1363
1316
1316
1359
1416
1403
1405
1439
1454
1537
1650
1897
1999
1715
1283
753
377
-268
-1093
-1906
-2769
-3397
-4002
-4559
-4934
-5316
-5490
-5786
-5946
-5752
-5557
-5303
-5169
-4826
-4306
-3834
-3466
-3106
-2661
-2042
-1554
-1213
-950
-535
93
465
668
817
1058
1299
1422
1439
1402
1347
1413
1366
1286
1235
1208
1130
962
873
725
556
323
119
-57
-236
-310
-469
-550
-644
-555
-465
-468
-449
-375
-166
-36
159
328
536
759
1015
1207
1288
1391
1489
1533
1508
1444
1365
1302
1220
1085
843
666
473
325
104
-135
-282
-415
-479
-572
-620
-601
-545
-463
-379
-313
-167
-22
115
241
420
628
790
954
1096
1267
1424
1546
1598
1655
1728
1824
1829
1832
1825
1845
1838
1776
1654
1510
1389
1266
1146
1028
989
928
805
708
713
775
721
600
554
611
766
890
996
1040
1176
1363
1513
1636
1761
2057
2132
2429
2650
3194
2918
2026
1006
68
-412
-1625
-2590
-3802
-4710
-5479
-6107
-6591
-6976
-7256
-7220
-7208
-7130
-6672
-6072
-5344
-4865
-4133
-3306
-2625
-2139
-1493
-854
-152
228
598
808
1090
1623
1772
1801
1500
1590
1645
1510
1300
1036
1047
988
967
817
678
609
481
266
-35
-234
-407
-630
-807
-972
-996
-1024
-997
-949
-869
-576
-397
-174
-25
319
714
990
1237
1415
1707
1933
1982
2021
1935
2016
1920
1778
1572
1348
1233
948
686
327
64
-214
-431
-596
-751
-814
-822
-817
-740
-620
-384
-211
-17
207
441
700
890
1133
1314
1522
1671
1813
1936
1987
2122
2174
2226
2174
2172
2176
2111
2033
1875
1749
1553
1457
1369
1212
969
769
696
648
530
487
561
647
778
948
1203
1373
1573
1764
1981
2124
2350
2677
2964
3267
3279
3129
2638
2020
1189
52
-1368
-2637
-3967
-5115
-6298
-7224
-7965
-8624
-8873
-8959
-8762
-8440
-7805
-7021
-6049
-5100
-3949
-2938
-1995
-1097
-283
439
805
1122
1342
1547
1637
1557
1374
1199
1026
917
713
432
262
138
206
166
227
278
376
442
446
379
195
-19
-215
-347
-540
-741
-855
-878
-798
-690
-459
-244
-16
203
469
835
1177
1456
1678
1888
2118
2153
2145
2006
1891
1769
1535
1256
895
694
471
219
-68
-362
-533
-751
-885
-1058
-1051
-989
-884
-796
-618
-363
-77
194
489
780
1104
1370
1597
1756
1955
2149
2233
2290
2249
2273
2249
2176
2044
1897
1795
1663
1492
1351
1211
1145
985
858
844
877
955
887
903
942
1048
1243
1357
1450
1527
1713
1964
2151
2336
2455
2646
2729
2899
2965
3096
3121
3221
3179
2909
2376
1895
1327
236
-1126
-2742
-4192
-5818
-7144
-8263
-9187
-9997
-10471
-10486
-10072
-9380
-8465
-7296
-5999
-4583
-3075
-1592
-236
758
1667
2294
2641
2687
2441
2104
1620
1059
476
-316
-829
-1332
-1441
-1600
-1729
-1612
-1344
-828
-485
-63
430
715
1026
1080
1221
1061
787
532
139
-74
-444
-529
-709
-636
-512
-308
-3
222
604
954
1397
1727
1858
2073
2161
2277
2167
1981
1739
1324
1124
716
445
37
-247
-476
-755
-851
-1040
-1021
-1091
-1081
-1041
-933
-680
-437
-106
190
470
830
1098
1473
1725
1963
2129
2195
2266
2186
2242
2108
2000
1798
1597
1420
1192
1039
827
734
676
656
660
690
863
1059
1246
1401
1588
1802
1960
2066
2060
2027
2090
2084
1959
1873
1934
2027
2001
1984
2049
2298
2669
2809
2840
2831
3154
3301
3263
2969
2561
2015
1360
495
-809
-2356
-4357
-6165
-7868
-9097
-10246
-11115
-11540
-11459
-10932
-9942
-8457
-6807
-5062
-3346
-1473
225
1648
2631
3220
3499
3385
2809
1828
759
-254
-1246
-2236
-3130
-3808
-3939
-3763
-3302
-2764
-1951
-992
-21
910
1713
2390
2713
2787
2622
2315
1766
1110
352
-355
-981
-1382
-1656
-1688
-1565
-1203
-702
-119
556
1005
1615
2090
2539
2607
2508
2426
2348
2075
1573
1081
753
559
190
-212
-494
-499
-501
-637
-769
-712
-607
-554
-615
-662
-538
-394
-195
-103
182
567
955
1223
1423
1849
2181
2383
2332
2285
2264
2154
1899
1476
1157
907
659
397
207
191
274
461
676
957
1341
1744
2127
2351
2485
2591
2676
2621
2461
2304
2090
1821
1541
1385
1314
1311
1331
1379
1599
1902
2297
2548
2906
3199
3432
3590
3697
3547
3143
2786
2406
1700
524
-448
-1723
-3033
-5333
-7409
-9020
-9879
-10496
-11610
-11777
-11340
-9910
-8777
-7180
-5248
-2977
-1028
473
1790
2877
3760
3760
3090
2074
1066
-37
-1453
-3007
-4035
-4625
-4687
-4937
-4638
-3646
-2272
-828
47
1313
2424
3479
3752
3610
3474
2999
2270
1175
165
-681
-1394
-1894
-2333
-2375
-2003
-1447
-769
-293
627
1350
2163
2382
2495
2545
2528
2406
1839
1445
1093
841
533
358
226
189
177
257
114
29
-69
-73
-204
-505
-768
-906
-836
-940
-925
-794
-356
79
494
969
1443
1927
2178
2305
2300
2249
2084
1804
1395
1032
717
558
351
212
241
440
685
824
1107
1467
1830
2079
2240
2407
2594
2645
2529
2263
2145
2081
1955
1698
1439
1340
1329
1266
1243
1428
1779
2013
2079
2250
2613
3043
3163
3183
3199
3434
3255
3135
2824
2629
2250
1744
1397
473
-650
-2229
-3500
-5910
-8072
-10210
-10946
-11592
-12578
-12629
-11918
-9635
-8100
-6155
-3823
-920
1262
2579
3615
4447
4625
3758
2227
547
-1180
-2775
-4325
-5647
-6363
-6405
-5534
-4771
-3529
-1878
228
2008
2843
3828
4330
4774
4019
2985
2034
947
-131
-1533
-2257
-2594
-2656
-2544
-2229
-1322
-477
452
1178
1737
2220
2488
2662
2208
1732
1391
1261
907
549
453
655
937
1093
1156
1325
1433
1315
941
567
130
-548
-993
-1468
-1743
-1965
-1886
-1577
-1199
-605
-3
676
1255
1800
2277
2571
2546
2333
2045
1699
1234
739
387
195
42
16
174
499
840
1089
1400
1639
1830
1887
1944
1984
1963
1943
1975
2011
2052
2091
2199
2362
2412
2444
2357
2350
2043
1745
1633
1573
1404
1174
1172
1402
1649
1998
2253
2802
3574
4216
4462
4462
4365
4514
4359
3569
2386
1191
380
-1242
-3325
-5672
-7919
-10236
-11895
-12945
-13043
-13320
-12529
-11097
-8820
-6207
-3956
-1260
975
2859
3748
4277
4195
3348
1871
152
-1652
-3470
-4991
-5987
-6346
-6218
-5662
-4419
-3005
-1419
232
1781
2988
3450
3726
3590
3122
2364
1247
508
-427
-1034
-1510
-1492
-1266
-1245
-839
-274
324
508
591
779
858
849
643
494
477
531
739
1013
1502
1868
2281
2583
2772
2669
2440
2093
1304
393
-440
-1180
-1814
-2380
-2580
-2480
-2168
-1653
-1110
-241
388
976
1375
1701
1898
1871
1926
1657
1389
999
851
715
652
613
698
918
1007
1080
1151
1292
1236
1077
1012
969
947
996
1101
1398
1726
2147
2520
2898
3199
3229
3118
2931
2795
2456
1994
1518
1133
1078
1074
1059
1140
1607
2039
2158
2407
2732
3260
3505
3641
3786
3805
3785
3754
3296
3303
3000
2611
1787
414
-688
-2919
-4365
-7900
-10798
-13158
-13803
-13976
-14901
-13944
-12084
-8583
-6009
-2942
-42
3101
5049
5588
5404
4803
3695
1342
-1401
-3677
-5602
-6789
-7544
-7798
-6812
-5427
-3098
-1696
73
1849
3335
4207
3600
3460
2689
2128
874
-194
-616
-1028
-970
-1108
-676
-55
406
666
540
588
510
272
-284
-900
-971
-860
-384
-263
445
1425
2568
3391
3650
4041
3957
3629
2786
1669
444
-677
-1669
-2502
-3137
-3140
-2920
-2377
-1734
-901
220
1027
1579
1691
1968
2043
1714
1213
813
722
716
538
478
667
976
1234
1246
1304
1304
1374
1190
939
781
822
847
887
967
1217
1677
1905
2133
2340
2692
2934
2928
2749
2401
2152
1896
1839
1860
1690
1614
1560
1858
2127
2377
2625
2592
2536
2448
2449
2519
2329
2336
2586
3131
3505
3616
3960
4354
4576
3770
3059
2179
1035
-1042
-3968
-6802
-10357
-13206
-15286
-15789
-15692
-15332
-13501
-10476
-6491
-3057
54
3103
5362
6428
6026
5081
3537
1243
-1470
-4124
-6027
-7362
-7733
-7559
-6642
-5138
-3234
-1244
119
1374
2478
3154
2996
2193
1670
1270
848
319
74
339
515
785
967
1131
1077
469
-13
-820
-1250
-1945
-2197
-2262
-2133
-1360
-353
1049
2045
3043
4042
4692
4679
4207
3466
2709
1450
259
-869
-1759
-2265
-2516
-2364
-2156
-1615
-1233
-582
-142
416
703
869
936
542
793
803
991
978
1151
1681
1822
1871
1729
1622
1334
830
364
10
-158
-199
-47
406
946
1518
1944
2448
2714
2950
2945
2751
2444
2124
2045
1812
1647
1371
1440
1726
2099
2328
2357
2452
2597
2737
2602
2437
2361
2096
1846
1493
1645
2118
2420
2933
3486
4098
4513
4544
4471
4357
4115
3125
1675
426
-884
-2508
-5548
-8086
-11204
-13289
-14853
-14984
-13864
-13162
-11295
-8839
-4853
-1517
965
2881
4622
5375
4613
3191
1766
-129
-2588
-4696
-5997
-6610
-6775
-6343
-5393
-3892
-2488
-1061
-96
722
1503
1924
2244
1548
1547
1444
1671
1702
1571
1819
1692
1499
922
396
-113
-1179
-2101
-2671
-2801
-2740
-2561
-1642
-698
715
1767
2997
3873
4421
4560
4129
3730
2873
2106
884
-1
-619
-1095
-1485
-1827
-1684
-1361
-1037
-798
-710
-325
-183
-210
11
182
606
435
656
1090
1508
1705
1467
1621
1652
1493
1087
590
329
175
58
-28
151
568
1002
1382
1796
2134
2279
2325
2074
1901
1771
1609
1455
1397
1741
2191
2533
2708
2636
2679
2770
2703
2444
2002
1806
1581
1492
1557
1756
1898
2218
2501
2830
3025
3117
3199
3696
3839
3789
3801
3760
3984
3444
2878
2553
1412
-347
-2242
-4581
-6504
-10727
-13611
-15632
-15588
-14893
-14505
-11883
-8563
-4619
-1413
1779
4647
6062
5850
4932
3286
1362
-1138
-3697
-5678
-6851
-7215
-6596
-5979
-4814
-3376
-1693
-435
-90
384
768
1008
1010
669
1378
1779
2086
2384
2871
3487
2955
2321
1062
90
-1138
-2426
-3504
-4219
-4104
-3592
-2577
-1266
140
1878
3183
4236
4700
4724
4533
3740
2870
1886
1195
458
-254
-497
-474
-392
-505
-851
-1181
-1325
-1301
-1544
-1783
-1832
-1287
-606
203
920
1870
2682
2871
2910
2623
2309
1514
420
-303
-720
-973
-1111
-956
-248
461
1209
1828
2253
2557
2579
2390
2022
1557
1255
977
900
1075
1569
2147
2562
2890
3237
3449
3241
2722
2114
1758
1514
1232
1035
1327
1695
2312
2831
3003
3267
3228
3192
2733
2323
2203
2407
2607
3068
3866
4398
4785
4510
4130
3060
1639
-132
-2412
-5513
-8748
-12510
-14804
-16171
-15924
-14662
-12807
-9693
-6144
-2234
1070
3575
5263
5670
4780
3186
1187
-717
-2877
-4689
-5859
-6074
-5751
-5015
-4380
-3315
-2450
-1765
-1644
-1622
-1151
-717
-285
324
1279
2611
3554
4139
4656
4578
4152
2618
1175
-639
-2267
-3641
-4449
-4556
-4419
-3396
-2196
-457
921
2275
3304
3737
3805
3473
3067
2657
2072
1813
1542
1500
1442
1338
1139
490
-115
-1055
-1701
-2551
-3030
-3098
-2880
-2224
-1221
171
1515
2262
2889
3158
3343
2745
1657
781
-46
-555
-1042
-931
-574
-91
270
848
1446
1875
1976
1780
1613
1448
1333
1293
1087
1209
1464
1897
2275
2406
2683
2671
2655
2372
2210
2101
1807
1666
1564
1836
2254
2493
2513
2523
2818
2939
2637
2169
1865
1980
1742
1559
1916
3011
4144
4698
4971
4846
4830
4516
4020
2650
837
-827
-2878
-5507
-8459
-11762
-13868
-15728
-15418
-14223
-12409
-9710
-6471
-2590
53
2448
4396
5100
4153
2682
1434
101
-2160
-3795
-4738
-4993
-5232
-4906
-4350
-3883
-3632
-3098
-2692
-2408
-1678
-799
131
1024
2364
3895
4801
5020
4805
4216
3496
1858
266
-1687
-3089
-3857
-4267
-4189
-3649
-2363
-1187
-64
970
1976
2664
2679
2432
2337
2657
2799
2532
2657
2813
2838
2434
1693
1047
37
-954
-2047
-2791
-3241
-3380
-2886
-2313
-1424
-319
907
1689
2101
2630
2748
2398
1674
1313
901
454
34
-67
206
138
210
323
303
341
264
370
541
734
1306
1609
2000
2285
2669
2841
2646
2399
2212
1978
1547
1356
1466
1684
1879
2083
2371
2674
2866
2777
2505
2194
1611
1300
998
1258
1687
2097
2452
2496
2969
3302
3738
4046
3894
3989
4031
4173
4264
3642
2586
1536
276
-1016
-2638
-5243
-7504
-10991
-14093
-15472
-15217
-13172
-11848
-9678
-5989
-2266
1008
2782
4095
4785
3649
2093
95
-1065
-2388
-3897
-4838
-4962
-4432
-3781
-3668
-3627
-3342
-3272
-2965
-2981
-2429
-1309
-7
1618
2912
4275
5575
5607
5128
3827
2857
1294
-964
-2523
-3662
-3861
-3791
-3271
-2174
-1361
-320
588
1310
1635
1654
1745
1693
1778
1956
2607
2971
3220
3279
3211
2813
1928
802
-498
-1815
-2618
-3142
-3271
-3104
-2599
-1557
-554
569
1147
1599
1736
1841
1777
1648
1517
1417
1422
1179
934
806
808
593
117
-377
-534
-727
-668
-479
185
943
1645
2272
2851
3230
3262
3015
2530
2013
1515
1236
993
1019
1325
1871
2165
2345
2523
2674
2481
2096
1844
1745
1743
1747
1858
2023
2283
2475
2786
2790
2646
2398
2464
2432
2316
2647
3218
3895
3550
3138
3158
3065
2109
294
-1546
-3269
-6117
-8386
-11453
-13870
-15234
-14024
-11677
-10108
-7983
-4572
-1432
92
1256
2654
3122
1504
107
-441
-373
-1655
-2094
-2774
-2741
-3325
-3284
-3241
-4304
-4293
-4540
-3816
-3681
-2165
-137
1236
2238
3483
4655
5422
4477
3649
2325
1080
53
-1176
-1351
-2325
-2186
-2186
-1562
-1264
-987
-532
-601
-374
-135
609
1201
1664
2347
3121
3710
3890
3604
3532
2703
1750
506
-328
-1009
-1971
-2197
-2354
-1881
-1740
-1471
-887
-424
23
182
455
900
1253
1761
2122
2237
2159
1869
1541
874
430
115
-92
-439
-701
-439
-21
528
858
1349
1817
2101
2131
2056
1997
1862
1673
1588
1744
1983
2178
2219
2314
2446
2573
2547
2298
1979
1589
1340
1099
1035
1227
1945
2004
1835
1839
2517
2968
2619
2362
2443
2963
2895
3195
3562
4551
4827
4687
3952
2927
1919
812
-951
-3172
-4618
-5991
-8058
-11827
-14061
-14382
-12699
-11169
-9854
-7472
-4543
-1899
-473
1012
2354
2498
1468
109
-421
-416
-831
-1663
-2855
-3034
-3219
-3453
-3826
-4384
-4338
-4359
-3687
-2974
-1564
395
1662
2670
3312
4175
4566
3973
2927
1586
930
429
-406
-1116
-1610
-1481
-1560
-1515
-1383
-1231
-1147
-1201
-1020
-452
436
1437
2065
2520
3059
3702
3963
3565
2979
2165
1418
577
57
-535
-904
-1384
-1676
-2050
-2218
-1917
-1491
-991
-1115
-571
318
1369
1634
1870
2337
2497
2151
1627
1358
1160
876
362
165
32
113
3
16
265
576
1039
1177
1329
1551
1905
2160
2075
2167
2171
2241
2244
2119
2194
2130
2235
2051
1927
1822
1583
1506
1533
1621
1735
1897
2268
2277
2482
2531
2514
2141
2114
2016
2046
2350
3034
3518
3638
4061
3884
3278
2363
2477
1948
939
-735
-2035
-3410
-5694
-7435
-9779
-11728
-13863
-13184
-10935
-8805
-7625
-5673
-2730
-1215
-126
302
1179
382
-206
-728
-754
-739
-756
-848
-1933
-2397
-2888
-2776
-3728
-4309
-4318
-3638
-2870
-1802
-94
1342
2056
2437
3048
3075
2946
2212
1753
718
353
389
383
-83
-771
-766
-988
-1236
-1644
-1297
-1056
-855
-414
525
1371
1728
2191
2641
2818
2752
2853
3041
2541
1704
974
646
250
-490
-912
-1432
-1907
-2329
-1857
-1145
-960
-880
-621
-17
304
892
1458
1629
1821
1971
2044
1637
1407
1387
1147
583
77
169
158
125
-71
293
671
827
1120
1396
1712
1687
1872
2028
1972
1979
2079
2294
2168
2143
2276
2348
2251
1950
1875
1576
1437
1288
1489
1397
1540
1717
2053
2125
2253
2433
2337
2088
1854
2215
2316
2503
2588
3375
3954
4055
3536
2844
2404
1659
1023
-100
-1461
-2878
-4287
-5557
-8022
-10596
-12941
-12649
-11175
-9031
-7624
-6073
-4148
-2763
-1405
-716
-19
-198
-241
-583
-541
-553
-30
206
-435
-1556
-2668
-2886
-3057
-3517
-3819
-3785
-2894
-1939
-716
551
1183
1787
1741
2012
1773
1669
1558
1324
1165
759
826
830
640
13
-608
-922
-1094
-1272
-1237
-1194
-863
-422
419
1116
1581
1930
2141
2234
2095
2125
2140
2032
1686
1328
1003
704
43
-550
-1114
-1333
-1601
-1531
-1179
-753
-525
-255
172
257
563
612
1056
906
1186
1509
1867
2001
1651
1524
1085
1005
623
629
649
715
850
1041
1318
1268
1148
1100
954
766
786
1190
1747
2130
2535
2711
2914
2775
2733
2491
2163
1764
1398
1379
1431
1632
1865
2213
2347
2066
1766
1699
1780
1898
1975
2257
2432
2862
3265
3531
3754
3425
2965
2043
1613
921
241
-612
-1653
-2974
-4899
-6482
-8970
-10779
-12034
-11096
-9782
-8399
-7039
-5521
-4082
-3392
-2409
-1990
-1488
-1661
-1153
-631
-162
118
276
314
-56
-883
-1924
-2667
-2946
-2897
-2702
-2303
-1800
-1131
-369
530
749
722
595
803
818
871
1062
1283
1517
1474
1374
860
433
-3
-306
-662
-686
-678
-506
-296
78
415
570
904
1128
1441
1420
1615
1597
1876
1975
2011
1819
1514
1166
548
140
-289
-608
-1057
-1031
-912
-853
-911
-773
-453
-249
-69
83
190
365
659
1121
1562
1784
1845
1765
1688
1405
1168
1063
1105
1034
980
940
938
875
885
993
1022
951
895
1016
1316
1632
1920
2220
2446
2570
2560
2404
2215
1995
1830
1729
1730
1779
1851
1931
1980
1847
1648
1593
1549
1538
1513
1700
1915
2298
2834
3341
3524
3330
2975
2532
2279
1816
1321
661
158
-344
-1147
-2610
-4519
-6927
-9223
-10937
-11140
-9981
-8512
-7512
-6204
-5125
-4474
-4455
-4596
-3983
-3479
-2586
-1598
-643
179
408
360
233
-124
-795
-1381
-1838
-1746
-1666
-1348
-839
-293
18
240
92
-44
-432
-442
-233
156
643
905
1047
1103
1118
891
438
37
-178
-359
-115
139
315
474
577
611
425
367
546
687
963
1423
1685
1837
1822
1684
1471
1151
997
718
597
519
323
-35
-120
-169
-263
-514
-468
-396
-479
-416
-252
15
215
358
461
649
859
969
879
988
1213
1311
1455
1602
1607
1474
1351
1331
1275
1134
1115
1125
1169
1220
1206
1224
1240
1245
1278
1390
1582
1714
1765
1867
1805
1601
1421
1385
1409
1345
1404
1563
1596
1569
1423
1252
1178
1078
1106
1232
1558
1944
2096
2205
2216
2029
1931
1914
1929
1933
1752
1585
1098
722
342
-225
-1201
-2421
-3567
-4871
-5802
-6390
-6496
-6542
-6549
-5960
-5293
-4923
-4862
-5286
-5393
-5650
-5226
-4424
-3451
-2402
-1885
-1396
-1512
-1421
-1746
-1804
-1762
-1269
-494
112
731
1097
1058
947
514
502
225
315
445
643
905
833
886
522
391
190
29
28
-112
22
-30
105
250
204
225
105
330
354
426
569
542
716
696
1022
1125
1177
1184
1063
1033
854
801
677
581
641
524
755
793
941
745
446
332
126
149
48
93
181
292
490
470
497
339
227
248
274
567
580
769
827
941
998
942
923
777
789
889
1125
1322
1378
1450
1423
1487
1486
1393
1406
1380
1499
1500
1529
1510
1386
1288
1131
1119
1051
1047
1076
1135
1136
1021
1026
1059
1127
1168
1154
1174
1297
1588
1795
1793
1833
1788
1878
2117
2310
2251
1825
1595
1309
1276
893
348
-732
-1971
-2500
-2819
-2457
-2621
-3059
-3421
-3946
-3794
-3859
-4121
-4528
-5409
-5385
-5348
-4664
-4452
-4349
-4695
-4914
-4695
-4548
-4063
-3960
-3619
-3094
-2733
-1918
-1678
-1402
-1191
-983
-311
-199
238
230
514
686
863
1012
790
867
846
1135
1451
1499
1477
1100
1122
1174
1256
1310
1011
910
683
897
985
898
789
484
504
474
724
730
562
523
465
626
687
719
617
493
695
806
892
786
609
478
432
643
643
670
576
562
640
677
769
551
364
299
342
512
522
546
456
486
588
630
621
533
574
636
803
1025
1079
1177
1201
1363
1456
1525
1575
1456
1491
1513
1597
1542
1427
1415
1420
1591
1662
1636
1582
1524
1517
1490
1533
1515
1518
1598
1724
1879
1852
1953
1799
1898
1923
1997
1897
1695
1688
1434
1341
913
488
-209
-954
-1372
-1749
-1800
-2185
-2546
-3045
-3547
-3831
-4029
-4220
-4635
-5151
-5263
-5415
-5143
-5008
-4924
-5046
-5339
-5107
-5068
-4631
-4384
-4006
-3702
-3249
-2568
-2085
-1723
-1387
-1162
-800
-674
-162
30
342
626
796
1059
1060
1255
1224
1331
1544
1559
1636
1610
1779
1748
1680
1669
1407
1268
1083
1124
1030
928
981
858
789
670
636
568
398
412
282
317
445
566
610
488
571
452
475
526
546
463
356
502
610
702
823
644
533
442
569
568
557
598
539
551
610
709
649
528
545
476
564
638
688
699
717
880
974
1046
1130
1146
1190
1261
1388
1390
1363
1360
1345
1349
1342
1423
1431
1484
1570
1608
1509
1483
1433
1542
1590
1594
1518
1410
1576
1741
1885
1955
1878
1754
1654
1790
1927
1917
1721
1397
1173
879
788
260
-308
-1146
-1594
-1836
-2020
-2364
-2902
-3324
-3855
-3927
-4186
-4297
-4811
-5129
-5243
-5162
-5009
-4849
-5038
-5146
-5248
-4967
-4689
-4462
-4183
-3924
-3437
-2995
-2354
-2083
-1743
-1558
-1195
-835
-419
-86
126
201
604
778
1049
1088
1181
1168
1308
1552
1649
1670
1653
1655
1567
1582
1574
1358
1102
994
915
956
863
818
519
420
450
405
295
164
110
66
157
281
258
201
214
312
350
386
334
143
151
350
574
621
559
504
424
572
693
681
541
460
497
605
798
858
722
584
571
639
705
738
689
662
776
993
1138
1172
1191
1202
1252
1360
1452
1419
1440
1430
1550
1600
1671
1666
1607
1676
1743
1810
1781
1748
1727
1769
1786
1808
1790
1772
1779
1815
1897
1963
1952
2039
1964
2013
1980
2050
1989
1808
1615
1249
1022
677
416
-113
-668
-1278
-1686
-1935
-2157
-2571
-2957
-3467
-3792
-4043
-4023
-4244
-4637
-4798
-4911
-4787
-4759
-4583
-4702
-4904
-4736
-4462
-4121
-3849
-3531
-3230
-2977
-2464
-1970
-1632
-1388
-1144
-808
-577
-120
110
322
420
712
923
1035
1207
1333
1419
1545
1702
1846
1811
1853
1773
1715
1621
1580
1398
1237
1159
1072
1015
900
896
731
600
460
429
406
399
384
318
272
316
414
481
432
372
273
231
353
471
517
455
456
444
527
626
613
510
404
497
510
613
640
611
536
527
585
585
510
459
383
450
540
633
630
662
766
839
920
918
877
849
880
1050
1100
1130
1078
1026
1125
1234
1341
1239
1083
1042
1119
1312
1409
1426
1397
1323
1436
1470
1664
1449
1471
1363
1531
1758
1901
1847
1503
1364
1262
1175
861
588
-77
-500
-983
-1130
-1496
-1812
-2270
-2908
-3328
-3603
-3645
-4026
-4185
-4419
-4603
-4718
-4679
-4660
-4714
-4836
-4695
-4851
-4612
-4368
-4068
-3828
-3519
-2939
-2743
-2363
-2032
-1661
-1383
-1038
-689
-496
-260
143
286
545
631
874
844
992
1251
1363
1500
1546
1629
1687
1694
1755
1581
1435
1332
1220
1213
1138
1158
1028
862
825
705
657
465
511
447
454
420
410
394
425
480
520
416
457
423
474
538
652
728
659
687
717
768
816
830
789
772
846
883
884
885
890
857
818
854
856
815
785
778
804
862
913
939
954
1017
1072
1084
1105
1142
1121
1067
1060
1127
1222
1279
1271
1183
1146
1177
1254
1282
1289
1253
1187
1210
1286
1358
1326
1294
1255
1248
1302
1344
1318
1363
1399
1498
1451
1358
1216
982
881
771
432
54
-578
-932
-1404
-1668
-1929
-2385
-2811
-3205
-3535
-3680
-3927
-4019
-4360
-4578
-4665
-4733
-4587
-4684
-4556
-4742
-4648
-4591
-4411
-4104
-3850
-3508
-3193
-2895
-2399
-2122
-1698
-1429
-1158
-790
-586
-149
-19
309
477
609
800
925
1113
1171
1328
1517
1534
1721
1725
1762
1695
1671
1660
1433
1435
1332
1249
1168
1129
1075
916
827
806
727
774
733
660
473
455
554
603
701
533
505
327
486
601
697
660
546
496
566
734
913
840
763
666
714
815
900
967
807
816
793
905
906
906
832
728
783
839
878
888
875
936
964
1087
1114
1076
1081
1059
1123
1091
1102
1071
1062
1117
1105
1101
1013
959
967
1011
1080
1028
972
920
969
1114
1161
1106
935
882
968
1091
1253
1268
1157
1047
1051
1150
1179
1075
832
545
138
-4
-281
-634
-1178
-1693
-1965
-2295
-2507
-2721
-3157
-3517
-3804
-3856
-3975
-4133
-4254
-4438
-4459
-4469
-4189
-4260
-4254
-4333
-4223
-3928
-3687
-3275
-3017
-2719
-2356
-1997
-1614
-1298
-996
-699
-432
-66
173
404
528
746
893
1060
1224
1279
1383
1502
1683
1778
1780
1834
1738
1668
1574
1557
1488
1299
1240
1080
1047
947
915
798
699
704
654
525
459
399
406
400
475
410
335
315
361
452
484
536
374
344
410
566
656
680
614
550
547
658
714
713
673
627
600
671
748
730
691
611
619
613
657
673
661
653
716
780
851
909
946
944
949
966
968
967
1001
1048
1045
1017
1002
956
1034
1086
1148
1091
1025
1027
1040
1135
1171
1109
1044
1081
1172
1222
1171
1184
1148
1298
1367
1420
1316
1143
1101
959
969
618
255
-171
-547
-726
-1129
-1392
-1890
-2282
-2539
-2826
-2986
-3289
-3520
-3703
-3974
-3933
-4016
-3989
-4145
-4210
-4206
-4244
-4088
-3995
-3836
-3742
-3527
-3237
-2961
-2598
-2196
-1971
-1622
-1396
-985
-772
-434
-177
15
244
425
589
698
861
1023
1145
1273
1410
1383
1474
1527
1595
1541
1442
1406
1241
1240
1195
1122
982
904
863
773
736
776
602
527
474
543
536
544
575
449
464
492
546
515
570
596
520
581
672
707
724
748
781
729
792
868
827
871
881
863
771
790
793
762
760
777
735
696
704
698
666
701
728
728
774
863
916
928
949
926
863
833
867
881
914
925
925
881
912
958
949
887
829
860
926
974
978
877
793
860
1009
1183
1110
1106
906
996
1037
1342
1364
1359
1156
974
877
937
910
624
132
-355
-646
-879
-854
-1175
-1511
-2064
-2284
-2609
-2638
-2909
-3047
-3404
-3552
-3429
-3561
-3477
-3701
-3737
-3803
-3759
-3607
-3616
-3568
-3305
-3156
-2772
-2583
-2217
-2140
-1839
-1433
-1193
-843
-777
-416
-354
6
315
380
488
512
632
785
871
1140
1033
1086
1158
1172
1238
1149
1175
969
893
901
845
784
708
682
538
500
507
351
319
334
413
385
358
407
295
337
416
419
381
403
454
492
571
697
662
633
681
774
791
869
863
819
806
879
885
863
829
808
725
766
783
745
662
631
607
618
660
691
654
680
744
786
814
820
764
708
716
791
817
822
809
782
734
768
800
797
769
764
765
759
795
834
779
744
732
776
829
889
855
718
731
792
995
1041
1037
802
632
553
631
496
372
-98
-441
-839
-865
-949
-1157
-1449
-1887
-2189
-2509
-2456
-2643
-2797
-3068
-3164
-3211
-3269
-3251
-3332
-3462
-3469
-3466
-3365
-3316
-3208
-3089
-2943
-2642
-2429
-2192
-2053
-1780
-1482
-1231
-870
-704
-460
-307
-26
200
326
437
553
613
764
909
1079
1061
1120
1138
1205
1231
1295
1318
1192
1160
1118
1088
1011
978
907
787
755
767
717
662
678
708
626
667
669
616
595
689
723
681
735
786
753
784
852
839
756
847
883
878
957
1005
982
932
990
978
898
909
867
783
767
816
768
685
679
625
577
582
648
628
613
684
719
709
744
715
646
605
693
738
730
696
624
573
603
690
646
608
581
603
641
715
742
676
647
655
637
640
627
662
658
674
684
628
610
668
733
807
678
531
277
98
0
-188
-338
-661
-892
-1235
-1372
-1535
-1672
-2011
-2279
-2627
-2696
-2842
-2688
-2944
-2989
-3282
-3261
-3328
-3256
-3214
-3300
-3300
-3264
-3067
-2905
-2744
-2661
-2482
-2307
-1937
-1763
-1440
-1324
-998
-844
-476
-328
-119
-35
148
298
454
565
606
654
742
865
984
1037
1063
1027
1020
1023
1009
1037
967
928
873
813
819
748
764
613
549
542
595
645
657
653
578
549
613
647
648
597
620
645
724
863
850
815
760
813
850
906
959
928
893
947
961
945
855
807
713
702
748
745
678
647
637
629
639
647
590
554
588
653
676
693
678
640
654
678
715
694
685
647
608
644
671
703
710
723
708
683
694
691
701
755
759
781
736
748
730
780
877
869
798
772
725
843
846
975
807
643
452
369
194
-6
-285
-532
-790
-906
-1086
-1315
-1619
-1916
-2034
-2238
-2254
-2600
-2730
-2945
-2851
-2883
-2814
-3011
-3057
-3245
-3064
-3013
-2885
-2872
-2823
-2704
-2487
-2173
-1968
-1833
-1688
-1465
-1214
-912
-702
-504
-418
-166
-27
177
273
348
387
470
608
731
773
877
865
915
937
1000
993
903
916
859
835
865
830
801
657
676
644
567
581
553
571
572
620
644
543
566
580
622
638
660
631
590
687
746
756
733
686
690
698
821
853
802
777
756
751
746
732
667
565
577
602
608
569
527
460
419
464
485
465
447
459
483
520
564
542
455
451
474
524
584
598
536
475
492
557
553
535
466
413
443
514
560
529
491
510
511
556
547
514
442
464
558
648
693
642
632
569
614
551
461
352
222
130
-66
-210
-424
-581
-789
-996
-1223
-1474
-1654
-1832
-1940
-2039
-2228
-2329
-2556
-2586
-2627
-2748
-2691
-2852
-2752
-2794
-2746
-2682
-2719
-2590
-2533
-2405
-2223
-2063
-1779
-1684
-1388
-1239
-1017
-825
-693
-409
-356
-154
-11
60
268
326
514
540
534
691
643
805
817
907
939
900
995
914
929
876
796
773
704
761
680
671
674
577
610
591
647
607
564
599
573
654
701
734
715
687
750
783
840
870
852
855
856
925
963
970
973
958
963
993
1002
969
923
910
893
902
904
893
845
838
827
823
781
786
757
750
783
794
801
779
759
752
726
759
737
701
699
710
735
717
700
626
597
598
641
626
595
568
501
532
567
557
454
357
359
381
458
513
428
389
362
478
455
444
305
166
100
65
36
-176
-404
-668
-773
-938
-1018
-1378
-1497
-1867
-1845
-1973
-1908
-2143
-2379
-2504
-2595
-2578
-2556
-2610
-2785
-2876
-2784
-2634
-2630
-2488
-2623
-2531
-2552
-2147
-2015
-1834
-1699
-1568
-1394
-1159
-865
-712
-680
-488
-325
-167
25
163
239
223
416
491
559
601
681
684
715
847
839
780
789
794
785
745
762
665
571
622
620
611
534
555
463
477
521
559
481
456
465
508
511
604
545
509
478
560
579
606
635
603
583
652
729
730
710
711
698
694
765
770
732
683
710
699
720
731
703
643
650
690
710
704
699
685
697
752
803
778
750
728
726
745
784
789
713
659
647
656
665
670
611
532
499
516
549
567
556
474
426
425
478
430
448
342
342
323
371
423
434
517
489
380
170
9
-97
-139
-225
-319
-639
-778
-1028
-949
-1160
-1263
-1570
-1874
-1974
-2020
-1917
-1976
-2139
-2288
-2369
-2380
-2340
-2455
-2422
-2578
-2448
-2411
-2210
-2173
-2107
-2051
-1955
-1726
-1546
-1430
-1287
-1135
-871
-671
-455
-319
-274
-143
7
151
253
308
399
400
561
635
724
694
700
716
745
812
851
821
780
748
739
748
726
704
612
604
572
586
571
593
575
550
556
583
577
582
588
588
604
632
654
660
684
699
710
711
716
713
712
751
780
812
815
793
787
773
782
768
734
720
703
723
733
731
704
667
662
671
694
710
701
696
714
749
776
769
737
699
688
714
709
680
618
608
598
603
599
539
476
444
454
479
441
418
344
311
352
373
396
296
203
108
106
212
266
289
302
256
246
69
8
-206
-317
-473
-593
-653
-856
-949
-1118
-1239
-1362
-1539
-1722
-1883
-2060
-1944
-2072
-1979
-2172
-2258
-2404
-2460
-2388
-2436
-2397
-2433
-2361
-2288
-2158
-2012
-1982
-1946
-1767
-1678
-1377
-1321
-1014
-963
-786
-593
-441
-298
-252
-118
-35
57
185
265
340
416
511
610
587
662
635
693
685
769
762
749
745
751
731
690
656
619
552
604
620
646
638
665
661
626
672
645
635
607
665
694
698
750
727
695
696
691
705
670
705
718
720
747
748
740
690
707
671
646
644
622
609
600
620
603
552
550
530
525
538
543
546
550
589
580
571
555
547
556
584
607
576
531
530
528
531
526
491
443
407
441
440
486
472
418
328
277
265
247
268
281
248
191
199
187
220
217
246
188
202
252
363
333
223
24
-199
-251
-246
-309
-460
-665
-835
-865
-930
-791
-1115
-1234
-1541
-1490
-1488
-1429
-1438
-1591
-1706
-1791
-1725
-1732
-1763
-1779
-1768
-1782
-1644
-1667
-1446
-1577
-1334
-1351
-1202
-1137
-986
-861
-748
-656
-522
-489
-339
-250
-131
-110
-72
22
28
188
208
277
221
268
323
338
363
377
337
322
340
410
394
394
364
325
311
354
386
348
363
369
392
425
467
477
427
453
465
467
490
518
523
533
580
592
573
585
598
602
614
650
638
629
651
656
656
639
621
588
564
592
605
601
613
625
630
656
694
696
684
682
692
700
728
768
776
775
759
718
691
694
717
717
692
643
576
546
562
553
518
454
431
373
389
382
374
316
282
240
237
234
281
235
211
176
157
196
197
119
-147
-376
-489
-421
-362
-402
-665
-992
-1151
-1046
-956
-1016
-1295
-1582
-1759
-1580
-1393
-1381
-1622
-1846
-1935
-1971
-1735
-1743
-1854
-2001
-1944
-1776
-1696
-1580
-1609
-1683
-1579
-1387
-1210
-1173
-1116
-1000
-961
-690
-640
-581
-696
-562
-414
-310
-207
-216
-291
-260
-130
56
26
-6
-75
-141
-25
117
200
87
45
40
90
161
235
169
75
93
205
256
307
318
277
281
381
454
421
396
432
484
561
671
648
589
605
682
738
749
750
693
680
787
862
865
813
782
761
794
880
879
820
787
819
868
934
969
930
876
893
954
992
1006
992
973
977
1039
1061
1041
1008
976
956
947
967
936
917
904
949
909
894
822
786
768
794
790
715
632
589
582
600
619
533
435
331
355
356
393
364
281
197
124
88
-12
-186
-284
-423
-456
-625
-684
-810
-881
-1001
-1005
-1180
-1252
-1412
-1373
-1445
-1395
-1409
-1473
-1567
-1613
-1550
-1621
-1595
-1635
-1609
-1635
-1512
-1472
-1350
-1389
-1252
-1323
-1155
-1089
-927
-916
-789
-732
-608
-551
-405
-403
-337
-334
-276
-235
-178
-107
-122
-45
2
42
41
51
69
70
119
140
132
159
185
229
233
270
236
211
258
293
345
369
388
404
408
487
484
495
492
518
535
563
615
611
600
616
626
648
643
663
635
638
658
675
674
671
666
645
644
655
638
629
626
648
653
670
680
652
635
624
622
628
644
642
623
627
641
665
660
638
612
572
576
569
580
552
532
492
479
468
454
414
357
316
283
281
268
272
204
175
127
135
128
129
56
-11
-74
-56
-47
-67
-101
-309
-435
-571
-511
-525
-581
-709
-876
-983
-947
-873
-888
-1042
-1183
-1218
-1221
-1068
-1021
-1063
-1318
-1356
-1321
-1205
-1191
-1221
-1278
-1327
-1232
-1068
-1063
-1073
-1137
-1090
-988
-885
-796
-857
-823
-775
-667
-622
-606
-634
-633
-532
-417
-415
-435
-502
-433
-358
-254
-213
-281
-311
-263
-135
-39
-32
-55
-55
-18
93
197
204
157
168
209
304
356
390
358
362
434
505
534
545
529
522
566
630
641
603
583
586
603
629
647
575
542
549
575
574
559
531
471
478
516
527
513
487
482
487
540
577
555
542
543
576
621
674
700
686
707
745
809
853
868
871
856
921
978
1023
1027
1023
1017
1031
1058
1052
1014
941
897
841
837
806
767
688
650
567
522
425
361
271
224
170
95
-7
-66
-107
-95
-115
-202
-303
-461
-474
-564
-545
-670
-740
-918
-987
-1012
-993
-1032
-1119
-1218
-1260
-1311
-1296
-1333
-1391
-1417
-1464
-1390
-1449
-1406
-1480
-1436
-1419
-1395
-1359
-1384
-1346
-1330
-1248
-1165
-1108
-1114
-1115
-1079
-942
-825
-764
-782
-808
-783
-679
-569
-516
-504
-549
-515
-507
-372
-335
-333
-379
-341
-301
-229
-187
-133
-162
-109
-95
-47
-39
15
36
87
159
234
247
268
306
353
407
476
502
512
546
587
621
636
652
626
615
647
699
725
733
746
749
773
825
864
870
872
900
936
977
1021
1040
1034
1051
1086
1108
1131
1144
1149
1168
1207
1257
1265
1274
1296
1301
1315
1338
1355
1357
1371
1404
1415
1399
1381
1351
1318
1299
1272
1228
1150
1092
1025
973
922
866
766
675
584
498
415
343
260
180
72
2
-128
-224
-300
-376
-460
-548
-626
-705
-775
-819
-870
-1005
-1080
-1233
-1241
-1375
-1336
-1473
-1503
-1642
-1657
-1696
-1745
-1789
-1869
-1948
-2002
-1988
-1951
-1890
-1941
-1893
-1966
-1899
-1940
-1856
-1878
-1808
-1787
-1731
-1682
-1606
-1515
-1454
-1406
-1338
-1317
-1261
-1162
-1068
-947
-903
-800
-779
-681
-626
-551
-560
-519
-465
-401
-289
-237
-185
-180
-147
-102
-51
2
37
51
124
165
251
272
333
335
377
429
466
521
575
647
697
770
839
861
927
984
1030
1086
1134
1203
1229
1311
1359
1393
1420
1453
1469
1482
1521
1548
1554
1571
1571
1576
1570
1576
1565
1537
1519
1490
1468
1450
1441
1410
1368
1332
1292
1247
1214
1185
1128
1085
1057
1031
997
963
909
856
794
749
679
625
557
499
443
403
360
274
223
159
137
87
54
-7
-53
-97
-130
-188
-235
-330
-404
-491
-520
-564
-607
-653
-746
-801
-882
-887
-946
-976
-1026
-1040
-1084
-1047
-1080
-1076
-1115
-1120
-1120
-1123
-1073
-1085
-1059
-1061
-1017
-1019
-998
-1013
-997
-1016
-916
-924
-882
-929
-933
-902
-877
-788
-810
-808
-830
-816
-769
-711
-717
-705
-736
-672
-680
-598
-622
-592
-598
-584
-537
-520
-452
-430
-405
-362
-362
-356
-331
-301
-273
-291
-240
-241
-194
-141
-97
-104
-122
-98
-66
-8
62
86
94
105
153
193
229
268
275
281
323
389
425
463
514
527
548
610
655
685
724
775
805
857
925
973
983
1028
1068
1093
1135
1185
1201
1215
1260
1278
1289
1306
1313
1297
1299
1329
1336
1329
1324
1308
1295
1301
1297
1260
1213
1172
1120
1081
1034
961
866
781
708
618
530
424
296
181
93
10
-72
-146
-213
-298
-363
-428
-515
-617
-692
-759
-816
-842
-855
-899
-934
-961
-989
-998
-1016
-1021
-1062
-1047
-1023
-986
-960
-940
-936
-959
-948
-931
-929
-922
-939
-921
-906
-864
-843
-844
-834
-837
-821
-813
-797
-792
-786
-758
-745
-732
-727
-721
-718
-716
-642
-615
-598
-618
-591
-563
-511
-461
-456
-477
-472
-427
-394
-337
-300
-300
-312
-279
-227
-187
-153
-112
-114
-83
-37
-10
9
33
69
80
108
137
155
172
196
231
230
256
298
306
333
361
389
399
423
456
466
482
511
515
511
538
566
574
601
623
625
634
655
679
698
732
755
770
799
834
859
878
894
905
912
934
960
959
964
966
949
931
904
876
826
794
767
728
697
656
594
520
441
368
298
241
188
140
81
36
-3
-43
-83
-136
-194
-244
-271
-303
-315
-345
-369
-403
-417
-436
-453
-473
-477
-491
-462
-454
-450
-454
-450
-422
-402
-359
-378
-388
-400
-371
-347
-312
-328
-371
-426
-421
-413
-397
-388
-384
-393
-384
-358
-364
-375
-405
-396
-400
-382
-392
-426
-456
-439
-418
-406
-434
-481
-520
-490
-425
-374
-366
-400
-428
-438
-394
-365
-361
-360
-353
-335
-301
-274
-258
-263
-251
-230
-200
-170
-130
-107
-52
-4
20
39
68
98
156
208
261
281
320
365
419
460
496
504
503
543
602
656
700
717
724
734
768
789
790
794
791
790
802
820
818
793
769
748
721
704
681
653
627
618
602
566
538
496
450
415
389
349
303
267
235
203
168
126
77
32
-3
-40
-80
-105
-149
-199
-235
-274
-329
-378
-434
-479
-524
-561
-596
-645
-682
-721
-755
-791
-822
-847
-874
-902
-928
-956
-974
-976
-989
-998
-1011
-1027
-1042
-1040
-1013
-995
-981
-966
-958
-930
-903
-859
-824
-791
-759
-726
-679
-620
-566
-530
-510
-494
-474
-420
-334
-246
-174
-128
-102
-79
-27
30
75
81
88
104
160
249
326
364
356
331
311
335
384
422
441
442
451
455
471
472
448
400
372
350
350
364
380
373
357
337
312
285
282
279
266
262
265
274
283
294
285
266
250
247
259
280
307
331
345
371
389
393
401
402
402
417
440
465
497
531
558
576
585
595
593
600
619
635
653
677
696
708
717
711
697
680
673
673
666
668
666
649
635
608
571
534
502
468
433
406
376
343
300
254
206
151
101
51
2
-37
-76
-108
-147
-182
-226
-267
-298
-334
-370
-399
-416
-434
-442
-446
-461
-475
-483
-488
-483
-472
-455
-447
-428
-399
-371
-343
-319
-299
-280
-251
-220
-190
-151
-117
-83
-51
-24
-1
7
23
27
28
34
43
44
48
37
16
-15
-42
-84
-128
-167
-208
-242
-266
-285
-324
-369
-421
-469
-514
-553
-586
-614
-651
-667
-664
-669
-671
-688
-712
-730
-742
-734
-723
-713
-705
-700
-687
-682
-670
-662
-652
-640
-630
-605
-574
-531
-483
-451
-423
-399
-372
-352
-321
-278
-240
-186
-148
-108
-71
-32
12
46
87
128
166
217
270
322
363
398
413
442
469
490
520
531
552
569
588
605
615
615
613
615
618
613
605
603
602
593
588
573
549
523
497
463
426
400
367
333
294
259
219
179
135
86
37
-9
-56
-99
-138
-175
-216
-253
-283
-316
-346
-372
-393
-414
-423
-434
-442
-443
-454
-460
-462
-454
-447
-441
-428
-416
-398
-373
-345
-311
-285
-248
-213
-177
-135
-95
-60
-22
16
57
98
139
172
217
256
290
323
352
385
430
468
497
525
549
572
599
632
660
676
693
706
723
737
745
749
747
746
738
746
740
741
744
745
739
730
726
713
702
686
666
649
626
603
564
524
483
423
369
308
259
201
141
74
-6
-80
-154
-225
-297
-371
-444
-517
-582
-634
-692
-740
-796
-840
-885
-901
-915
-922
-920
-913
-896
-876
-848
-815
-777
-739
-688
-635
-573
-515
-451
-389
-323
-248
-186
-117
-44
25
89
160
222
268
308
347
379
399
413
405
401
389
372
340
294
238
176
121
56
-19
-94
-172
-257
-334
-409
-489
-575
-656
-730
-792
-851
-900
-941
-975
-1000
-1020
-1028
-1032
-1025
-1009
-993
-965
-934
-889
-853
-806
-755
-705
-649
-592
-532
-473
-411
-356
-303
-251
-191
-134
-83
-33
23
71
120
171
220
271
313
360
397
440
477
518
563
595
630
667
701
733
763
793
822
853
883
915
942
956
978
996
1008
1016
1034
1041
1039
1045
1043
1034
1018
992
958
920
881
837
795
733
664
596
519
443
367
293
217
141
70
10
-59
-116
-176
-225
-271
-312
-340
-368
-390
-399
-411
-423
-430
-432
-434
-426
-419
-405
-387
-376
-361
-341
-311
-287
-266
-244
-216
-185
-153
-116
-90
-61
-34
0
27
58
81
101
127
154
180
200
215
228
235
244
248
250
239
227
218
197
182
161
133
104
71
29
-12
-55
-100
-141
-187
-233
-284
-331
-381
-434
-485
-536
-588
-635
-669
-706
-740
-772
-804
-827
-846
-856
-869
-877
-883
-882
-872
-855
-843
-827
-809
-786
-749
-712
-668
-625
-577
-528
-480
-422
-372
-318
-257
-192
-130
-67
-8
52
110
175
234
286
343
392
442
493
544
584
624
653
679
698
716
730
734
744
745
749
755
746
742
729
716
713
695
677
656
637
615
591
570
535
505
471
443
408
371
332
297
257
223
182
133
84
44
5
-37
-64
-101
-139
-170
-195
-211
-221
-230
-242
-237
-234
-223
-216
-202
-185
-169
-153
-142
-119
-104
-78
-58
-44
-27
-12
3
6
18
30
35
34
34
30
24
17
3
-15
-27
-40
-57
-72
-98
-119
-143
-160
-181
-205
-225
-244
-251
-258
-256
-248
-244
-233
-217
-191
-167
-144
-112
-83
-50
-20
2
21
41
50
60
69
72
70
67
59
51
42
32
23
8
-1
-20
-39
-48
-64
-76
-93
-111
-130
-142
-147
-162
-169
-172
-175
-183
-182
-179
-177
-175
-165
-163
-154
-136
-115
-84
-53
-19
14
62
110
168
233
296
364
435
498
559
614
658
688
717
731
731
724
697
656
603
551
488
417
347
268
190
119
46
-26
-91
-152
-206
-253
-291
-326
-354
-369
-384
-398
-411
-416
-418
-416
-411
-394
-381
-370
-353
-329
-306
-286
-273
-249
-222
-206
-184
-172
-158
-158
-153
-144
-144
-141
-143
-139
-136
-136
-133
-131
-124
-116
-110
-95
-95
-79
-65
-52
-38
-34
-24
-14
-7
5
20
30
36
41
55
54
54
55
53
58
56
56
54
56
54
48
36
28
17
13
11
7
7
10
14
20
25
27
28
39
45
50
60
55
57
54
50
41
24
13
-1
-15
-28
-46
-59
-79
-99
-104
-119
-137
-147
-155
-155
-157
-163
-162
-164
-167
-169
-167
-165
-164
-161
-156
-152
-150
-139
-128
-119
-103
-81
-62
-37
-8
25
63
94
132
168
200
230
256
278
302
320
335
337
343
336
334
331
323
318
306
299
291
278
264
257
248
233
220
205
188
180
167
153
145
127
114
99
85
72
68
63
57
48
40
33
27
19
11
5
3
-3
-12
-16
-22
-27
-34
-40
-50
-58
-66
-74
-75
-77
-78
-83
-93
-96
-102
-108
-108
-110
-113
-113
-119
-111
-117
-112
-111
-115
-111
-110
-101
-99
-96
-87
-81
-71
-62
-54
-48
-39
-31
-22
-19
-11
-2
-7
-3
1
4
6
9
6
3
-5
-9
-4
-2
1
1
-3
-7
-5
-6
-6
-3
-6
-9
-8
-4
-2
1
5
12
20
28
33
37
44
55
52
59
66
65
66
66
57
57
53
43
32
22
8
-1
-11
-30
-48
-69
-84
-106
-115
-133
-144
-153
-166
-173
-178
-184
-189
-191
-184
-177
-171
-162
-154
-141
-129
-118
-104
-88
-69
-47
-35
-13
2
17
31
38
43
38
40
44
51
52
55
50
47
43
36
37
34
36
34
33
39
43
50
51
54
58
59
63
67
67
69
73
77
76
74
70
71
74
74
81
80
88
94
100
103
109
110
120
126
120
119
114
103
93
81
69
57
44
35
26
20
10
8
2
2
-3
-2
-8
-8
0
0
-2
-5
-3
-4
-9
-5
2
5
7
17
22
23
27
33
36
35
38
38
37
35
35
34
38
33
36
30
24
26
22
24
23
19
18
13
3
5
8
4
-4
-7
-11
-22
-28
-25
-26
-31
-30
-28
-29
-28
-23
-16
-7
-1
4
12
20
29
36
36
42
46
43
45
46
48
44
42
41
37
27
24
15
9
4
0
-5
-16
-23
-26
-27
-36
-43
-46
-58
-66
-69
-73
-82
-85
-89
-92
-90
-93
-96
-96
-100
-102
-103
-102
-103
-101
-95
-93
-82
-80
-80
-81
-82
-80
-79
-73
-63
-56
-50
-44
-32
-28
-23
-12
-2
2
6
6
7
12
6
9
4
-11
-17
-29
-38
-43
-50
-58
-67
-73
-79
-79
-83
-86
-78
-75
-67
-63
-55
-56
-53
-48
-42
-33
-26
-20
-15
-10
-8
1
12
16
18
29
34
38
43
52
57
59
61
63
69
68
66
65
65
65
65
61
57
64
65
64
65
65
61
59
64
66
70
66
65
65
64
64
65
60
63
59
61
56
59
54
52
52
50
49
43
42
39
40
38
35
28
28
23
19
17
14
13
14
12
6
5
4
3
5
6
1
2
3
0
0
-4
-2
-4
-5
-3
-7
-11
-13
-15
-13
-15
-12
-15
-26
-26
-25
-26
-27
-27
-36
-35
-36
-38
-38
-39
-35
-40
-42
-37
-37
-29
-21
-14
-11
-3
7
13
14
21
28
28
32
35
30
20
22
22
15
14
9
5
3
-3
-8
-14
-16
-16
-18
-22
-21
-23
-28
-27
-25
-25
-28
-26
-22
-27
-27
-23
-23
-27
-26
-28
-26
-24
-20
-19
-17
-11
-9
-8
-9
-4
-6
-2
2
5
8
4
6
9
10
9
8
6
4
2
2
4
9
11
8
9
8
11
13
13
15
16
14
14
17
16
19
23
22
24
21
21
25
27
25
24
26
27
24
22
17
15
17
10
9
9
4
-1
4
3
2
-1
-6
-5
-12
-11
-14
-13
-7
-11
-12
-16
-14
-18
-13
-13
-20
-22
-25
-25
-26
-26
-26
-27
-32
-36
-39
-41
-40
-40
-46
-49
-54
-58
-61
-60
-57
-64
-62
-62
-59
-60
-60
-60
-57
-53
-50
-42
-40
-42
-41
-36
-29
-27
-22
-16
-13
-9
-7
-3
3
2
5
7
9
14
10
13
17
14
13
10
10
11
14
16
19
16
14
16
12
7
12
17
11
12
15
16
15
13
21
22
21
19
18
17
23
22
21
27
26
29
30
29
32
32
28
39
37
31
34
36
34
32
34
32
29
25
28
23
18
18
17
18
13
7
13
10
14
14
11
5
1
1
5
5
7
6
4
9
7
8
13
7
7
9
7
9
5
2
5
9
9
8
7
7
6
6
11
6
0
1
1
6
2
0
0
7
9
5
9
4
2
4
8
8
9
7
3
11
15
23
25
24
30
30
44
49
51
51
51
56
57
55
51
50
47
45
39
35
23
12
12
6
-2
-7
-8
-16
-20
-25
-26
-29
-32
-30
-28
-31
-33
-32
-27
-31
-25
-20
-18
-15
-15
-11
-8
-6
-7
-6
-10
-7
-3
0
1
3
-1
-4
-2
-9
-4
-4
-9
-7
-1
-1
-8
-4
-6
-11
-9
-7
-11
-14
-9
-6
-7
-4
0
-9
-9
-7
-8
-6
-3
-2
2
2
3
4
1
0
-3
-5
3
1
-2
-6
-9
-8
-11
-11
-10
-13
-18
-20
-26
-24
-23
-29
-27
-28
-28
-26
-25
-26
-25
-31
-30
-24
-28
-28
-31
-29
-31
-29
-32
-32
-30
-27
-27
-29
-29
-31
-29
-29
-31
-32
-31
-30
-27
-24
-26
-28
-22
-22
-21
-20
-21
-20
-13
-15
-14
-14
-19
-19
-20
-15
-12
-11
-6
-8
-7
-1
-3
-3
2
4
1
4
9
13
14
12
16
19
22
21
16
14
21
21
20
22
24
23
19
19
19
21
28
27
24
27
27
25
25
33
32
35
39
35
35
37
38
42
44
43
44
43
43
45
44
44
44
39
39
37
37
36
35
31
32
29
25
23
17
16
9
10
11
0
0
-4
-1
-5
-12
-9
-8
-13
-11
-11
-12
-11
-6
-6
-5
-5
0
2
7
18
19
20
15
19
17
12
9
4
-5
-16
-24
-33
-38
-51
-61
-70
-77
-86
-89
-90
-91
-96
-94
-90
-91
-87
-84
-77
-74
-64
-59
-52
-46
-44
-39
-35
-28
-27
-21
-17
-18
-13
-7
-7
-2
1
3
5
7
9
9
14
13
14
13
19
17
15
20
22
21
20
24
22
21
23
24
26
26
31
25
25
29
28
31
32
34
34
40
35
40
45
40
41
40
43
44
39
38
36
38
35
35
30
25
25
22
16
17
17
10
4
4
5
4
2
2
0
0
-3
-3
-3
-2
1
1
1
1
-1
-2
-2
-2
-2
0
1
4
4
2
6
10
8
11
12
12
10
10
17
15
19
17
16
18
16
15
16
14
16
14
8
10
8
7
10
7
6
12
6
8
3
0
1
0
5
0
4
4
2
4
0
-3
-6
-5
-4
-5
1
-5
-9
-8
-14
-13
-14
-11
-14
-14
-13
-12
-15
-15
-10
-13
-9
-11
-7
-7
-6
-1
0
0
-2
-4
-3
-6
-7
-8
-10
-9
-8
-13
-16
-18
-20
-17
-15
-15
-20
-18
-16
-16
-18
-19
-18
-19
-20
-19
-19
-19
-16
-17
-14
-16
-20
-16
-15
-12
-11
-15
-14
-14
-9
-8
-11
-9
-9
-5
-6
-4
-6
-7
-5
-6
-4
-3
-6
-3
-1
-1
-3
-7
-9
-12
-4
-5
-7
-8
-7
-9
-10
-4
-6
-5
-7
-10
-7
-8
-10
-5
-6
-9
-8
-8
-8
-8
-9
-8
-10
-11
-10
-11
-11
-7
-8
-8
-3
-9
-6
-1
-1
2
-1
4
7
6
6
6
6
6
5
12
9
8
9
8
11
12
11
9
11
6
8
12
12
11
11
9
9
4
10
10
11
13
11
18
13
15
12
15
17
10
13
9
16
13
3
7
0
0
5
-2
1
6
7
8
13
13
12
18
20
20
18
18
11
11
8
4
-3
-5
-4
-14
-13
-11
-17
-19
-17
-22
-26
-24
-24
-21
-21
-19
-21
-20
-15
-21
-23
-19
-20
-21
-22
-20
-22
-21
-22
-22
-21
-22
-18
-20
-20
-18
-21
-20
-23
-25
-24
-19
-22
-27
-24
-25
-24
-23
-21
-21
-22
-20
-14
-8
-6
-5
1
2
8
12
15
17
20
24
29
29
28
27
31
35
34
33
26
32
28
26
26
24
21
16
12
11
10
9
8
6
7
4
7
5
3
3
3
5
0
0
2
2
2
2
3
5
4
7
7
6
8
8
11
15
18
15
18
16
22
26
22
23
23
20
16
16
18
16
17
19
13
11
14
15
12
14
17
21
15
13
22
19
19
20
16
18
20
18
20
23
21
20
16
18
22
23
23
22
20
19
21
21
19
16
12
7
5
5
0
0
0
0
-1
-3
2
5
9
13
19
22
22
19
16
20
24
19
12
10
3
-3
-2
-5
-7
-2
-8
-10
-10
-13
-14
-13
-16
-13
-18
-24
-27
-30
-29
-35
-42
-46
-48
-47
-46
-43
-43
-42
-40
-38
-33
-26
-24
-24
-21
-17
-11
-13
-15
-17
-19
-20
-19
-17
-18
-15
-18
-16
-14
-13
-6
-4
-6
-9
-6
-7
-6
-7
-9
-6
-15
-10
-9
-15
-13
-16
-15
-11
-14
-14
-12
-15
-10
-10
-7
-4
-2
-2
-1
5
-3
2
8
11
14
14
19
20
21
24
29
28
30
28
28
31
32
32
29
27
28
26
23
21
18
15
13
9
8
8
6
2
-5
-1
-8
-8
-7
-10
-9
-10
-17
-14
-9
-10
-7
-6
-7
-6
-4
-2
6
5
9
9
11
14
16
12
11
13
11
9
4
4
1
0
4
4
3
8
8
6
9
11
9
10
16
15
13
15
9
11
7
4
3
4
1
0
1
-2
1
2
1
0
2
3
-2
-2
-2
-5
-6
-5
-11
-15
-16
-20
-19
-20
-24
-22
-18
-21
-24
-29
-25
-21
-24
-23
-22
-22
-21
-23
-25
-21
-15
-15
-13
-9
-6
-5
3
0
1
-1
-5
-9
-16
-21
-29
-34
-36
-39
-44
-51
-50
-42
-42
-37
-31
-30
-27
-22
-18
-20
-21
-16
-15
-14
-11
-13
-14
-7
-3
-4
-1
3
0
4
11
9
11
14
14
15
18
22
25
24
23
24
20
22
23
21
21
22
21
18
16
13
11
8
6
8
5
5
5
5
2
2
7
7
10
13
16
11
15
13
14
17
12
14
9
15
15
20
23
26
33
32
39
42
44
51
52
49
49
48
40
30
21
12
-4
-11
-26
-37
-40
-52
-51
-53
-54
-47
-40
-35
-29
-23
-20
-18
-13
-9
-12
-9
-8
-9
-14
-16
-13
-13
-11
-9
-6
-3
0
-1
4
4
7
9
11
11
9
6
6
9
5
7
7
4
3
-3
4
8
7
10
10
11
10
13
13
17
15
14
15
16
18
14
17
10
11
10
11
9
6
9
6
5
5
2
4
6
4
-2
3
3
-4
-1
-6
-9
-6
-7
-7
-7
-8
-7
-8
-6
-3
-3
0
-1
-4
3
2
4
3
3
1
0
5
4
2
7
-1
0
0
4
3
2
4
6
3
3
6
3
1
0
1
4
4
3
0
1
-3
-3
-2
-4
-5
0
2
-3
0
2
1
0
4
2
5
4
1
2
2
-1
0
2
-3
-1
-1
-1
1
-2
2
2
-2
1
0
1
0
2
1
1
0
-1
4
2
-3
4
2
9
6
8
14
15
16
13
14
15
12
13
15
11
19
17
16
12
7
9
3
4
7
1
0
4
2
2
7
7
4
3
6
1
4
6
3
2
5
6
11
7
7
11
8
10
7
2
-1
-4
-4
-8
-13
-16
-21
-30
-35
-35
-31
-35
-37
-37
-42
-41
-38
-37
-35
-39
-35
-37
-39
-36
-33
-28
-30
-28
-27
-27
-24
-20
-19
-16
-17
-12
-13
-12
-10
-9
-7
-2
-4
-1
-1
-2
4
7
6
6
10
11
9
8
4
6
3
-2
-7
-13
-15
-15
-9
-12
-10
-6
5
12
16
24
21
19
20
16
10
8
1
3
-3
-3
1
7
9
10
19
20
29
32
35
35
30
31
31
25
25
19
17
11
-5
-5
-10
-14
-14
-19
-14
-18
-17
-13
-14
-9
-15
-13
-14
-13
-16
-16
-16
-16
-12
-13
-14
-14
-12
-14
-13
-7
-3
-4
-10
-6
-5
1
1
5
6
1
7
8
4
1
6
1
3
5
2
-1
2
1
5
6
8
11
10
13
17
17
17
18
20
15
18
17
17
16
9
17
16
14
13
17
17
20
19
23
16
14
17
17
18
12
7
5
4
5
3
0
6
0
-2
-1
-1
2
2
9
11
8
13
11
7
9
9
8
7
6
5
2
5
5
4
4
4
-3
1
3
4
11
14
12
12
16
12
14
9
9
8
6
1
-4
-4
-7
-8
-10
-10
-6
-5
-7
-5
-8
-3
0
0
0
-2
-8
-4
-6
-4
-6
-7
-4
-12
-11
-8
-10
-5
-9
-14
-17
-18
-15
-18
-16
-21
-24
-31
-33
-29
-29
-27
-28
-29
-25
-27
-25
-23
-22
-17
-18
-20
-17
-14
-16
-12
-6
-6
-3
-7
-9
-8
-5
-4
-5
-4
-6
-5
-7
-6
-6
2
-4
-5
-5
-7
0
0
3
1
2
3
1
0
-2
-1
-2
8
3
3
7
3
7
8
7
5
9
10
13
13
18
20
18
21
19
13
15
12
11
15
16
12
7
5
4
6
2
4
5
7
7
6
5
9
9
11
10
10
11
8
5
7
4
6
7
8
11
12
16
15
16
19
22
18
19
18
20
23
20
18
11
7
7
6
8
9
12
16
19
23
25
23
29
34
33
30
24
19
14
14
9
2
-1
-8
-9
-11
-12
-18
-14
-15
-12
-5
-5
-2
3
3
2
8
6
5
5
5
0
-7
-10
-14
-21
-21
-19
-19
-20
-29
-24
-18
-18
-18
-14
-14
-17
-17
-17
-26
-27
-25
-30
-31
-36
-33
-36
-34
-32
-32
-33
-31
-29
-31
-30
-24
-24
-26
-26
-25
-25
-27
-24
-24
-25
-20
-22
-18
-18
-15
-12
-16
-14
-9
-10
-6
-7
-9
-9
-6
-7
-11
-5
-6
-5
-6
-5
-4
0
0
2
3
4
5
6
7
11
11
8
10
12
11
12
15
12
11
15
15
16
19
18
23
22
22
28
24
25
26
29
24
24
27
23
19
19
21
23
20
17
19
18
16
19
19
11
13
14
11
6
7
8
0
1
-1
-1
-3
-6
-6
-8
-8
-4
-4
-5
-5
-2
-4
-2
-2
-2
0
-3
-6
-6
-10
-10
-11
-10
-7
-9
-9
-6
-6
-5
-2
2
4
3
3
1
-2
2
3
-1
-1
-3
-8
-10
-9
-10
-9
-3
-4
-2
-5
-4
-2
-1
6
3
3
5
-1
0
2
1
-1
-1
-2
0
-1
4
6
7
12
10
11
12
15
20
24
24
26
29
33
30
25
23
13
10
6
5
-3
-7
-9
-11
-17
-19
-16
-22
-25
-24
-24
-22
-21
-21
-23
-19
-12
-17
-17
-16
-13
-14
-17
-9
-8
-6
-6
-6
-3
1
3
1
-3
-6
-10
-5
-12
-15
-11
-7
-6
-10
-7
-10
-7
-7
-3
-1
-2
-3
3
2
-4
-2
-8
-6
-6
-7
-8
-11
-11
-13
-17
-14
-15
-14
-14
-8
-1
1
6
10
12
13
21
25
30
33
33
32
28
27
25
24
24
19
17
14
13
12
12
10
10
14
6
9
11
6
6
5
5
4
0
1
3
7
13
10
10
9
11
15
15
18
18
19
21
25
21
20
22
19
17
18
17
17
14
17
17
19
17
12
17
15
21
18
19
20
14
16
13
8
7
3
4
3
1
-1
-11
-12
-18
-15
-9
-6
-7
-11
-9
-18
-16
-15
-19
-9
-14
-13
-16
-20
-19
-21
-22
-26
-28
-28
-26
-30
-28
-26
-32
-33
-34
-34
-35
-27
-29
-30
-30
-31
-32
-32
-31
-31
-26
-27
-24
-26
-22
-21
-27
-28
-21
-14
-17
-17
-9
-12
-10
-5
-8
-5
-7
-5
-4
-3
-1
0
4
5
3
4
6
11
6
8
8
9
14
9
7
5
8
7
10
9
10
10
6
10
9
13
12
10
16
17
16
19
19
17
14
16
16
19
17
16
15
15
14
14
12
11
11
10
6
4
4
2
4
3
3
-1
2
0
1
3
-2
2
-3
2
2
-3
1
0
3
1
2
0
-1
-2
1
4
1
-1
-1
2
3
5
6
4
1
3
2
8
6
5
6
4
6
12
7
4
8
4
8
6
4
2
4
6
3
1
3
3
7
9
9
11
12
14
15
13
14
18
18
17
19
17
20
17
11
15
14
10
7
14
10
8
8
6
7
2
3
4
1
4
2
-4
-3
-4
-7
-11
-7
-8
-11
-10
-10
-14
-13
-16
-18
-14
-12
-14
-17
-13
-13
-16
-11
-14
-12
-15
-16
-10
-9
-6
-6
-11
-9
-16
-15
-13
-13
-17
-15
-13
-14
-17
-22
-17
-21
-20
-19
-18
-17
-18
-17
-18
-17
-14
-11
-11
-11
-9
-7
-7
-7
-4
-5
-5
-6
-5
-4
-4
-3
-2
-4
-5
-8
-3
-3
-3
-2
-4
-2
5
2
-2
-1
-3
-3
-3
2
-1
-2
-1
-4
0
1
-3
-7
-5
-1
0
-1
-2
-2
-3
0
2
4
11
9
3
8
8
8
6
8
8
4
4
3
5
4
2
5
6
7
5
7
4
8
11
10
10
8
10
10
9
10
8
8
6
3
0
-1
-4
-7
-4
-6
-6
-8
-11
-5
-8
-4
-1
-4
-8
-5
-3
-2
0
-2
-1
2
3
7
5
7
6
6
8
6
14
14
16
15
19
18
17
12
13
13
13
17
16
15
17
16
17
22
20
21
20
23
24
23
25
23
22
22
19
19
14
12
7
8
9
4
2
-6
-5
-8
-7
-9
-12
-8
-9
-7
-8
-5
-3
-4
-2
5
7
5
3
4
4
7
8
7
10
13
13
8
8
8
4
2
-4
-10
-20
-24
-27
-29
-36
-41
-40
-39
-31
-29
-22
-15
-12
-13
-10
-11
-17
-23
-27
-32
-35
-32
-33
-36
-32
-29
-25
-27
-27
-25
-24
-23
-25
-25
-21
-22
-21
-19
-17
-17
-15
-16
-12
-7
-8
-5
-3
-5
