SAMPLES:	15991
BITSPERSAMPLE:	16
CHANNELS:	1
SAMPLERATE:	16000
NORMALIZED:	FALSE
7
6
8
9
10
8
7
6
7
6
9
10
10
8
9
9
6
6
5
5
4
7
9
2
0
1
-1
-4
-5
-5
-4
-9
-5
-7
-7
-8
-6
-5
-5
-8
-10
-6
-6
-7
-5
-1
-3
0
-3
-1
1
1
1
2
0
1
1
-1
-3
-5
-5
-4
-6
-5
-2
-4
-6
-1
0
-1
5
6
7
5
6
3
-2
-1
-1
0
-2
1
-3
-2
1
2
6
6
7
6
6
6
6
4
1
4
1
2
4
-2
-4
-3
2
2
4
6
5
6
3
2
1
0
0
-1
-3
-1
-5
-7
-9
-10
-12
-11
-7
-5
-6
-7
-4
-4
-2
-3
-5
-5
-12
-14
-15
-17
-14
-14
-14
-10
-6
-5
-2
-1
-1
0
2
2
-4
-2
-4
-7
-8
-14
-14
-13
-13
-7
-11
-10
-1
-3
-1
5
4
6
7
8
7
2
0
-1
-3
-2
0
0
1
1
2
0
-2
3
9
12
16
13
11
6
3
-1
-4
-6
-9
-12
-11
-11
-14
-13
-10
-7
-7
-4
6
10
12
12
14
17
15
14
11
7
10
7
2
1
1
5
6
6
9
13
14
14
17
19
18
15
10
10
11
8
4
1
4
1
3
2
2
4
9
14
13
19
21
23
23
22
17
10
10
5
5
0
0
-1
-4
-3
-8
-4
-3
-4
-6
-5
-4
-5
-3
-3
1
0
0
-4
-1
-4
-4
-5
-5
-5
-6
-5
-8
-4
-5
-6
-6
-4
-6
-5
-2
-3
-2
0
0
-4
-5
-9
-5
-5
-3
-1
-4
-5
-6
-12
-11
-9
-11
-9
-8
-10
-12
-13
-17
-17
-23
-24
-23
-22
-21
-20
-21
-16
-13
-9
-5
-2
6
8
7
8
8
7
1
-4
-3
-6
-4
-6
-6
-7
-5
-3
0
5
10
13
18
18
16
18
15
14
9
8
4
3
-1
-3
0
-2
-6
-2
1
6
10
9
14
20
19
17
17
14
11
7
2
-3
-10
-14
-12
-12
-14
-8
-5
-5
-4
-3
0
2
2
6
7
5
3
3
-2
-2
-6
-8
-7
-7
-5
-9
-9
-5
-3
-1
0
-3
0
3
2
3
2
3
0
-1
-1
-6
-3
-4
-1
3
3
1
3
5
4
2
1
1
-1
-4
-4
-4
-8
-6
-6
-8
-9
-7
-8
-6
-3
-1
6
5
10
10
10
11
12
8
5
7
7
3
1
4
1
-1
-1
3
5
7
10
12
10
11
13
13
13
10
5
5
2
-1
3
3
0
-2
-1
-3
1
-2
0
2
4
4
4
4
5
5
2
1
1
0
-4
-7
-7
-10
-13
-8
-8
-6
-4
-3
-2
-1
-1
0
-1
-2
1
2
0
2
1
1
1
0
2
0
-3
-6
-4
-6
-8
-6
-5
-5
-4
-2
-1
3
1
3
2
2
3
0
1
2
-2
-5
-5
-7
-9
-9
-7
-6
-4
-3
-3
-1
-1
0
1
0
2
0
-4
-4
-4
-5
-5
-3
-5
-2
-2
-1
-2
-5
-2
0
1
0
2
1
-1
1
-2
3
0
1
2
-1
3
2
2
8
9
8
4
4
3
1
2
0
-2
-1
0
-1
2
0
-2
-1
2
1
-3
-3
-2
1
0
1
-3
0
2
-1
0
-1
-1
-2
-1
3
4
6
2
4
6
9
8
8
8
9
6
5
5
1
1
-2
-5
-5
-3
-4
-6
-7
-7
-6
-6
-2
-3
-3
-4
-2
-2
-1
1
0
0
1
0
-1
-1
-2
-3
1
-1
1
2
4
3
1
2
0
3
1
3
5
3
4
4
2
-1
0
0
1
0
0
-4
-1
-3
-4
-4
-4
-2
-1
-4
-5
-2
-1
1
2
0
1
1
3
2
2
1
0
2
4
5
2
3
8
1
0
0
-1
-1
0
-1
0
-2
0
2
-3
-1
1
4
3
-1
0
1
1
3
-1
-1
-5
-4
-4
-3
-3
0
-2
-4
3
4
3
4
1
0
3
3
2
2
2
3
2
0
-1
0
-2
-1
-3
-2
0
0
2
1
1
-1
3
1
2
-2
-1
1
-2
-1
-3
-3
-1
-7
-3
-2
-5
-6
-7
-1
-2
-1
-2
-2
0
-4
-4
-1
0
-2
4
-1
-1
-2
-1
1
-1
0
-2
-1
2
3
2
2
1
6
5
6
5
6
5
6
5
6
4
2
4
4
1
2
2
-2
-1
-4
-2
-8
-8
-7
-6
-6
-4
-2
-3
-1
0
-1
0
1
1
4
3
1
4
3
2
1
0
0
0
-1
0
-3
-2
-2
-1
-3
2
1
-2
3
0
-1
-1
1
0
-3
-4
-3
0
-2
-3
-2
0
0
2
-1
0
0
1
0
3
3
-1
0
1
1
2
3
-3
0
-3
-2
-1
-3
1
-1
1
-2
-1
0
3
1
0
2
0
0
1
-2
-4
1
-2
-3
-3
-1
3
3
3
4
3
3
1
3
3
2
1
1
1
-1
-1
-2
-4
-4
-6
-4
-3
-5
-1
-1
0
4
1
2
4
6
5
0
1
-1
-1
-2
-2
0
-2
0
1
3
2
4
5
8
8
7
6
7
7
4
3
2
0
-3
0
-4
-5
-6
-3
-2
-1
-2
-1
2
-2
3
5
3
-1
1
1
0
0
-2
-4
-6
-5
-4
-3
-3
0
-3
2
2
2
2
4
6
3
4
4
5
3
0
1
-2
-3
-6
-5
-3
-4
-2
0
-3
1
2
1
2
3
2
2
1
2
2
2
-2
-2
-3
-6
-5
-5
-3
-3
-2
-2
0
-2
1
1
-2
0
0
0
-1
1
-5
-7
-7
-5
-3
-6
-4
-4
-1
2
-1
2
2
5
8
6
6
2
2
4
3
-1
2
0
-6
-6
-5
-5
-5
-3
-3
0
1
2
4
5
4
2
-1
1
3
0
-5
-1
-2
-5
-7
-3
-5
-7
-2
-3
-1
1
4
2
4
5
2
1
1
0
-2
-2
0
-6
-3
-6
-4
-3
-3
0
-2
-1
3
3
1
2
2
1
0
2
1
-6
-2
-1
-1
-2
1
1
1
2
3
7
5
6
6
6
2
3
2
3
6
5
2
-1
-2
2
0
0
2
2
3
4
3
3
3
4
5
6
6
1
-1
0
0
-1
0
0
-1
-2
0
1
1
3
2
1
4
3
2
-2
-1
1
-2
-1
-1
-3
-3
-3
-4
0
-1
-2
0
2
0
0
1
3
3
1
-1
-1
0
0
-3
-5
-1
-4
0
2
-1
0
2
2
4
4
3
5
2
2
0
1
-2
-3
1
-1
0
1
-3
-2
0
1
1
0
1
0
1
0
-3
-1
3
1
-1
-1
-3
-2
-1
0
-2
0
-4
-3
0
2
1
0
5
2
0
0
-3
-3
-3
-2
-2
-4
-1
0
-2
0
-2
-1
1
2
0
3
2
-1
-3
-2
2
-1
-2
-1
0
-1
0
-2
0
-1
-1
1
-1
3
1
0
2
2
1
-1
0
-2
-5
-3
-2
-3
0
-1
3
3
0
1
0
-1
-1
-2
0
-4
-3
0
-2
-2
-4
-2
-3
-5
-3
0
-2
-1
1
0
5
0
1
0
1
3
-1
0
0
0
0
-2
0
-1
0
0
1
2
0
1
2
5
0
1
0
-2
-1
-2
-1
0
1
-1
-1
2
2
2
4
2
1
2
1
-2
-6
-2
-3
-4
-2
-3
0
-1
-1
0
0
2
2
3
7
5
3
2
-1
-1
0
-4
-3
-1
-2
-4
-3
1
1
3
4
1
2
3
2
0
-1
1
2
-2
-3
-4
-5
-3
-1
0
-1
0
-1
2
3
1
-1
-1
1
1
-3
-7
-7
-1
-3
-5
-4
-6
-3
-1
-2
-2
4
1
2
3
0
0
3
2
-2
0
-1
2
2
2
2
0
1
3
3
5
3
0
0
1
0
0
1
-1
-3
-1
-1
-1
1
3
6
7
5
6
5
3
6
4
5
3
3
3
1
1
1
2
1
1
3
4
5
3
3
4
2
2
1
-3
-2
-3
1
-1
-2
-2
-3
-3
-1
-3
-2
-3
-3
-3
-4
-1
-4
-2
-1
2
1
-2
1
-1
-1
-3
-4
-2
-1
1
-1
-2
0
-2
-4
-3
-2
-1
-1
-3
0
0
0
-1
0
1
2
2
-1
1
0
2
2
-1
-1
-2
-2
-2
2
2
-3
-1
2
-1
-2
0
0
0
0
1
0
-1
-5
-5
-3
-4
-4
-3
0
-6
-4
-3
-3
-1
-4
-1
0
3
5
2
5
5
5
0
-3
1
2
1
-1
0
0
0
1
1
-3
-4
-2
0
-1
1
2
-1
-1
-1
2
3
3
-1
0
1
0
-1
-2
-5
-4
-1
0
0
4
3
4
5
1
2
2
4
4
1
2
1
0
3
3
5
5
2
4
2
-2
0
0
-3
-3
-5
-4
-5
-6
-2
-2
-3
0
1
4
1
-1
4
5
3
3
4
4
6
5
2
3
0
-1
-1
-4
0
1
-1
-1
4
3
0
0
0
-1
0
-3
-2
-2
-1
-5
-1
0
-2
1
1
0
4
4
3
2
4
5
5
3
7
6
5
5
3
3
4
4
2
4
2
0
-1
-3
-2
-4
-1
0
0
0
4
2
1
0
1
3
4
4
2
5
5
3
6
2
-1
2
-2
-2
-4
-5
-6
-4
-2
-4
-6
-5
-6
-6
-5
-2
-3
-4
-5
-7
-5
-5
-8
-9
-7
-12
-8
-8
-8
-4
-3
-1
3
4
2
5
4
5
2
5
4
1
1
2
0
-4
-7
-6
-11
-12
-11
-11
-13
-14
-11
-11
-9
-10
-5
-4
0
2
0
0
3
3
1
3
5
1
2
6
3
1
1
1
2
2
3
5
4
3
5
5
3
1
4
2
2
1
0
1
3
2
2
4
3
4
4
2
3
0
4
4
5
5
11
9
5
3
1
3
0
0
3
0
0
-2
-5
-2
-6
-12
-12
-11
-13
-13
-11
-7
-5
-1
0
1
5
4
11
11
8
7
13
14
10
8
6
2
2
2
1
-4
-2
-1
-2
3
-1
1
-4
-4
0
0
-1
1
4
0
2
-1
-5
-7
-6
-6
-5
-6
-4
-5
-2
5
5
8
7
8
8
3
3
6
4
6
6
4
4
7
5
1
0
1
0
-1
-1
-3
-2
-4
-6
-5
-9
-7
-9
-13
-13
-15
-10
-13
-12
-10
-4
0
1
3
4
5
3
5
7
9
14
15
20
23
20
16
15
15
11
8
5
6
2
-3
-4
-6
-8
-12
-14
-13
-9
-3
-6
-6
-2
-2
-1
-2
-2
-5
-7
0
-3
-5
-8
-10
-11
-8
-4
-6
-7
-5
0
6
9
7
14
14
10
12
11
12
6
8
0
-6
-9
-14
-14
-11
-11
-12
-12
-6
-5
-6
-4
0
0
8
14
12
12
10
9
8
6
4
-1
-1
2
3
8
4
5
2
3
2
0
2
-4
-5
-3
-4
-6
-7
-7
-8
-6
-6
0
3
1
3
7
13
11
11
7
2
5
7
4
2
-1
-2
0
-5
-6
-9
-10
-9
-9
-10
-9
-8
-8
-7
-9
-8
-9
-8
-9
-10
-8
-7
-7
-9
-4
2
2
7
6
7
7
7
10
8
8
6
6
1
-4
-7
-9
-5
-5
-1
0
1
4
5
-1
-4
-4
-6
-3
1
-2
-9
-9
-11
-13
-13
-13
-15
-12
-6
-6
-2
6
11
9
10
14
17
13
15
12
6
9
6
5
2
4
2
-2
1
4
4
4
6
6
8
10
3
1
2
4
1
-1
5
6
8
9
7
7
6
6
3
2
3
3
-1
-2
4
1
0
0
-2
-3
-2
-5
-5
-4
2
-3
-4
3
3
3
5
3
1
4
3
4
2
-4
-5
-4
-7
-7
-11
-10
-10
-7
-3
-8
-3
-4
0
0
0
1
3
4
9
11
13
14
14
9
5
1
-4
-5
-7
-7
-6
-6
-6
-3
0
-3
-8
-4
-5
-7
-9
-8
-7
-10
-6
-4
-13
-13
-13
-12
-12
-14
-12
-14
-10
-10
-9
-10
-8
-4
-6
-6
-1
-1
-3
-1
2
-2
-3
-1
0
1
5
10
9
11
13
11
8
11
9
8
8
6
6
5
4
3
2
1
2
4
4
4
6
6
4
4
8
7
8
10
8
6
4
7
3
1
1
1
3
4
3
-1
-3
-2
-2
-2
-5
-4
-3
-2
-3
-1
3
4
7
9
7
9
13
10
8
6
2
4
5
-1
0
-3
-8
-8
-12
-11
-14
-16
-13
-15
-11
-10
-11
-11
-12
-9
-10
-8
-5
-2
-3
0
2
5
4
6
11
13
14
12
7
6
6
6
5
2
3
2
-2
-1
-1
-3
-5
-5
-2
-6
-5
-4
-1
-4
-3
-3
-4
-6
-8
-10
-12
-11
-7
-7
-4
-2
0
5
8
10
11
12
16
14
17
16
13
17
11
9
11
7
3
7
7
7
10
11
8
10
11
13
17
11
13
10
6
7
-1
-7
-8
-10
-11
-8
-9
-6
-6
-2
-1
0
4
4
5
6
5
3
3
4
0
-1
-2
-4
-1
-5
-9
-11
-12
-14
-11
-11
-9
-7
-6
-5
-6
-5
-6
-7
-6
-6
-10
-14
-16
-18
-20
-19
-21
-20
-20
-17
-11
-11
-9
-11
-8
-5
-1
1
-1
0
0
0
-1
-3
-8
-8
-6
-4
-4
-1
1
-1
0
1
4
4
4
4
1
4
1
-1
-2
-5
-3
-3
-5
-7
-5
-6
-7
-7
-5
-1
2
6
6
8
4
7
5
4
4
2
4
7
4
3
9
10
10
9
11
13
12
11
11
11
12
11
10
9
6
8
8
11
7
8
9
8
10
12
16
15
15
15
12
11
9
6
3
0
-1
-7
-5
-6
-8
-9
-6
-6
-4
0
1
-1
2
2
2
0
1
2
0
-2
-2
-2
-4
-3
-5
-4
-2
-1
-2
-4
-1
1
1
4
6
11
8
4
5
6
-2
-2
1
-1
-5
-1
-3
-4
-3
-2
-1
-1
5
4
4
4
5
5
4
1
1
1
1
2
-3
-6
-5
-8
-13
-8
-4
-6
-4
-4
1
-1
0
-1
-5
-4
-7
-6
-12
-11
-11
-11
-14
-14
-13
-9
-7
-7
-5
-1
1
3
2
4
0
-2
1
-5
-4
-7
-8
-7
-9
-8
-7
-10
-7
-5
-1
2
3
7
9
9
7
5
6
3
0
1
-2
-4
-6
-3
-4
-4
-3
1
5
6
9
9
8
7
8
7
6
1
1
-2
-3
-9
-8
-5
-11
-10
-7
-1
1
5
8
10
15
11
11
9
7
5
0
-7
-8
-8
-12
-15
-13
-9
-6
-2
-2
0
4
4
8
9
10
8
4
7
5
0
-6
-3
-4
-2
-3
-4
-4
-4
0
3
3
5
9
10
13
13
14
6
7
4
0
2
-1
-5
-3
-2
-4
-1
-1
0
3
5
6
9
7
6
6
7
5
4
1
-1
-1
-2
-2
-1
-2
-6
-4
-2
0
0
1
3
3
4
3
3
2
0
-2
-4
-4
-5
-6
-6
-4
-6
-4
-1
-1
0
2
4
5
5
7
4
5
9
7
6
7
4
-1
0
0
1
-1
-3
-6
-3
-1
-2
-3
-7
-5
-5
-5
-3
-4
-4
-6
-6
-4
-7
-5
-5
-6
-5
-4
-1
-4
-3
-1
1
2
4
3
0
-1
-1
-1
0
-4
-5
-4
-4
-5
-5
-3
-1
-4
-2
-2
2
-5
-7
-3
-3
2
0
-2
-4
1
1
0
-3
-2
1
0
1
1
1
0
3
1
2
0
-1
-1
1
2
2
3
-2
0
-2
2
3
-2
1
4
0
0
1
3
4
0
3
8
9
5
6
8
6
5
1
1
2
3
5
2
3
1
2
4
3
3
1
0
-2
-2
-1
-2
-3
-4
1
-3
-5
-2
-2
-4
-4
-1
-3
0
0
-1
2
3
1
0
0
3
2
-1
0
-1
1
0
0
-1
-3
-1
2
2
-1
-3
0
-2
3
0
1
-1
0
2
2
1
1
-2
-3
-2
-2
0
-3
-2
-2
-3
-2
-2
-3
-5
-7
-1
0
-3
-2
0
-2
-2
0
1
2
4
0
-1
1
1
-1
0
-1
3
5
2
1
1
0
-1
1
1
3
2
-3
0
0
1
1
0
-3
3
0
1
4
0
-1
-3
1
2
-2
-1
-1
-3
-1
-3
-1
-2
-3
-5
-2
0
-4
0
-3
-1
5
2
1
1
0
0
2
-1
-1
2
-1
1
-1
0
-3
-1
-2
1
3
4
5
8
8
5
6
5
4
2
1
1
3
-1
-2
-1
-4
-5
-7
-2
-2
-2
-3
-1
-2
-5
1
1
1
0
-3
-1
-2
1
-3
-3
0
1
-2
3
4
2
2
2
2
1
5
6
4
4
5
4
2
1
-1
-1
0
-4
-4
-6
-4
-5
-8
-3
-4
-1
0
2
8
3
5
9
6
5
3
3
4
5
2
2
2
-1
3
0
4
1
-2
3
4
-2
-2
1
0
0
-5
-5
-4
-4
-4
-7
-8
-6
-5
-5
-1
-2
-1
1
1
2
1
1
0
0
0
-1
1
2
-1
-5
-3
-4
-3
-4
-3
-1
-3
1
0
-1
-1
0
3
1
3
2
0
1
-3
-4
-3
-7
-6
-1
-2
-1
6
2
5
3
1
2
0
2
0
0
-3
-4
-5
-4
-3
-3
-3
-3
-2
-3
-1
-3
-3
1
3
1
-2
1
3
0
-1
1
1
1
-2
-1
-2
1
4
3
5
6
9
8
4
6
5
0
-3
-5
-4
-9
-6
-5
-4
-3
-4
1
3
-2
0
2
0
1
0
-1
1
0
0
1
0
-3
2
-2
-2
-1
-4
2
6
9
10
8
9
9
9
6
6
4
0
0
-6
-5
-6
-7
-4
-1
4
5
7
7
4
7
4
4
5
2
-1
-1
-3
-5
-7
-10
-12
-11
-9
-6
-7
-5
-4
-4
-2
-2
0
2
6
4
7
5
4
6
9
6
6
4
4
4
5
8
4
3
5
4
5
6
-1
-2
-4
-10
-10
-10
-10
-9
-9
-7
-9
-6
-3
-3
-1
1
-3
-2
-2
1
-1
-2
-2
-5
-5
-3
-6
-6
-1
-1
-1
-1
2
5
1
2
2
3
5
4
5
6
5
0
-1
-2
-2
-4
-5
-4
-3
2
1
5
5
1
2
1
2
1
-4
-4
-6
-7
-4
-3
-3
-1
0
0
2
2
3
6
9
7
5
9
7
6
6
4
2
0
-3
-4
-7
-8
-6
-5
-6
0
1
4
7
2
7
6
6
8
7
8
3
-1
1
1
-5
-3
-1
-2
2
1
-4
-1
0
-1
0
0
3
1
0
0
0
3
0
-3
-4
-1
-3
-1
-3
-1
1
2
7
4
5
5
1
-1
-3
-2
-2
-4
-6
-4
-3
-5
-4
-5
-2
-2
0
0
3
4
5
4
3
3
3
0
1
0
-5
-4
-5
-7
-5
-4
-2
1
4
5
4
7
9
7
5
6
6
4
-4
-4
-6
-8
-6
-8
-6
-8
-5
-9
-7
-2
-3
-1
1
6
6
3
4
5
4
4
4
0
-3
-5
-7
-6
-5
-4
-3
-2
0
-1
0
3
6
7
6
3
2
2
3
0
-6
-10
-7
-6
-8
-9
-5
-3
-1
1
8
12
13
13
12
11
9
4
4
4
-2
-7
-11
-9
-12
-14
-10
-6
-2
1
3
5
4
3
5
2
2
4
4
1
0
-1
-5
-9
-14
-17
-14
-9
-8
-5
-1
4
5
4
5
7
8
7
5
-1
0
-1
0
-1
1
-1
1
4
4
7
7
8
11
12
10
7
6
3
0
-5
-5
-4
-7
-10
-9
-8
-14
-9
-4
-6
-1
0
7
9
10
10
6
5
2
4
3
-1
-6
-4
-10
-7
-8
-9
-6
-5
0
0
5
8
3
4
0
-2
0
-1
-1
-1
-3
-2
-1
-3
-4
-1
-1
-2
4
5
4
4
3
4
2
1
0
0
-1
-1
-5
-5
-4
-6
-3
-1
1
4
5
7
8
6
10
10
10
12
11
6
4
2
-1
-7
-11
-10
-15
-14
-11
-7
-5
-2
-2
0
-2
-1
2
4
5
6
7
7
8
7
1
2
-3
-3
-1
-3
-2
-3
-1
-3
-3
0
2
3
3
3
3
3
-4
-1
-6
-10
-9
-6
-4
-2
-2
-7
-7
-6
-1
-1
-1
1
1
1
4
2
1
0
-2
-4
-9
-8
-5
-5
-5
-3
1
6
6
5
5
5
8
10
6
6
6
6
4
0
0
-3
-1
0
-1
2
2
4
3
2
0
-1
1
0
-5
-1
-1
-1
-1
1
1
-1
0
1
-1
-2
1
0
-1
1
0
4
2
0
0
-3
-2
-1
2
1
1
6
5
4
0
3
0
-2
3
3
4
8
10
6
3
7
4
3
5
2
5
3
1
4
1
0
2
1
-1
4
4
4
5
2
3
0
0
-1
1
0
1
0
-2
-3
-4
-6
-5
-5
-3
-2
-4
-2
-1
0
-3
-3
-3
-5
-5
-8
-6
-7
-6
-6
-5
-3
-2
-2
-3
-7
-3
-2
-3
-2
3
5
5
6
5
1
3
2
-1
2
3
-1
-4
2
0
-2
-2
0
0
-5
1
-2
-5
-3
-3
-6
-5
-3
-2
-4
-5
-1
-2
-2
-3
-6
-4
-2
-4
-1
-3
-2
-4
-4
-3
-2
-7
-5
-2
-3
-3
-1
0
1
-1
4
5
4
2
0
1
2
3
0
1
-2
-1
-6
-8
-8
-12
-8
-8
-9
-8
-8
-6
-4
-3
-4
-1
2
1
3
6
8
3
2
4
0
4
4
6
8
11
10
11
14
14
13
13
14
10
9
10
15
14
8
6
5
9
7
6
4
1
4
4
3
4
4
-2
-1
-2
-4
0
0
4
5
6
4
6
4
10
9
7
9
10
9
5
3
2
-3
-9
-10
-7
-9
-6
-5
-7
-5
-8
-9
-9
-18
-23
-29
-24
-14
-6
-4
-6
-5
-12
-17
-21
-22
-18
-9
-9
-14
-7
-6
-8
-9
-8
-6
-6
-4
-1
0
4
6
9
7
6
5
3
12
17
19
17
16
12
11
10
10
15
11
11
15
18
15
10
3
5
10
14
6
-4
-7
-21
-25
-24
-26
-18
-10
-6
-3
5
0
-8
-12
-17
-14
-24
-18
-3
4
5
1
-6
-15
-20
-14
-5
7
23
28
26
16
3
-5
-7
-7
0
1
15
26
21
19
14
13
11
19
21
18
18
16
19
21
24
25
21
9
-2
-13
-4
4
19
22
21
31
19
11
-5
-12
-12
-13
3
13
28
20
2
-5
-19
-25
-27
-5
11
15
9
-6
-26
-41
-40
-32
-23
-23
-22
-27
-20
-6
6
5
6
11
-3
-8
-4
-6
-8
-13
-15
-5
-2
6
-1
-13
-23
-44
-40
-27
-18
-5
-5
5
13
3
-5
-20
-13
-5
-20
-19
-15
-2
3
-7
-13
-1
0
-29
-36
-9
8
1
-4
16
33
41
36
21
7
6
0
-5
19
41
27
-1
-12
-15
-22
-21
-14
2
10
13
13
14
28
24
10
0
2
0
0
6
9
12
18
24
10
3
5
4
2
8
24
42
40
19
-3
-16
-15
-14
-13
9
19
11
0
8
18
19
7
8
22
19
2
-2
16
17
-1
-12
-1
13
19
16
13
13
8
-13
-21
-6
-14
-22
-43
-54
-47
-46
-42
-26
4
13
-2
-9
2
-5
-20
-23
-23
-28
-36
-15
-10
-18
-19
-28
-37
-49
-42
-35
-33
-25
-13
-5
8
33
53
45
29
20
-3
-28
-15
18
33
28
24
16
1
2
17
24
39
42
48
43
36
36
12
12
18
20
18
3
-1
-6
-1
19
31
31
18
9
-2
-11
0
25
45
43
40
26
17
13
14
5
-15
-15
-24
-43
-53
-38
-25
-32
-31
-39
-55
-83
-95
-88
-76
-59
-60
-64
-79
-82
-66
-51
-35
-2
24
34
36
36
40
45
39
37
52
61
71
63
60
56
37
39
39
50
57
45
42
38
42
52
35
28
10
-4
-19
-42
-35
-41
-42
-41
-40
-44
-32
-30
-42
-42
-46
-38
-4
20
24
29
20
6
-3
-9
10
22
43
41
9
-41
-75
-64
-55
-31
10
44
52
4
-64
-119
-156
-142
-110
-76
-30
8
-5
-59
-103
-127
-115
-67
-3
77
123
123
98
54
19
22
68
140
195
217
212
176
126
54
28
39
71
143
170
174
153
78
-3
-84
-99
-65
-11
55
84
83
25
-68
-156
-226
-221
-183
-133
-94
-69
-46
-81
-126
-161
-162
-118
-67
-15
9
6
-1
3
11
21
29
63
100
95
50
-11
-16
11
41
31
-10
-37
-75
-151
-241
-301
-297
-243
-241
-344
-547
-738
-888
-984
-1020
-1002
-872
-690
-592
-692
-879
-951
-741
-314
181
722
1284
1811
2068
1953
1669
1508
1652
1947
2206
2396
2505
2499
2168
1519
829
393
336
469
577
548
396
118
-350
-950
-1443
-1600
-1374
-1055
-901
-940
-1091
-1201
-1340
-1463
-1474
-1232
-785
-409
-247
-334
-460
-536
-547
-503
-353
-39
306
576
639
554
431
370
382
406
460
556
681
763
714
535
341
179
83
-56
-209
-324
-386
-453
-647
-898
-1154
-1279
-1384
-1512
-1643
-1771
-1809
-1842
-1863
-1862
-1813
-1705
-1601
-1492
-1414
-1311
-1173
-977
-750
-551
-369
-211
-69
46
111
154
232
342
467
540
551
512
441
351
265
235
262
325
358
327
240
118
-9
-98
-111
-67
43
173
303
412
471
529
593
742
942
1170
1421
1655
1870
2028
2143
2240
2351
2518
2725
2892
2998
3028
2993
2939
2869
2815
2749
2699
2635
2522
2366
2149
1935
1745
1584
1443
1288
1152
976
732
437
134
-121
-338
-507
-647
-784
-900
-987
-1056
-1114
-1144
-1169
-1215
-1278
-1348
-1411
-1436
-1407
-1375
-1381
-1386
-1383
-1389
-1405
-1477
-1619
-1784
-1958
-2129
-2329
-2538
-2757
-3050
-3456
-3991
-4520
-5003
-5399
-5698
-5887
-5959
-5925
-5804
-5670
-5595
-5609
-5624
-5577
-5459
-5256
-4976
-4538
-3969
-3279
-2505
-1657
-700
270
1237
2169
3112
4075
4995
5842
6578
7175
7599
7763
7724
7619
7590
7685
7828
7937
7965
7875
7663
7334
6898
6367
5767
5106
4409
3668
2850
1972
1079
215
-567
-1228
-1761
-2174
-2510
-2812
-3119
-3404
-3671
-3892
-4033
-4080
-4001
-3809
-3501
-3144
-2766
-2338
-1865
-1314
-733
-154
363
780
1100
1326
1491
1619
1722
1809
1871
1885
1851
1764
1612
1428
1228
1005
759
449
68
-385
-897
-1419
-1928
-2402
-2798
-3093
-3303
-3428
-3469
-3447
-3378
-3279
-3160
-3046
-2916
-2770
-2605
-2388
-2126
-1805
-1431
-1007
-540
-75
344
673
880
970
988
955
881
747
490
79
-512
-1244
-2068
-2958
-3879
-4749
-5518
-6151
-6652
-7026
-7265
-7350
-7308
-7128
-6846
-6465
-5997
-5483
-4940
-4355
-3713
-3023
-2270
-1438
-518
484
1557
2659
3773
4884
5959
6946
7826
8574
9146
9539
9735
9794
9735
9567
9327
9021
8685
8317
7919
7472
6968
6436
5817
5128
4381
3566
2700
1773
811
-138
-1029
-1840
-2550
-3162
-3652
-4029
-4307
-4510
-4636
-4698
-4738
-4743
-4710
-4625
-4472
-4273
-4013
-3653
-3208
-2685
-2086
-1449
-780
-119
512
1086
1614
2096
2465
2721
2871
2932
2933
2864
2732
2572
2429
2308
2204
2087
1931
1721
1432
1076
656
170
-345
-854
-1347
-1782
-2157
-2482
-2771
-3004
-3163
-3223
-3190
-3104
-2938
-2727
-2481
-2190
-1892
-1590
-1265
-934
-606
-302
-25
177
315
392
393
321
93
-303
-879
-1629
-2505
-3488
-4526
-5554
-6520
-7360
-8066
-8587
-8897
-9001
-8887
-8588
-8135
-7584
-6964
-6317
-5671
-4995
-4302
-3606
-2875
-2104
-1266
-332
686
1776
2925
4128
5312
6445
7500
8422
9192
9768
10121
10275
10246
10063
9752
9346
8891
8415
7934
7438
6930
6421
5895
5325
4685
3972
3173
2284
1321
335
-635
-1587
-2496
-3331
-4045
-4588
-4977
-5234
-5373
-5397
-5331
-5201
-5052
-4873
-4681
-4505
-4303
-4078
-3798
-3441
-3013
-2481
-1838
-1110
-325
462
1262
2019
2703
3264
3665
3926
4038
4038
3920
3738
3527
3276
3016
2744
2505
2300
2088
1880
1647
1391
1103
758
372
-65
-520
-999
-1472
-1883
-2225
-2450
-2561
-2546
-2391
-2124
-1775
-1386
-956
-517
-104
272
574
811
946
998
984
880
699
405
-20
-578
-1259
-2056
-2952
-3910
-4866
-5802
-6664
-7424
-8035
-8485
-8759
-8836
-8734
-8465
-8071
-7579
-7015
-6397
-5732
-5038
-4322
-3585
-2827
-2015
-1140
-194
823
1901
3023
4162
5293
6372
7354
8209
8916
9441
9774
9922
9902
9729
9439
9066
8623
8132
7626
7107
6597
6099
5585
5040
4433
3756
2998
2168
1278
339
-634
-1610
-2548
-3409
-4162
-4775
-5231
-5530
-5674
-5689
-5587
-5416
-5192
-4932
-4673
-4433
-4193
-3946
-3676
-3358
-2984
-2528
-1985
-1362
-669
82
866
1648
2390
3045
3579
3979
4227
4324
4283
4119
3857
3515
3138
2753
2382
2036
1718
1435
1175
938
687
414
120
-225
-628
-1074
-1537
-1996
-2413
-2760
-3010
-3146
-3165
-3062
-2837
-2496
-2065
-1588
-1104
-645
-255
50
244
322
278
106
-211
-669
-1259
-1972
-2764
-3596
-4438
-5263
-6047
-6758
-7361
-7838
-8170
-8349
-8380
-8274
-8055
-7745
-7365
-6923
-6419
-5853
-5220
-4533
-3788
-2994
-2115
-1160
-120
989
2147
3316
4534
5706
6767
7741
8583
9276
9790
10138
10318
10346
10242
10031
9742
9401
9012
8592
8157
7710
7248
6743
6179
5550
4848
4065
3201
2262
1278
258
-764
-1754
-2663
-3471
-4143
-4670
-5054
-5289
-5398
-5414
-5359
-5247
-5108
-4962
-4827
-4685
-4525
-4327
-4079
-3742
-3301
-2768
-2145
-1429
-643
177
1001
1776
2475
3066
3520
3819
3956
3960
3843
3622
3340
3017
2695
2378
2082
1818
1583
1370
1143
902
620
290
-109
-583
-1115
-1675
-2224
-2735
-3173
-3505
-3706
-3768
-3686
-3455
-3101
-2662
-2175
-1681
-1218
-825
-519
-316
-218
-231
-369
-641
-1040
-1558
-2164
-2838
-3558
-4295
-5021
-5723
-6367
-6934
-7400
-7747
-7962
-8037
-7985
-7819
-7560
-7211
-6779
-6266
-5679
-5031
-4329
-3573
-2761
-1890
-960
24
1056
2124
3203
4271
5312
6305
7222
8034
8721
9268
9664
9916
10021
10002
9877
9652
9335
8952
8533
8090
7624
7137
6618
6061
5454
4794
4075
3311
2492
1615
696
-236
-1166
-2063
-2884
-3615
-4229
-4717
-5078
-5314
-5435
-5451
-5395
-5280
-5132
-4957
-4758
-4548
-4306
-4017
-3676
-3263
-2773
-2210
-1573
-879
-150
586
1315
1992
2593
3096
3476
3735
3860
3855
3734
3530
3264
2954
2627
2296
1970
1658
1364
1085
809
521
210
-150
-558
-1012
-1491
-1972
-2426
-2821
-3141
-3364
-3476
-3460
-3314
-3063
-2720
-2314
-1878
-1460
-1090
-788
-560
-434
-422
-539
-794
-1196
-1734
-2378
-3110
-3882
-4661
-5408
-6099
-6707
-7208
-7570
-7800
-7873
-7802
-7601
-7298
-6916
-6459
-5959
-5426
-4850
-4238
-3598
-2910
-2163
-1355
-489
448
1442
2474
3529
4586
5621
6594
7484
8264
8901
9383
9703
9873
9899
9794
9580
9283
8918
8513
8088
7652
7217
6774
6309
5805
5255
4641
3962
3208
2389
1505
567
-395
-1356
-2268
-3106
-3849
-4461
-4929
-5258
-5437
-5486
-5434
-5286
-5084
-4853
-4614
-4370
-4118
-3864
-3584
-3267
-2894
-2458
-1946
-1360
-710
-24
675
1373
2036
2629
3118
3501
3750
3854
3830
3683
3436
3114
2751
2362
1968
1597
1257
946
671
412
164
-102
-390
-714
-1069
-1451
-1860
-2242
-2595
-2883
-3085
-3183
-3168
-3046
-2823
-2531
-2198
-1841
-1495
-1177
-924
-742
-666
-726
-935
-1301
-1809
-2446
-3178
-3972
-4788
-5590
-6339
-7018
-7563
-7972
-8213
-8286
-8204
-7977
-7628
-7188
-6668
-6104
-5509
-4886
-4255
-3608
-2943
-2231
-1469
-647
248
1218
2252
3322
4410
5493
6537
7499
8351
9064
9615
9990
10183
10212
10093
9852
9506
9091
8637
8165
7704
7246
6798
6345
5881
5383
4831
4212
3508
2719
1857
937
-24
-989
-1937
-2818
-3611
-4276
-4798
-5159
-5364
-5435
-5386
-5249
-5052
-4819
-4568
-4303
-4055
-3813
-3572
-3308
-3006
-2642
-2189
-1656
-1050
-379
328
1037
1729
2358
2891
3302
3581
3695
3665
3510
3249
2915
2523
2115
1717
1365
1055
802
598
422
254
66
-158
-438
-776
-1184
-1632
-2109
-2562
-2972
-3288
-3478
-3519
-3400
-3147
-2760
-2306
-1807
-1316
-864
-496
-238
-119
-129
-323
-685
-1233
-1925
-2737
-3624
-4528
-5397
-6199
-6904
-7491
-7943
-8218
-8331
-8245
-8036
-7688
-7257
-6761
-6243
-5709
-5150
-4552
-3940
-3300
-2621
-1889
-1065
-166
829
1904
3023
4156
5273
6346
7347
8254
9010
9588
9983
10201
10236
10124
9892
9590
9202
8752
8274
7803
7356
6930
6493
6033
5543
4978
4337
3609
2827
1979
1072
114
-855
-1798
-2680
-3471
-4141
-4671
-5049
-5276
-5398
-5396
-5320
-5188
-5035
-4868
-4671
-4471
-4251
-4012
-3732
-3373
-2946
-2426
-1811
-1106
-354
414
1162
1850
2459
2957
3300
3508
3561
3477
3287
2999
2675
2307
1944
1610
1350
1156
1024
925
834
714
508
214
-167
-607
-1090
-1610
-2123
-2607
-2992
-3244
-3350
-3293
-3094
-2763
-2355
-1900
-1412
-945
-522
-209
-13
45
2
-173
-495
-965
-1582
-2345
-3232
-4185
-5129
-6049
-6868
-7576
-8156
-8553
-8787
-8773
-8578
-8178
-7643
-7006
-6322
-5629
-4915
-4187
-3460
-2756
-2078
-1383
-672
111
972
1919
2925
3962
5017
6049
7046
7983
8818
9485
9954
10219
10284
10168
9915
9566
9130
8600
8024
7436
6874
6330
5848
5394
4943
4448
3926
3333
2692
1979
1211
371
-511
-1433
-2345
-3188
-3950
-4557
-5032
-5338
-5533
-5542
-5453
-5252
-5012
-4718
-4401
-4079
-3752
-3416
-3063
-2694
-2284
-1864
-1390
-873
-299
277
892
1467
2023
2495
2859
3124
3250
3271
3147
2947
2676
2361
2026
1696
1409
1148
928
740
566
380
173
-70
-399
-773
-1182
-1614
-2043
-2421
-2725
-2955
-3094
-3103
-3018
-2827
-2568
-2217
-1826
-1411
-1017
-637
-314
-50
104
186
97
-144
-576
-1173
-1906
-2750
-3668
-4647
-5613
-6559
-7376
-8080
-8551
-8842
-8851
-8718
-8361
-7900
-7269
-6582
-5823
-5041
-4261
-3537
-2863
-2203
-1550
-849
-102
721
1598
2547
3548
4583
5632
6687
7660
8543
9268
9843
10236
10436
10437
10251
9924
9462
8919
8319
7723
7135
6557
5986
5463
4974
4495
4007
3485
2903
2243
1501
692
-166
-1048
-1948
-2831
-3661
-4371
-4933
-5324
-5552
-5632
-5584
-5437
-5220
-4921
-4550
-4150
-3747
-3354
-2985
-2618
-2231
-1813
-1338
-841
-319
216
758
1290
1814
2287
2687
2978
3164
3239
3213
3096
2897
2628
2292
1922
1548
1212
892
601
324
55
-229
-526
-838
-1153
-1457
-1793
-2135
-2489
-2784
-2995
-3113
-3134
-3065
-2897
-2625
-2284
-1870
-1397
-924
-484
-124
171
376
469
380
121
-342
-983
-1819
-2752
-3757
-4732
-5697
-6621
-7450
-8114
-8556
-8770
-8716
-8476
-8045
-7516
-6916
-6271
-5568
-4846
-4135
-3474
-2848
-2238
-1610
-957
-213
639
1582
2579
3632
4731
5858
6956
7963
8857
9575
10085
10368
10434
10318
10063
9646
9102
8474
7833
7223
6651
6135
5670
5241
4813
4354
3869
3346
2740
2039
1231
354
-572
-1521
-2467
-3368
-4160
-4808
-5324
-5669
-5838
-5812
-5648
-5405
-5078
-4689
-4266
-3849
-3454
-3081
-2713
-2373
-2046
-1711
-1312
-847
-360
136
649
1185
1713
2183
2579
2899
3107
3179
3110
2943
2710
2420
2075
1704
1354
1044
767
528
331
164
-12
-251
-529
-824
-1124
-1443
-1770
-2069
-2316
-2487
-2585
-2611
-2564
-2441
-2275
-2053
-1782
-1461
-1104
-756
-455
-178
58
200
213
70
-255
-755
-1451
-2294
-3234
-4213
-5173
-6095
-6912
-7637
-8146
-8388
-8408
-8194
-7770
-7224
-6581
-5891
-5149
-4406
-3686
-3026
-2440
-1895
-1361
-819
-213
480
1282
2162
3101
4107
5165
6243
7277
8231
9054
9700
10118
10309
10295
10093
9724
9203
8566
7891
7218
6558
5947
5384
4885
4420
3963
3511
3047
2542
1976
1330
595
-234
-1120
-2051
-2987
-3859
-4646
-5304
-5811
-6141
-6258
-6184
-5950
-5582
-5105
-4564
-4011
-3457
-2934
-2455
-2008
-1621
-1264
-923
-585
-221
149
553
991
1453
1882
2300
2691
3021
3242
3353
3349
3233
2976
2620
2204
1755
1300
841
396
-56
-491
-883
-1216
-1501
-1722
-1888
-2007
-2120
-2184
-2209
-2202
-2154
-2097
-2046
-2015
-1980
-1924
-1808
-1583
-1255
-869
-460
-71
293
577
705
625
336
-189
-952
-1911
-3006
-4152
-5322
-6432
-7437
-8260
-8850
-9148
-9153
-8869
-8344
-7627
-6798
-5911
-5021
-4155
-3344
-2644
-2045
-1511
-1051
-596
-126
424
1105
1890
2804
3818
4900
6027
7125
8148
9039
9770
10303
10588
10628
10429
10008
9420
8705
7955
7208
6493
5818
5227
4725
4291
3912
3557
3190
2790
2313
1725
1056
291
-557
-1462
-2423
-3359
-4225
-4966
-5507
-5845
-6006
-5964
-5792
-5498
-5084
-4594
-4032
-3472
-2933
-2447
-2035
-1655
-1315
-975
-629
-292
81
468
871
1286
1704
2091
2440
2735
2945
3063
3105
3040
2854
2584
2276
1915
1518
1114
710
311
-101
-514
-928
-1286
-1597
-1875
-2093
-2260
-2341
-2377
-2365
-2304
-2228
-2135
-2038
-1930
-1760
-1592
-1422
-1254
-1091
-873
-637
-411
-168
-52
-140
-471
-1050
-1801
-2702
-3699
-4714
-5782
-6830
-7797
-8589
-9087
-9283
-9149
-8776
-8215
-7466
-6585
-5597
-4563
-3554
-2615
-1836
-1221
-716
-268
192
677
1240
1888
2581
3371
4298
5354
6476
7584
8592
9425
10062
10484
10685
10654
10396
9906
9228
8396
7518
6709
5960
5262
4641
4118
3651
3253
2912
2624
2323
1946
1440
824
126
-659
-1517
-2410
-3279
-4096
-4836
-5444
-5850
-6023
-6004
-5829
-5530
-5093
-4530
-3909
-3275
-2667
-2061
-1530
-1093
-707
-357
-12
285
562
821
1047
1276
1531
1802
2079
2364
2579
2742
2834
2826
2740
2567
2281
1919
1483
1050
615
141
-293
-717
-1120
-1472
-1759
-1972
-2130
-2237
-2299
-2290
-2234
-2157
-2078
-2022
-1939
-1863
-1735
-1612
-1523
-1396
-1272
-1097
-886
-656
-431
-365
-443
-704
-1183
-1877
-2687
-3592
-4518
-5500
-6456
-7348
-8085
-8579
-8800
-8750
-8416
-7912
-7257
-6475
-5613
-4684
-3737
-2848
-2079
-1433
-877
-411
41
543
1124
1743
2390
3178
4078
5073
6120
7158
8136
8979
9626
10084
10315
10324
10119
9696
9116
8401
7616
6822
6082
5424
4832
4325
3857
3440
3089
2742
2351
1875
1341
714
-25
-836
-1669
-2537
-3382
-4152
-4861
-5372
-5703
-5836
-5806
-5669
-5347
-4930
-4345
-3695
-3096
-2481
-1979
-1548
-1153
-834
-479
-165
131
413
665
959
1309
1705
2089
2415
2686
2875
2995
3085
3130
3065
2850
2483
2031
1575
1148
718
324
-45
-424
-776
-1117
-1414
-1653
-1836
-1971
-2127
-2249
-2302
-2321
-2280
-2213
-2121
-2039
-1959
-1881
-1737
-1545
-1340
-1111
-857
-564
-262
-57
-10
-163
-528
-1141
-1933
-2871
-3865
-4875
-5907
-6921
-7791
-8444
-8808
-8867
-8674
-8222
-7595
-6843
-6020
-5127
-4180
-3255
-2466
-1824
-1300
-840
-380
84
612
1229
1880
2605
3451
4434
5528
6663
7735
8665
9422
9974
10325
10455
10353
10045
9521
8802
8008
7215
6451
5752
5121
4570
4079
3608
3220
2902
2572
2227
1774
1183
491
-287
-1113
-1972
-2855
-3744
-4586
-5261
-5728
-6000
-6084
-5994
-5767
-5418
-4910
-4305
-3661
-2996
-2405
-1911
-1484
-1108
-735
-386
-74
242
507
745
996
1311
1650
2014
2335
2596
2807
2950
3068
3112
3055
2844
2470
2036
1539
964
453
1
-438
-840
-1247
-1611
-1853
-2008
-2089
-2135
-2169
-2171
-2163
-2110
-1989
-1832
-1690
-1585
-1471
-1349
-1214
-1063
-904
-721
-541
-353
-156
-73
-150
-438
-966
-1713
-2622
-3606
-4619
-5649
-6638
-7551
-8302
-8831
-9053
-9017
-8725
-8225
-7579
-6838
-5992
-5078
-4109
-3185
-2354
-1630
-1014
-428
132
689
1320
2008
2754
3550
4410
5390
6410
7424
8378
9251
9867
10295
10536
10593
10444
10109
9583
8865
8095
7318
6581
5877
5214
4580
3997
3455
2989
2598
2211
1762
1242
640
-40
-734
-1504
-2340
-3169
-3988
-4731
-5375
-5873
-6143
-6244
-6180
-5972
-5604
-5074
-4436
-3740
-3030
-2309
-1622
-1041
-552
-139
251
579
791
947
1084
1243
1406
1580
1784
2040
2307
2533
2697
2853
2913
2828
2596
2245
1815
1298
718
147
-404
-887
-1347
-1762
-2070
-2245
-2349
-2433
-2467
-2416
-2289
-2145
-2034
-1923
-1816
-1777
-1753
-1742
-1620
-1407
-1250
-1104
-959
-757
-459
-287
-205
-291
-602
-1134
-1892
-2715
-3577
-4517
-5531
-6551
-7463
-8160
-8611
-8789
-8734
-8376
-7853
-7170
-6374
-5449
-4430
-3452
-2553
-1753
-1108
-553
-60
392
935
1517
2109
2768
3505
4404
5406
6424
7422
8374
9209
9862
10315
10582
10636
10467
10025
9411
8699
7922
7118
6276
5509
4820
4181
3622
3136
2743
2386
2015
1591
1089
557
-80
-783
-1549
-2394
-3238
-4073
-4836
-5435
-5893
-6154
-6258
-6221
-5995
-5620
-5104
-4472
-3788
-3056
-2350
-1698
-1112
-621
-194
160
412
614
756
875
1006
1178
1406
1660
1919
2146
2361
2559
2706
2779
2745
2597
2325
1870
1325
748
171
-385
-939
-1399
-1763
-2018
-2130
-2177
-2162
-2120
-2098
-2023
-1878
-1732
-1570
-1400
-1263
-1144
-1078
-1006
-872
-754
-623
-512
-415
-274
-263
-356
-565
-928
-1450
-2171
-3001
-3903
-4859
-5832
-6819
-7695
-8373
-8839
-9026
-9005
-8713
-8223
-7576
-6780
-5869
-4863
-3869
-2963
-2119
-1381
-701
-42
555
1163
1806
2448
3143
3911
4769
5701
6656
7577
8442
9199
9817
10280
10546
10600
10436
10039
9459
8753
7970
7176
6385
5632
4938
4289
3682
3128
2639
2211
1790
1358
859
284
-331
-1002
-1713
-2480
-3259
-3959
-4617
-5121
-5478
-5685
-5720
-5700
-5545
-5231
-4788
-4175
-3582
-2991
-2370
-1833
-1312
-827
-355
117
486
749
974
1215
1510
1767
1975
2152
2289
2384
2455
2537
2579
2587
2467
2211
1915
1570
1224
883
461
11
-471
-962
-1409
-1751
-1961
-2097
-2187
-2259
-2344
-2314
-2198
-2081
-1951
-1823
-1700
-1585
-1477
-1364
-1223
-1121
-1034
-957
-891
-735
-619
-605
-686
-969
-1383
-1992
-2788
-3635
-4513
-5349
-6208
-7067
-7800
-8355
-8677
-8784
-8644
-8211
-7590
-6823
-5962
-5009
-3949
-2927
-2013
-1241
-546
112
703
1275
1867
2461
3091
3726
4437
5272
6149
7058
7922
8700
9370
9896
10267
10404
10365
10132
9664
9041
8270
7456
6619
5787
5013
4280
3602
2986
2428
1966
1550
1101
651
142
-389
-962
-1564
-2213
-2903
-3607
-4269
-4857
-5322
-5620
-5849
-5908
-5791
-5561
-5125
-4560
-3932
-3206
-2499
-1815
-1167
-561
-36
399
755
1029
1258
1462
1602
1760
1904
2057
2205
2254
2331
2426
2503
2532
2461
2330
2172
1903
1578
1208
813
393
-116
-666
-1230
-1709
-2108
-2437
-2650
-2734
-2714
-2621
-2470
-2246
-1967
-1700
-1438
-1201
-990
-782
-621
-509
-424
-411
-439
-440
-451
-507
-642
-950
-1369
-1915
-2589
-3325
-4094
-4907
-5738
-6624
-7456
-8123
-8578
-8778
-8751
-8533
-8132
-7559
-6846
-6025
-5054
-4023
-3038
-2127
-1305
-503
288
1037
1735
2428
3122
3815
4513
5267
6098
6949
7750
8492
9145
9705
10124
10362
10420
10319
10008
9486
8816
8082
7296
6451
5584
4745
3978
3245
2578
2005
1515
1034
556
42
-500
-1038
-1623
-2230
-2831
-3438
-4060
-4657
-5161
-5524
-5728
-5821
-5810
-5670
-5421
-5000
-4483
-3865
-3132
-2398
-1707
-1060
-501
73
571
965
1244
1402
1570
1673
1758
1872
2012
2144
2169
2164
2174
2232
2329
2346
2250
2061
1780
1439
1089
746
367
-105
-669
-1233
-1708
-2049
-2280
-2384
-2402
-2312
-2125
-1872
-1589
-1282
-980
-747
-603
-525
-443
-354
-276
-263
-289
-334
-404
-496
-630
-807
-1122
-1595
-2233
-2977
-3739
-4552
-5444
-6413
-7322
-8095
-8696
-9041
-9131
-8938
-8532
-7978
-7249
-6403
-5424
-4381
-3351
-2380
-1516
-745
-10
662
1367
2084
2754
3423
4095
4828
5676
6530
7411
8267
9025
9661
10128
10448
10595
10537
10281
9837
9235
8502
7680
6837
6025
5217
4398
3585
2888
2271
1732
1194
648
127
-435
-1016
-1618
-2187
-2735
-3319
-3963
-4556
-5073
-5497
-5787
-6000
-6073
-5997
-5845
-5487
-4988
-4379
-3634
-2919
-2238
-1572
-897
-196
427
914
1267
1522
1710
1862
2005
2105
2226
2327
2340
2358
2361
2407
2503
2536
2520
2413
2154
1832
1453
1073
657
164
-341
-891
-1393
-1844
-2239
-2564
-2791
-2845
-2743
-2539
-2236
-1901
-1588
-1303
-1056
-861
-764
-731
-671
-652
-676
-734
-787
-734
-665
-697
-855
-1167
-1599
-2154
-2864
-3611
-4384
-5223
-6095
-6993
-7743
-8280
-8614
-8734
-8657
-8341
-7857
-7280
-6540
-5626
-4585
-3567
-2674
-1812
-989
-199
568
1283
2032
2763
3439
4121
4853
5708
6621
7466
8250
8956
9516
9932
10197
10345
10358
10138
9669
8997
8276
7556
6796
6010
5197
4422
3667
2912
2262
1721
1235
749
201
-381
-929
-1475
-2034
-2608
-3141
-3686
-4237
-4734
-5146
-5383
-5486
-5523
-5480
-5297
-4950
-4474
-3922
-3295
-2620
-1937
-1315
-731
-129
446
959
1341
1614
1836
2036
2216
2360
2486
2540
2506
2446
2377
2337
2328
2265
2137
1932
1659
1387
1099
830
579
270
-105
-545
-1018
-1469
-1847
-2138
-2325
-2443
-2474
-2409
-2239
-1976
-1666
-1306
-949
-656
-444
-305
-231
-207
-262
-363
-489
-586
-724
-993
-1371
-1919
-2546
-3230
-3929
-4614
-5311
-6041
-6795
-7520
-8132
-8561
-8760
-8729
-8497
-8130
-7654
-7055
-6307
-5411
-4408
-3385
-2439
-1579
-788
8
829
1644
2459
3241
3983
4722
5503
6324
7140
7922
8602
9191
9651
9972
10169
10227
10116
9817
9330
8695
8018
7309
6557
5767
4969
4186
3406
2674
2030
1478
945
355
-271
-889
-1492
-2034
-2545
-3072
-3558
-4053
-4525
-4911
-5212
-5360
-5443
-5485
-5394
-5208
-4890
-4448
-3944
-3326
-2714
-2087
-1452
-839
-183
442
1007
1506
1883
2181
2409
2567
2678
2738
2745
2707
2634
2572
2524
2461
2395
2310
2177
1995
1767
1479
1164
786
344
-155
-664
-1118
-1533
-1886
-2153
-2338
-2469
-2572
-2566
-2391
-2098
-1764
-1444
-1173
-935
-769
-689
-626
-620
-633
-683
-745
-763
-824
-956
-1204
-1639
-2160
-2764
-3451
-4155
-4856
-5587
-6349
-7100
-7771
-8277
-8585
-8625
-8444
-8086
-7573
-6935
-6148
-5233
-4224
-3188
-2197
-1287
-476
290
1034
1764
2482
3186
3868
4558
5288
6077
6908
7719
8471
9102
9606
9991
10216
10274
10166
9889
9425
8800
8083
7319
6514
5683
4838
4021
3238
2488
1836
1238
679
150
-404
-982
-1542
-2089
-2618
-3136
-3667
-4159
-4636
-5039
-5313
-5512
-5598
-5604
-5512
-5306
-5005
-4572
-4047
-3457
-2815
-2195
-1554
-924
-323
269
808
1307
1699
1982
2177
2332
2487
2600
2669
2692
2671
2623
2542
2471
2390
2260
2088
1856
1615
1354
1073
755
399
21
-389
-787
-1161
-1444
-1618
-1767
-1888
-1950
-1959
-1911
-1827
-1716
-1573
-1432
-1303
-1186
-1071
-923
-793
-698
-624
-604
-562
-588
-724
-955
-1381
-1960
-2720
-3591
-4425
-5283
-6138
-6954
-7716
-8283
-8673
-8861
-8786
-8506
-8030
-7428
-6703
-5850
-4914
-3922
-2986
-2143
-1344
-601
132
864
1605
2374
3086
3800
4557
5372
6288
7189
8047
8836
9472
9955
10277
10459
10495
10322
9965
9421
8726
7962
7157
6335
5514
4706
3923
3174
2493
1929
1419
909
371
-211
-802
-1380
-1959
-2517
-3073
-3640
-4189
-4718
-5145
-5454
-5649
-5698
-5664
-5532
-5280
-4937
-4489
-3947
-3329
-2698
-2090
-1492
-894
-295
275
796
1241
1606
1906
2151
2371
2542
2658
2727
2719
2669
2611
2549
2470
2352
2209
2018
1789
1544
1270
1007
688
319
-74
-498
-918
-1305
-1637
-1906
-2096
-2206
-2250
-2211
-2078
-1868
-1633
-1417
-1212
-1046
-927
-868
-856
-831
-812
-813
-826
-858
-896
-1032
-1255
-1588
-2047
-2583
-3261
-3994
-4765
-5588
-6386
-7159
-7826
-8296
-8600
-8704
-8593
-8259
-7743
-7071
-6272
-5404
-4439
-3456
-2499
-1563
-696
147
922
1641
2371
3063
3768
4485
5220
6018
6818
7604
8338
8974
9529
9960
10229
10353
10293
10052
9627
9035
8353
7608
6814
5972
5111
4276
3484
2743
2052
1434
867
315
-217
-740
-1258
-1752
-2269
-2815
-3363
-3920
-4434
-4891
-5249
-5468
-5608
-5668
-5644
-5517
-5240
-4844
-4355
-3744
-3096
-2446
-1808
-1192
-545
83
668
1183
1591
1882
2091
2224
2338
2447
2490
2504
2481
2428
2377
2332
2274
2192
2083
1917
1712
1460
1173
847
454
46
-368
-783
-1161
-1507
-1796
-2032
-2213
-2306
-2328
-2265
-2137
-1965
-1756
-1543
-1351
-1163
-964
-803
-644
-498
-394
-295
-241
-226
-319
-566
-944
-1491
-2122
-2831
-3609
-4406
-5251
-6068
-6855
-7538
-8016
-8308
-8378
-8241
-7963
-7540
-6988
-6303
-5494
-4617
-3709
-2843
-2014
-1217
-430
338
1083
1850
2602
3352
4121
4911
5759
6631
7473
8249
8906
9459
9871
10127
10247
10190
9961
9558
8976
8287
7547
6784
5995
5187
4410
3660
2957
2304
1686
1119
557
3
-566
-1140
-1696
-2257
-2811
-3349
-3861
-4342
-4761
-5108
-5338
-5470
-5510
-5435
-5290
-5062
-4706
-4269
-3762
-3203
-2638
-2037
-1437
-846
-267
259
737
1174
1547
1852
2087
2261
2382
2443
2431
2383
2311
2220
2136
2044
1921
1781
1620
1439
1240
1009
761
479
187
-108
-424
-703
-965
-1228
-1451
-1655
-1811
-1907
-1952
-1913
-1799
-1635
-1433
-1219
-1007
-795
-629
-495
-378
-318
-293
-292
-327
-404
-604
-945
-1427
-2010
-2650
-3382
-4161
-4942
-5729
-6491
-7201
-7777
-8172
-8391
-8412
-8251
-7888
-7378
-6758
-6014
-5198
-4320
-3440
-2597
-1765
-976
-210
517
1221
1980
2750
3529
4328
5159
6034
6868
7655
8366
8998
9540
9944
10184
10272
10185
9911
9459
8879
8215
7486
6696
5876
5054
4246
3483
2777
2113
1503
932
350
-212
-766
-1327
-1880
-2436
-2963
-3494
-4006
-4461
-4873
-5207
-5433
-5547
-5569
-5494
-5288
-4973
-4533
-4027
-3466
-2837
-2185
-1518
-888
-276
309
818
1231
1572
1845
2059
2184
2250
2305
2324
2299
2242
2205
2181
2136
2042
1903
1727
1521
1280
994
699
403
84
-263
-628
-971
-1284
-1588
-1854
-2070
-2235
-2331
-2354
-2295
-2159
-1955
-1698
-1434
-1185
-940
-729
-536
-370
-251
-182
-171
-195
-237
-315
-448
-665
-998
-1445
-1980
-2618
-3317
-4072
-4865
-5649
-6424
-7121
-7686
-8085
-8283
-8317
-8143
-7749
-7185
-6477
-5643
-4722
-3735
-2748
-1773
-835
36
872
1642
2347
3041
3731
4403
5067
5753
6458
7170
7839
8442
8960
9382
9682
9853
9883
9749
9460
8998
8403
7698
6917
6097
5253
4395
3572
2801
2091
1447
835
260
-277
-781
-1240
-1686
-2143
-2576
-3000
-3411
-3810
-4173
-4488
-4740
-4901
-4998
-4999
-4923
-4768
-4479
-4085
-3577
-2973
-2358
-1717
-1072
-455
133
675
1160
1576
1906
2140
2304
2380
2383
2338
2251
2158
2064
1959
1847
1740
1641
1542
1416
1268
1098
898
665
401
102
-217
-564
-941
-1319
-1657
-1922
-2141
-2316
-2394
-2399
-2363
-2246
-2071
-1840
-1577
-1340
-1141
-969
-840
-752
-715
-692
-677
-690
-761
-905
-1132
-1460
-1870
-2364
-2911
-3499
-4138
-4837
-5539
-6217
-6820
-7306
-7675
-7893
-7909
-7735
-7381
-6869
-6203
-5408
-4548
-3642
-2691
-1744
-822
55
884
1652
2383
3094
3755
4388
5028
5686
6329
6983
7597
8171
8671
9092
9403
9570
9622
9531
9279
8882
8335
7687
6941
6116
5257
4388
3543
2729
1958
1258
637
90
-407
-868
-1304
-1715
-2112
-2499
-2883
-3263
-3613
-3920
-4210
-4446
-4622
-4745
-4767
-4740
-4611
-4353
-3993
-3524
-2991
-2376
-1720
-1108
-487
108
680
1201
1606
1921
2165
2321
2388
2367
2299
2218
2091
1952
1809
1677
1572
1460
1333
1224
1124
1024
904
746
555
302
-35
-410
-813
-1229
-1617
-1966
-2249
-2471
-2589
-2584
-2475
-2244
-1916
-1551
-1153
-743
-360
-73
118
219
230
161
56
-64
-208
-415
-726
-1111
-1567
-2059
-2587
-3142
-3728
-4321
-4987
-5684
-6343
-6926
-7350
-7600
-7704
-7678
-7524
-7208
-6741
-6101
-5316
-4453
-3536
-2602
-1662
-740
171
1054
1898
2685
3436
4159
4830
5470
6070
6636
7162
7639
8076
8458
8803
9079
9203
9174
9007
8695
8252
7702
7078
6386
5635
4861
4048
3247
2491
1750
1038
362
-275
-849
-1354
-1810
-2211
-2599
-2950
-3277
-3575
-3829
-4034
-4206
-4326
-4401
-4438
-4419
-4358
-4215
-3990
-3673
-3283
-2843
-2327
-1755
-1177
-585
4
605
1185
1679
2092
2394
2614
2769
2805
2787
2723
2586
2411
2208
2009
1839
1650
1485
1329
1175
1040
900
757
594
404
187
-89
-424
-791
-1192
-1582
-1965
-2320
-2603
-2798
-2900
-2883
-2732
-2447
-2053
-1624
-1179
-767
-395
-74
163
316
400
385
255
-8
-405
-880
-1446
-2042
-2653
-3305
-3946
-4609
-5278
-5886
-6396
-6799
-7082
-7222
-7223
-7088
-6857
-6522
-6078
-5513
-4878
-4182
-3448
-2690
-1890
-1081
-243
598
1433
2270
3095
3910
4720
5513
6261
6962
7594
8138
8582
8917
9150
9249
9225
9070
8790
8408
7945
7389
6769
6115
5408
4689
3966
3243
2542
1860
1215
601
-3
-577
-1136
-1658
-2144
-2608
-3037
-3450
-3791
-4047
-4258
-4412
-4532
-4599
-4580
-4504
-4359
-4154
-3901
-3573
-3184
-2767
-2311
-1821
-1307
-795
-270
243
754
1231
1609
1911
2148
2329
2419
2441
2380
2256
2129
1976
1790
1598
1413
1240
1081
929
788
637
471
304
121
-73
-284
-539
-825
-1131
-1440
-1732
-1990
-2207
-2366
-2457
-2469
-2385
-2179
-1878
-1530
-1148
-771
-402
-71
192
377
471
471
373
159
-168
-611
-1149
-1750
-2385
-3022
-3645
-4254
-4835
-5373
-5808
-6150
-6372
-6478
-6490
-6370
-6126
-5767
-5321
-4808
-4214
-3580
-2925
-2251
-1572
-874
-163
553
1274
2012
2739
3455
4170
4889
5611
6313
6943
7502
7975
8348
8627
8787
8823
8723
8463
8079
7612
7045
6417
5743
5047
4342
3615
2907
2232
1616
1046
486
-41
-542
-1003
-1434
-1862
-2272
-2661
-3009
-3330
-3614
-3840
-4000
-4075
-4097
-4072
-3983
-3835
-3612
-3327
-2989
-2613
-2186
-1728
-1268
-826
-394
43
447
804
1108
1357
1578
1756
1872
1928
1931
1925
1886
1831
1751
1634
1496
1340
1178
1008
834
662
461
242
3
-243
-483
-720
-931
-1116
-1311
-1511
-1689
-1842
-1948
-2008
-2028
-2027
-2005
-1939
-1820
-1629
-1370
-1090
-819
-594
-407
-252
-137
-56
-21
-51
-180
-423
-804
-1286
-1810
-2367
-2941
-3571
-4253
-4918
-5526
-5997
-6329
-6502
-6526
-6441
-6213
-5885
-5441
-4888
-4257
-3570
-2885
-2211
-1560
-921
-275
367
988
1614
2249
2910
3601
4305
5032
5739
6412
7030
7559
8010
8346
8559
8646
8571
8381
8054
7615
7111
6527
5908
5240
4538
3855
3196
2589
1997
1429
899
398
-77
-530
-952
-1353
-1770
-2182
-2561
-2895
-3188
-3432
-3637
-3777
-3842
-3862
-3825
-3716
-3534
-3263
-2951
-2591
-2181
-1741
-1256
-773
-313
112
495
842
1148
1418
1634
1778
1833
1822
1802
1790
1767
1705
1605
1484
1350
1211
1068
926
777
591
365
107
-159
-426
-698
-954
-1190
-1419
-1623
-1809
-1967
-2077
-2157
-2182
-2184
-2142
-2060
-1957
-1815
-1643
-1440
-1221
-1011
-800
-581
-379
-209
-105
-50
-35
-68
-161
-303
-526
-827
-1224
-1717
-2278
-2875
-3469
-4059
-4635
-5125
-5515
-5794
-5948
-5988
-5892
-5664
-5305
-4838
-4283
-3660
-2991
-2328
-1651
-961
-277
382
999
1613
2238
2873
3504
4107
4702
5282
5836
6342
6811
7229
7575
7832
7968
7982
7878
7656
7324
6904
6397
5810
5154
4485
3806
3142
2501
1889
1326
804
324
-120
-535
-905
-1250
-1585
-1923
-2249
-2541
-2806
-3047
-3260
-3419
-3519
-3583
-3575
-3492
-3324
-3090
-2819
-2501
-2144
-1735
-1294
-851
-414
4
389
722
1011
1254
1444
1567
1611
1614
1595
1563
1516
1438
1358
1273
1184
1082
938
795
639
473
297
96
-118
-344
-577
-811
-1037
-1234
-1421
-1601
-1765
-1887
-1964
-2006
-1993
-1934
-1837
-1707
-1554
-1374
-1177
-957
-722
-494
-271
-91
39
110
145
161
139
46
-111
-326
-612
-967
-1376
-1795
-2223
-2686
-3160
-3639
-4083
-4454
-4748
-4955
-5084
-5120
-5063
-4918
-4667
-4274
-3787
-3241
-2653
-2040
-1391
-733
-102
508
1119
1730
2312
2861
3393
3909
4418
4914
5351
5760
6152
6510
6798
6983
7075
7081
6989
6789
6489
6123
5697
5203
4656
4060
3452
2846
2254
1689
1138
611
121
-335
-755
-1125
-1464
-1760
-2039
-2297
-2535
-2767
-2961
-3111
-3206
-3256
-3274
-3236
-3144
-2987
-2757
-2493
-2185
-1817
-1410
-986
-573
-172
197
526
821
1051
1243
1391
1467
1505
1504
1468
1429
1389
1348
1302
1234
1135
994
859
724
575
396
166
-84
-333
-577
-822
-1058
-1276
-1465
-1652
-1826
-1950
-2016
-2024
-1998
-1921
-1795
-1632
-1452
-1273
-1121
-970
-815
-655
-524
-449
-399
-349
-299
-253
-219
-183
-163
-196
-276
-415
-611
-876
-1207
-1601
-2053
-2555
-3067
-3580
-4056
-4456
-4761
-4940
-5000
-4926
-4709
-4370
-3946
-3446
-2878
-2240
-1568
-906
-273
321
886
1406
1886
2330
2759
3200
3643
4063
4470
4872
5276
5670
6044
6376
6640
6817
6876
6817
6643
6383
6040
5603
5082
4487
3852
3201
2549
1923
1355
840
381
-42
-424
-754
-1033
-1284
-1524
-1745
-1939
-2114
-2302
-2489
-2658
-2805
-2906
-2965
-2989
-2959
-2867
-2723
-2497
-2228
-1898
-1507
-1110
-718
-341
20
342
617
834
990
1084
1134
1133
1093
1051
987
921
854
780
718
657
596
522
449
365
251
93
-99
-315
-551
-784
-1009
-1221
-1411
-1565
-1682
-1755
-1784
-1768
-1699
-1573
-1411
-1234
-1030
-823
-634
-463
-313
-175
-49
34
85
113
120
112
71
30
5
-29
-91
-196
-345
-537
-794
-1088
-1441
-1852
-2308
-2802
-3301
-3760
-4151
-4476
-4701
-4825
-4815
-4663
-4409
-4044
-3597
-3076
-2500
-1906
-1292
-690
-90
463
970
1442
1880
2307
2715
3106
3492
3874
4252
4624
4979
5311
5603
5838
6012
6110
6118
6021
5833
5568
5218
4791
4308
3772
3222
2665
2110
1585
1092
629
213
-152
-470
-737
-978
-1177
-1349
-1516
-1674
-1818
-1951
-2074
-2168
-2235
-2281
-2295
-2274
-2211
-2094
-1917
-1693
-1415
-1108
-798
-491
-191
107
371
591
783
938
1036
1095
1111
1095
1047
978
895
784
654
515
376
261
137
4
-123
-262
-403
-552
-707
-857
-1021
-1185
-1331
-1435
-1506
-1544
-1543
-1527
-1491
-1429
-1334
-1213
-1080
-934
-795
-673
-570
-466
-371
-283
-199
-128
-63
-9
43
87
128
149
153
115
13
-139
-363
-650
-999
-1401
-1851
-2337
-2821
-3275
-3688
-4048
-4318
-4483
-4524
-4446
-4249
-3954
-3583
-3123
-2628
-2104
-1563
-1045
-560
-115
309
706
1080
1431
1791
2154
2533
2930
3341
3764
4181
4595
4975
5321
5602
5797
5903
5916
5836
5653
5373
5005
4563
4067
3542
3011
2479
1969
1481
1028
623
269
-26
-281
-508
-712
-902
-1079
-1256
-1426
-1593
-1752
-1913
-2073
-2197
-2285
-2329
-2330
-2281
-2166
-1989
-1758
-1479
-1157
-808
-465
-137
166
420
641
815
934
1002
1025
1007
960
887
802
710
605
507
409
314
223
126
39
-61
-174
-284
-413
-567
-734
-887
-1034
-1166
-1280
-1382
-1454
-1494
-1494
-1457
-1401
-1302
-1183
-1055
-907
-741
-575
-410
-258
-120
-3
94
182
260
323
357
370
371
360
325
276
198
90
-62
-265
-509
-792
-1125
-1503
-1904
-2333
-2768
-3171
-3523
-3818
-4037
-4170
-4215
-4164
-4020
-3785
-3483
-3111
-2694
-2244
-1772
-1291
-815
-361
92
514
924
1323
1703
2089
2471
2871
3282
3683
4068
4434
4761
5044
5254
5393
5452
5423
5323
5131
4850
4495
4086
3632
3154
2667
2191
1723
1293
903
560
257
-7
-218
-395
-546
-687
-835
-982
-1126
-1267
-1401
-1539
-1659
-1763
-1849
-1879
-1868
-1809
-1703
-1542
-1332
-1078
-789
-507
-232
34
265
453
598
691
733
739
706
638
547
439
327
209
97
-7
-102
-194
-268
-336
-402
-483
-566
-642
-730
-821
-920
-1014
-1101
-1186
-1254
-1285
-1313
-1323
-1303
-1270
-1212
-1135
-1047
-943
-813
-676
-535
-401
-272
-143
-20
95
201
284
344
392
434
480
506
519
519
501
435
319
146
-81
-344
-654
-1008
-1389
-1784
-2172
-2530
-2839
-3089
-3266
-3364
-3370
-3296
-3142
-2915
-2635
-2323
-1972
-1615
-1269
-938
-629
-321
-24
262
548
829
1122
1447
1791
2146
2511
2872
3237
3582
3897
4159
4349
4475
4528
4502
4401
4231
3995
3706
3376
3010
2636
2259
1884
1541
1231
945
678
432
229
48
-109
-262
-424
-583
-748
-907
-1059
-1200
-1323
-1433
-1524
-1564
-1571
-1532
-1450
-1327
-1165
-989
-796
-586
-372
-161
43
210
350
451
510
534
522
486
417
325
229
130
35
-49
-126
-197
-261
-325
-377
-427
-485
-554
-631
-708
-805
-909
-1002
-1092
-1167
-1213
-1233
-1237
-1211
-1160
-1105
-1024
-931
-833
-724
-614
-504
-415
-342
-260
-186
-108
-34
24
86
147
200
251
306
366
411
431
431
393
302
152
-47
-295
-596
-938
-1293
-1655
-2008
-2322
-2590
-2791
-2926
-2981
-2970
-2869
-2703
-2486
-2220
-1923
-1607
-1287
-987
-713
-457
-219
20
235
452
677
916
1187
1488
1820
2163
2517
2867
3194
3496
3760
3962
4095
4161
4152
4058
3885
3657
3383
3071
2733
2392
2064
1755
1462
1196
959
741
548
373
220
78
-63
-210
-356
-507
-663
-815
-962
-1085
-1178
-1248
-1289
-1281
-1223
-1126
-996
-842
-671
-493
-307
-137
7
133
222
277
304
294
264
213
149
78
-7
-88
-162
-216
-249
-286
-325
-354
-390
-431
-473
-524
-592
-671
-755
-848
-946
-1034
-1107
-1169
-1205
-1219
-1201
-1148
-1074
-982
-870
-748
-620
-496
-377
-280
-210
-165
-136
-129
-134
-152
-172
-190
-195
-177
-151
-104
-46
10
61
107
129
111
55
-58
-217
-427
-674
-941
-1211
-1470
-1714
-1923
-2082
-2182
-2223
-2205
-2132
-1987
-1797
-1567
-1322
-1056
-790
-535
-307
-103
87
246
398
531
660
805
968
1137
1339
1569
1810
2057
2299
2535
2749
2930
3051
3112
3124
3077
2967
2809
2610
2386
2150
1901
1636
1387
1155
944
763
616
492
380
291
205
132
62
-9
-82
-178
-286
-389
-473
-537
-598
-652
-694
-690
-664
-619
-550
-461
-354
-244
-142
-42
57
124
162
175
176
161
114
38
-46
-129
-214
-308
-381
-440
-497
-542
-574
-601
-622
-646
-680
-713
-753
-799
-852
-904
-956
-1003
-1035
-1048
-1046
-1040
-1016
-964
-898
-829
-751
-667
-569
-469
-382
-298
-220
-157
-117
-89
-70
-51
-60
-68
-59
-43
-15
3
23
51
64
61
47
5
-62
-163
-286
-418
-565
-720
-880
-1033
-1164
-1275
-1359
-1400
-1391
-1328
-1240
-1126
-976
-810
-642
-486
-318
-149
10
151
269
370
459
536
604
681
776
882
994
1122
1275
1430
1579
1722
1848
1954
2034
2086
2105
2081
2020
1919
1794
1647
1475
1296
1126
967
824
705
611
543
492
463
450
449
455
456
436
390
339
277
203
127
54
-27
-102
-150
-190
-219
-228
-214
-192
-165
-139
-111
-77
-60
-58
-78
-100
-131
-182
-250
-323
-395
-479
-561
-636
-701
-741
-780
-810
-823
-825
-825
-826
-823
-819
-816
-817
-828
-845
-855
-864
-871
-870
-862
-840
-805
-762
-703
-631
-551
-466
-379
-283
-190
-110
-44
11
50
71
86
80
71
55
25
-4
-48
-96
-143
-191
-236
-278
-321
-360
-406
-458
-522
-594
-654
-729
-808
-871
-921
-959
-981
-973
-941
-877
-778
-658
-522
-358
-192
-36
119
271
411
529
630
726
815
885
949
1007
1075
1140
1198
1265
1347
1427
1490
1544
1576
1596
1602
1577
1519
1439
1339
1219
1096
961
816
685
566
464
382
319
276
248
237
232
235
242
248
252
237
215
181
138
90
46
6
-32
-62
-79
-87
-96
-93
-81
-68
-55
-39
-31
-34
-48
-75
-118
-171
-231
-305
-377
-446
-509
-580
-640
-682
-717
-746
-767
-781
-780
-775
-766
-756
-741
-727
-724
-723
-702
-687
-676
-658
-634
-604
-573
-544
-501
-445
-384
-325
-266
-205
-139
-86
-48
-14
6
14
3
-25
-57
-89
-134
-175
-220
-251
-288
-323
-342
-350
-358
-363
-367
-365
-365
-370
-370
-364
-361
-363
-360
-350
-327
-302
-270
-229
-176
-128
-76
-10
65
145
223
303
379
453
522
583
640
696
748
782
810
834
848
867
873
870
866
852
832
818
807
791
766
744
714
674
644
606
574
540
497
462
426
392
357
328
309
292
281
265
249
244
232
223
205
181
160
132
111
92
75
52
33
9
-17
-47
-83
-117
-142
-167
-190
-219
-247
-275
-310
-339
-370
-405
-444
-482
-514
-548
-577
-604
-630
-642
-646
-640
-633
-618
-599
-575
-541
-511
-490
-471
-460
-443
-424
-401
-379
-361
-338
-315
-293
-274
-252
-221
-193
-163
-135
-109
-84
-61
-41
-30
-21
-30
-42
-65
-96
-120
-143
-168
-186
-200
-201
-194
-190
-178
-153
-126
-106
-92
-77
-61
-40
-23
-10
3
18
37
59
89
118
151
178
210
241
273
298
320
352
377
395
399
406
414
415
423
425
427
430
430
435
447
450
448
446
437
434
416
390
369
346
318
289
258
235
217
208
211
207
202
213
227
241
256
270
279
279
279
259
240
208
170
134
100
66
23
-19
-51
-57
-54
-58
-66
-74
-73
-71
-79
-99
-121
-144
-176
-212
-260
-309
-364
-427
-469
-508
-541
-566
-585
-580
-561
-534
-503
-460
-408
-365
-320
-277
-237
-202
-178
-159
-139
-125
-110
-97
-77
-56
-34
-10
14
44
79
107
131
149
150
153
141
114
83
40
-10
-64
-126
-185
-238
-281
-307
-332
-341
-333
-317
-279
-238
-202
-163
-128
-94
-69
-48
-37
-33
-32
-33
-26
-25
-15
-4
16
52
94
138
179
218
256
288
309
330
329
309
285
251
219
179
141
107
78
64
49
42
41
48
60
77
89
100
113
126
132
134
143
142
143
141
138
144
149
148
161
177
187
206
223
240
249
254
248
235
221
202
188
166
140
107
65
27
-5
-28
-51
-77
-92
-97
-103
-105
-110
-113
-123
-132
-138
-162
-183
-198
-205
-211
-217
-222
-215
-204
-198
-178
-155
-134
-110
-89
-71
-58
-44
-36
-26
-21
-17
-20
-17
-18
-14
-2
7
21
33
49
63
69
71
73
71
72
72
64
52
33
25
20
3
0
-8
-18
-30
-48
-62
-71
-75
-84
-95
-103
-108
-115
-123
-128
-127
-123
-122
-121
-108
-93
-83
-75
-72
-69
-65
-56
-53
-49
-38
-38
-32
-22
-14
-12
-12
-10
-2
2
3
-1
-10
-5
-6
-6
-8
-10
-8
-10
-8
-1
5
7
14
25
45
59
68
74
80
86
85
84
86
91
95
94
92
91
82
74
74
70
69
64
63
72
73
77
77
80
92
101
99
94
90
81
72
63
51
44
29
15
1
-7
-13
-28
-32
-36
-39
-48
-60
-68
-71
-70
-67
-68
-66
-61
-45
-29
-10
6
18
32
45
57
57
57
49
39
27
16
3
0
1
3
20
31
50
63
76
93
105
112
112
109
98
87
69
41
14
-11
-33
-49
-59
-65
-65
-62
-58
-58
-57
-57
-53
-54
-58
-62
-67
-74
-83
-95
-102
-103
-103
-98
-94
-89
-83
-76
-60
-49
-42
-42
-45
-47
-52
-55
-61
-72
-79
-84
-91
-93
-100
-103
-102
-96
-84
-77
-65
-48
-30
-14
-2
7
19
31
44
55
64
70
75
85
90
94
91
93
100
103
98
92
88
88
84
77
70
63
64
61
50
36
26
12
5
-1
-4
-9
-14
-15
-19
-24
-39
-45
-53
-61
-59
-59
-63
-61
-57
-52
-42
-26
-13
8
24
39
54
63
73
77
76
67
61
51
40
34
26
24
24
25
28
31
32
36
42
47
57
57
57
57
54
44
36
23
11
5
-4
-16
-25
-28
-23
-19
-22
-16
-18
-18
-9
-6
-1
-8
-13
-17
-21
-17
-17
-16
-13
-11
-3
7
13
22
21
21
16
15
16
16
10
5
2
-3
-10
-11
-13
-15
-19
-20
-26
-28
-39
-52
-55
-62
-68
-72
-74
-73
-74
-67
-64
-59
-49
-46
-39
-35
-25
-15
-8
-5
-1
-5
-6
-6
-10
-9
-12
-13
-13
-17
-15
-12
-12
-11
-9
1
11
16
19
11
3
-4
-18
-28
-30
-36
-41
-45
-50
-46
-36
-29
-24
-23
-15
0
14
27
37
51
62
70
74
78
75
73
68
61
59
56
46
39
30
26
27
27
33
32
38
36
28
21
11
2
-8
-19
-26
-27
-25
-23
-23
-22
-20
-17
-10
-2
10
20
23
22
23
19
10
6
3
3
3
2
10
11
11
12
15
19
19
21
22
24
20
14
7
-5
-17
-30
-35
-39
-41
-38
-37
-33
-25
-13
0
9
16
19
21
22
15
11
4
-5
-15
-25
-39
-44
-47
-42
-37
-34
-26
-20
-13
-8
-1
3
1
3
10
13
20
26
32
32
32
34
30
28
23
20
20
17
14
10
4
-2
-15
-23
-27
-33
-40
-49
-50
-55
-62
-67
-72
-70
-67
-58
-50
-42
-39
-32
-21
-13
-3
7
16
24
34
35
36
35
36
36
30
28
22
20
21
23
28
39
44
52
61
63
61
58
58
51
44
31
19
7
-7
-18
-30
-37
-37
-41
-43
-41
-36
-28
-23
-16
-8
-2
6
16
19
26
25
24
23
26
24
22
23
27
27
27
26
18
11
9
16
15
16
8
1
-4
-10
-12
-19
-22
-26
-28
-27
-28
-25
-23
-24
-23
-20
-18
-18
-21
-22
-20
-19
-22
-27
-25
-23
-14
-4
6
12
19
23
25
22
19
20
20
21
15
13
13
14
15
12
7
7
5
2
6
9
10
16
16
22
26
25
19
18
13
7
-6
-13
-24
-34
-39
-43
-45
-49
-43
-37
-37
-27
-24
-23
-19
-16
-14
-11
-1
5
16
28
35
29
23
14
6
5
0
-1
4
9
12
14
12
12
12
7
4
6
4
3
-3
-6
-10
-14
-15
-11
-3
3
13
18
23
27
21
22
16
21
25
22
21
15
10
0
-8
-23
-35
-41
-44
-46
-43
-42
-40
-26
-21
-18
-16
-12
-5
-3
2
-3
-9
-12
-13
-17
-26
-30
-35
-39
-43
-41
-43
-48
-47
-41
-36
-29
-28
-24
-15
-11
-7
-5
4
10
7
7
12
15
12
13
18
22
30
34
36
38
42
40
40
43
46
47
38
34
30
17
4
-1
-6
-16
-17
-15
-17
-11
-5
-7
-4
0
0
1
2
11
12
16
11
7
7
3
5
6
11
15
21
25
31
31
34
34
38
42
42
42
44
49
46
43
43
39
36
29
23
23
23
18
12
7
3
-3
-10
-13
-20
-18
-15
-18
-20
-18
-19
-24
-24
-21
-22
-21
-21
-25
-23
-23
-18
-20
-24
-20
-20
-22
-20
-17
-14
-12
-14
-12
-17
-17
-13
-14
-16
-19
-17
-23
-26
-26
-24
-23
-24
-24
-18
-14
-11
-11
-6
-5
-9
-9
-11
-15
-19
-18
-22
-20
-20
-20
-17
-18
-13
-13
-9
-5
-4
3
6
11
19
22
23
25
24
28
27
24
25
24
25
26
32
36
36
36
42
41
38
35
28
23
16
8
4
0
-11
-15
-18
-20
-25
-27
-29
-30
-25
-19
-12
-6
-6
-4
0
-1
-1
0
1
-2
-5
-2
-1
-3
0
-2
1
8
10
16
17
22
24
26
26
23
19
22
19
19
13
4
1
-1
-6
-7
-2
-1
0
3
1
-1
1
2
5
4
0
-4
-2
-2
-7
-10
-9
-13
-12
-14
-14
-13
-12
-10
-9
-6
-3
0
-2
-1
-2
-5
-7
-10
-14
-15
-13
-10
-11
-11
-6
-6
-4
-3
-4
-1
0
4
5
6
4
3
5
0
-1
-1
-2
-6
-8
-10
-10
-10
-14
-13
-10
-10
-11
-8
-8
-10
-11
-9
-6
-6
-5
-4
-3
-2
-3
-5
-9
-5
-4
-3
-1
1
4
6
11
10
12
13
17
17
19
19
20
20
19
17
16
16
11
7
3
-3
-3
-6
-3
-2
0
3
1
3
4
2
3
4
3
1
-2
-1
-2
0
-5
-4
-3
0
-1
0
0
2
6
12
15
14
14
13
16
14
12
13
10
3
2
0
-5
-5
-5
-8
-7
-5
-3
0
2
4
4
6
2
6
2
-3
-6
-9
-10
-14
-19
-18
-19
-20
-17
-15
-11
-11
-6
-5
-3
0
-1
-1
1
1
0
2
1
-2
-4
-1
2
2
4
5
6
7
12
16
13
11
14
16
14
12
4
-2
-1
-4
-10
-10
-10
-16
-15
-12
-9
-8
-10
-10
-9
-12
-11
-10
-11
-13
-11
-10
-11
-12
-12
-10
-5
-2
0
1
2
2
5
10
9
9
8
7
4
-1
-1
-4
-5
-5
-6
-7
-8
-8
-4
0
2
2
9
9
8
9
10
7
6
6
4
1
-4
-5
-4
-6
-2
2
3
5
7
9
14
17
17
14
13
14
13
10
10
6
3
3
-1
-6
-5
-4
-5
-5
-9
-7
-6
-6
2
0
1
2
4
3
2
0
-6
-4
-3
-4
0
-1
0
6
5
6
5
5
5
5
5
8
4
0
-3
-6
-6
-9
-14
-15
-13
-19
-21
-22
-24
-22
-18
-16
-14
-12
-9
-6
-3
-1
1
3
6
4
5
3
2
6
10
10
14
16
16
18
20
20
21
22
21
21
20
17
16
10
14
9
8
8
7
10
4
0
-5
-10
-10
-14
-14
-16
-17
-13
-13
-11
-10
-10
-11
-9
-6
-11
-13
-15
-13
-8
-7
-4
0
1
1
3
4
2
3
1
1
3
4
6
5
8
10
16
17
21
20
25
27
27
27
28
27
24
20
17
16
14
12
8
6
3
1
-2
-3
-8
-12
-19
-21
-25
-24
-24
-27
-25
-27
-27
-27
-24
-23
-23
-20
-18
-15
-12
-8
-7
-5
-8
-8
-5
-13
-9
-12
-15
-14
-12
-12
-9
-3
0
1
2
3
6
6
8
6
5
8
9
10
14
16
14
10
7
9
9
4
0
-5
-5
-7
-12
-7
-10
-8
-7
-3
1
5
7
7
12
15
16
16
20
20
23
21
22
23
21
19
15
11
9
6
2
6
3
2
5
7
7
5
8
9
9
11
10
7
5
2
2
1
1
1
-2
-2
-6
-8
-7
-10
-11
-11
-10
-9
-8
-8
-11
-7
-8
-11
-11
-13
-13
-12
-17
-17
-20
-17
-18
-17
-15
-15
-13
-13
-10
-9
-8
-9
-9
-6
-2
-3
-7
-7
-8
-7
-2
-2
-2
-2
-1
2
-1
0
4
3
7
11
10
10
13
12
11
12
8
10
6
2
1
-2
-6
-7
-5
-2
-3
-4
-6
-9
-8
-9
-12
-18
-17
-12
-13
-14
-17
-17
-18
-15
-16
-21
-19
-18
-15
-11
-10
-10
-6
-1
8
11
16
17
18
19
17
19
20
21
18
17
17
16
16
18
17
13
10
10
12
8
6
6
8
8
8
8
9
8
8
8
11
12
9
10
9
11
11
5
3
2
0
0
-1
-3
-5
-4
-1
1
2
2
8
14
11
13
14
13
16
15
14
13
10
7
5
4
3
2
2
1
4
5
7
3
2
0
-1
1
2
2
2
3
-2
-2
-2
-6
-7
-9
-10
-8
-16
-15
-16
-16
-22
-23
-20
-22
-23
-24
-21
-22
-19
-19
-18
-18
-16
-15
-14
-11
-13
-10
-10
-8
-8
-6
-5
-5
-6
-2
-3
0
3
0
2
1
3
2
3
3
7
10
11
12
13
14
11
15
15
13
12
9
6
2
3
-1
-2
-4
-5
-6
-7
-9
-8
-2
-5
-2
0
0
3
1
3
3
7
5
4
7
5
5
6
4
0
-2
-1
-4
-5
-4
-9
-6
-9
-9
-8
-6
-5
-4
-2
1
0
0
5
7
7
8
5
4
7
5
3
5
8
6
6
6
8
6
7
6
3
2
2
2
2
2
5
3
1
3
2
3
6
1
-5
-4
-2
-3
1
0
0
0
0
-1
-3
-5
-2
-5
-2
-1
-3
-2
-5
-7
-6
-5
-6
-5
-4
-5
-7
-6
-8
-10
-12
-6
-8
-13
-11
-13
-13
-11
-9
-5
-2
3
8
6
11
10
13
19
22
21
21
21
19
19
20
19
19
16
16
14
10
7
4
2
0
-1
-3
-1
-3
-5
-5
-2
-5
-4
-7
-4
-4
-6
-4
-4
-5
-9
-7
-6
-10
-8
-9
-9
-9
-10
-1
-2
0
2
2
0
-2
-1
-5
-5
-9
-9
-6
-6
-3
-2
-1
3
4
5
9
6
3
5
7
4
2
5
8
6
4
5
4
4
6
5
2
4
0
1
2
0
-1
0
0
-2
-1
-1
-1
0
5
3
1
0
-2
-4
-5
-8
-11
-9
-9
-10
-8
-7
-3
-3
-5
-3
-6
-5
-1
-1
3
2
6
3
3
-1
-6
-6
-11
-11
-10
-8
-7
-5
-5
-5
-4
-4
-3
-2
0
-1
2
1
0
-1
3
2
1
1
-1
1
-2
-3
-2
-1
-1
-2
0
5
6
1
0
2
5
2
3
6
6
5
4
1
1
0
-5
-1
-3
-3
-2
-4
-5
-5
-5
-7
-6
-5
-2
-2
3
5
10
10
8
14
11
9
8
5
2
-1
-3
-5
-3
-4
-7
-1
0
-5
-1
3
4
5
8
12
12
11
13
14
15
15
9
7
7
1
1
2
-2
2
5
6
6
5
6
1
2
0
1
2
2
4
5
7
2
2
2
-5
-2
-2
-5
-6
-6
-7
-7
-8
-10
-6
-7
-6
-10
-8
-8
-6
-8
-5
-1
0
3
2
2
1
0
0
-2
-4
-1
-1
-1
-1
-6
-10
-11
-14
-9
-8
-8
-1
0
1
0
4
3
5
7
5
9
8
5
3
4
2
-1
-1
-3
-3
-6
-9
-9
-6
-7
-8
-5
-2
-3
-6
-7
-5
-7
-5
-3
-3
0
-4
-3
0
1
2
1
0
-1
1
3
-1
0
4
1
4
5
8
12
7
13
13
13
14
18
19
16
15
12
9
7
7
3
-1
1
1
0
0
-4
-1
-1
-3
2
4
0
-1
-4
-4
-4
-7
-6
-9
-5
-3
-3
-5
-4
-1
2
-4
-3
1
0
0
-1
1
2
-1
-1
-2
-3
-1
-4
-2
-1
1
3
6
4
3
2
1
3
3
3
2
-3
1
0
-6
-5
-6
-5
-2
0
5
3
4
5
7
4
0
-2
-5
-5
-10
-12
-15
-12
-11
-14
-13
-12
-9
-10
-9
-6
-3
-1
-2
0
0
3
2
-2
1
-3
-5
-2
0
-3
-3
3
2
2
5
7
7
9
8
7
7
10
8
6
5
2
-1
-5
-3
-7
-9
-5
-6
-8
-9
-7
-6
-6
-5
-5
-1
-2
-2
-3
-4
-4
-3
-3
-5
-3
-4
-4
0
0
-1
3
7
5
9
11
12
11
10
9
7
8
5
8
5
2
2
2
6
5
7
9
12
8
7
9
8
10
8
9
7
6
3
-2
-1
-1
-5
-3
-2
-4
-1
-2
1
3
3
-1
-3
-4
-5
-5
-8
-10
-12
-15
-10
-9
-10
-10
-7
-5
-7
-1
3
3
4
4
2
4
5
2
3
1
0
-2
-2
2
1
1
1
2
5
3
4
7
7
5
8
6
6
7
3
4
1
2
2
0
-1
2
4
1
3
5
2
0
1
-3
-5
-3
-6
-7
-9
-10
-10
-9
-12
-12
-10
-8
-10
-13
-12
-12
-11
-9
-8
-5
-4
-2
-3
1
-1
0
0
1
6
9
9
11
14
15
14
11
13
11
6
9
12
7
5
4
4
6
3
4
2
2
1
-1
0
-1
0
-1
-1
-4
-5
-7
-6
-7
-7
-5
-6
-6
0
-3
-2
-1
-6
-7
-6
-5
-6
-8
-9
-6
-6
-7
-4
-2
-4
-8
-5
-5
-6
-3
-3
0
1
-1
3
0
3
4
1
4
7
7
6
11
13
14
16
18
16
14
16
10
10
7
4
-1
-3
0
-1
0
-3
-1
1
0
-1
-1
0
-4
-8
-5
-1
-4
-4
-7
-4
-5
0
1
-2
1
-1
4
3
2
4
2
2
-4
-4
-6
-6
-7
-11
-7
-10
-10
-10
-9
-9
-9
-4
-3
-2
1
4
4
5
2
1
2
3
1
-3
0
0
0
1
1
2
1
3
7
4
3
6
4
9
7
5
7
5
4
6
5
2
2
3
1
1
2
1
3
2
-2
-1
-1
1
-1
-1
2
2
0
-2
-3
-1
-1
-4
-4
-2
-4
-6
-6
-6
-8
-7
-8
-7
-7
-4
-6
-4
2
-1
3
4
4
2
-1
-2
-4
-4
-8
-10
-12
-12
-9
-9
-11
-11
-10
-8
-7
-8
-6
-4
0
0
3
1
2
4
3
4
4
6
4
8
8
2
6
5
5
5
6
3
4
5
5
4
6
8
1
3
6
4
3
5
5
4
4
5
4
4
10
9
6
5
4
7
8
8
8
9
4
4
4
6
5
5
3
5
4
9
5
3
4
5
7
3
3
2
1
-2
-2
-3
-5
-5
-5
-6
-7
-7
-8
-11
-10
-9
-6
-1
-4
-3
-4
-4
-2
-3
-4
-3
-3
-4
-4
-2
2
0
2
0
0
0
-2
1
-1
-4
-4
-4
-6
-4
-4
-8
-3
-7
-7
-4
-3
-3
-4
-2
-1
2
3
4
3
3
-1
0
-2
-6
-7
-10
-10
-11
-11
-9
-10
-9
-5
-6
-6
0
-3
-6
-7
-8
-10
-10
-9
-6
-5
-1
0
-3
-3
-3
-3
-3
0
0
3
1
-1
2
4
5
4
5
5
5
1
3
-1
-1
1
2
5
7
8
8
12
10
11
8
6
2
1
1
2
0
-1
-1
2
6
8
7
5
11
10
10
7
6
4
5
6
5
4
7
10
10
8
6
7
9
12
14
14
12
14
13
9
5
7
4
0
-2
-5
-8
-7
-4
-8
-6
0
3
6
7
6
6
7
8
5
5
3
-1
-7
-10
-6
-11
-14
-10
-11
-10
-12
-9
-11
-12
-13
-13
-10
-7
-5
-7
-4
-4
-3
1
2
3
8
6
7
13
17
16
17
19
19
22
18
12
6
1
-1
-4
-5
-8
-9
-10
-12
-17
-17
-17
-12
-11
-9
-1
-3
1
5
2
3
-2
-3
-6
-9
-9
-7
-9
-11
-9
-7
-5
-5
0
2
6
5
3
5
8
5
3
2
8
12
9
10
6
1
-1
0
-1
-2
-7
-10
-6
-10
-12
-14
-15
-9
-9
-11
-11
-14
-17
-18
-14
-11
-7
-2
3
3
5
8
10
11
9
7
5
5
2
-1
4
5
3
3
4
3
-2
-4
-5
-10
-16
-15
-15
-16
-16
-17
-15
-16
-14
-8
-10
-7
-2
-1
4
8
4
4
6
10
9
12
10
8
5
2
1
-6
-9
-8
-12
-12
-7
-6
-3
3
8
11
10
10
15
16
13
11
9
7
3
0
-1
-2
-3
-3
-6
-2
-3
-7
-4
-7
-2
1
7
5
7
9
10
9
10
12
9
10
11
11
8
7
2
0
-2
-2
-2
-2
3
2
0
5
5
5
5
4
7
10
11
11
14
13
16
16
16
12
12
10
3
3
0
1
3
2
4
2
1
1
-1
-2
2
3
0
1
2
-1
0
-2
-5
-2
0
-2
-4
2
-2
-6
-3
-1
-3
0
0
1
-1
-1
1
-1
-1
0
-2
-1
-4
-9
-9
-12
-11
-14
-11
-8
-10
-6
-5
-6
-10
-7
-7
-5
-3
-2
-2
1
5
3
3
8
6
0
4
-1
-3
0
-3
-3
-8
-7
-6
-11
-12
-10
-6
-3
2
4
5
8
12
14
15
10
9
5
7
4
0
2
-3
0
2
2
4
7
4
3
5
9
9
9
9
11
5
1
-1
-6
-3
-5
-8
-9
-10
-10
-14
-16
-15
-20
-21
-18
-15
-18
-17
-16
-17
-13
-10
-7
-3
3
4
7
10
10
10
6
6
5
4
2
-5
-9
-9
-14
-10
-7
-7
-6
-5
-3
0
2
1
3
9
7
12
9
8
7
2
4
1
0
-2
-6
-5
-2
-5
-6
0
-2
0
3
-2
-2
-2
-2
1
3
4
2
2
-1
-1
-4
-4
-3
-4
-4
1
2
3
5
5
8
8
8
9
9
6
3
6
7
6
4
3
1
1
2
-1
0
0
-2
-3
-5
-6
-3
1
3
6
11
12
14
15
15
13
12
9
5
1
-1
-4
-8
-10
-9
-10
-10
-11
-11
-9
-9
-6
-6
-2
-1
3
7
7
8
7
9
9
9
7
7
3
2
2
0
0
-1
-2
-6
-4
-5
-2
-1
-3
-2
-1
0
-2
-1
0
0
0
-2
-1
0
-4
-3
1
-3
-5
-9
-9
-8
-10
-12
-15
-8
-6
-3
-2
-2
2
1
0
4
7
9
6
7
9
6
4
0
4
3
4
5
6
6
7
6
5
5
1
0
-1
-2
-2
-2
-4
-1
0
0
-3
-2
-1
-4
-1
-1
2
3
4
4
3
7
3
-1
-3
-4
-3
-4
-5
-6
-7
-4
-4
0
3
2
6
8
3
8
9
2
6
7
5
2
1
0
-3
-4
-6
-8
-4
-2
1
2
0
-4
-4
-1
-2
-5
-3
3
-1
-4
-3
-6
-8
-7
-3
0
2
3
9
8
10
11
13
14
13
9
5
0
-3
-6
-9
-11
-12
-13
-8
-10
-10
-8
-8
-4
-7
-2
2
3
5
3
2
2
0
0
2
2
2
5
4
4
3
6
5
7
7
7
6
5
3
4
2
2
2
-1
1
-2
0
1
5
6
9
12
11
12
9
5
3
2
1
0
-5
-4
-8
-6
-8
-13
-11
-8
-7
-6
-2
1
6
7
7
6
4
3
-2
2
-2
-7
-10
-11
-14
-16
-9
-12
-8
-8
-7
-1
-3
-2
-4
-2
-2
0
3
0
0
-2
-4
-4
-1
-4
-3
-3
-2
0
-1
1
-1
1
2
1
0
-2
-3
-7
-8
-8
-8
-6
-9
-8
-5
-3
0
-1
0
0
2
3
5
1
2
-1
-4
-5
-8
-4
-8
-8
-9
-11
-8
-8
-6
-4
-3
-1
3
4
4
3
2
5
7
3
4
3
-2
-1
-1
-1
4
6
6
8
8
13
13
14
14
16
17
13
9
8
6
5
5
4
2
2
3
4
2
6
7
7
10
13
14
12
10
8
7
5
5
2
3
-1
0
1
-1
-2
-1
3
1
1
1
2
2
3
3
6
6
6
5
4
2
2
0
-4
-1
-5
-8
-3
-3
-6
-7
-6
-4
-4
-7
-5
-5
-2
-4
-1
-3
-5
-3
-2
-2
-3
-3
-3
-2
-3
-3
-4
-3
-5
-8
-7
-8
-13
-15
-10
-12
-11
-10
-9
-13
-11
-6
-5
-6
-6
-3
1
0
2
5
3
-3
0
-1
-4
-5
-4
-7
-6
-2
-2
0
3
5
0
5
2
3
5
8
7
5
6
5
4
2
-1
0
1
0
1
0
1
4
5
6
8
8
7
9
7
4
0
2
0
-4
-4
-6
-5
-2
-7
-9
-5
-8
-8
-2
-2
-3
-2
-3
-2
-3
-4
-5
-8
-8
-9
-11
-10
-8
-7
-6
-5
-2
0
1
5
7
8
9
13
15
15
14
14
12
8
5
8
6
4
7
1
5
2
3
1
-2
-3
-1
-3
-5
-1
-1
0
1
2
3
2
2
2
0
4
5
1
4
1
3
2
-2
1
2
4
2
1
0
2
4
5
2
5
5
5
2
2
3
3
1
-2
-4
-3
-3
-2
-1
-1
1
-3
2
1
1
2
2
2
-1
4
2
2
3
2
2
3
3
0
2
3
2
0
0
-1
-3
-3
-1
-7
-7
-10
-9
-10
-9
-8
-10
-7
-6
-3
-3
0
-4
-3
-1
-3
-3
-2
-1
1
-2
-3
-6
-6
-1
-4
-4
-3
-1
2
2
0
1
-1
0
-2
-1
0
0
1
2
4
1
4
0
0
4
1
5
6
7
6
6
6
6
6
5
2
0
-3
-3
-3
-6
-8
-9
-9
-8
-5
-8
-5
-8
-6
-1
1
4
10
7
6
5
1
1
2
-4
-6
-2
-5
-4
-4
-3
-2
-3
2
4
6
5
5
5
3
5
4
1
-4
-4
-4
-6
-5
-3
-5
-1
5
5
2
4
5
6
4
5
4
-1
-1
0
-1
0
-1
1
-3
-3
-5
-3
3
2
2
2
5
1
2
2
-2
-6
-5
-7
-8
-6
-10
-10
-8
-3
-3
-4
-1
0
3
5
3
2
5
6
2
2
1
-3
0
-2
-3
-3
0
2
1
0
2
2
2
6
3
3
3
3
4
4
3
-1
1
1
1
-1
0
0
-2
2
1
3
4
8
9
6
4
4
4
3
3
-2
-2
-5
-4
-6
-4
-3
-4
1
-1
-4
-4
-3
-2
-1
2
2
0
3
6
5
2
3
-2
0
1
0
0
1
3
4
2
3
6
4
3
3
7
5
3
3
1
-3
-1
-4
-4
-3
-6
-4
-3
-5
-1
1
1
5
7
5
2
1
2
4
-2
-1
-3
-2
-4
-7
-6
-6
-4
1
3
5
5
4
4
3
1
0
0
-5
-8
-14
-16
-17
-19
-15
-14
-10
-5
0
2
5
5
5
7
6
8
5
2
0
-3
-5
-3
-6
-6
-7
-6
-5
-2
3
3
4
4
8
7
7
4
2
4
1
-3
-3
-5
-5
-4
-5
-4
-1
0
-1
0
4
5
7
9
4
7
5
-1
0
1
