SAMPLES:	16090
BITSPERSAMPLE:	16
CHANNELS:	1
SAMPLERATE:	16000
NORMALIZED:	FALSE
-3
-4
-6
-2
-4
-4
-1
-3
1
0
5
9
14
14
14
16
14
14
13
15
14
10
8
6
5
2
1
1
-1
0
-3
2
3
-2
-2
-2
-3
2
-1
-1
-2
-1
1
-3
-1
-1
-2
-1
-1
-2
-2
1
2
-2
-4
-7
-5
-6
-5
-4
-7
-7
-12
-14
-9
-9
-8
-9
-10
-8
-7
-7
-9
-6
-2
-3
-1
-2
0
2
5
4
4
5
1
3
4
-1
-3
-1
-1
-3
-2
-4
-4
-4
-3
-1
2
2
4
4
5
6
6
6
6
4
0
2
-3
-1
0
1
-1
2
7
6
5
7
4
5
2
0
1
-2
-4
-3
-2
-1
0
1
1
3
1
2
2
4
6
4
6
4
5
5
7
5
2
1
-1
-4
-5
-3
-2
-2
-1
-4
-2
1
0
-2
-1
0
-4
-1
2
3
0
0
3
2
-4
0
0
-2
0
-1
1
1
2
-2
-1
-3
-2
-1
-5
-2
-2
-1
0
-4
-2
-1
-2
1
-2
1
1
1
0
-2
0
-2
0
0
-2
-1
-1
0
-2
1
1
-2
-1
-5
-6
-6
-5
-3
-2
1
1
5
1
5
7
6
7
4
2
-1
2
-1
0
-1
-2
-1
-5
-2
-4
-3
0
-1
-1
-1
1
0
-2
1
1
-1
-1
0
-1
3
3
2
2
2
1
1
5
5
5
7
4
0
1
2
0
2
-1
4
-2
-2
-3
-4
-2
0
-2
-2
0
-2
-3
1
0
-1
1
0
0
-3
-1
1
-1
-4
-3
-2
-1
-3
-4
-4
-4
-6
-4
-3
-5
-6
-2
0
-4
0
3
-1
0
4
3
3
6
5
5
7
3
2
4
4
0
3
2
2
4
5
0
0
1
-1
1
-1
-4
-3
-2
-2
0
1
-1
2
-2
1
2
-1
2
0
-3
-1
1
1
3
-1
2
0
-3
0
2
1
-1
-1
2
-2
-3
0
-1
0
-2
-2
-1
0
-2
1
6
1
3
3
0
5
4
2
2
5
-1
-1
1
-4
-2
0
-2
-5
-5
-6
-5
-8
-8
-7
-4
-6
-6
-4
-1
-2
0
4
1
-3
0
1
1
1
1
3
1
-1
-1
-1
-1
0
5
3
1
4
0
-2
-1
3
1
0
1
1
3
5
2
0
1
2
5
4
1
0
2
6
2
2
1
4
5
3
2
-1
0
-3
-2
-1
2
2
1
3
1
2
-1
-4
-5
-7
-6
-5
-7
-4
-6
-8
-6
0
-2
-3
1
0
-1
-5
-3
1
3
6
6
2
3
2
0
2
2
1
4
1
3
3
-1
0
-1
0
1
0
-1
-1
-1
-3
-5
-1
-1
2
3
4
4
5
5
1
4
2
2
-3
0
3
1
3
1
4
2
2
6
5
3
3
3
1
-4
-6
-3
-6
-8
-11
-8
-7
-6
-2
-1
-1
-3
-1
0
0
0
-1
0
-6
-6
-4
-4
-3
-7
-1
-2
0
5
5
7
6
2
2
5
2
0
1
-1
0
0
3
7
2
-1
0
2
4
3
1
3
0
0
-3
-2
-1
-7
-2
2
-1
0
0
1
4
4
5
5
6
1
2
-1
-1
-2
-6
-8
-6
-6
-2
-1
1
4
0
4
3
2
6
4
7
4
4
2
4
2
0
2
0
0
-3
-2
-1
-1
0
0
1
1
-2
-4
-4
-4
-8
-5
-8
-8
-7
-4
-2
-1
-1
0
1
6
7
4
7
2
1
-2
-2
-1
-3
-5
-6
-3
-2
-1
3
1
2
5
8
11
9
6
6
3
-1
-1
1
-2
-5
-6
-8
-9
-4
1
3
7
5
5
8
4
5
2
1
-1
-4
-5
-4
-5
-9
-7
-7
-5
-5
-5
0
1
-1
-3
-5
-5
-2
-2
1
3
4
8
4
6
9
9
7
4
6
2
0
-3
-4
-5
-3
-3
-2
0
0
1
0
-3
0
-2
-4
-1
-3
-1
1
-3
-6
-1
-1
0
-1
-3
-5
-2
0
-2
-1
-1
-3
1
1
1
3
4
7
6
3
0
5
2
-2
-7
-3
-2
-4
1
-2
-3
1
-1
1
0
4
3
-3
-2
-3
-3
-4
0
-4
-3
-3
-3
-1
3
4
4
6
3
-1
1
0
-3
-2
-3
-5
-4
-5
-1
1
1
1
4
3
-1
0
2
2
2
5
8
12
13
14
8
10
12
6
8
8
6
4
3
1
-2
-2
-6
-4
-2
-5
-4
-4
-4
-5
-5
-5
-7
-6
-2
-1
0
-1
3
1
-1
-1
4
5
5
8
9
6
3
3
1
-3
-6
-10
-12
-11
-11
-10
-8
-8
-5
-6
-7
-5
-5
-3
1
2
5
6
8
11
11
9
10
10
9
6
7
3
0
-1
-3
-5
-5
-5
-7
-4
-5
-1
0
3
3
1
6
1
-3
-2
0
-4
-2
-9
-7
-7
-10
-5
-4
0
-5
-2
2
2
-2
-1
-2
0
2
-2
2
-2
-1
-3
-5
0
-2
-1
1
5
1
1
1
-6
-6
-5
-3
4
1
4
7
2
1
-1
-2
1
-4
0
2
4
6
7
10
8
5
9
11
6
4
5
-3
-3
-7
-8
-7
-9
-7
-8
-3
1
1
0
0
2
3
5
8
8
6
6
9
7
6
3
0
-3
-4
-3
-2
1
1
-2
-2
-4
-2
2
-1
-5
-8
-10
-14
-9
-5
-3
0
1
4
4
3
1
4
5
1
3
2
4
2
-1
-1
-1
-1
0
-4
-2
-13
-18
-14
-8
-9
-12
-8
-8
-2
-3
-2
3
6
11
7
9
5
3
10
2
2
-2
-2
-2
-4
-6
-8
-6
-8
-6
-5
-2
1
4
5
10
11
10
5
2
2
-3
2
0
-6
-5
2
5
1
5
7
6
7
8
13
9
5
3
0
2
1
1
-3
-6
-8
-5
-4
-1
-1
-2
1
2
-6
-3
0
0
5
2
0
1
-2
-4
2
2
-1
-3
-2
-1
2
5
2
2
2
4
4
7
9
6
6
5
2
1
-4
-8
-12
-13
-13
-14
-11
-6
-2
-2
0
1
7
7
6
10
-1
0
4
0
4
2
6
8
7
6
2
-1
-2
0
-4
-1
-3
-9
-5
-7
-7
-4
-7
-2
-4
-1
0
2
4
-1
2
3
3
5
3
2
1
1
6
8
11
10
4
3
4
4
1
0
0
-8
-11
-11
-11
-13
-11
-10
-8
-7
2
9
7
11
7
4
2
2
1
0
-3
-4
-1
-1
2
7
3
3
3
1
4
4
1
0
-6
-8
-8
-7
-8
-5
-4
-4
2
-1
3
9
3
0
3
-4
-3
-6
-3
-3
-2
2
2
4
5
4
3
7
2
-1
-6
-9
-6
-3
0
1
3
3
3
6
5
6
1
-1
0
-3
-4
-3
-4
-3
-7
-5
-5
-1
0
2
4
5
4
5
4
0
3
4
4
1
5
4
-1
-1
-3
2
-1
1
1
-2
-2
-6
-5
-4
-2
1
0
-4
-1
3
3
1
2
2
2
2
2
-3
-3
-3
-3
-4
3
0
0
4
1
0
-2
-5
-4
-6
-6
-8
-6
-6
-11
-9
-10
-4
-1
-3
4
5
4
5
7
11
8
8
5
6
4
-2
-1
-3
0
2
3
6
4
2
2
3
5
0
0
-5
-5
-7
-10
-9
-5
-3
0
4
7
10
9
9
3
1
5
1
-3
-3
-2
-1
-2
2
1
2
2
3
4
-5
-1
-2
-4
-6
-1
-1
3
7
9
9
9
8
4
4
2
4
2
-1
-3
-4
-6
-7
-5
-4
-2
-2
-2
0
2
1
2
7
8
7
7
4
1
1
-2
-2
0
4
1
2
2
1
-1
-1
-4
0
-2
-10
-6
-11
-8
-9
-8
-5
-5
0
-2
3
3
0
4
1
3
2
3
4
1
4
2
1
2
2
2
-3
-4
-7
-9
-8
-7
-5
-2
4
2
1
3
4
-1
4
2
-3
0
0
-2
-5
-5
-5
-4
-3
-1
0
-2
-2
-1
-1
1
5
4
5
3
5
3
1
-3
-3
-1
-1
1
1
3
4
5
7
5
7
1
1
0
-4
-3
-6
-6
-7
-7
-4
-6
-3
-9
-6
1
1
5
1
5
7
9
11
4
11
9
6
4
0
0
-6
-7
-11
-9
-6
-4
-1
-3
1
1
2
6
7
9
7
6
4
3
0
1
2
5
4
7
11
11
8
2
0
-1
0
-4
-6
-5
-6
-4
-8
-9
-6
-8
-2
-1
-2
-3
-1
2
3
5
7
9
4
2
6
1
3
0
-1
3
2
2
0
-1
-1
-4
-4
-4
-4
-6
-3
0
-3
2
2
8
6
3
3
1
-4
-8
-7
-6
-7
-7
-4
-3
-5
0
2
2
9
11
7
3
2
5
0
-4
-1
-3
-4
1
-1
-4
-3
-5
-6
-4
-2
1
-1
-1
2
0
-1
-5
-5
-3
-4
-5
-3
-2
2
3
1
8
2
0
5
5
8
2
4
1
2
2
-1
-2
-6
-7
-6
-10
-11
-6
-9
-9
-9
-8
-9
-5
-3
-1
3
5
7
7
7
6
8
1
2
2
3
1
-2
-3
-3
-1
-2
4
-2
-1
0
-3
3
1
7
6
-1
3
1
0
0
-2
1
-2
3
3
8
8
5
10
6
7
-2
-1
-2
-5
-3
0
0
2
1
5
9
8
2
-1
-3
-4
0
-1
5
3
9
9
8
8
1
1
-4
-7
-10
-13
-16
-12
-12
-9
-7
-3
1
5
5
4
7
0
3
1
-2
3
3
2
0
0
4
2
-1
-5
-1
-5
-8
-1
-4
-1
0
4
6
4
5
0
1
-4
-6
-2
-4
0
-5
-3
2
-1
5
7
10
9
7
4
0
0
-4
-7
-6
-4
-6
-4
-4
-4
-4
-3
0
2
5
3
4
9
8
7
9
8
7
6
2
-2
-2
-9
-12
-13
-10
-9
-10
-9
-7
0
1
5
8
8
8
7
7
3
-1
-3
-3
-5
-8
-8
-9
-8
-8
-4
-3
-2
-4
-3
-2
1
0
2
0
1
3
0
2
0
-4
-1
-6
-5
-6
1
6
7
9
13
15
12
13
14
11
9
6
-4
-2
-5
-7
-6
-8
-8
-6
-4
-2
-1
1
1
2
0
4
3
1
3
1
3
-2
-1
-8
-8
-11
-11
-13
-10
-7
-3
5
10
8
14
13
14
14
6
6
2
-2
-3
-8
-7
-5
-7
-6
-2
3
-1
3
7
5
11
9
11
6
4
2
0
-2
-5
0
-3
-8
-9
-9
-7
-6
-5
-5
-2
-1
4
9
6
12
11
3
0
-3
-6
-11
-15
-11
-10
-8
-8
-1
5
8
9
13
13
14
11
9
8
6
5
1
0
0
-2
-4
-1
-3
-3
-4
-4
-4
-2
0
4
5
8
10
5
2
1
1
-4
-8
-9
-8
-10
-12
-11
-11
-7
0
0
6
7
4
6
2
5
1
0
-5
-5
-2
-3
0
-2
1
-6
-6
-1
-4
0
-4
-3
0
-1
-1
1
7
5
4
4
3
-1
-3
-3
-8
-7
-5
-3
-3
5
3
2
-1
0
-1
-6
-8
-8
-11
-11
-7
-8
-10
-8
-5
-3
-2
-1
3
0
2
-1
2
9
6
11
13
10
9
4
6
6
0
-5
-5
-5
-8
-6
-4
-1
0
0
3
7
6
9
3
5
6
4
2
2
3
2
3
5
6
1
3
2
3
3
5
2
-1
1
0
1
-3
-2
-5
-8
-5
-8
-3
-4
-3
-5
-6
-4
-3
0
-3
0
-2
-3
3
4
5
4
3
5
0
0
-4
-6
-5
-3
-2
2
4
1
2
2
5
0
1
2
1
1
-5
-1
-3
-6
-2
-3
2
5
4
5
7
7
7
1
-6
1
-4
-8
-6
-5
-5
-1
1
5
6
5
6
3
3
2
3
-2
-1
-6
-5
0
2
1
-2
0
-1
2
3
1
-2
-1
1
2
3
3
2
4
6
9
10
10
12
15
10
13
11
8
9
5
7
2
-2
-2
-2
0
-3
-1
2
2
3
1
3
2
6
6
4
1
1
-2
-4
-4
-9
-4
-7
-5
-3
-6
-5
-4
-6
-8
-8
-9
-10
-10
-12
-13
-9
-11
-11
-13
-13
-11
-11
-11
-7
-5
-2
-4
-6
2
-1
0
0
6
11
3
0
-3
-2
0
-3
1
-1
-2
-1
-4
-2
-1
0
-3
-3
0
-3
-6
-8
-4
-1
1
6
2
2
7
6
6
6
3
0
3
4
7
7
5
7
5
5
8
9
13
10
10
10
9
10
10
4
1
-3
-2
-2
-6
-5
-7
-7
-6
0
-3
-3
-6
-8
-2
1
-3
-1
-2
0
3
1
3
4
7
8
8
6
1
4
0
-1
-2
-3
-4
-3
-2
-5
-4
-4
-3
-2
-3
-3
-5
-6
-2
-2
-2
-2
-2
0
-1
6
12
7
10
7
9
7
3
2
1
1
-6
-1
0
3
1
-1
1
3
1
-1
-3
-4
-8
-8
-7
-6
-5
-4
-2
-3
3
6
8
5
6
5
0
3
6
6
2
-6
-5
-4
-5
-3
-3
-1
0
1
3
2
3
1
0
-5
-10
-8
-11
-9
-6
-6
-10
-7
-3
2
0
3
6
2
4
3
5
3
7
7
6
2
4
1
0
2
5
4
3
4
5
7
7
6
0
-3
0
-6
-3
-3
-8
-3
-7
-3
2
0
-3
-7
-8
-9
-6
-2
-5
-2
-4
-5
-2
0
1
1
3
1
-1
1
-4
-1
-2
0
1
-3
1
-1
2
0
0
4
1
7
8
10
8
5
3
-2
-8
-6
-4
-7
-3
-1
-3
1
6
7
6
6
5
2
1
1
-5
-2
-4
-1
2
-1
2
0
1
4
3
6
7
6
4
6
4
4
2
-4
-3
-5
-4
-6
-8
-2
-1
1
2
5
3
4
4
4
2
0
0
1
1
-1
-1
0
1
-3
-5
-4
-6
-5
-5
-6
-4
-2
-1
1
2
3
5
3
2
1
-1
2
-3
-3
-2
-4
-1
0
-1
-1
3
8
3
7
8
9
9
3
3
-1
-7
-4
-6
-7
-10
-4
2
4
5
8
8
7
6
2
0
-2
-5
-8
-10
-8
-7
-5
-2
-3
2
-1
2
3
4
7
4
6
3
2
2
5
1
0
2
1
2
-3
4
2
9
7
1
0
-8
-7
-5
-8
-5
-3
-3
-3
-5
1
-3
-4
-6
-5
-6
-8
-5
-1
0
-2
0
-2
0
2
5
2
0
1
-2
-1
-1
-4
-5
-4
-10
-9
-6
-7
0
-1
-2
-2
2
4
3
3
-2
-1
-2
4
8
2
6
1
4
9
3
5
0
0
0
-2
4
2
2
1
-4
-3
-1
3
5
2
3
4
3
4
5
4
0
0
-2
-1
-2
0
3
3
5
4
4
5
4
5
-2
-1
0
-5
-7
-11
-10
-7
-4
-1
-6
-3
-4
0
2
0
-1
-2
-7
-4
-4
-5
-6
-5
-2
-4
-2
1
5
2
7
6
6
7
0
1
0
1
2
-3
-1
-4
-3
-1
-2
1
4
8
3
8
6
4
6
2
5
2
3
6
7
6
6
10
4
0
4
2
4
1
1
-1
-1
1
-1
-1
0
-3
2
1
-6
0
-4
-2
-4
-1
0
-4
-5
-5
1
-3
0
-1
-3
-4
-4
1
-6
-2
-4
-1
3
-2
0
5
5
2
1
1
-3
-4
-8
-8
-5
-4
1
-4
1
3
4
8
5
2
1
3
2
1
2
-3
-4
-1
-1
-1
-2
5
2
0
2
4
1
-1
4
1
0
0
-3
-4
-2
-6
-3
4
2
5
2
0
2
3
3
2
4
1
1
-1
-1
-3
-4
-2
0
0
0
-1
-1
2
4
1
1
3
0
1
-5
-8
-6
-3
-7
-8
-4
-6
-4
-5
-2
-3
-4
0
3
3
5
0
2
1
-1
1
-3
-5
1
1
1
2
3
1
2
4
-4
-3
-5
-6
-3
-7
-8
-5
-6
-2
1
4
1
4
3
3
4
2
1
-3
2
-2
0
1
-6
0
0
1
0
3
6
4
5
5
3
4
0
2
3
-1
1
-3
-3
-4
2
4
3
4
5
8
9
7
6
1
1
-1
-1
-1
-7
-4
-9
-8
-6
-7
-2
-5
-2
0
-3
-2
-5
-6
-2
-2
-2
-1
0
1
-1
-2
-1
2
4
6
9
4
3
3
3
3
-3
2
0
-2
-1
-1
-2
-1
3
7
7
8
9
8
2
-3
-1
-5
-2
-5
-4
-3
0
3
2
0
2
5
10
7
5
3
2
-3
-2
-6
-6
-3
-3
-1
-3
-1
-3
-3
4
2
1
3
3
3
0
6
1
-1
-2
-2
1
-5
-2
-5
-6
-1
-3
2
0
-1
0
0
1
-1
-4
-9
-4
-4
-5
-2
0
-2
0
3
0
4
6
0
1
0
-1
3
2
2
4
1
-2
0
5
2
5
8
8
8
8
12
7
2
0
-1
-3
-1
-5
-7
-7
-9
-5
-1
-4
1
0
1
2
-1
-1
-3
-5
-6
-2
-6
-2
-5
-2
1
-2
4
2
6
4
3
2
-4
0
-5
-2
-4
-7
-6
-9
-8
-13
-8
-6
-8
-3
-3
2
5
6
3
0
0
2
-2
-4
-7
-3
-2
-1
2
4
6
4
9
7
6
4
4
0
4
3
-2
2
-1
2
0
-3
-1
3
-1
0
3
6
5
8
8
6
8
5
2
1
3
3
3
1
7
6
3
3
1
1
1
2
3
0
-1
-5
-2
-8
-6
-3
-6
1
-1
1
2
1
0
-1
-1
-2
-1
-2
-5
-3
-5
-1
-4
-8
-4
-4
-4
-2
-4
0
1
1
1
3
2
1
0
-6
-6
-9
-9
-9
-2
1
-1
-1
-3
1
1
-1
0
-2
0
0
0
3
-1
-3
-8
-9
-6
-1
1
1
1
4
7
6
5
6
5
5
6
0
-3
-6
-11
-7
-3
-1
-1
-1
4
4
7
6
4
4
-3
3
5
2
5
0
2
4
5
9
11
8
2
-1
-4
-5
-9
-14
-12
-12
-9
-7
-3
-2
-2
-2
0
3
0
0
4
6
11
11
9
11
13
13
10
9
3
0
0
-6
-8
-1
3
10
10
10
6
1
-4
-13
-16
-17
-17
-18
-10
-6
-3
2
7
8
12
10
3
8
5
-2
-3
0
4
5
8
8
4
-5
-11
-12
-14
-6
-3
3
7
10
13
7
7
6
2
3
1
-2
2
-2
2
-1
1
0
-5
-12
-14
-11
-16
-11
-12
-10
-6
-1
6
8
11
11
11
11
10
8
5
-5
-7
-3
-1
-3
-5
-6
-3
3
8
7
1
-4
-5
-2
0
2
-2
-7
-10
-10
-4
-4
-1
-2
0
0
7
13
12
13
13
6
1
-3
-15
-18
-21
-17
-15
-17
-19
-21
-6
3
16
27
33
33
23
16
12
18
16
10
6
9
12
7
3
-2
-1
1
0
6
3
-20
-29
-42
-37
-23
-12
7
4
5
-6
-20
-25
-21
-15
-7
9
20
20
18
13
10
14
17
16
5
-3
-13
-25
-31
-28
-13
5
14
10
15
9
-7
-8
-5
0
-7
-21
-21
-15
-7
-11
-15
-15
-9
-1
-2
-1
-2
-9
-2
15
27
41
36
17
7
3
6
9
7
-1
-14
-20
-11
5
12
13
-1
-8
-18
-17
-11
-8
-10
-10
-3
-5
-2
-4
-10
-7
5
27
36
26
18
2
2
3
2
16
0
-8
-24
-22
-15
-11
6
14
24
16
-10
-35
-52
-40
-20
0
14
13
9
-4
-10
-20
-28
-21
1
19
25
15
-4
-7
10
28
55
65
62
49
30
13
5
4
8
12
28
39
24
-4
-42
-54
-49
-31
2
23
20
-11
-50
-62
-53
-16
15
24
26
6
17
29
41
54
36
20
18
28
34
17
-12
-29
-32
-18
0
11
24
27
21
5
-21
-46
-60
-46
-8
23
23
-12
-51
-62
-46
-14
6
9
10
20
33
44
40
21
-11
-15
5
25
37
31
4
-21
-42
-66
-54
-48
-36
-25
-1
39
44
29
-2
-18
-26
-41
-31
-32
-29
-21
-2
54
98
128
110
65
8
-44
-66
-67
-35
13
60
85
84
60
31
-1
-32
-59
-86
-106
-92
-74
-43
-19
-25
-53
-86
-103
-94
-71
-27
3
7
2
14
38
43
19
-28
-69
-82
-41
32
80
80
45
7
-4
-10
-33
-66
-70
-25
42
101
110
82
32
1
-10
1
27
34
41
56
68
73
56
48
72
103
117
87
51
5
-64
-112
-119
-59
37
74
62
-10
-41
-41
-39
-53
-109
-140
-154
-115
-47
-3
-5
-13
50
133
191
161
51
-98
-185
-162
-75
31
53
16
-18
36
170
269
199
-15
-218
-250
-88
128
235
166
28
-84
-73
26
68
14
-140
-247
-237
-157
-32
61
107
111
90
44
-30
-74
-69
-21
33
31
-6
-36
-34
1
29
63
54
37
9
-17
-14
-3
12
34
49
61
59
13
-19
-17
28
136
188
139
-9
-152
-170
-83
30
65
28
-30
-23
12
70
74
-18
-116
-167
-97
5
85
74
-20
-99
-105
-30
5
-41
-114
-110
-48
-25
-83
-167
-166
-60
27
19
-75
-142
-98
9
117
129
43
-17
-4
92
138
78
-60
-144
-73
81
232
230
97
-33
-40
97
208
186
53
-99
-106
-8
102
140
78
6
-13
42
86
45
-77
-221
-263
-153
14
132
127
58
0
-5
12
20
23
6
-5
-4
-43
-88
-108
-83
-1
73
80
41
7
14
22
22
14
58
127
131
63
-67
-118
-71
50
131
143
71
-15
-45
-9
42
39
-44
-147
-180
-142
-61
-29
-59
-66
-37
7
-14
-89
-137
-153
-113
-69
-13
90
198
296
280
131
-29
-124
-112
-75
-60
-56
-73
7
140
232
219
59
-80
-89
-18
26
-60
-196
-254
-119
146
360
356
163
-67
-186
-156
-80
2
28
0
-41
-63
-75
-74
-84
-96
-95
-95
-79
-33
80
159
152
92
39
7
0
65
115
84
-16
-88
-65
-8
-13
-114
-210
-173
-31
115
147
103
87
45
8
-110
-300
-375
-249
41
252
275
176
76
88
76
-53
-215
-353
-260
-37
247
412
318
151
29
114
173
116
-47
-156
-101
29
104
-46
-246
-411
-403
-239
-49
48
41
-26
-86
-69
-63
-76
-92
-79
-14
67
82
87
123
162
184
196
162
103
-48
-210
-292
-206
30
183
221
160
132
142
101
-51
-251
-359
-276
-30
188
289
290
195
130
142
135
136
83
-106
-323
-413
-276
-16
125
80
-15
-11
71
157
191
77
-135
-272
-297
-134
105
216
133
-62
-152
-125
67
246
324
286
236
177
140
87
-27
-88
-83
9
93
113
58
0
-42
-64
-114
-141
-69
-31
-16
-67
-36
30
31
-54
-242
-334
-303
-163
17
143
124
27
0
36
94
94
46
6
15
82
91
38
-1
-6
42
7
-57
-187
-313
-291
-172
-10
59
83
103
139
160
143
70
-18
14
68
58
15
-12
-6
-103
-181
-158
-34
102
104
5
-101
-148
-109
22
127
216
234
215
224
123
41
-55
-137
-183
-215
-165
-55
85
120
123
123
77
0
-63
-59
-77
-225
-327
-297
-131
23
46
52
78
205
260
197
78
-44
-53
-19
4
78
100
100
-22
-193
-215
-111
67
111
2
-107
-57
126
248
154
-69
-216
-182
-19
180
238
213
45
-87
-117
-130
-37
127
259
186
-92
-351
-510
-486
-306
-163
3
130
281
270
170
31
-104
-208
-331
-322
-273
-72
147
345
337
95
-153
-222
-92
94
174
132
18
-82
-98
-21
116
173
36
-69
-135
-71
51
181
206
66
-41
-114
-51
50
117
29
-76
-102
2
117
163
123
-33
-65
-72
3
115
166
134
32
34
88
169
212
97
-143
-281
-291
-105
66
126
104
-46
-138
32
155
140
-180
-468
-563
-395
2
273
470
393
207
-118
-245
-208
-177
-156
-171
-36
131
405
584
455
122
-275
-344
-16
252
375
169
-121
-371
-487
-425
-320
-109
107
215
80
-181
-412
-464
-342
-141
-63
-45
-35
246
590
757
657
361
174
165
263
358
220
-93
-271
-300
-133
8
9
-94
-256
-421
-408
-136
238
405
412
286
140
-102
-106
180
392
522
375
171
114
175
276
-1
-395
-707
-714
-329
35
310
113
-183
-410
-564
-483
-399
-306
-303
-357
-378
-181
161
344
416
233
94
-18
-41
-85
-126
-42
18
187
264
317
412
446
404
284
45
-122
-261
-237
-132
-239
-224
-160
22
310
284
161
-144
-278
-349
-302
-165
-159
-45
73
221
253
155
114
142
77
-107
-306
-407
-277
117
357
439
289
101
71
107
100
45
-45
-77
18
37
65
-94
-329
-492
-537
-261
-40
141
168
65
85
102
100
67
98
124
157
156
143
134
-16
-27
44
22
-61
-197
-351
-396
-275
-69
132
161
197
8
-17
52
150
137
-188
-363
-383
-217
-30
57
91
49
-6
-34
126
251
351
261
33
-99
-51
121
232
199
41
-98
-114
-5
59
15
-98
-174
28
253
360
279
54
-120
-194
-139
-22
41
-49
-50
-105
-51
-33
8
106
172
168
17
-221
-232
-127
199
351
301
150
-116
-90
-64
-60
-157
-220
4
204
311
259
0
-169
-339
-468
-476
-362
-127
2
-15
7
206
349
346
198
52
77
100
282
324
303
181
-110
-173
-68
96
148
-147
-462
-726
-761
-566
-206
106
22
-197
-184
-1
21
-203
-407
-462
-385
-136
194
424
401
201
52
125
248
254
109
31
117
326
465
592
594
328
-42
-212
-37
158
102
-192
-345
-396
-358
-174
76
358
378
352
378
490
551
231
-262
-662
-618
-381
-156
28
202
353
321
289
109
-24
-67
-12
-62
-214
-326
-125
160
177
-141
-590
-607
-499
-199
110
427
653
637
562
411
304
167
-185
-746
-1180
-1164
-765
-254
155
490
673
522
214
58
130
258
51
-423
-878
-856
-347
165
276
69
-117
-147
6
31
94
-5
-94
-34
117
503
587
612
456
190
-125
-481
-546
-441
-96
196
396
461
305
186
63
81
-27
-342
-542
-485
-158
94
122
-46
-132
39
216
247
-4
-365
-555
-533
-334
-220
-141
37
150
257
212
174
152
165
355
438
456
149
-144
-217
-96
117
180
168
18
-1
-58
-27
38
103
117
-24
-149
-121
1
3
-122
-280
-364
-366
-243
-134
-22
49
74
45
51
80
224
264
329
380
298
338
303
278
117
-175
-373
-488
-340
-126
32
85
7
7
7
-37
-87
-121
-48
164
331
393
263
124
-7
-191
-285
-302
-163
35
237
350
279
167
-1
-69
-164
-328
-535
-731
-653
-426
-196
-186
-271
-272
-183
-68
-97
-120
-127
3
112
213
274
229
171
58
129
190
254
215
142
198
203
192
30
-119
-83
40
266
350
368
339
264
203
28
-93
-327
-467
-522
-429
-205
-68
93
134
253
322
342
355
312
242
190
113
92
164
178
158
9
-123
-242
-242
-132
-50
-31
-98
-155
-212
-166
-132
-149
-239
-335
-324
-226
-64
11
25
30
-7
-48
13
87
132
207
241
375
478
427
330
209
150
30
-92
-221
-297
-335
-357
-361
-460
-454
-395
-208
-28
50
70
74
92
77
43
-48
-49
47
211
424
581
690
738
662
465
172
-21
-110
-151
-266
-423
-518
-572
-532
-417
-257
-93
-35
-78
-7
135
358
474
452
465
450
428
388
403
496
463
308
121
63
183
281
277
206
34
-80
-114
-48
12
43
0
-46
-44
-75
-87
-233
-275
-343
-300
19
397
718
832
702
562
590
688
889
983
949
968
911
955
922
769
675
621
744
1012
1386
1800
2024
1722
640
-991
-2858
-4664
-6261
-7724
-8921
-9783
-10102
-9560
-8451
-6723
-4949
-3325
-1877
-812
372
1308
2316
3121
3753
4361
4844
5688
6508
7379
7714
7512
6800
5765
4733
3501
2504
1301
250
-693
-1325
-1329
-1139
-670
-351
-190
-217
-356
-233
-14
324
586
936
1395
1948
2741
3507
4351
4706
4562
4000
3313
2854
2406
1993
1438
942
395
59
-134
-223
-313
-809
-1441
-2232
-2633
-2772
-2632
-2297
-1903
-1290
-847
-245
408
1064
1537
1517
1281
897
596
395
220
-13
-375
-911
-1392
-1746
-2028
-2235
-2644
-2940
-3123
-3132
-2921
-2415
-1790
-1189
-717
-387
61
323
488
531
466
474
574
865
1347
1849
2201
2521
2917
2946
2012
-351
-3784
-7402
-10970
-13915
-15571
-15596
-14602
-12930
-10593
-7757
-4118
-759
2099
3803
4622
4977
4903
5371
6144
7518
8661
9369
9977
10394
10818
10396
9267
7093
4122
893
-2112
-3965
-4907
-4929
-4768
-4295
-3267
-1853
-46
1372
2542
2991
2907
2690
2739
3622
4773
6163
7199
7985
8378
8376
8005
7012
5534
3393
1160
-969
-2409
-3120
-3347
-3293
-3289
-3315
-3417
-3312
-3133
-2896
-2801
-2817
-2674
-2228
-1209
208
1803
3190
4063
4379
4196
3799
3295
2578
1604
397
-771
-1574
-1788
-1587
-1420
-1393
-1656
-2107
-2622
-3107
-3246
-3260
-3265
-3129
-2750
-1853
-617
693
1833
2403
2470
2045
1436
978
544
161
-273
-691
-900
-924
-868
-774
-961
-1474
-2070
-2654
-2914
-2809
-2483
-2021
-1526
-1033
-292
449
1275
1960
2374
2739
3084
3626
3711
2696
128
-3658
-7674
-11179
-13559
-15027
-15366
-14715
-13058
-10642
-7654
-4081
-687
2083
3642
4445
4853
5288
5983
6940
8154
9035
9650
9877
10058
10057
9296
7584
4837
1691
-1406
-3797
-5252
-5726
-5376
-4705
-3547
-2090
-205
1642
3144
4075
4375
4396
4274
4706
5498
6639
7589
8065
8186
7876
7250
6088
4539
2497
302
-1874
-3506
-4312
-4506
-4157
-3770
-3106
-2417
-1851
-1444
-1280
-986
-792
-568
-381
117
991
2053
3127
3806
4075
3646
2832
1752
810
-115
-957
-1634
-2142
-2233
-2210
-1851
-1473
-1184
-1337
-1844
-2471
-2893
-2812
-2647
-2164
-1637
-849
54
847
1606
2053
2050
1490
672
-216
-841
-1262
-1365
-1340
-1194
-1031
-946
-832
-901
-891
-1044
-1374
-1744
-2019
-1827
-1260
-250
708
1400
1655
1773
2082
2454
2988
3330
3328
2473
383
-2897
-6777
-10738
-14119
-16309
-16835
-15715
-13491
-10533
-7111
-3163
609
3772
5893
6881
7222
6968
6927
7210
8041
8963
9490
9531
9095
8381
7077
5162
2484
-651
-3898
-6694
-8073
-7992
-6519
-4545
-2299
119
2264
4325
5889
7194
7817
7769
7173
6566
6663
7140
7881
8046
7743
6756
4975
2981
822
-1049
-3077
-4972
-6405
-6921
-6150
-4723
-2638
-941
392
1147
1199
1393
1444
1934
2086
1968
1964
2204
2872
3255
3388
2816
1582
-162
-2123
-3614
-4608
-4817
-4770
-4295
-3682
-2790
-1607
-624
403
853
963
613
343
397
614
1010
1211
1394
1407
1368
1256
1026
680
-86
-1049
-2037
-2601
-2691
-2476
-2049
-1710
-1270
-1089
-1004
-1014
-1153
-1340
-1526
-1500
-1128
-440
426
1356
1963
2291
2144
1943
1944
2007
2098
2097
2492
2946
2660
740
-3154
-7796
-12469
-15892
-17547
-17473
-15539
-12870
-9433
-5646
-1525
2680
5918
7964
8357
7939
7110
6618
7014
7877
9003
9173
8655
7647
6231
4652
2317
-482
-3879
-7170
-9395
-9788
-8041
-5064
-1538
1503
3950
5942
7504
8834
9458
9484
8646
7332
6301
6001
6404
6801
6713
5702
3903
1478
-906
-3013
-4677
-6036
-7091
-7446
-6745
-4687
-2016
816
2876
3857
3822
3233
2823
2530
2449
2264
2032
1831
1881
2136
2287
2033
847
-926
-3139
-4901
-5789
-5904
-5170
-4288
-3052
-1912
-757
280
993
1471
1367
900
274
85
503
1372
2266
2759
2807
2262
1447
532
-227
-1130
-2208
-3061
-3585
-3387
-2882
-2016
-1183
-699
-697
-926
-1192
-1458
-1478
-1317
-613
214
1056
1732
1907
2039
1950
1992
1743
1096
441
72
428
1286
2632
3671
3367
905
-3615
-8912
-13931
-17417
-18822
-17854
-14908
-10927
-6337
-1594
3130
7086
9522
10036
8960
7103
5298
4468
4841
6229
7486
7821
7029
5521
3744
1420
-1421
-4788
-8001
-10356
-10920
-9009
-4988
30
4482
7637
9363
10165
10319
10021
9342
8156
6705
5087
4229
4374
5122
5524
4773
2891
33
-2929
-5448
-6857
-7242
-6999
-6106
-4598
-2144
841
3864
6056
6823
6186
4514
2823
1720
1410
1484
1644
1525
1288
803
162
-579
-1797
-3069
-4775
-5980
-6432
-5815
-4003
-2093
-209
643
1023
808
563
543
327
322
59
179
617
1490
2490
3146
3167
2299
984
-450
-1377
-1831
-2010
-2137
-2340
-2365
-2132
-1638
-1075
-701
-807
-1231
-1839
-2139
-1856
-1025
31
1033
1764
2195
2271
2028
1875
1592
1348
956
620
416
405
806
1473
2568
2829
1654
-1828
-7024
-12463
-17175
-19203
-18483
-15312
-10939
-6188
-1276
3064
7005
9492
10433
9691
7585
5376
3733
3822
4974
6723
7658
7071
5283
2508
-249
-3125
-5702
-7965
-9606
-9673
-7764
-3638
1618
6610
10168
11607
11500
10400
9203
8046
7016
5989
4771
3898
3409
3602
3713
3197
1585
-1148
-4081
-6616
-7600
-7164
-5527
-3327
-1043
1395
3394
5234
6229
6410
5461
3614
1869
504
265
571
1344
1770
1362
291
-1392
-2734
-3880
-4597
-5062
-5276
-4923
-3881
-2139
-212
1509
2373
2155
1087
-186
-1005
-1202
-878
-271
491
1163
1814
2328
2560
2387
1525
239
-1135
-2259
-2625
-2299
-1521
-680
-259
-373
-807
-1385
-1799
-2034
-2178
-2052
-1758
-1196
-147
1167
2588
3510
3581
2823
1396
101
-718
-854
-567
-204
111
307
655
1484
2664
3683
3382
738
-4162
-10379
-15878
-19098
-19194
-16231
-11631
-6426
-1880
2041
5367
7824
9223
8777
7055
4582
2940
2929
4560
7295
8970
8943
6423
2681
-1162
-4388
-6485
-8110
-8899
-8892
-7025
-3250
1926
7189
10818
12136
10995
8779
6748
5742
5704
5982
5932
5320
4507
3800
3315
2503
889
-1823
-5062
-7614
-8424
-7118
-4414
-1206
1432
3356
4411
5048
5561
5411
4778
3185
1361
64
-423
520
1730
2463
1944
161
-2246
-4481
-5686
-5827
-5076
-4232
-3111
-1885
-401
1216
2354
2754
1838
139
-1550
-2506
-2104
-773
1083
2526
3225
3053
2348
1584
722
-100
-1051
-1884
-2373
-2096
-1189
-75
661
464
-475
-1916
-3000
-3453
-3198
-2326
-1373
-565
86
958
2061
3194
3589
3242
2149
553
-690
-1173
-871
-494
-246
-339
87
811
2029
3453
3907
3252
-114
-5485
-11621
-17046
-19454
-19179
-15834
-10799
-5517
-469
3385
6578
8377
9000
8145
6388
4757
3721
4491
6149
8310
9427
8322
5143
404
-3958
-7389
-9310
-9904
-9383
-7467
-4422
-16
4826
9023
11568
11776
10349
8162
6469
5840
6065
6692
6945
6562
5353
3738
2058
20
-2241
-4800
-7016
-8154
-7840
-5828
-2766
428
2962
4372
4880
4862
4594
4343
3767
3050
2307
1847
1763
1825
1792
1159
-175
-2387
-4499
-6070
-6549
-5687
-4241
-2226
-608
640
1437
1739
1714
1052
238
-841
-1541
-1687
-999
233
1504
2566
2734
2361
1459
495
-187
-681
-860
-833
-595
-203
209
249
-249
-1224
-2564
-3740
-4351
-4183
-3073
-1536
-11
1227
1824
2054
2066
2136
2116
1527
617
-251
-552
-363
114
435
584
847
1117
1554
1938
2673
3023
1854
-1675
-7597
-13526
-18400
-19995
-18121
-13783
-7740
-2929
1479
4421
6499
8018
7816
7553
5899
5063
5015
6261
8955
10321
10557
7145
2135
-3549
-8375
-10460
-11247
-9517
-7561
-4680
-1041
2699
6963
9445
10580
9614
7739
6333
5877
7225
8860
10174
10038
8366
5764
2439
-456
-3251
-5403
-6990
-7816
-7132
-5509
-2682
78
2319
3480
3252
2735
2053
2311
2862
3590
4311
4470
4531
3711
2906
1677
135
-1510
-3644
-5154
-6150
-6069
-4943
-3454
-1722
-531
-159
-158
-484
-634
-600
-709
-541
-224
515
1519
2446
3038
2870
2078
886
-138
-713
-640
-224
222
582
492
159
-448
-1092
-1749
-2521
-3103
-3344
-2946
-2199
-926
357
1182
1565
1116
748
313
294
893
1325
1706
1291
755
335
287
479
558
601
353
541
921
2024
2981
2121
-849
-6919
-13236
-18186
-20104
-17473
-12926
-6611
-1736
1409
3598
4227
5414
5547
5630
5301
4843
5837
7470
10535
12010
11359
7523
1139
-4764
-9623
-10815
-9683
-7069
-4011
-1953
358
2326
4569
6163
6419
5889
4723
4716
5892
8494
11233
12498
11855
8758
4802
728
-2385
-4153
-5112
-5160
-4917
-4093
-2726
-1172
194
475
-75
-931
-1209
-309
1625
4170
6286
7304
6878
5608
3775
1875
163
-1409
-2629
-3570
-4053
-3969
-3332
-2821
-2553
-2847
-3428
-3615
-3462
-2610
-1320
-8
1278
2034
2526
2715
2627
2443
2044
1606
1091
622
350
307
456
529
267
-317
-1042
-1740
-2169
-2365
-2364
-2186
-1954
-1598
-1261
-831
-380
108
322
398
402
437
833
1142
1866
2429
2431
1959
754
-91
-732
-945
-731
-387
-21
349
1147
2274
3653
3009
-288
-6622
-13807
-18626
-20192
-16804
-11124
-4733
4
1805
2408
1826
1902
2150
2782
3772
4861
7115
9844
12821
13843
11752
6724
-318
-6194
-9464
-9070
-5988
-2654
-7
760
688
476
441
854
1035
1430
2183
4113
7235
10838
13504
13678
11271
6903
2458
-689
-2108
-1910
-1210
-767
-890
-1449
-1957
-2376
-2809
-3499
-4074
-4050
-2845
-114
2990
6045
7519
7131
5542
3100
1624
812
919
1184
880
310
-941
-1878
-2908
-4006
-4928
-5978
-6204
-5744
-4212
-1846
226
1769
1847
1116
329
-92
620
1716
2823
3421
3260
2703
1943
1315
583
-153
-962
-1642
-1766
-1455
-786
-266
-348
-964
-1744
-2344
-2316
-1747
-881
-234
-66
-113
-193
224
862
1521
1798
1827
1552
1070
904
618
738
510
96
53
12
989
1784
2699
3263
1617
-1904
-8545
-15047
-19150
-19483
-14977
-9374
-3464
-97
534
109
-1178
-758
216
2151
4707
7253
10516
12846
14385
13267
9321
3559
-2708
-6177
-6793
-4310
-950
1160
1501
-448
-2551
-4346
-4502
-3319
-1665
893
3465
6948
10217
12461
13136
11207
8027
4320
1971
1604
2473
3839
3956
2741
405
-2364
-4412
-5784
-6077
-5867
-5010
-3478
-1425
1107
2885
3821
3468
2516
1652
1452
2227
3420
4644
4712
3874
2032
-173
-2023
-3455
-3950
-3993
-3723
-3281
-2777
-2344
-1934
-1816
-2011
-2130
-2186
-1403
-82
1477
2864
3335
3097
2344
1565
1088
1029
1058
1152
996
685
405
-65
-601
-1419
-2295
-3015
-3324
-3020
-2248
-1225
-498
-303
-520
-756
-844
-354
395
1363
2167
2045
1683
1023
775
914
967
1160
1013
864
775
935
1566
2406
1920
-1127
-6911
-13634
-17969
-18934
-15520
-10093
-5063
-1824
-1805
-2700
-3489
-3129
-1056
1362
4555
7754
10548
13099
14006
13110
9530
4408
-288
-2884
-2385
-33
2843
3756
2126
-1359
-5350
-7279
-7338
-5294
-2411
410
3265
5469
7656
8970
9378
8267
6498
5268
5252
6714
8336
9171
7913
4903
981
-2459
-4448
-4828
-4257
-3568
-3173
-3066
-2909
-2641
-2256
-1957
-1668
-1194
-182
1454
3419
5092
5589
4891
3120
1333
93
-323
149
498
533
-211
-1281
-2283
-3048
-3436
-3696
-3641
-3458
-2824
-1897
-712
124
405
396
137
344
824
1690
2536
2984
2966
2508
1918
1493
1188
803
288
-452
-1194
-1841
-2187
-2213
-2090
-2072
-2259
-2643
-2870
-2474
-1722
-550
260
817
1063
1139
1194
1385
1890
2106
2429
2314
2177
2134
1926
2488
1932
-575
-5662
-12422
-17134
-18745
-15873
-10782
-6095
-3505
-4185
-6226
-7569
-6716
-3353
1039
5364
8824
10987
12511
12940
12389
10117
6610
3396
1627
2547
4580
6440
6012
2567
-2302
-7140
-9124
-8267
-5150
-1778
389
1238
1113
1350
2156
3557
4829
5847
6594
7740
9242
10586
10890
9302
6424
3103
648
-202
103
830
734
-607
-2617
-4709
-5835
-5908
-5223
-4244
-3407
-2488
-1507
-289
926
1784
2269
2104
2000
2162
2736
3443
3550
3150
2036
737
-382
-982
-1121
-1351
-1822
-2590
-3336
-3583
-3546
-3041
-2606
-2298
-1805
-1437
-564
391
1393
2119
2336
2313
2261
2292
2491
2668
2394
1806
879
-74
-579
-873
-998
-1143
-1631
-2111
-2682
-2997
-2759
-2481
-2050
-1692
-1224
-227
719
1626
1847
1535
1000
820
1370
2453
3690
4497
3905
448
-5452
-12478
-16815
-17383
-13960
-8654
-5048
-4127
-6915
-10148
-11784
-10216
-5816
-521
4414
7692
9580
10051
10107
9412
8307
7032
6243
6948
8555
10210
10031
7556
2814
-2139
-5449
-6040
-3958
-1477
203
-205
-1922
-3694
-4413
-3297
-882
1902
4100
5484
6471
7236
7864
7880
7486
6779
6150
5995
5999
5927
4977
3049
518
-1685
-2848
-2894
-2540
-2534
-3202
-4444
-5371
-5596
-4972
-3559
-2185
-997
-305
74
651
1137
1700
1889
1905
1904
2203
2913
3284
3306
2177
702
-717
-1747
-1750
-1508
-1193
-1384
-2203
-3068
-3518
-3408
-2657
-1817
-1109
-439
-61
601
1226
1810
2192
2063
1817
1578
1616
1912
2097
1938
1412
438
-461
-1149
-1522
-1578
-1782
-1619
-1551
-1703
-1694
-1949
-1721
-1294
-643
454
1246
1568
1389
1115
1810
2697
1735
-1653
-7926
-13397
-16128
-15037
-10382
-6168
-3816
-5598
-9527
-12368
-12288
-8387
-2777
2460
5641
6576
6072
5776
6179
7083
7941
8198
8633
9123
9760
9744
8493
5825
2248
-537
-1703
-724
978
1746
858
-1656
-4115
-5203
-4481
-1923
688
2479
2814
2323
2239
2804
4245
5725
6764
7057
6803
6384
6003
5550
4627
3414
1979
1112
717
653
369
-768
-2340
-4425
-5578
-5626
-4613
-2946
-2070
-1906
-2665
-3341
-3214
-2243
-713
559
1291
1452
1517
1804
2233
2565
2494
2138
1706
1409
1233
1078
653
-187
-1146
-2018
-2279
-2095
-1620
-1377
-1470
-1686
-1832
-1597
-1131
-366
115
330
392
465
845
1260
1591
1487
1213
953
857
952
855
623
-9
-668
-1276
-1492
-1292
-938
-498
-637
-659
-850
-246
659
1195
1744
1767
1677
-478
-4696
-10217
-14406
-14930
-12305
-7491
-5000
-5397
-9143
-13193
-14028
-11513
-5486
-146
3536
4370
3604
3081
3415
5499
7386
9120
9619
9825
9941
9568
9166
7512
5640
3552
2321
2276
2493
2527
1124
-1065
-3221
-4210
-3598
-2289
-722
-203
-391
-945
-892
416
2093
4064
5035
5538
5430
5196
5435
5554
5879
5540
5071
4229
3597
2989
2152
1235
-388
-1376
-2368
-2611
-2764
-3160
-3550
-4318
-4437
-4613
-4044
-3610
-2885
-2223
-1908
-1197
-867
-49
506
1200
1749
2175
2596
2755
2887
2399
2115
1363
888
401
-27
-110
-543
-771
-1229
-1491
-1682
-1710
-1677
-1646
-1498
-1469
-1210
-1072
-870
-648
-412
21
408
744
898
951
843
844
1059
1313
1624
1391
828
32
-715
-684
-341
295
722
758
666
641
830
1568
1545
-815
-5312
-10843
-13899
-13560
-10749
-6878
-5716
-7343
-11250
-14642
-14111
-10356
-4527
102
2136
1880
799
792
2323
5421
8026
9805
10157
9716
9597
9090
8970
8202
7283
6435
5479
4956
3908
2667
682
-1108
-2154
-2383
-1744
-1543
-1690
-2516
-3366
-3394
-2378
-290
1581
2780
2917
2596
2642
3150
4474
5667
6471
6462
5685
4883
4203
3920
3592
3095
2334
1327
320
-771
-1665
-2568
-3360
-3870
-4246
-4300
-4274
-4295
-4397
-4549
-4402
-3798
-2695
-1457
-516
-76
170
439
1094
2003
2877
3387
3271
2786
2259
1836
1598
1466
1302
1133
736
44
-762
-1440
-1788
-1832
-1727
-1646
-1663
-1858
-2048
-1980
-1870
-1400
-938
-584
-194
9
251
486
683
1019
1541
1756
1628
1222
633
533
745
1296
1788
1639
985
197
117
984
2441
2156
-1093
-6720
-12250
-13735
-11711
-7424
-4506
-5668
-9466
-14233
-15492
-12510
-6954
-1866
67
-419
-2056
-1969
-9
3475
6979
8573
9080
8538
8557
9197
9720
10033
9412
8686
7788
7054
6122
4703
3166
1403
405
-143
-524
-1169
-2380
-3494
-4102
-3828
-2886
-1841
-1313
-1307
-1316
-916
318
1849
3200
4077
4320
4500
4547
4884
5323
5720
5758
5259
4640
3678
2936
1957
1181
396
-683
-1522
-2445
-3037
-3706
-4563
-5140
-5435
-5305
-4784
-4487
-4146
-3877
-3502
-2664
-1645
-503
426
1144
1681
2185
2505
2736
2910
3035
3273
3331
3270
2882
2237
1460
700
248
-5
-111
-382
-916
-1602
-2205
-2601
-2691
-2571
-2456
-2234
-2201
-2139
-1974
-1645
-1047
-523
-136
257
509
840
1206
1598
2067
2319
2481
2260
2002
1712
1758
2098
2412
3081
2539
-544
-5700
-11116
-12283
-9666
-5882
-3671
-6443
-10893
-15289
-15844
-11555
-6392
-1994
-1933
-3829
-5489
-4815
-1009
2954
6673
7689
7577
7034
6948
8708
9998
11397
11369
10668
9763
8326
7407
6108
5385
4428
3416
2435
817
-512
-2220
-3323
-3645
-3528
-2947
-3147
-3483
-4175
-4395
-3742
-2393
-390
937
1855
1856
1917
2504
3507
5124
6112
6481
5964
5216
4660
4422
4641
4316
3612
2246
713
-407
-1492
-2095
-2695
-3354
-3886
-4655
-5323
-5754
-5899
-5433
-4828
-4052
-3384
-2968
-2406
-1783
-708
289
1261
1916
2370
2859
3123
3589
3699
3794
3664
3270
2983
2496
2215
1701
1045
383
-285
-845
-1453
-2008
-2562
-2888
-3091
-3127
-3182
-3325
-3356
-3253
-2797
-2315
-1654
-1083
-730
-470
-155
743
2017
3060
3339
2591
1910
1976
3060
4316
4824
4568
1918
-2299
-7440
-10130
-8651
-5759
-3091
-4718
-9060
-13555
-15933
-13088
-8571
-4218
-3218
-5535
-7663
-8215
-4828
-353
3766
5745
5411
4946
4497
6146
8548
10844
12192
11763
10998
9763
8907
8417
7997
7920
7157
6121
4402
2418
715
-758
-1193
-1427
-1567
-2279
-3741
-5057
-5965
-5543
-4394
-2953
-1968
-1997
-2272
-2415
-1326
601
2644
3979
4273
3917
3588
3857
4858
6024
6443
5893
4565
3219
2168
1795
1608
1251
435
-960
-2400
-3757
-4542
-4758
-4774
-4766
-4937
-5252
-5330
-5128
-4433
-3368
-2439
-1663
-1167
-760
-44
813
1895
2831
3341
3714
3767
3887
4081
4160
4140
3769
3251
2612
1902
1148
375
-389
-979
-1480
-1992
-2617
-3452
-3905
-4018
-3825
-3580
-3560
-3554
-3427
-3071
-2293
-1261
-232
693
1272
1536
1559
1592
2335
3624
5128
5362
2329
-2812
-7819
-8405
-4949
-1358
-621
-4880
-10298
-13976
-13777
-9508
-5481
-3593
-5274
-8482
-9878
-8572
-4513
-517
2014
2579
1814
1598
2377
4790
7721
9864
10914
10518
9829
9129
8849
9354
9878
10244
9586
8052
6149
4260
3118
2509
2384
2056
898
-1010
-3085
-4372
-4681
-4098
-3477
-3252
-3607
-4449
-4705
-4193
-2828
-1235
-186
455
559
732
1332
2355
3740
4733
5129
4767
3934
3345
3155
3461
3809
3602
2686
1149
-294
-1174
-1453
-1413
-1747
-2506
-3725
-4649
-4922
-4650
-3896
-3514
-3402
-3690
-3779
-3273
-2383
-1227
-245
486
950
1384
1826
2369
2944
3409
3777
3886
3732
3469
2984
2494
2148
1810
1364
713
-98
-945
-1643
-2047
-2182
-2196
-2501
-3233
-3835
-3923
-3305
-2445
-2163
-2067
-2088
-1621
-703
49
790
918
1333
2013
3292
3528
935
-4149
-8747
-8500
-4024
704
958
-4082
-10521
-14161
-12460
-6873
-1940
-925
-4477
-9132
-10698
-7893
-2579
1752
2876
1581
-398
-777
1197
4719
8132
9540
9222
7984
7395
7707
8672
9899
10507
10306
9105
7475
6086
5079
4656
4520
4316
3558
1818
-466
-2393
-3203
-2915
-2181
-1870
-2443
-3748
-5055
-5432
-4600
-3048
-1640
-1142
-1339
-1609
-1436
-370
1128
2613
3354
3065
2427
2094
2575
3434
4190
4236
3508
2415
1301
874
743
737
338
-467
-1452
-2458
-3048
-3287
-3011
-2742
-2864
-3342
-3861
-4053
-3656
-2832
-1862
-1060
-872
-762
-585
-76
923
1830
2551
2749
2596
2483
2541
2802
2996
2969
2601
2091
1589
1045
650
306
34
-497
-1060
-1751
-2242
-2434
-2538
-2559
-2687
-2938
-2703
-2471
-1834
-1414
-1017
-493
-20
590
1215
1330
-167
-3424
-7246
-7992
-5755
-1862
-341
-2900
-7542
-11723
-11880
-8279
-3853
-1530
-3127
-6677
-8994
-8039
-4199
-24
2053
1685
151
-846
144
2934
6232
8370
8596
7678
6845
6817
7742
9167
10213
10362
9489
8028
6796
6030
5909
5969
5688
4830
3158
1159
-514
-1136
-985
-674
-874
-1808
-3129
-4322
-4742
-4184
-3220
-2383
-2323
-2627
-2804
-2437
-1380
-187
573
856
872
954
1505
2128
2704
2980
2944
2828
2626
2282
2030
1840
1671
1276
648
-45
-579
-1020
-1226
-1448
-1854
-2310
-2750
-3028
-3081
-3005
-2805
-2497
-2285
-1928
-1617
-1300
-862
-411
103
670
1090
1512
1718
1808
2007
2156
2352
2411
2274
2076
1703
1384
1125
934
692
294
-231
-822
-1273
-1509
-1598
-1690
-1875
-2015
-2032
-1931
-1919
-1760
-1344
-679
23
139
460
-378
-2410
-5960
-8452
-7185
-3778
-665
-1760
-5878
-10361
-12019
-9640
-5273
-1899
-2225
-5393
-8662
-8856
-5619
-1275
1558
1431
-158
-1597
-1071
1494
4928
7612
8074
7053
5776
5843
7085
8859
10210
10455
9696
8197
7106
6757
7000
7163
6756
5743
4207
2515
1177
578
498
504
61
-978
-2195
-3322
-3830
-3691
-3093
-2695
-2813
-3270
-3470
-3027
-2415
-1595
-1056
-632
-442
-261
147
780
1426
1965
2353
2426
2407
2239
2081
2049
2037
2020
1807
1267
569
67
-294
-302
-424
-869
-1468
-2159
-2561
-2601
-2273
-2026
-1871
-2055
-2127
-2056
-1803
-1263
-783
-371
27
319
659
837
936
1134
1331
1656
1783
1870
1792
1614
1480
1416
1369
1140
784
339
30
-99
-279
-630
-1119
-1464
-1461
-1395
-1272
-1239
-1561
-1741
-1716
-1144
-448
83
768
-160
-2921
-7277
-9212
-6790
-2171
625
-1730
-6900
-11670
-12345
-8698
-3388
-227
-1792
-6117
-9897
-9344
-5208
-310
2328
1492
-862
-2855
-2252
989
5108
7811
7657
5839
4221
4410
6221
8738
10482
10522
9144
7171
6183
6359
7283
7854
7462
6149
4195
2460
1416
1511
1922
1911
1014
-635
-2222
-3369
-3516
-2904
-2100
-1998
-2795
-3691
-4269
-3803
-2784
-1666
-1030
-1219
-1544
-1621
-967
166
1368
2048
2083
1771
1472
1565
1981
2640
3017
2797
2097
1371
931
981
1080
873
310
-585
-1231
-1471
-1376
-1143
-1302
-1647
-2056
-2268
-2108
-1874
-1423
-1180
-1009
-1008
-841
-670
-410
-140
94
379
427
619
786
1013
1141
1279
1358
1315
1167
953
815
734
689
569
405
-57
-499
-921
-1006
-861
-897
-980
-1421
-1778
-1745
-1423
-868
-358
-175
153
-522
-2227
-5241
-7518
-6940
-4368
-1472
-1818
-4914
-9029
-11080
-9618
-5981
-2490
-2135
-4575
-7946
-9068
-6774
-2913
482
1264
44
-1775
-2232
-241
3113
6303
7317
6566
5060
4626
5921
8056
10111
10602
9690
8079
6921
6935
7709
8396
8151
6986
5245
3737
2796
2501
2548
2199
1228
-209
-1467
-2265
-2684
-2831
-2845
-2861
-3193
-3618
-4093
-4152
-3762
-3148
-2451
-2032
-1808
-1732
-1652
-1240
-435
597
1366
1581
1339
1034
1060
1502
2284
2739
2509
1759
907
612
791
1192
1333
846
-21
-809
-1096
-957
-640
-538
-783
-1261
-1781
-1929
-1685
-1282
-1019
-1008
-1245
-1365
-1273
-967
-479
-167
76
92
136
294
589
1027
1290
1310
1086
867
792
923
1193
1219
929
275
-228
-358
-146
78
-361
-893
-1565
-1517
-1028
-498
-78
-624
-1133
-1401
-660
-146
-1294
-3949
-6606
-6826
-5031
-2571
-2035
-4009
-7449
-10163
-9798
-7030
-3633
-2423
-4011
-6678
-8259
-7051
-4027
-782
760
197
-1307
-2116
-726
2120
5058
6545
6269
5282
4741
5581
7482
9436
10361
9875
8604
7549
7471
7961
8480
8303
7326
5933
4483
3624
3250
3017
2476
1529
439
-591
-1391
-2038
-2398
-2666
-2889
-3075
-3335
-3457
-3558
-3539
-3320
-2931
-2503
-2198
-1981
-1728
-1216
-663
-117
273
506
668
747
1020
1375
1691
1722
1540
1265
1133
1104
1148
1128
911
604
174
-100
-258
-267
-380
-565
-846
-1090
-1194
-1338
-1329
-1514
-1601
-1663
-1566
-1221
-962
-756
-769
-817
-746
-559
-160
253
548
639
594
602
733
882
954
888
820
688
583
457
340
211
-54
-335
-549
-585
-365
-251
-383
-972
-1566
-1495
-826
303
996
544
-1144
-3659
-5389
-5454
-4095
-2721
-2588
-3897
-6080
-7869
-8478
-7382
-5531
-4232
-4267
-5519
-6675
-6818
-5550
-3489
-1713
-888
-1180
-1597
-1399
69
2235
4118
5128
5221
5128
5363
6221
7516
8652
9229
9054
8553
8140
8105
8230
8194
7840
7024
6072
5083
4338
3790
3301
2618
1640
645
-290
-839
-1273
-1627
-2005
-2460
-2744
-3019
-3055
-3106
-3107
-3019
-2980
-2744
-2466
-1987
-1612
-1425
-1298
-1084
-585
-130
237
381
472
520
689
956
1198
1379
1262
1024
791
695
790
838
778
531
117
-284
-443
-450
-431
-625
-954
-1248
-1394
-1327
-1119
-1001
-1075
-1255
-1464
-1364
-1087
-717
-444
-377
-374
-296
-98
213
463
625
662
558
434
427
541
654
657
547
347
138
-46
-89
-160
-261
-418
-466
-459
-496
-563
-625
-482
-336
-64
131
210
-457
-1757
-3347
-4231
-4149
-3629
-3287
-3678
-4626
-5896
-6829
-6938
-6340
-5403
-4996
-5078
-5528
-5742
-5427
-4527
-3266
-2161
-1511
-1381
-1137
-393
978
2442
3606
4267
4547
4896
5499
6531
7618
8326
8457
8158
7844
7814
7939
8040
7840
7233
6353
5404
4764
4359
3971
3373
2478
1524
673
88
-242
-467
-867
-1433
-2060
-2457
-2493
-2348
-2180
-2293
-2522
-2730
-2794
-2581
-2189
-1656
-1366
-1340
-1459
-1328
-869
-285
189
293
166
37
188
575
985
1085
872
512
329
430
621
688
457
140
-184
-350
-375
-372
-391
-571
-785
-963
-1025
-1023
-976
-905
-855
-818
-845
-809
-720
-567
-453
-385
-312
-161
-18
158
275
344
323
256
233
211
240
286
315
227
-31
-231
-296
-204
-175
-250
-437
-601
-540
-368
-103
-107
-268
-366
-355
-196
-502
-1184
-2179
-2929
-3296
-3566
-3796
-4329
-4693
-5033
-5347
-5646
-5981
-5978
-5872
-5408
-5005
-4641
-4348
-4155
-3695
-3168
-2365
-1560
-741
38
786
1614
2343
3123
3892
4665
5441
6043
6512
6850
7148
7475
7736
7878
7818
7566
7178
6778
6371
5956
5498
4919
4304
3596
2978
2340
1760
1173
627
121
-349
-696
-1070
-1390
-1788
-2047
-2114
-2119
-2076
-2157
-2265
-2336
-2329
-2166
-1917
-1628
-1433
-1299
-1194
-1004
-776
-600
-463
-358
-187
17
168
232
223
197
113
104
113
189
189
52
-46
-122
-201
-269
-331
-417
-480
-664
-744
-719
-607
-550
-560
-600
-645
-667
-631
-549
-439
-367
-334
-294
-165
-28
97
172
135
99
28
60
110
113
58
-50
-95
-184
-291
-322
-328
-313
-356
-480
-603
-710
-596
-463
-345
-368
-526
-611
-680
-470
-420
-632
-1321
-2106
-2602
-3001
-3222
-3607
-3842
-3997
-4156
-4294
-4494
-4617
-4787
-4816
-4714
-4358
-3831
-3385
-2924
-2635
-2256
-1862
-1329
-600
219
1116
1822
2474
2997
3540
4116
4699
5316
5872
6316
6608
6768
6857
6856
6779
6614
6354
6035
5685
5307
4946
4541
4049
3470
2787
2204
1742
1378
991
530
112
-302
-644
-927
-1136
-1330
-1550
-1775
-1894
-1947
-1936
-1884
-1858
-1818
-1819
-1789
-1745
-1641
-1479
-1286
-1088
-943
-855
-819
-722
-597
-445
-280
-180
-172
-220
-200
-62
71
112
73
0
-69
-120
-111
-79
-42
-100
-193
-289
-296
-309
-418
-506
-620
-616
-589
-451
-321
-348
-494
-718
-737
-626
-420
-207
-53
92
79
-31
-238
-450
-534
-492
-306
-143
-147
-352
-627
-798
-862
-852
-840
-829
-838
-876
-882
-827
-751
-764
-816
-796
-652
-472
-368
-390
-528
-777
-1150
-1493
-1743
-1877
-1991
-2229
-2450
-2645
-2758
-2839
-2914
-2929
-2987
-3037
-3004
-2807
-2456
-2118
-1890
-1731
-1459
-1010
-468
77
575
1044
1465
1875
2364
2940
3534
4004
4346
4581
4811
5015
5180
5296
5323
5283
5170
5051
4948
4805
4527
4143
3686
3245
2829
2463
2166
1863
1542
1205
834
460
97
-219
-427
-640
-861
-1106
-1358
-1550
-1637
-1620
-1551
-1552
-1668
-1825
-1933
-1916
-1796
-1565
-1315
-1108
-970
-947
-961
-973
-943
-816
-657
-422
-247
-202
-219
-279
-269
-224
-155
-90
-107
-192
-290
-292
-227
-177
-235
-367
-487
-527
-478
-387
-287
-249
-292
-362
-465
-535
-547
-490
-387
-297
-270
-294
-379
-461
-500
-524
-528
-554
-612
-620
-555
-482
-449
-536
-621
-650
-591
-493
-407
-366
-397
-515
-691
-773
-703
-537
-383
-314
-321
-369
-392
-379
-367
-380
-419
-367
-170
86
203
58
-299
-680
-939
-1070
-1137
-1196
-1277
-1404
-1459
-1454
-1402
-1406
-1527
-1673
-1790
-1772
-1643
-1379
-1103
-854
-647
-462
-239
15
322
653
1029
1385
1699
2015
2336
2715
3103
3440
3666
3802
3922
4031
4104
4077
3923
3683
3402
3170
2961
2766
2551
2273
1949
1602
1322
1071
830
567
247
-106
-393
-561
-615
-629
-675
-781
-949
-1057
-1109
-1080
-1023
-983
-975
-988
-965
-907
-814
-714
-609
-587
-621
-623
-531
-375
-239
-173
-220
-280
-348
-347
-256
-172
-101
-146
-234
-329
-376
-382
-408
-488
-621
-669
-620
-539
-488
-459
-457
-489
-644
-851
-881
-753
-519
-407
-485
-547
-565
-484
-433
-480
-500
-533
-422
-271
-168
-162
-353
-506
-546
-466
-403
-369
-341
-335
-287
-331
-422
-476
-499
-422
-391
-419
-478
-561
-581
-522
-411
-335
-315
-335
-389
-372
-305
-190
-89
12
123
259
407
451
311
-30
-378
-579
-611
-587
-623
-700
-761
-874
-952
-1011
-949
-850
-814
-862
-919
-874
-713
-475
-268
-125
-83
-58
64
314
666
951
1137
1220
1308
1483
1698
1919
1995
2042
2092
2102
2141
2188
2216
2247
2176
2031
1859
1699
1618
1565
1495
1351
1133
926
790
731
670
551
427
325
240
152
105
123
136
81
-3
-49
-60
-60
-83
-115
-110
-96
-86
-98
-109
-110
-64
-63
-154
-337
-469
-515
-460
-361
-303
-316
-425
-546
-665
-739
-757
-726
-705
-722
-759
-700
-587
-584
-660
-760
-732
-647
-586
-540
-566
-479
-426
-365
-399
-426
-421
-453
-454
-517
-491
-369
-224
-161
-313
-472
-562
-480
-348
-368
-408
-483
-473
-423
-418
-475
-562
-590
-549
-490
-448
-440
-396
-316
-231
-207
-404
-590
-729
-645
-462
-313
-165
-100
-50
-48
-59
-86
-145
-108
33
239
459
580
619
576
430
158
-121
-275
-226
-105
-59
-165
-379
-566
-671
-626
-513
-459
-456
-550
-595
-576
-524
-440
-396
-347
-305
-212
-109
35
236
433
572
672
766
861
998
1142
1284
1399
1452
1450
1401
1453
1586
1693
1685
1535
1425
1360
1349
1346
1337
1307
1209
1010
780
720
769
877
865
731
609
523
510
500
473
367
226
94
21
13
18
16
9
-31
-164
-331
-406
-408
-377
-325
-339
-369
-436
-466
-552
-589
-573
-527
-425
-445
-497
-562
-517
-485
-508
-543
-549
-447
-400
-368
-407
-302
-213
-212
-312
-527
-555
-511
-343
-205
-220
-293
-449
-502
-460
-461
-486
-594
-649
-587
-453
-252
-213
-375
-563
-796
-806
-748
-572
-417
-339
-355
-503
-596
-606
-525
-417
-297
-203
-123
-74
-95
-100
-135
-165
-126
-74
-13
-69
-116
-129
-66
17
6
-92
-177
-129
-15
63
103
78
-16
-145
-230
-151
-49
83
94
37
-105
-317
-402
-410
-336
-251
-208
-147
-152
-143
-166
-171
-102
-122
-101
-107
-44
71
145
259
331
426
474
466
486
529
649
762
840
913
1004
1099
1167
1182
1155
1087
1022
1000
1008
1107
1184
1122
996
849
798
738
687
653
586
551
451
404
308
192
86
69
128
186
194
120
63
28
21
41
-29
-86
-163
-178
-100
-19
8
-84
-163
-224
-232
-222
-195
-90
85
202
160
-71
-322
-464
-332
-152
9
32
-47
-76
-149
-180
-339
-475
-587
-543
-345
-177
-99
-109
-173
-275
-454
-641
-695
-681
-526
-383
-278
-260
-404
-562
-768
-827
-808
-723
-566
-488
-380
-364
-408
-461
-406
-343
-365
-486
-583
-499
-289
-102
-28
-95
-192
-258
-217
-131
-147
-226
-375
-418
-312
-144
-25
-83
-147
-257
-269
-271
-196
-83
-78
-96
-194
-167
-77
-8
71
28
10
-84
-117
-52
28
144
90
10
-27
4
66
149
247
353
306
176
47
27
178
305
398
354
259
220
242
313
317
328
340
407
468
452
445
399
352
369
474
531
457
311
208
226
312
438
577
652
611
474
346
253
315
357
405
437
355
321
176
109
134
191
335
444
599
557
397
199
37
58
103
209
334
373
356
309
251
188
68
85
167
272
321
187
158
81
15
-91
-157
10
211
315
180
-71
-307
-419
-435
-340
-185
-56
13
-98
-360
-732
-1022
-1031
-772
-360
-26
79
30
-257
-613
-861
-811
-598
-451
-440
-478
-323
-32
150
90
-151
-500
-789
-969
-806
-383
132
350
248
-102
-538
-817
-843
-532
-155
65
40
-52
-190
-310
-514
-718
-700
-459
-113
100
169
69
-200
-524
-693
-445
-22
317
285
60
-168
-264
-201
-100
96
233
311
213
57
-108
-217
-186
-37
192
412
508
433
243
-40
-237
-244
-17
264
453
470
242
-34
-338
-322
-49
260
542
515
401
177
-10
-69
-3
226
318
311
292
295
344
276
174
63
-30
58
175
352
466
446
452
374
368
261
168
190
202
393
503
634
677
531
443
251
250
308
475
694
697
670
381
169
-11
4
256
399
525
354
112
-74
-188
-208
-295
-243
-109
67
146
117
30
-103
-271
-399
-379
-186
75
198
174
-82
-370
-569
-525
-203
94
227
98
-149
-354
-483
-494
-390
-144
118
267
128
-114
-350
-475
-476
-362
-182
-147
-259
-424
-471
-360
-253
-253
-302
-311
-224
-116
-136
-349
-521
-507
-316
-115
-113
-179
-201
-229
-248
-365
-430
-278
-66
26
-28
-103
-152
-285
-441
-441
-166
254
379
165
-220
-428
-305
-25
239
253
28
-301
-483
-300
25
274
219
-51
-261
-281
-96
127
215
166
63
49
39
2
-18
4
90
111
153
123
100
128
128
146
110
73
88
93
96
83
100
221
324
421
439
423
372
176
18
-98
-34
222
424
551
511
386
249
49
-49
-53
65
266
345
380
322
209
148
84
54
5
-16
20
88
187
265
313
304
224
129
26
-58
-151
-177
-36
289
554
489
245
90
154
240
122
-109
-123
139
487
582
335
-27
-229
-131
16
167
120
41
-81
-202
-115
0
119
-74
-376
-533
-447
-115
49
-32
-332
-534
-411
-121
137
-5
-336
-613
-630
-437
-234
-89
74
237
161
-136
-580
-813
-689
-319
-78
-129
-187
-119
106
190
-42
-470
-749
-656
-175
272
419
214
-138
-213
-31
272
152
-235
-638
-667
-211
320
612
334
-234
-664
-564
4
419
361
-118
-496
-406
-104
75
41
50
139
232
201
65
-65
-190
-295
-335
-261
-75
202
369
419
295
-25
-227
-266
10
179
214
143
50
187
254
343
275
183
160
165
291
300
242
35
-192
-172
-27
208
296
277
219
174
86
-130
-286
-327
-70
282
507
475
194
20
30
158
186
-15
-213
-237
58
399
626
570
358
128
-93
-218
-360
-380
-199
190
641
765
468
-68
-450
-389
-14
333
372
149
-43
-61
8
51
-52
-79
-105
12
112
67
74
6
8
-193
-590
-793
-619
20
626
867
578
-37
-475
-533
-281
-68
-57
-102
24
211
315
111
-139
-338
-339
-189
-35
144
108
47
-50
-147
-162
-183
-123
-3
125
152
74
-152
-309
-395
-303
-177
-77
-48
-117
-80
-77
45
87
89
77
60
134
15
-206
-496
-479
-127
357
642
429
68
-316
-425
-388
-350
-309
-207
53
289
258
-80
-362
-350
-133
-96
-307
-509
-397
-64
262
273
73
-97
-128
-15
48
-20
-139
-73
141
360
407
233
14
-187
-213
-131
84
231
255
221
88
59
-56
-98
-100
-27
134
100
114
87
175
277
267
157
-2
-43
32
119
131
170
189
238
169
115
21
-16
-79
-178
-40
195
495
540
324
93
-81
-102
-122
-146
-126
24
331
536
429
89
-266
-276
-9
185
181
-30
-178
-206
-90
101
252
275
124
-141
-426
-493
-327
-63
121
103
-40
-207
-166
3
197
189
-155
-452
-542
-276
82
281
302
187
89
15
-4
-59
-222
-389
-422
-275
48
305
437
332
43
-223
-426
-346
-161
-6
100
30
42
-57
-98
-31
114
155
-3
-85
-125
40
-6
-134
-221
-149
74
152
130
-6
-93
-150
-145
-91
-55
-97
-95
1
89
67
-73
-191
-84
76
103
-116
-326
-116
220
401
79
-386
-472
-158
362
544
477
304
72
-24
-136
-159
-144
-145
-88
-51
-38
0
81
183
216
168
26
-131
-205
-97
268
521
630
394
142
91
83
91
-125
-254
-257
-93
165
242
189
58
-26
-10
-142
-223
-338
-366
-174
-11
349
329
228
150
71
138
-39
-323
-518
-560
-158
277
516
473
144
-33
-198
-209
-261
-384
-447
-397
-33
375
631
502
112
-164
-258
-69
38
20
-82
-231
-74
85
267
197
-26
-121
-139
44
95
120
102
-43
-145
-336
-343
-173
124
439
430
267
-20
-129
-111
-67
11
78
89
26
20
68
110
99
70
99
115
40
-6
-43
-81
-129
-154
-134
-38
104
219
191
43
-64
-103
-117
-24
-86
-134
-273
-419
-297
-110
211
231
86
-72
-132
-114
-33
-51
-206
-328
-510
-343
-113
101
161
59
26
-5
-100
-87
-15
69
18
-221
-280
-125
190
435
484
374
251
170
193
176
20
-259
-538
-482
-85
495
824
703
214
-228
-446
-447
-327
-302
-176
20
279
494
528
250
-150
-427
-416
-112
83
121
-2
-54
89
195
143
-102
-177
-45
181
233
169
46
6
7
-34
-90
-214
-103
93
314
186
-143
-353
-385
-90
82
235
157
36
-15
-70
-14
-75
-143
-164
-72
104
153
190
186
133
65
-20
14
66
31
37
76
128
162
70
-21
-137
-115
-25
20
-5
-186
-282
-326
-156
53
229
279
143
20
-59
2
7
-10
-142
-254
-236
-37
223
369
318
166
48
13
-37
-129
-242
-404
-433
-230
216
551
495
136
-208
-257
-174
-148
-192
-163
37
163
177
57
-34
75
159
30
-318
-559
-350
149
544
508
230
-77
-237
-292
-417
-362
-208
148
519
589
355
-97
-415
-293
-4
159
-78
-473
-481
-41
586
929
703
67
-539
-786
-517
-182
43
120
271
483
429
204
-192
-425
-503
-394
-157
176
293
297
260
261
298
46
-261
-598
-650
-434
-62
411
587
561
282
10
-207
-312
-253
-170
-114
-88
145
441
669
518
193
-95
-265
-234
-214
-127
-4
75
182
218
235
172
-21
-183
-229
-225
-241
-196
-67
180
302
236
57
4
105
95
-79
-293
-291
-81
174
329
298
0
-344
-495
-278
90
269
74
-206
-364
-286
-36
164
161
-117
-406
-442
-106
339
531
439
139
-127
-229
-188
-15
83
84
-57
-149
-47
99
259
152
-12
-103
-84
-13
-50
-181
-196
-109
145
349
438
412
234
26
-207
-326
-281
-97
176
301
346
177
-108
-297
-331
-218
-189
-129
-46
15
90
27
48
60
75
51
-257
-483
-484
-238
28
146
195
234
176
35
-132
-235
-265
-224
-148
44
306
535
567
269
-164
-466
-425
-163
108
240
329
439
542
423
200
-82
-252
-272
-269
-117
62
264
421
422
310
42
-203
-358
-353
-245
-124
-47
-78
-73
71
225
279
113
-12
-53
-16
53
-23
-126
-181
-74
100
244
253
107
-70
-229
-198
-99
-53
-139
-349
-395
-314
-51
195
365
375
195
-22
-282
-417
-444
-320
-133
-42
4
50
244
334
185
-94
-362
-341
-95
207
335
276
138
-45
-105
-106
-84
-27
120
258
271
154
-35
-163
-254
-162
71
234
296
174
2
-83
-138
-124
-70
57
200
191
55
-113
-219
-182
-100
50
213
267
224
56
-89
-114
-124
-58
-38
-69
-183
-199
-108
-6
128
152
105
58
48
136
181
129
-31
-191
-215
-103
102
164
56
-72
-68
123
251
115
-203
-414
-292
-32
78
2
-10
217
396
424
186
-116
-253
-180
-23
63
-3
-12
67
118
124
13
-59
-180
-215
-205
-146
-76
66
201
239
156
-68
-209
-145
4
136
86
-74
-127
-87
-22
-28
-63
-72
-103
-67
15
63
94
75
67
3
-84
-75
56
272
264
29
-246
-404
-258
57
375
413
282
124
-9
-28
-122
-130
-141
-62
58
83
100
-2
-32
-99
-165
-150
-182
-110
-101
-105
-51
11
113
122
59
-27
-126
-128
-99
-7
99
135
107
-24
-112
-77
75
193
175
-5
-226
-311
-278
-103
48
157
205
208
202
125
-3
-135
-141
-54
47
23
-87
-168
-152
-46
90
151
152
111
41
-22
-12
29
-79
-239
-347
-242
51
336
445
335
65
-143
-141
-68
-46
-69
-41
64
132
98
2
-33
41
147
116
-20
-136
-31
170
282
206
-14
-127
-130
-42
90
154
95
-68
-180
-158
-66
-20
-35
14
89
129
136
78
-13
-105
-141
-70
-20
-7
-30
-57
-50
-25
48
61
-4
-101
-180
-183
-133
-98
-46
119
283
270
13
-280
-325
-115
200
318
131
-168
-323
-198
35
196
136
-34
-90
-7
148
101
-94
-257
-207
79
318
373
228
51
-81
-186
-268
-239
-90
115
249
210
65
-118
-145
-73
17
37
27
80
93
45
-98
-206
-224
-181
-42
95
140
81
16
88
147
67
-173
-321
-268
-51
163
242
250
132
22
-129
-200
-143
-69
0
11
48
94
122
83
47
48
-31
-156
-217
-73
232
435
436
173
-125
-260
-194
-82
-85
-73
21
189
301
230
61
-111
-197
-159
-67
10
31
-73
-231
-256
-157
38
199
232
206
124
79
-11
-100
-161
-165
-68
12
94
150
211
238
205
119
-27
-155
-226
-209
-119
-59
-49
-90
-75
38
116
118
52
28
60
93
36
-98
-226
-260
-151
-25
66
97
109
97
80
-5
-96
-155
-129
-5
117
197
181
156
63
-44
-119
-110
-22
89
121
34
-40
-77
-46
-34
-58
-97
-88
-48
7
16
-25
-84
-106
-27
97
196
161
59
-22
-57
-7
-20
-76
-135
-129
-40
42
125
129
56
-47
-147
-214
-225
-97
21
98
90
9
-21
-30
49
75
41
-16
-49
40
161
240
165
-10
-140
-143
-2
144
225
192
58
-73
-128
-91
-26
3
26
21
19
3
-11
0
0
-33
-109
-123
-56
7
31
-10
-69
-71
-55
-19
19
37
60
52
30
-43
-125
-152
-138
-59
21
88
102
85
67
21
-38
-129
-192
-162
-86
-23
-9
-13
-10
39
70
84
100
107
109
45
-39
-122
-106
-5
126
228
231
161
46
-31
-59
-68
-69
-80
-47
-10
-39
-69
-67
-14
22
31
33
70
133
123
30
-109
-214
-202
-56
163
255
176
28
-43
25
118
140
66
-60
-132
-136
-59
66
139
109
-8
-111
-144
-123
-70
-3
2
-35
-47
2
81
104
43
-32
-92
-108
-95
-30
73
128
125
72
55
108
150
142
79
-13
-74
-108
-43
67
123
104
17
-52
-92
-106
-108
-77
-49
-33
-16
18
81
106
96
45
-18
-61
-63
-32
18
37
7
-18
-19
21
32
-18
-98
-133
-99
-28
25
13
-37
-66
-55
-44
-29
-26
-37
-59
-80
-51
11
59
32
-23
-52
-53
-25
-21
-19
-44
-75
-58
-11
42
55
-3
-60
-66
-31
19
40
33
32
16
-9
-43
-37
19
113
153
118
48
-3
36
94
115
29
-100
-171
-160
-74
-16
-2
-1
42
107
111
68
8
-37
-50
-61
-16
74
135
148
93
56
43
55
67
42
15
-2
3
9
1
-52
-121
-160
-151
-73
13
68
92
89
78
26
-58
-141
-183
-166
-103
-29
17
39
49
91
115
95
32
-59
-105
-110
-55
0
30
15
-8
24
44
39
11
-14
-10
10
25
20
9
-23
-59
-73
-63
-8
27
57
79
76
84
55
29
-6
-22
-25
-56
-76
-105
-100
-54
44
155
224
195
76
-59
-132
-127
-97
-79
-76
-41
25
106
132
103
46
-2
-43
-73
-105
-124
-107
-68
-19
36
81
123
159
157
131
58
-17
-59
-44
-9
-5
-28
-68
-53
-18
33
54
57
70
33
-24
-80
-83
-49
-14
-15
-34
-49
-42
7
76
114
85
31
28
61
71
30
-62
-149
-170
-132
-29
53
82
82
71
78
44
10
-61
-147
-220
-249
-165
-12
126
210
248
248
192
80
-45
-141
-195
-209
-165
-74
20
85
136
183
193
128
-3
-129
-190
-181
-151
-116
-81
-28
54
130
179
173
94
13
-41
-64
-76
-92
-62
10
96
154
179
152
79
-8
-84
-116
-95
-58
-18
-8
-3
-12
-34
-28
-12
18
46
70
69
26
-17
-45
-65
-93
-105
-83
-19
60
110
126
76
4
-79
-127
-132
-144
-140
-113
-35
57
107
97
54
2
-49
-60
-32
18
52
73
89
94
78
24
-13
-39
-54
-63
-62
-33
-7
7
11
-1
-43
-62
-49
-24
-18
-24
-4
14
19
-5
-47
-58
-33
22
63
71
49
28
10
16
27
27
26
15
36
48
30
15
0
7
13
24
20
-20
-45
-63
-69
-70
-79
-70
-30
25
79
91
81
43
4
-11
-17
-16
-30
-30
-18
15
50
48
43
20
-2
-38
-61
-54
-36
-47
-62
-48
-13
17
37
48
70
55
21
-17
-33
-22
-14
16
36
58
62
46
44
37
39
49
72
95
78
42
-8
-37
-54
-59
-51
-37
3
18
21
12
-5
-15
-22
-5
0
10
8
-10
-3
-6
-1
-21
-35
-26
-4
25
31
25
0
-25
-38
-43
-10
23
51
65
54
41
15
11
18
24
9
-26
-50
-55
-54
-50
-40
-24
-10
3
0
-5
-21
-38
-43
-26
-1
31
62
60
46
19
-19
-54
-94
-125
-129
-110
-62
-8
23
38
40
32
11
-5
-23
-24
-17
-11
14
41
77
80
51
7
-33
-48
-47
-40
-30
-10
9
34
39
28
16
17
24
28
25
25
26
17
12
11
13
20
21
36
63
81
90
79
62
16
-24
-43
-54
-41
-29
-4
1
6
3
-11
-10
-24
-39
-58
-57
-32
-17
6
8
6
-2
-15
-18
-24
-19
-24
-34
-22
-8
18
31
45
48
40
20
4
-5
-14
-21
-32
-28
-28
-18
-15
-17
-18
-29
-42
-50
-47
-41
-41
-38
-19
5
10
3
-7
-17
-22
-21
1
34
59
74
80
60
49
24
11
4
-6
-5
-20
-28
-22
-10
7
9
-1
-19
-37
-37
-34
-23
-7
4
8
11
23
13
-4
-16
-23
-17
-17
-2
12
29
48
54
51
39
22
-2
-17
-12
-13
-18
-18
-12
-7
1
6
12
11
9
5
-4
-1
-2
7
18
14
12
8
0
-5
-18
-16
-17
-4
4
9
13
5
13
19
21
17
-2
-14
-18
-16
-15
-5
3
2
9
4
12
4
-4
-11
-10
-9
-8
1
14
26
29
31
32
20
3
4
12
26
33
34
21
3
-1
3
12
12
5
-1
-8
-24
-38
-44
-43
-41
-34
-33
-23
-11
-15
-21
-18
-11
-4
-3
2
4
0
11
21
24
26
24
21
23
27
25
17
5
-1
-4
-4
0
4
4
2
-7
-11
-11
-7
-2
-3
-3
-12
-19
-29
-39
-38
-33
-25
-10
-5
-6
1
-5
-10
-13
-17
-13
-2
0
9
17
27
34
27
21
10
-1
-11
-10
-10
-9
-4
-5
7
16
20
21
15
8
-4
-8
-12
-6
4
9
15
19
12
-3
-17
-18
-21
-17
-9
1
12
17
32
46
51
47
38
33
24
14
17
4
0
0
-5
1
-2
-1
-6
-11
-15
-19
-13
-9
-4
-4
-11
-14
-23
-29
-37
-46
-49
-42
-36
-30
-22
-16
-13
-14
-7
0
10
13
10
7
1
-4
-15
-18
-17
-16
-12
-10
-1
7
6
6
11
16
15
22
25
24
25
16
11
7
7
9
6
6
0
-3
-11
-14
-8
-14
-9
-10
-6
3
5
6
7
12
13
16
15
16
13
10
6
11
7
2
5
1
12
9
14
14
16
20
15
17
15
14
1
-5
-3
-5
-2
-9
-11
-19
-25
-26
-24
-22
-20
-15
-11
-4
8
13
22
25
19
12
2
-3
-14
-13
-17
-23
-12
-17
-16
-18
-13
-8
-6
2
3
14
15
18
20
15
14
3
-8
-16
-22
-23
-25
-26
-15
-7
6
10
15
19
21
23
19
16
10
9
9
4
1
-5
-6
-9
-20
-21
-22
-14
-6
5
7
13
17
13
15
8
3
-3
-3
-3
-4
-7
-10
-9
-9
-15
-16
-17
-18
-17
-20
-16
-15
-13
-11
-9
-3
3
5
-1
-5
-5
1
6
6
14
17
19
21
27
32
28
27
24
19
18
17
19
22
14
6
5
3
-4
-15
-14
-17
-13
-13
-13
-12
-11
-7
-5
0
0
2
-4
-2
0
-4
1
-3
-3
-1
-3
-2
-3
-2
-4
-4
-6
-5
-6
-7
-7
-12
-10
-3
0
0
1
-1
0
-3
4
0
0
-3
1
3
2
7
5
3
0
-4
-4
-1
-5
-6
-1
3
4
9
12
16
19
18
15
17
12
5
7
9
8
1
-6
-9
-12
-10
-7
-7
-4
1
0
-3
-4
-2
-4
-6
-9
-8
-3
2
6
4
8
7
10
13
15
19
12
9
5
1
-2
-11
-10
-14
-23
-28
-28
-30
-36
-37
-31
-20
-11
-4
8
11
13
16
12
11
8
6
8
4
0
-1
-2
-1
-2
-1
-1
2
-1
3
4
3
6
8
9
10
6
-1
0
-4
-5
1
-4
-5
-8
-12
-11
-14
-13
-14
-14
-6
1
3
0
4
-1
4
5
1
10
12
14
12
15
12
14
19
20
27
28
31
28
29
23
19
20
17
13
9
7
5
-2
0
3
7
5
2
2
2
0
0
-2
-2
-9
-7
-4
0
3
-1
1
-2
-2
-6
-9
-12
-14
-15
-17
-13
-16
-12
-10
-9
-5
-1
-4
-7
-10
-11
-8
-12
-17
-22
-23
-23
-21
-20
-18
-20
-19
-13
-12
-8
-9
-7
-5
-4
2
1
2
1
-2
-10
-10
-8
-7
-7
-4
-3
-6
-7
-4
2
2
5
2
5
5
2
2
5
7
8
9
15
18
16
13
12
14
14
12
8
11
12
10
12
12
9
10
8
10
13
14
13
9
4
3
-1
-2
-7
0
0
1
-2
-4
-2
-1
1
1
2
4
5
9
11
7
7
4
5
8
6
2
3
8
7
7
3
4
3
-6
-2
-3
0
2
1
3
0
-4
-3
-1
-4
-9
-10
-12
-18
-17
-18
-16
-14
-14
-7
-2
-3
0
-2
-4
-4
-4
-7
-12
-14
-16
-10
-12
-8
-6
-7
-5
-4
-3
-1
-3
-7
-8
-13
-13
-16
-20
-17
-16
-13
-5
0
-1
-2
-2
-5
-4
2
3
4
7
3
-1
2
1
5
5
4
10
14
18
19
16
13
9
5
1
0
0
0
4
3
7
7
10
14
13
15
15
15
16
16
12
7
7
8
4
-1
3
2
3
-3
4
7
9
7
10
10
7
4
1
-1
-7
1
6
7
12
13
16
12
12
12
6
11
5
4
0
-5
-6
-13
-11
-11
-8
-8
-8
-4
-2
4
5
6
4
-3
-3
-7
-9
-13
-13
-7
-8
-2
1
2
3
2
7
6
8
16
12
7
5
-2
-9
-9
-7
-12
-13
-16
-11
-9
-7
-3
-4
-1
-1
-4
1
0
-2
-4
-4
0
1
1
-1
-1
-2
2
4
3
3
2
2
5
3
5
2
2
-4
-5
-12
-19
-15
-17
-9
-11
-13
-13
-14
-14
-12
-7
-12
-7
-7
-9
-4
-8
-7
-4
-5
3
4
4
7
4
9
8
13
10
11
9
8
6
1
-1
-1
-1
-1
-5
-7
-10
-8
-9
-7
-1
1
3
2
1
-3
-11
-6
-7
-12
-3
-7
-5
2
2
10
5
7
6
2
3
-1
-1
-6
-7
-7
-9
-12
-16
-16
-13
-10
-8
-5
0
8
1
7
13
6
4
8
5
5
0
-1
6
5
12
13
17
17
18
21
20
23
20
18
11
7
5
-6
-3
-8
-11
-7
-9
-4
-5
0
2
4
8
4
3
-1
-3
-5
-6
-4
-5
0
-1
2
1
4
9
4
4
3
3
0
-1
-3
-5
-5
-9
-10
-10
-8
-5
-6
-8
-6
0
3
-1
-1
1
1
1
3
2
-2
-2
-5
0
0
2
6
6
9
11
10
5
7
2
-3
-5
-2
3
1
2
4
5
5
7
8
9
9
8
5
5
4
0
2
0
7
8
11
9
11
16
14
14
13
8
9
6
3
6
7
7
6
5
4
4
4
5
7
10
8
8
5
6
4
-1
-1
-1
-6
-7
-8
-8
-4
-4
-2
-3
-12
-12
-16
-23
-23
-26
-24
-25
-23
-24
-20
-17
-10
-7
0
-3
-4
-9
-11
-14
-16
-15
-15
-7
-8
-4
0
0
5
6
6
9
6
2
-6
-7
-8
-15
-11
-7
0
1
8
11
12
10
8
6
4
4
1
-5
-8
-10
-18
-22
-14
-10
-10
-4
0
4
7
9
8
11
13
9
8
8
5
2
2
3
5
5
6
10
15
15
14
15
13
12
5
6
3
0
-4
-7
-5
-7
-8
-9
-10
-7
-8
-7
-9
-11
-8
-5
-4
0
5
6
6
7
10
9
5
0
-8
-13
-19
-19
-17
-14
-9
0
9
15
11
11
7
2
5
2
0
-4
-4
-5
-5
-10
-8
-6
-5
-1
0
5
8
13
10
9
9
6
5
2
-3
-2
-1
-6
-7
-9
-8
-7
-5
-1
0
3
5
12
17
21
21
22
20
14
14
7
-1
-4
-5
-4
-5
-6
-5
-5
-1
1
-2
1
-1
3
10
13
13
15
12
3
1
-9
-13
-21
-20
-18
-14
-9
-2
2
6
9
8
12
12
10
6
3
0
-6
-5
-7
-10
-9
-9
-11
-11
-7
-3
0
1
2
6
10
14
17
17
16
14
9
1
-7
-10
-15
-23
-22
-19
-17
-16
-9
0
4
9
9
10
10
5
0
-4
-10
-9
-9
-12
-11
-9
-8
-9
-7
-4
-2
3
6
8
14
22
24
21
17
12
3
0
-2
-5
-8
-7
-4
-5
-6
-4
-1
3
3
5
2
5
8
9
12
13
15
11
7
0
-3
-3
-3
-5
-5
-8
-3
-1
3
10
13
18
17
15
20
18
18
11
0
-4
-8
-14
-15
-15
-14
-9
-9
-2
-1
-2
-1
-3
-3
-4
-6
-3
-4
-3
1
-1
-2
-6
-6
-11
-13
-15
-15
-15
-15
-14
-6
-2
-1
2
5
10
3
-1
1
0
-1
-4
-1
-2
-6
-9
-13
-12
-9
-9
-6
-6
-3
1
4
6
5
8
7
10
4
0
-4
-4
-5
-5
-3
-1
3
3
2
2
1
4
6
3
2
4
3
0
-1
-6
0
-1
-3
-1
-3
-1
-1
-4
-4
-3
-2
-1
3
10
7
14
16
16
14
11
6
0
-4
-9
-16
-16
-16
-14
-10
-10
-6
-5
2
4
9
13
14
16
18
20
17
11
6
2
-1
-3
-5
-8
-10
-7
-8
-5
-7
-6
-4
-2
2
4
6
4
-4
-4
-2
-7
-6
-5
-8
-10
-10
-12
-10
-7
-4
-2
5
10
7
11
13
15
16
17
21
16
10
7
1
-3
-3
-6
-8
-9
-12
-14
-11
-8
-1
2
2
3
6
5
2
1
1
-4
-5
-3
-2
1
1
-1
4
7
11
12
14
15
19
22
21
19
15
13
11
4
-2
-9
-14
-20
-22
-21
-23
-21
-19
-16
-9
-9
-3
-3
-1
2
3
5
4
4
4
4
1
1
-1
-3
-3
-2
-2
-1
2
2
8
10
14
12
11
7
4
1
-6
-10
-14
-14
-16
-17
-13
-14
-15
-9
-4
-1
8
11
14
15
14
18
16
20
17
11
9
2
1
-5
-6
-3
-5
-3
-2
0
2
2
5
8
10
6
2
2
2
-4
-10
-11
-14
-12
-17
-13
-13
-8
-7
-4
4
1
3
9
14
11
10
10
9
10
7
4
0
-9
-12
-12
-14
-17
-17
-16
-8
-5
-5
-1
-2
1
-3
-6
-7
-8
-8
-5
-8
-9
-5
-5
-6
-3
1
-1
-2
-2
0
4
4
0
-4
-1
-3
-4
-4
-10
-9
-10
-14
-15
-11
-12
-8
-8
-4
2
7
8
13
15
14
12
11
16
13
13
12
9
8
5
9
10
9
8
4
5
5
8
11
9
14
11
9
5
6
3
-3
-5
-6
-2
-3
-3
0
2
6
7
10
13
14
12
12
12
13
20
15
14
15
9
11
7
3
3
1
3
2
2
-2
-3
-3
-6
-5
-7
-5
-7
-5
-3
-7
-10
-17
-18
-17
-17
-18
-14
-12
-12
-11
-11
-9
-8
-6
-4
-6
-6
-7
-9
-9
-6
-2
-1
-6
-5
-7
-11
-7
-6
-7
-10
-9
-6
-2
-1
-6
-7
-7
-10
-12
-9
-8
-6
-6
-4
2
0
0
7
9
11
11
9
9
9
10
8
13
14
15
13
9
6
5
4
4
5
8
4
2
1
1
4
-3
-3
-7
-5
-4
-3
0
-2
-1
-2
1
2
7
8
6
6
4
3
1
4
-1
3
5
1
3
2
-1
-3
-4
-12
-8
-10
-12
-13
-9
-3
-1
7
9
9
9
8
5
4
7
14
14
13
13
11
8
3
3
3
8
8
8
7
3
5
4
6
5
3
0
-5
-5
-8
-11
-12
-14
-11
-16
-14
-14
-12
-10
-14
-13
-13
-12
-8
-4
0
2
3
0
-2
-1
3
3
6
7
6
7
5
3
3
-4
-6
-5
-9
-10
-9
-14
-13
-15
-14
-17
-23
-17
-19
-13
-13
-8
-4
-3
4
4
6
4
7
8
9
10
11
14
14
15
11
18
14
11
12
10
7
8
7
8
12
9
8
7
12
9
9
4
4
7
3
5
6
7
6
8
3
3
4
4
2
1
1
0
2
-2
-1
0
1
-1
0
1
-3
-3
-2
-7
-5
-3
-8
-7
-6
-10
-7
-10
-11
-9
-8
-15
-9
-9
-8
-5
-8
-6
-1
-2
-1
4
3
2
5
8
8
8
7
9
4
-1
-4
-6
-6
-12
-9
-6
-9
-11
-11
-6
-6
-5
-1
-1
1
0
1
3
4
3
5
7
8
6
5
8
4
5
5
7
5
6
6
-2
1
-4
-4
-1
-1
2
3
2
-1
-7
-7
-10
-6
-7
-5
-6
-3
2
-2
0
5
7
3
3
1
-1
-1
-6
-6
-4
-5
-5
-2
-2
-1
-4
-2
-1
-2
-5
-5
-6
-3
-2
-4
-2
-4
-5
-7
-7
-1
-1
-3
-2
-4
-3
-5
-2
-4
-1
-3
1
2
2
4
1
7
8
3
3
6
3
3
4
4
4
1
2
8
4
6
5
5
0
0
3
2
0
0
4
0
7
8
7
9
13
10
8
11
8
10
8
6
5
2
-1
-2
-4
-2
-3
-1
2
1
0
1
0
-3
1
1
1
4
4
8
8
7
13
15
10
10
12
7
3
5
-3
-5
-3
-5
-3
-4
-2
-6
-4
-3
-6
-7
-7
-4
-4
0
3
0
1
-3
-1
-3
-5
-5
-5
-1
-6
-5
0
-1
0
2
2
-3
-5
-4
-3
-6
-4
-6
-9
-7
-5
-4
-3
-1
-5
-2
-2
-4
-6
-3
0
0
1
2
0
1
-6
-1
-4
-3
-4
-5
0
0
2
1
2
1
2
2
2
4
2
-1
1
1
-3
-7
-10
-3
-2
-2
0
-2
-2
-2
-1
-5
-4
2
0
-4
-4
-6
-6
-7
-5
-2
-2
1
0
-1
-3
-3
-3
-6
0
-3
-1
-1
3
2
-1
-1
-2
0
-4
-4
-5
-2
-2
-5
-4
-5
-5
0
-1
2
-4
-4
5
3
5
5
0
-1
0
-2
-6
-5
-5
-7
-5
-1
0
-1
2
3
6
7
4
9
5
0
0
0
3
2
6
8
5
6
5
4
3
3
5
5
9
4
8
4
1
3
2
6
5
7
3
-1
5
2
0
-2
-3
-1
2
7
5
5
5
6
9
9
13
9
10
7
-1
4
-4
-1
-3
-4
1
-9
-2
-4
2
7
7
11
6
5
3
4
3
-2
-1
-2
-3
1
2
5
4
8
8
10
14
9
10
3
-1
-1
-7
-5
-8
-7
-8
-5
-5
-5
1
2
5
3
4
2
1
-3
-10
-10
-8
-4
-6
-4
-3
-4
-4
-5
-6
-6
-7
-7
-5
-4
-6
-7
-2
1
2
4
5
7
3
-3
-4
-3
0
-3
-3
-1
-2
-1
-5
-5
-7
-6
-1
5
8
6
5
6
2
2
-2
-6
-11
-12
-10
-9
-2
-2
1
3
5
9
3
-1
-5
-5
-6
-13
-13
-13
-11
-8
-13
-11
-10
-4
2
3
9
8
6
0
-4
-3
-8
-6
-2
2
4
4
5
-2
1
3
2
10
9
9
6
3
7
6
7
7
11
14
11
9
6
7
9
7
2
2
2
-3
-5
-5
-8
-8
-8
-8
-2
-5
-4
-9
-5
-5
-9
-13
-13
-13
-16
-9
-7
-3
5
11
11
14
16
11
5
4
8
4
4
4
7
4
4
4
3
7
9
12
11
15
16
11
7
4
4
1
-5
-10
-10
-6
-7
-2
-7
-8
-9
-12
-14
-14
-12
-11
-11
-8
-9
-12
-16
-12
-9
-10
-3
-3
-4
-3
3
3
0
2
3
3
5
7
6
4
2
-1
0
1
1
3
2
2
-2
-4
-1
1
2
2
9
4
4
5
-5
-7
-8
-6
-11
-7
-7
-5
-3
-1
4
6
14
12
9
14
13
10
10
9
8
11
12
11
10
9
11
12
15
14
16
14
8
9
9
6
-3
-5
-8
