SAMPLES:	15993
BITSPERSAMPLE:	16
CHANNELS:	1
SAMPLERATE:	16000
NORMALIZED:	FALSE
-1
-4
-7
-2
-2
1
4
5
6
4
3
2
5
8
5
2
6
4
2
3
2
-2
2
7
4
2
9
11
2
-3
-2
-4
-3
-2
-5
-4
-2
-4
-5
-2
-6
-6
-7
-8
-9
-7
-7
-8
-6
-5
-6
-1
0
-7
-5
-1
0
3
8
5
8
11
7
9
8
10
9
5
6
2
0
1
-1
1
3
2
1
1
-2
-2
-1
-3
-7
-5
-8
-6
-3
-6
-7
0
2
1
0
-4
5
3
3
1
-1
-1
-2
1
-2
-2
0
-2
-4
-4
-2
-3
-1
-2
-4
-2
-2
-1
2
5
3
3
11
7
5
1
-1
-2
-3
-2
-1
0
2
3
3
6
4
2
-1
0
3
-3
-2
-3
-3
-1
-2
-1
-4
-4
-4
-3
-1
-3
-5
-5
-7
-11
-3
-3
-5
-5
-3
-2
1
-3
-1
2
-5
-3
-2
0
-5
-2
-3
-3
0
-3
-6
-2
-2
1
-1
0
-1
0
-1
-5
-5
-1
-2
-1
4
-1
4
4
3
5
6
5
8
8
7
6
8
7
3
9
10
6
7
4
5
1
-1
0
-4
-5
-3
-5
-1
-2
1
2
3
5
1
-2
0
2
1
6
4
7
4
3
3
2
3
3
1
3
-3
-5
-6
-3
-1
-4
-1
-3
-1
-2
2
-3
-4
-5
-2
-1
-4
-4
-4
-8
-6
-4
-4
-7
-6
2
-1
-3
-5
-7
-5
-6
-4
3
4
4
5
5
4
3
1
1
2
1
2
-1
1
-4
-2
2
1
0
3
6
6
8
13
11
11
14
9
7
8
12
11
6
6
2
-3
-8
-10
-7
-5
-6
-8
-13
-14
-10
-8
-9
-10
-7
-10
-6
-6
-5
-2
-3
-3
-1
1
-1
0
1
1
-1
3
3
-4
-2
-4
-5
-1
-3
-1
-4
3
4
2
6
9
6
6
12
9
12
5
6
4
3
5
3
3
0
0
-5
-6
-4
-3
-11
-7
-9
-6
-2
2
7
5
5
0
1
2
2
3
4
2
2
5
1
0
-5
-3
1
0
1
2
2
9
8
7
7
7
11
10
10
11
14
14
9
7
6
4
8
7
6
6
5
2
4
1
-1
-6
-7
-10
-13
-4
-10
-11
-12
-12
-10
-9
-8
-9
-7
-6
-5
-7
-4
-3
-5
0
-5
-5
-1
-2
-3
-2
-1
-4
-4
-3
-6
-11
-8
-3
-5
-5
-3
-4
-1
-1
-1
-1
-1
7
4
8
6
-2
1
3
2
0
2
5
4
5
3
3
1
1
-1
0
-5
-12
-6
-4
-6
-1
-4
-4
3
6
5
5
8
2
5
3
6
2
-3
-1
-8
-5
-5
-3
-3
4
1
3
4
2
6
2
0
2
5
7
4
2
-1
-1
-2
-1
-3
-7
-6
-7
-11
-11
-12
-8
-11
-12
-15
-14
-11
-8
-2
-2
-5
-2
0
-1
2
1
4
3
7
6
4
4
4
2
5
4
3
8
7
8
5
2
1
-1
3
1
2
3
0
3
-2
-4
-3
0
0
-5
0
5
3
0
0
0
-3
-3
-4
-2
-7
-1
-4
1
4
6
7
3
10
11
9
4
7
4
3
4
4
1
5
3
-2
-2
0
0
1
-3
-4
-1
2
1
-1
3
1
0
4
8
5
5
4
3
7
6
8
12
7
5
3
0
1
0
-3
-1
-1
-2
-4
-5
-1
-4
-6
-1
-2
1
-2
-2
-3
-6
-1
4
4
8
8
3
9
6
3
2
-5
-5
1
-3
-3
-3
-4
-7
-6
-1
-6
-6
-3
0
3
0
-5
-4
-6
-1
-3
-2
-4
1
2
-1
1
-1
0
-1
4
5
4
0
-1
-1
0
-4
-6
-2
-2
-1
-1
0
2
-1
2
1
0
0
2
2
-2
-3
-3
-4
-4
-3
-2
0
-6
-1
2
0
-1
-5
-7
-6
-1
-2
0
7
6
4
3
3
0
5
11
5
8
5
7
6
-2
3
4
3
3
5
3
7
9
5
5
6
-1
1
2
4
3
4
5
5
6
3
2
-3
-5
-2
-1
-2
-4
1
0
-4
-3
-6
-9
-9
-7
-9
-9
-11
-6
-6
-4
-1
1
0
-3
2
4
2
-3
-1
0
-4
-5
-3
-5
-7
-9
-6
-2
-4
-5
1
-4
-5
-1
-3
-2
-1
3
5
2
-2
-8
0
-3
-6
-5
-4
-5
-8
-7
-7
-6
-7
-6
-6
-1
-4
-5
-1
0
3
-2
-5
2
-3
0
1
5
4
1
3
2
3
0
2
1
3
5
7
4
2
6
4
4
7
9
7
6
7
9
7
5
6
12
16
16
9
8
1
-3
1
-1
-2
1
0
-1
-7
-7
-3
-5
-2
-1
-5
-5
-5
-7
-6
-6
-1
0
-5
-6
-3
-3
-5
-9
-6
-1
-5
-4
-2
-6
-5
-4
-1
1
2
1
-1
1
2
5
9
6
3
-1
-1
-1
-5
-1
-1
-7
-7
-9
-5
-11
-10
-10
-8
-6
-5
1
0
4
3
4
8
4
5
7
10
4
7
9
10
7
1
-2
-8
-6
-7
-5
-4
-3
-3
-2
-8
-3
-1
-3
2
5
4
6
13
10
14
14
11
12
5
5
3
0
-1
1
0
-3
1
-2
3
4
0
3
-1
3
4
6
3
2
3
1
-4
0
-2
-3
-4
-1
-3
-6
-5
-4
-4
-4
-1
-3
0
3
3
3
3
6
7
6
3
6
3
3
10
7
0
4
-2
-3
2
-3
-1
2
1
-4
-4
-7
-2
-2
-1
2
0
2
4
4
-1
-1
3
4
1
2
2
-1
-2
-5
-11
-9
-2
-2
-2
-5
-1
0
1
3
0
4
2
7
7
5
12
8
6
4
3
2
0
1
-2
-3
-3
-4
-4
-2
-2
-4
3
-1
-1
0
3
5
0
0
1
4
2
3
4
3
1
5
1
2
3
-1
-1
-1
-1
0
-1
-1
5
4
0
3
1
1
3
6
5
5
4
5
7
6
5
5
2
1
-1
-6
-5
-4
-2
0
0
-3
-3
-2
-1
1
1
3
-1
-1
0
-2
5
6
8
9
7
6
6
3
2
0
1
-2
-4
-1
-5
-6
-1
-5
-5
1
-5
-3
-1
-4
-5
-7
-6
-5
0
2
1
-1
-4
-1
3
2
1
1
-2
-2
1
1
2
-2
-2
-1
-3
3
-1
-1
-4
-11
-10
-10
-4
-4
-1
1
-1
-3
-3
-3
-2
-4
-4
2
1
-1
-1
-2
1
-2
-2
-6
-5
-3
-7
-6
-1
-3
0
3
-3
0
5
2
5
7
6
8
4
2
2
7
3
0
-3
-5
-2
2
-3
-5
-3
-5
-5
0
5
2
1
-1
0
-1
-1
-4
-1
-3
-5
2
1
3
1
3
2
1
0
-1
1
4
4
1
2
-1
-4
-3
-4
-4
-2
3
4
4
4
-1
0
2
-2
0
0
-2
0
-1
-3
2
6
3
2
-1
-2
2
5
6
-2
-6
-9
-10
-5
-3
3
2
5
7
4
3
1
-7
-8
-12
-7
-4
-8
-4
-6
-9
-6
-6
-7
-5
1
-2
-3
-3
-6
-5
-5
-6
-5
-5
-5
-4
-3
2
2
2
4
4
6
4
-1
-1
0
-2
-3
-3
-4
-2
-3
-5
-6
-5
-9
-9
-7
-5
-5
-3
-3
-4
-4
-5
-1
-3
-3
-2
0
0
0
3
2
-2
0
5
6
5
4
2
2
3
3
3
4
5
6
6
6
5
3
3
7
7
2
2
6
8
6
5
10
5
5
7
3
1
1
-2
1
0
-1
-2
-2
-4
-6
-5
-6
-2
-4
-2
0
5
6
3
2
8
6
2
2
1
1
0
-2
-1
-1
-2
2
-3
-6
-8
-7
-6
-9
-10
-4
1
-2
-1
0
0
4
4
5
7
5
4
6
5
5
9
7
0
1
1
0
1
5
6
4
-1
1
0
-3
-1
0
-2
1
-3
0
-4
-1
2
2
7
4
9
5
6
7
9
9
10
11
14
11
6
5
6
6
6
6
5
3
1
6
0
-1
3
-1
-1
-1
-1
-2
0
0
3
0
-1
-1
-2
1
-3
-1
-5
-6
-4
-7
-7
-4
-8
-4
-3
1
6
4
6
8
4
3
-1
8
6
7
3
1
-4
-7
-3
-3
-3
-4
-5
-8
-9
-7
-14
-13
-14
-14
-4
-11
-14
-14
-14
-16
-14
-12
-7
-7
-3
-3
1
4
-4
-2
-1
0
-6
-5
-5
-1
2
3
0
-3
-7
-8
-1
1
-3
-2
-3
-2
1
-4
-1
3
8
7
9
11
8
7
8
7
4
9
9
6
10
8
7
2
1
4
2
5
3
6
8
11
7
6
7
5
1
-2
-1
0
0
-1
-5
-4
-4
-9
-8
-8
-7
-8
-5
-6
-5
-3
-4
-4
-4
-5
-7
-4
-5
-3
-4
-1
-2
0
-3
-6
-3
-2
-5
-6
-4
1
0
-2
-4
-3
-2
-3
-5
-7
-1
1
-1
4
10
2
0
1
3
2
2
-1
-2
0
-1
-4
-4
-4
-4
-8
-9
-10
-9
-13
-13
-8
-13
-12
-11
-9
-5
2
1
5
4
10
11
10
8
7
10
6
11
1
1
-2
-1
-3
-3
-1
-2
-1
-3
-4
-7
1
-2
-1
-5
-2
2
4
5
4
3
-6
-1
4
3
3
7
4
5
1
-1
-1
-5
2
2
3
1
2
7
7
7
7
6
5
8
10
9
6
-2
-3
-6
-11
-12
-11
-13
-17
-14
-16
-12
-7
-5
-3
-1
5
9
13
19
22
26
23
24
24
21
14
11
6
-2
-2
-2
-4
-7
-8
-5
-5
-2
-3
-7
-5
-1
-4
-11
-14
-11
-8
-6
-7
-6
1
2
0
0
1
7
9
12
15
19
17
14
15
10
3
2
-1
-8
-10
-18
-21
-12
-16
-14
-6
-8
-2
7
14
18
27
31
33
34
31
19
16
10
0
-4
-2
-4
-12
-16
-18
-12
-7
-14
-8
-8
-9
-12
-13
-19
-20
-23
-26
-22
-23
-17
-15
2
1
5
5
6
3
11
14
17
17
9
22
11
0
-5
-6
-5
-7
-3
2
-3
1
9
7
10
8
10
7
2
-2
-4
-4
-7
-6
-12
-15
-18
-20
-19
-19
-12
-10
-10
-1
1
-2
-2
-1
0
8
10
10
5
6
-2
2
7
9
11
8
6
3
5
6
7
6
8
3
4
7
4
6
6
9
12
11
7
1
2
8
10
16
15
18
8
9
0
4
15
16
25
20
16
5
0
-7
-9
-11
-14
-10
-11
-7
-8
-6
-7
-10
-5
2
-3
-5
3
3
5
-2
-2
-6
-5
-1
-6
-2
-8
-8
-1
1
5
1
4
1
-1
-4
3
1
5
-4
2
-3
-4
-7
-11
-9
-8
-4
-23
-18
-21
-18
-32
-15
-18
-15
-12
-2
-6
-8
11
7
17
16
40
11
26
7
15
2
23
20
5
-6
-13
-28
-35
10
-27
10
-15
0
-24
4
-15
4
-5
21
21
-18
25
-30
26
-4
24
-6
28
-14
5
-12
10
31
7
33
-17
14
-26
24
-11
20
-13
9
-12
-21
-7
-13
16
-8
16
-22
4
-8
20
11
20
7
0
5
-5
6
-2
12
-6
2
-14
-11
-8
4
7
6
4
-5
1
2
17
14
8
5
-2
-5
-5
-4
6
12
6
0
-6
-9
-8
-4
7
1
-6
-6
-5
-3
2
9
7
7
2
3
2
9
14
15
14
8
11
9
8
8
4
0
-4
-5
-4
-3
0
0
-2
-3
-3
2
1
2
2
-2
2
3
6
4
7
6
-1
-2
-9
-11
-6
-3
-1
-9
-13
-10
-5
-2
-1
-4
-3
-4
-9
-9
-7
2
3
3
4
-3
-3
-2
-3
0
-2
-2
-1
-1
0
0
1
1
1
0
0
1
-3
0
6
2
1
2
1
2
0
2
2
1
1
-2
-1
0
-4
-10
-8
-7
-6
-10
-10
-14
-11
-10
-8
-5
-2
-7
-7
1
-1
-2
0
7
3
-4
-2
1
6
6
0
-5
-1
2
8
6
6
4
-2
0
0
4
8
4
-2
-1
-1
2
4
4
3
4
2
1
-2
0
4
-2
3
-1
-5
-2
-2
-4
-3
-2
-3
-4
-7
-6
-6
-4
-7
-8
-6
-2
-7
-7
-3
-1
-2
-4
-2
-5
-4
-4
-2
-3
-3
-4
-4
-5
0
3
-1
-6
-4
-8
-6
-3
-4
-6
0
2
-8
-9
-5
2
3
2
9
6
0
4
3
3
7
4
3
2
0
0
-4
0
-2
-1
2
1
-1
-3
2
1
-2
-3
-1
0
-2
-2
4
1
3
7
3
5
1
2
1
1
3
3
1
-2
-1
0
3
4
5
2
-3
-1
-1
1
2
0
-1
-1
-2
-3
-2
-3
-2
2
-2
1
-4
-8
-9
-6
0
2
5
3
8
3
7
12
12
13
16
11
6
5
2
5
3
-1
-1
-4
-5
-4
-3
-1
4
0
-4
-6
-4
-5
2
-2
-2
1
2
-3
-6
-6
-6
5
1
3
1
0
2
0
0
-4
-6
-1
-6
-7
-2
2
6
7
5
6
4
4
5
4
5
0
1
6
4
4
3
-2
-5
-3
-8
-9
-5
-4
-4
-4
-4
-7
-9
-4
-2
-4
3
4
-2
-6
-2
-1
-1
5
5
2
1
3
5
2
4
6
2
1
-2
-5
-2
-3
-2
2
0
-1
-1
-3
-4
-2
2
-1
-5
-5
-5
-3
1
0
-3
-3
-2
2
-2
0
-3
-1
3
5
-1
0
2
-3
-2
-2
1
-3
-2
1
0
-2
-4
-6
-4
-1
-1
-2
-1
-1
-1
1
2
-4
-2
6
5
6
5
3
3
-1
-1
-3
-4
-4
-3
1
-1
0
0
0
-1
2
0
5
5
1
2
0
8
7
0
4
2
4
6
5
5
4
1
4
3
-1
6
5
3
2
3
4
2
-2
0
-1
1
3
1
-3
-3
-1
4
3
1
-1
-3
-5
-2
-5
-5
-2
-2
0
-4
-3
-2
-3
-2
-3
1
-3
2
4
5
3
-1
1
2
2
7
3
1
1
-1
0
2
3
2
-1
0
2
0
4
8
5
8
9
6
6
4
2
0
5
0
0
5
3
0
3
0
-2
-1
-1
-1
-3
2
1
1
5
2
2
0
3
1
4
4
5
3
5
4
4
1
2
0
-1
0
5
2
-4
1
1
-1
2
3
-2
-4
-2
-2
0
0
-5
-3
-4
-1
-4
-6
-1
-2
-5
-6
-6
-4
-3
-1
0
-4
-8
-10
-7
-9
-8
-4
-6
-4
-6
-4
-4
-7
-6
-7
1
2
-1
-4
-2
-5
-3
-3
-2
-2
1
0
-1
-4
0
-2
2
6
2
-2
-6
-2
3
8
10
7
7
7
5
4
4
7
10
11
15
14
9
9
11
12
9
7
6
4
2
3
4
8
8
8
3
1
5
2
0
2
2
-2
0
-1
2
4
4
3
7
4
2
4
4
3
0
2
-2
-5
-6
-5
-6
-7
-6
-9
-11
-8
-7
-11
-9
-5
-10
-10
-7
-9
-11
-14
-13
-12
-9
-8
-9
-3
0
-4
-7
-7
-6
-5
-5
-6
-1
-1
-11
-11
-13
-11
-10
-11
-13
-9
-6
-10
-6
-3
-1
3
-2
-1
0
-4
0
-1
0
-2
4
2
-1
-2
0
-3
2
-3
-1
3
4
5
8
10
4
9
9
13
9
11
11
8
8
3
3
4
0
0
-2
-1
0
-2
3
6
6
3
6
10
4
7
11
9
8
9
12
11
11
12
12
13
14
11
7
5
2
1
0
3
2
1
1
-5
-5
-6
-8
-7
-7
-9
-11
-14
-14
-15
-18
-15
-17
-15
-16
-14
-15
-9
-4
-3
1
0
0
4
13
10
3
2
0
2
1
0
-4
-4
-2
-3
-7
-4
-4
-8
-1
-3
0
4
4
6
3
0
-2
4
1
2
5
9
11
10
10
9
10
11
12
5
3
2
3
3
-1
-2
-2
-3
-3
-3
-6
-1
2
-2
-2
-9
-8
-9
-10
-13
-15
-10
-14
-15
-17
-16
-19
-17
-15
-10
-9
-8
-9
-12
-12
-6
-5
-10
-7
-2
-4
2
0
-4
2
1
5
6
12
13
4
6
9
4
3
9
5
7
14
12
13
10
6
12
12
12
6
6
5
-1
0
-1
1
0
0
3
5
5
8
8
4
2
5
-1
3
9
11
9
9
9
10
9
9
12
10
11
9
5
7
8
4
2
4
2
4
6
4
4
4
4
7
9
7
2
5
5
2
-6
-4
-4
-4
-6
-10
-12
-13
-8
-9
-8
-6
-5
-4
-1
2
3
2
1
2
-1
0
-3
-7
-7
-8
-10
-7
-8
-6
-1
-1
-1
4
-4
-2
-2
-4
-5
-10
-12
-13
-12
-13
-7
-3
-1
-2
0
6
3
3
-1
3
1
0
4
1
-1
-2
-1
-4
-1
0
-1
-4
-5
-4
0
2
3
4
-2
6
1
2
3
-1
2
-4
1
0
3
5
-1
2
1
-4
-3
5
7
6
7
3
-3
1
2
-1
2
-1
-2
4
0
-3
-3
-5
-9
-10
-10
-16
-16
-15
-17
-19
-26
-29
-23
-25
-24
-24
-26
-17
-16
-11
-10
-15
-7
-8
-5
-3
-2
0
-3
-4
-4
-2
-4
-9
-7
-4
-2
-5
-3
-1
1
4
3
6
6
6
9
9
5
1
-5
-8
-3
6
6
4
1
3
4
0
-3
-4
-4
-1
0
2
-2
-4
-6
-4
-2
-6
-8
-7
-7
-3
2
2
2
4
5
10
18
21
20
17
22
26
29
26
21
21
20
27
28
29
31
32
37
37
40
40
40
44
51
54
52
51
43
42
52
59
62
65
73
72
77
75
74
73
75
79
77
71
64
64
60
57
52
56
58
53
48
38
39
39
41
43
39
29
24
13
6
3
2
3
-2
-4
-3
-7
-13
-17
-23
-25
-20
-13
-16
-11
-16
-17
-19
-26
-32
-35
-36
-40
-39
-46
-47
-47
-44
-49
-52
-61
-65
-61
-64
-65
-60
-59
-59
-62
-62
-60
-55
-52
-60
-64
-71
-70
-71
-71
-66
-58
-54
-55
-61
-65
-70
-70
-70
-72
-74
-74
-63
-59
-53
-44
-50
-55
-62
-64
-56
-51
-41
-37
-33
-28
-25
-25
-26
-34
-40
-41
-37
-28
-26
-22
-23
-22
-21
-21
-26
-27
-28
-20
-10
-3
-4
-8
2
-1
-9
-12
-5
-7
-16
-16
-11
2
1
-2
-3
-5
-4
1
9
9
9
7
10
14
21
28
22
23
26
21
25
26
23
21
14
18
19
14
8
2
3
3
10
15
17
18
14
25
23
18
23
25
25
26
23
14
7
6
7
7
4
2
-8
-2
6
6
5
-7
-6
-5
-4
3
8
16
12
12
22
17
17
14
15
22
29
27
24
24
23
27
23
17
13
11
20
32
36
47
44
34
31
33
41
37
40
41
45
39
34
28
23
30
38
32
28
19
16
17
21
20
12
12
14
14
23
32
33
29
27
26
34
30
25
23
26
31
27
20
16
18
20
16
12
12
16
12
19
22
19
19
14
14
8
9
10
9
8
5
14
17
8
3
-5
-8
-9
-1
13
17
12
9
3
6
11
10
11
4
-8
-8
2
9
12
15
18
15
14
17
24
30
32
30
19
12
7
13
27
32
24
12
11
11
18
15
17
12
13
18
27
26
18
8
-4
-11
-22
-28
-23
-5
5
2
-8
-15
-13
-19
-22
-25
-20
-4
3
2
1
2
5
-4
-19
-28
-24
-16
-13
-2
9
20
15
8
3
6
3
-8
-11
-9
12
26
16
-6
-18
-3
2
9
-2
-12
0
9
7
6
12
21
3
-10
-19
-20
-5
-2
-9
-14
-12
-4
-15
-18
-14
-12
-4
-5
-16
-17
-13
2
-2
-12
-15
-23
-25
-35
-47
-45
-35
-22
-26
-20
-11
-16
-12
-12
-24
-22
-24
-21
-27
-20
-10
2
1
6
-15
-14
-12
-20
-29
-18
3
5
1
-8
-6
-1
6
-9
-28
-34
-10
2
9
5
0
-7
-7
-10
-16
-19
-36
-48
-34
-15
1
1
-4
-9
-19
-12
-21
-35
-40
-25
-17
-9
-16
-12
-22
-19
-24
-46
-37
-40
-30
-15
-7
-14
-23
-18
-5
-1
0
-6
-11
2
16
32
18
4
6
9
26
28
15
11
8
4
6
11
0
-26
-26
-6
20
32
22
1
-6
3
1
-8
-17
-10
-10
5
16
13
-5
-17
-9
-13
-4
0
3
18
38
40
39
30
20
10
17
7
-9
-24
-15
0
2
18
12
-16
-22
-22
-1
2
-10
-26
-36
-44
-84
-103
-100
-66
-51
-45
-62
-65
-67
-37
-44
-46
-59
-73
-83
-68
-40
-18
-31
-53
-62
-41
-13
-9
-8
-4
26
38
31
4
-27
-38
-27
-31
-35
-43
-31
-8
17
21
28
28
35
15
-2
-11
-13
-14
-15
-19
-8
6
-3
-13
-25
-5
-7
-8
-22
-3
32
53
43
28
36
51
44
48
43
27
25
23
54
57
69
57
52
57
53
46
41
43
52
53
48
46
31
43
50
48
40
27
31
33
52
43
27
11
4
12
28
49
36
14
12
22
39
50
37
19
13
17
17
13
24
35
26
14
-19
-28
-17
-4
-3
-19
-13
-12
-20
-15
-14
-17
-35
-54
-50
-36
16
12
-11
-43
-52
-60
-61
-73
-70
-84
-61
-68
-91
-87
-70
-56
-48
-48
-76
-105
-113
-92
-72
-30
-48
-85
-126
-109
-78
-59
-62
-90
-113
-77
-41
-22
-37
-41
-49
-46
-50
-65
-69
-54
-29
-38
-19
-14
-2
-12
-1
-13
-13
-20
-16
-24
15
40
53
33
23
26
41
39
24
24
52
101
111
125
117
131
138
122
112
93
106
122
128
132
120
124
116
115
111
114
112
116
131
156
176
200
201
189
158
146
121
135
143
157
160
149
125
99
126
172
194
176
151
126
130
140
123
113
76
68
43
70
99
76
63
37
40
34
29
35
10
2
-28
-73
-96
-93
-126
-156
-175
-176
-174
-194
-179
-212
-211
-264
-288
-277
-247
-263
-311
-343
-352
-346
-356
-363
-400
-387
-397
-393
-397
-361
-361
-355
-365
-344
-337
-323
-307
-312
-271
-251
-240
-259
-237
-222
-216
-208
-179
-148
-96
-82
-76
-90
-71
-32
-20
2
18
47
61
68
65
96
124
134
136
156
184
202
206
224
239
248
261
270
296
331
357
354
348
350
358
380
387
384
398
419
448
466
467
478
477
470
460
457
464
475
482
483
484
489
487
490
511
538
554
532
527
517
529
519
478
431
400
376
396
376
373
362
346
358
348
361
356
376
364
371
368
382
358
355
350
324
223
124
52
51
59
-18
-156
-302
-386
-544
-693
-878
-1033
-1192
-1369
-1495
-1668
-1738
-1838
-1935
-2015
-2038
-2083
-2114
-2142
-2041
-1949
-1821
-1744
-1710
-1589
-1427
-1236
-1161
-1062
-893
-715
-561
-403
-267
-115
32
169
227
261
388
462
515
554
595
620
624
640
625
587
563
460
390
359
369
337
276
243
234
243
262
256
217
251
322
376
402
438
484
555
630
696
715
756
819
879
932
981
1031
1055
1103
1145
1155
1139
1116
1088
1052
1034
1002
955
949
948
933
914
866
792
720
718
722
707
692
712
712
726
710
664
623
626
680
701
687
679
710
761
861
900
910
866
869
895
938
940
956
943
919
850
810
571
313
-42
-287
-561
-885
-1330
-1819
-2134
-2306
-2559
-2913
-3192
-3387
-3502
-3628
-3553
-3545
-3526
-3451
-3259
-3121
-2887
-2651
-2488
-2393
-2079
-1700
-1467
-1320
-994
-637
-377
-132
122
247
398
642
861
874
917
1041
1113
1141
1174
1186
1056
1006
1002
938
816
718
640
501
381
335
234
78
-36
-67
-66
-140
-155
-191
-170
-95
-10
20
-7
122
256
360
371
447
480
607
690
761
710
712
749
758
701
694
634
557
502
496
461
360
316
206
159
165
192
83
31
56
109
93
118
100
104
163
270
288
290
351
460
549
606
646
652
746
860
928
891
915
956
973
995
1021
978
901
849
801
751
733
691
584
537
554
548
444
390
345
343
343
307
264
246
260
199
143
145
209
196
234
214
256
243
248
222
180
105
76
-23
-119
-223
-385
-529
-858
-1031
-1295
-1438
-1680
-1877
-2093
-2217
-2355
-2391
-2508
-2483
-2533
-2531
-2492
-2448
-2289
-2145
-2011
-1883
-1779
-1546
-1321
-1166
-1011
-911
-713
-541
-346
-166
-69
64
185
307
382
434
454
438
416
460
433
407
317
258
189
129
59
-24
-111
-100
-81
-96
-140
-142
-100
-18
70
94
117
192
316
436
565
682
772
846
998
1140
1234
1307
1335
1384
1462
1545
1545
1509
1488
1493
1462
1399
1320
1257
1215
1197
1183
1143
1103
1055
1028
983
923
866
850
864
862
808
788
806
840
857
914
982
1000
1044
1133
1249
1337
1429
1427
1434
1479
1617
1709
1790
1897
1909
2008
1927
1716
1278
753
388
-355
-1068
-1870
-2473
-2998
-3523
-3950
-4417
-4882
-5056
-5231
-5282
-5283
-5181
-4983
-4925
-4563
-4143
-3739
-3505
-3254
-2854
-2380
-1973
-1541
-1270
-814
-362
107
412
610
908
1194
1425
1525
1538
1591
1658
1754
1813
1723
1636
1525
1461
1281
1075
897
651
382
157
19
-129
-329
-449
-563
-669
-587
-555
-570
-585
-375
-131
-47
67
286
466
688
831
906
922
1072
1286
1234
1223
1273
1308
1227
1145
1069
923
789
698
443
278
194
130
-39
-177
-200
-310
-353
-350
-368
-415
-394
-365
-398
-364
-178
-85
-45
1
150
294
483
633
722
794
956
1110
1172
1247
1335
1381
1374
1400
1429
1433
1449
1409
1295
1170
1118
1024
881
768
694
582
491
430
387
359
348
308
244
239
309
347
410
430
494
567
615
596
634
653
772
759
799
838
884
1031
1056
1111
1066
1020
750
252
-274
-602
-1017
-1511
-2100
-2620
-3022
-3367
-3516
-3883
-4106
-4280
-4238
-4355
-4263
-4043
-3748
-3605
-3368
-3057
-2727
-2408
-2137
-1863
-1618
-1171
-783
-560
-408
8
387
628
696
807
919
1069
1199
1144
1074
1116
1183
1111
1007
939
842
703
583
408
252
110
-4
-166
-252
-241
-325
-458
-511
-463
-375
-324
-273
-207
-86
195
399
509
573
736
944
1069
1175
1253
1259
1324
1378
1409
1320
1263
1202
1077
974
872
704
521
395
344
274
183
118
26
29
63
73
63
76
149
268
431
562
649
764
927
1093
1242
1339
1435
1551
1672
1726
1741
1747
1760
1789
1782
1745
1642
1542
1492
1436
1398
1383
1299
1201
1123
1114
1095
1038
970
942
986
1129
1194
1322
1428
1764
1897
1373
591
-218
-556
-1241
-1950
-2634
-3434
-4087
-4517
-4816
-5098
-5384
-5400
-5535
-5633
-5231
-4739
-4418
-4207
-3760
-3196
-2818
-2497
-2231
-1955
-1492
-1017
-716
-695
-428
166
549
716
778
910
1049
1237
1426
1364
1342
1447
1501
1470
1510
1519
1312
1045
873
650
433
189
-145
-441
-518
-487
-629
-813
-824
-716
-582
-450
-449
-388
-194
176
376
463
614
841
1009
1098
1161
1233
1255
1305
1347
1277
1276
1226
1091
854
740
662
452
211
43
-98
-171
-235
-327
-442
-434
-316
-267
-251
-224
-130
-23
89
196
312
457
696
868
1005
1165
1330
1513
1627
1749
1837
1905
1974
1962
1926
1856
1792
1667
1513
1397
1290
1185
1057
950
931
897
903
836
812
821
899
913
814
869
1025
1209
1298
1377
1427
1513
1821
2168
2517
2535
2136
1519
964
675
-166
-1121
-2188
-3110
-4050
-4758
-5288
-5813
-6309
-6530
-6669
-6670
-6393
-5987
-5582
-5174
-4529
-3851
-3400
-2979
-2411
-1813
-1358
-1033
-687
-455
-48
480
803
908
1007
1306
1476
1657
1822
1751
1656
1673
1749
1684
1575
1508
1204
927
702
406
50
-262
-497
-759
-922
-1037
-1175
-1269
-1147
-973
-884
-748
-561
-285
-44
292
554
737
991
1203
1447
1511
1653
1719
1663
1692
1688
1632
1440
1297
1212
948
738
515
238
14
-158
-280
-514
-666
-684
-712
-665
-566
-483
-398
-298
-113
65
256
458
660
811
1021
1212
1418
1610
1771
1916
2015
2143
2229
2269
2314
2309
2254
2112
1939
1746
1644
1525
1374
1145
990
925
889
938
1001
885
800
807
995
1142
1178
1311
1379
1540
1731
2078
2440
2760
3006
2968
2750
2484
2116
1450
523
-794
-1924
-3240
-4188
-5345
-6341
-7097
-7713
-8155
-8391
-8192
-7839
-7369
-6794
-6016
-5267
-4336
-3496
-2760
-2226
-1508
-859
-488
-256
41
431
733
907
1005
1060
1168
1454
1555
1523
1473
1525
1555
1476
1465
1312
1102
851
598
295
-59
-376
-753
-1113
-1325
-1418
-1442
-1522
-1444
-1317
-950
-690
-353
-114
247
704
1012
1280
1412
1645
1862
1994
2042
1952
1902
1870
1793
1649
1465
1274
1048
776
577
308
55
-246
-478
-742
-866
-981
-1059
-1196
-1137
-970
-800
-587
-413
-138
161
511
794
1033
1272
1526
1784
1972
2105
2223
2312
2350
2347
2352
2323
2270
2205
2080
1991
1887
1758
1578
1404
1272
1115
956
754
642
502
473
469
527
616
696
868
999
1259
1518
1869
2170
2436
2671
2890
3204
3523
3771
3731
3435
2953
2557
1852
950
-364
-1954
-3554
-5056
-6178
-7368
-8403
-9176
-9627
-9770
-9564
-8999
-8226
-7304
-6310
-5185
-4043
-2868
-1889
-1010
-319
264
661
870
940
997
1104
1232
1074
934
867
914
1035
1017
1022
915
905
888
845
776
566
341
51
-212
-485
-794
-1049
-1321
-1440
-1445
-1398
-1239
-988
-639
-288
99
486
843
1129
1440
1665
1865
1994
1988
1976
1944
1939
1851
1684
1544
1338
1177
935
692
524
293
35
-256
-477
-624
-822
-944
-1072
-1120
-1193
-1082
-926
-695
-419
-157
203
524
855
1156
1396
1625
1837
1990
2058
2131
2172
2227
2185
2143
2107
1977
1893
1776
1700
1606
1507
1379
1290
1221
1150
993
835
759
807
883
853
786
851
1058
1320
1495
1653
1813
1948
2265
2591
2886
3172
3351
3447
3435
3465
3628
3691
3459
2840
2046
1364
571
-545
-2031
-3858
-5637
-7153
-8326
-9421
-10293
-10737
-10800
-10601
-9942
-8854
-7407
-5985
-4617
-3202
-1732
-336
681
1429
1913
2175
2189
1987
1552
1019
679
331
-137
-600
-827
-824
-730
-598
-468
-392
-189
18
195
283
253
124
-85
-265
-401
-504
-655
-858
-917
-758
-488
-191
78
407
776
1246
1581
1689
1768
1904
1963
1832
1631
1388
1203
1075
980
811
620
566
502
441
366
324
275
43
-102
-267
-355
-511
-749
-867
-930
-916
-894
-747
-570
-234
162
565
939
1244
1604
1861
2071
2137
2148
2085
2059
1985
1899
1756
1612
1510
1395
1297
1217
1175
1129
1110
1152
1228
1272
1293
1217
1263
1330
1459
1496
1439
1532
1660
1845
1934
1999
2172
2298
2308
2333
2464
2640
2773
2970
3165
3383
3491
3574
3570
3271
3035
2515
1789
702
-685
-2011
-3631
-5596
-7618
-9080
-10117
-11033
-11782
-11717
-11051
-10074
-8656
-6956
-5114
-3172
-1354
247
1358
2318
3003
3025
2698
1950
1381
422
-564
-1455
-2158
-2507
-2841
-2771
-2605
-2135
-1480
-812
-181
281
761
1085
1273
1198
926
673
361
23
-258
-464
-552
-578
-270
-57
143
444
927
1224
1272
1482
1524
1473
1149
973
725
497
380
271
237
251
455
696
862
1026
1160
1277
1224
933
664
341
-26
-490
-842
-1191
-1411
-1442
-1398
-1266
-1046
-565
-117
370
853
1368
1842
2123
2316
2349
2335
2218
2092
1879
1691
1548
1416
1292
1111
1058
1036
1027
1002
1049
1149
1239
1335
1545
1687
1724
1748
1913
2148
2088
1951
2020
2070
2147
2083
2106
2148
2155
2317
2294
2356
2509
2895
3084
3080
3225
3499
3820
3702
3436
2995
2350
1144
-63
-1519
-3104
-5217
-7468
-9371
-10919
-11655
-12158
-12159
-11724
-10508
-8767
-6633
-4407
-2130
-91
1504
2771
3496
3772
3438
2658
1577
138
-1206
-2507
-3480
-4129
-4478
-4389
-3995
-3303
-2322
-1289
-141
724
1528
1953
2133
2135
1990
1670
1059
480
39
-235
-395
-552
-497
-320
-43
277
479
693
842
904
799
623
421
288
139
72
163
348
719
949
1344
1738
2064
2251
2211
2014
1656
1156
627
-99
-768
-1331
-1789
-2107
-2234
-2127
-1835
-1289
-767
-163
365
1015
1495
1827
2040
2139
2149
2020
1818
1588
1420
1334
1183
1137
1134
1170
1214
1223
1261
1193
1242
1193
1201
1272
1384
1613
1791
2120
2170
2274
2343
2544
2718
2632
2407
2162
2262
2178
2067
1848
1858
1982
2155
2416
2629
2959
3195
3544
3714
3920
4165
4014
3552
2765
2053
1095
-565
-2647
-4548
-6461
-8921
-11069
-12337
-12712
-12951
-12598
-11248
-9448
-7161
-4684
-2071
257
2055
3524
4136
4245
3625
2686
1220
-556
-2226
-3633
-4610
-5433
-5581
-5207
-4395
-3447
-2242
-750
511
1335
2016
2504
2595
2150
1803
1356
814
265
-54
-194
-353
-188
30
221
367
507
537
371
198
-73
-466
-610
-717
-692
-559
-189
392
1002
1821
2375
2882
3177
3274
3113
2700
2197
1214
243
-716
-1394
-1941
-2330
-2395
-2462
-2081
-1589
-943
-308
300
839
1164
1454
1516
1589
1467
1362
1335
1204
1193
1037
1096
1189
1257
1332
1296
1329
1273
1210
1110
990
952
941
1031
1201
1491
1893
2263
2685
2958
3035
3044
3009
2890
2490
1930
1508
1270
1147
1250
1240
1347
1646
2034
2665
2935
3304
3783
4108
4473
4140
4176
4134
3981
3254
2031
1307
27
-1687
-3675
-5742
-8483
-10967
-12666
-12900
-13157
-13201
-12207
-10141
-7342
-4743
-2051
645
2753
4295
4656
4729
4096
2698
826
-1169
-2955
-4543
-5664
-6154
-6136
-5542
-4329
-3159
-1857
-590
966
1905
2270
2236
2324
2071
1583
958
720
370
301
314
425
619
765
717
478
345
-90
-529
-1116
-1469
-1863
-1834
-1588
-1016
-266
695
1745
2644
3500
3966
4164
4005
3601
2870
1777
616
-352
-1337
-2042
-2590
-2708
-2540
-2123
-1592
-898
-138
412
851
1118
1368
1239
1029
900
711
690
498
516
732
900
1132
1265
1376
1399
1464
1372
1196
1101
945
814
761
878
1027
1336
1616
1963
2344
2752
3009
3106
3027
2741
2456
2057
1652
1365
1115
1140
1284
1462
1790
2143
2733
2956
2938
2886
3091
3447
3393
3195
3232
3701
3380
3304
2911
2774
2314
833
-375
-2371
-3860
-6280
-9402
-11426
-12837
-13065
-13580
-13043
-10886
-8611
-5627
-3102
-309
2277
4015
4833
4435
3831
2883
876
-1311
-3264
-4628
-5568
-6255
-6088
-5461
-4254
-2809
-1676
-554
509
1485
1844
1587
1592
1413
1098
715
661
839
1116
1236
1284
1376
1453
1252
372
-257
-893
-1436
-2138
-2538
-2267
-1995
-1360
-502
592
1787
2753
3578
3900
4019
4018
3353
2621
1565
771
-29
-694
-1223
-1686
-1634
-1403
-1269
-1277
-977
-532
-332
-251
-220
61
255
444
452
670
1155
1358
1485
1360
1504
1536
1268
987
568
500
396
219
159
338
825
1162
1429
1708
2124
2475
2579
2518
2533
2514
2407
2186
2052
2009
1890
1750
1752
1733
1792
1867
1909
2050
2040
2205
2380
2494
2552
2442
2630
2863
3208
3718
3826
4315
4307
4364
4274
3599
3067
1861
302
-1546
-4046
-5867
-8771
-11840
-13843
-14489
-13690
-13430
-12273
-9568
-6289
-2728
-243
2254
4278
5285
5242
3796
2699
1127
-1176
-3521
-5150
-5923
-6338
-6240
-5653
-4735
-3239
-1712
-797
-205
467
1209
1484
1189
1036
1326
1627
1853
1961
2236
2423
2362
1774
1175
599
-372
-1641
-2688
-3216
-3557
-3480
-2883
-1963
-724
695
2009
3290
3999
4617
4711
4372
3743
2685
1898
940
127
-486
-1122
-1064
-1288
-1264
-1134
-1141
-1044
-1179
-1048
-1032
-913
-583
-300
209
763
1214
1747
2089
2192
2195
1836
1439
898
310
-78
-608
-627
-572
-215
363
849
1646
2212
2708
2947
2916
2797
2439
2104
1734
1510
1496
1573
1753
1988
2155
2284
2467
2499
2449
2146
1870
1747
1739
1541
1413
1725
2096
2703
2966
3008
3397
3861
4305
4445
4183
4379
4206
3613
2590
1218
234
-1033
-3040
-5213
-8110
-10695
-12951
-13948
-13832
-13480
-12336
-10021
-6927
-3581
-659
2041
4173
4975
5136
4112
2973
1074
-1385
-3414
-5052
-5889
-6520
-6537
-5622
-4647
-3267
-2129
-1086
-198
173
912
1092
1266
1270
1593
2107
2309
2657
2916
2909
2434
1605
847
-56
-1237
-2521
-3564
-3798
-3770
-3345
-2513
-1334
95
1394
2643
3595
4134
4368
4300
3865
2961
2134
1488
854
269
-230
-449
-759
-1019
-1406
-1407
-1386
-1647
-1661
-1613
-1068
-725
-64
760
1363
1811
1911
2310
2380
2062
1483
729
253
-308
-655
-737
-710
-381
56
717
1389
1938
2402
2680
2715
2635
2426
2321
1991
1655
1653
1671
1856
1858
2062
2246
2262
2128
1896
1798
1584
1614
1674
1949
2446
2894
3177
3060
3268
3258
3426
3166
2663
2826
2888
3030
3016
3214
3879
3640
2866
1956
952
-416
-3449
-5978
-8945
-12536
-14815
-15865
-14429
-13160
-11610
-8416
-4745
-471
1800
3787
5222
5240
4253
2068
428
-1383
-3481
-5114
-6018
-5918
-5624
-4827
-3857
-3204
-2198
-1417
-1102
-1324
-962
-302
361
797
1344
2639
3675
4154
4051
4169
3617
2342
446
-1230
-2353
-3489
-4266
-4640
-4171
-3039
-1738
-142
952
2082
3229
3542
3549
3073
2988
2610
1884
1537
1432
1782
1470
927
893
712
240
-927
-1862
-2369
-2838
-2971
-2848
-2055
-1119
-15
961
1979
2754
2938
2955
2405
1881
1192
389
-261
-799
-690
-394
-63
254
587
1267
1503
1605
1581
1624
1622
1418
1502
1752
2241
2484
2726
3054
3363
3459
3141
2660
1989
1326
970
680
667
831
1139
1953
2703
3285
3645
3790
3978
3848
3562
3160
2755
2722
2792
3247
3521
3551
3629
3778
3435
1841
-293
-2232
-4436
-7085
-10129
-13015
-14843
-15145
-14097
-11954
-9596
-6292
-2934
-93
2091
3756
4758
4014
2270
526
-896
-2070
-3697
-4877
-5134
-4858
-4338
-4101
-3489
-3078
-2708
-2498
-2476
-2102
-1333
-366
556
1630
3123
4428
5021
4893
4391
3809
2507
679
-1298
-2817
-3747
-4286
-4260
-3697
-2695
-1526
-294
1033
1981
2500
2603
2493
2452
2292
2377
2195
2139
2186
2123
2245
1837
1354
589
-324
-1166
-2130
-2735
-3126
-3124
-2714
-1878
-678
400
1457
2088
2648
2716
2162
1673
916
424
-205
-551
-279
-107
334
472
839
1113
1126
1163
942
1033
1042
1208
1513
1742
2223
2567
2924
3067
3134
3122
2834
2491
2137
1902
1553
1168
1004
1169
1468
1650
1988
2348
2829
3033
3137
3151
2885
2701
2591
2938
3289
3715
3991
3791
3729
3721
3970
3646
2326
929
-484
-2364
-4603
-7026
-9214
-12180
-14403
-14671
-13166
-11253
-9684
-6749
-3388
-566
1579
2735
3849
3081
2045
678
-839
-1799
-3252
-3680
-4427
-4405
-3871
-3804
-3681
-4062
-3489
-2971
-2917
-2503
-1753
-73
1222
2487
3805
4744
5311
4839
4177
2887
1564
-161
-1813
-3043
-3706
-3446
-3268
-2646
-1899
-688
343
645
1031
1230
1585
1498
1526
1961
2351
2728
2922
3087
3133
2692
2060
1059
-106
-1065
-1935
-2505
-3041
-3050
-2458
-1632
-832
239
1018
1793
1817
1738
1372
836
656
475
574
558
739
1186
1335
1212
1110
943
781
290
191
249
500
856
1258
1881
2341
2804
2995
3092
2968
2858
2696
2498
2404
2279
1956
1442
1363
1622
1867
1718
1876
2148
2625
2840
3052
3258
3388
3311
3007
2802
2568
2890
3056
3275
3180
3631
3634
3645
2756
1923
200
-2146
-4852
-7622
-9369
-11806
-13910
-14706
-13406
-10834
-8413
-6368
-3239
-1232
1243
1847
2402
2452
1103
780
-1026
-1234
-2026
-2242
-2686
-3772
-3585
-3730
-4063
-4656
-5138
-4346
-3922
-2837
-1665
-36
1879
3146
4604
5012
5377
4618
3542
2189
752
-210
-1526
-2206
-2732
-2699
-2214
-1882
-1249
-1210
-888
-592
-142
401
640
1213
1866
2680
3362
3831
4035
3597
2961
2205
1254
126
-969
-1690
-2229
-2383
-2204
-1726
-1373
-1021
-609
78
415
295
411
621
730
791
957
1421
1717
1708
1693
1496
1418
1072
499
93
-150
-104
172
470
912
1437
2104
2464
2596
2800
2859
2666
2293
2178
2186
2282
2382
2420
2277
2165
1988
1853
1946
1979
2029
1917
2164
2645
3140
3527
3604
3714
3730
3369
3172
3454
3536
3230
2587
2927
2979
3134
2303
673
-1594
-3439
-5224
-7454
-10104
-12875
-14022
-13810
-11550
-9480
-7262
-4993
-2353
-319
1247
1511
1984
1088
-71
-1105
-1404
-1189
-2148
-2409
-2890
-2987
-3363
-3574
-4249
-4837
-4818
-4010
-3324
-2153
-522
1152
2459
3393
4294
4609
4405
3150
2191
1046
274
-713
-1316
-1636
-1881
-1720
-1409
-1341
-1342
-1335
-1226
-909
-457
352
982
1726
2485
3076
3769
4020
3887
3114
2362
1416
595
-278
-932
-1543
-1935
-1855
-1849
-1382
-1229
-811
-740
-415
81
445
929
872
1145
1195
1711
1636
1586
1449
1199
1012
628
513
144
-29
-73
-54
202
733
1151
1550
1734
2159
2278
2501
2504
2393
2445
2415
2593
2469
2727
2629
2430
1934
1604
1588
1726
1830
1818
2059
2515
2882
3121
3261
3157
3099
3023
3346
3342
3340
3435
3779
3854
3395
3368
3546
2857
835
-1642
-2578
-3667
-5665
-8758
-11587
-13256
-13803
-12535
-10576
-8443
-6875
-4323
-2316
-295
825
1345
1159
0
-233
-511
-384
-882
-1617
-2159
-2674
-3040
-3719
-4323
-4864
-5219
-4812
-3947
-2389
-886
570
1803
2710
3839
3979
3817
2945
2179
1546
824
435
-215
-614
-980
-1315
-1253
-1300
-1639
-2087
-2249
-1607
-965
-167
745
1624
2401
2960
3444
3836
3554
3171
2564
1829
1194
695
404
-392
-990
-1255
-1282
-1536
-1740
-1807
-1712
-1438
-795
-115
551
774
1078
1464
1720
1802
1517
1621
1353
1291
1102
1096
952
702
531
377
436
540
650
812
1138
1466
1937
2238
2465
2379
2458
2530
2551
2615
2752
2796
2537
2200
1974
2052
2024
1840
1625
1851
2171
2713
3191
3663
3703
3840
3748
3444
2699
2730
3108
3388
3040
2673
2739
2431
2194
920
-443
-2826
-4497
-6376
-8269
-10883
-12375
-12176
-11091
-9541
-8396
-6395
-4612
-2747
-1842
-999
-575
-144
-232
-394
-139
-101
22
-668
-1354
-2107
-2785
-3511
-4167
-4616
-4525
-4132
-3370
-2292
-995
338
1301
1893
2325
2670
2765
2523
2045
1747
1433
983
510
102
-241
-724
-1103
-1408
-1682
-1552
-1230
-880
-593
10
908
1491
1807
2048
2408
2779
2815
2605
2308
1956
1441
898
493
64
-482
-1038
-1311
-1446
-1424
-1515
-1421
-1145
-647
-209
210
622
834
1011
1159
1279
1376
1479
1669
1605
1424
1306
1089
957
663
470
399
500
721
916
1248
1546
1741
1797
1827
1878
1960
2117
2279
2566
2904
3141
3040
2699
2319
1990
1753
1612
1537
1411
1628
2186
2984
3402
3753
3817
3675
3383
3242
3518
3720
3730
3718
3275
2913
2256
1821
534
-1408
-3176
-4517
-5711
-7738
-9421
-11252
-11707
-11069
-9326
-7875
-6894
-5043
-3610
-2379
-1802
-820
-305
-278
-556
-471
-232
-89
-457
-1110
-1979
-2678
-3320
-3554
-3912
-3956
-3407
-2755
-1949
-1261
-4
889
1292
1454
1701
1998
2074
1995
1787
1565
1164
1090
686
179
-598
-1027
-1157
-1432
-1356
-1122
-704
-599
-199
415
1143
1446
1746
2017
2151
2362
2478
2459
1927
1603
1459
1169
441
-145
-437
-806
-1369
-1800
-1689
-1387
-1007
-698
-322
17
300
491
604
716
978
1386
1815
1918
1918
1791
1677
1187
805
617
501
415
391
689
864
1104
1330
1559
1632
1742
1989
2195
2374
2485
2662
2915
3165
3117
2683
2035
1548
1337
1375
1542
1678
2119
2515
2865
2938
3196
3453
3079
2735
2375
2848
3238
3875
4266
3627
3035
2003
1939
710
-630
-2497
-3681
-4523
-5796
-7109
-9085
-10172
-10950
-10306
-9137
-7708
-6396
-5016
-3701
-2600
-2212
-1696
-1084
-781
-775
-949
-543
-463
-421
-811
-1295
-2179
-2783
-2894
-2919
-2821
-2794
-2325
-1641
-921
-58
558
1071
1133
1031
1208
1315
1652
1608
1720
1265
881
404
279
1
-471
-815
-1089
-853
-843
-421
-176
186
422
687
1011
1212
1501
1815
2235
2324
2289
1965
1748
1460
1123
743
146
-435
-949
-974
-948
-919
-1050
-922
-763
-502
-316
-85
67
235
522
853
1384
1758
2080
2019
1844
1462
1087
938
815
856
851
960
1070
1217
1439
1503
1476
1340
1297
1413
1681
2064
2437
2846
3047
3164
2794
2311
1699
1453
1333
1421
1615
1976
2299
2658
2963
3086
3000
2855
2781
2639
2670
2834
3194
3621
4059
3870
2977
1677
823
94
-714
-1889
-3066
-4372
-5391
-6767
-8372
-10207
-10576
-9652
-8382
-7170
-6302
-5103
-4665
-3941
-3295
-2663
-2331
-2179
-1407
-848
-195
-394
-498
-627
-819
-1120
-1821
-2109
-2301
-1995
-1421
-1188
-928
-913
-276
107
326
202
275
608
800
922
954
1061
1052
987
857
520
139
-218
-273
-46
175
240
33
179
382
517
545
697
1071
1300
1557
1811
1955
1816
1431
1292
1161
950
567
384
348
202
-47
-389
-556
-680
-678
-596
-497
-375
-446
-300
-21
296
549
844
1228
1333
1341
1353
1366
1358
1232
1362
1436
1603
1520
1518
1580
1590
1540
1371
1421
1361
1350
1358
1502
1754
1985
2292
2520
2426
2014
1550
1442
1570
1769
1865
1978
2050
2088
2104
2123
2308
2361
2398
2297
2329
2265
2164
2249
2492
2609
2570
2285
1776
918
130
-462
-1050
-1914
-2969
-3949
-5129
-6362
-7549
-7833
-7315
-6867
-6350
-6009
-5314
-5158
-5050
-4937
-4453
-3895
-3280
-2448
-1968
-1432
-1464
-1514
-1417
-1339
-1019
-944
-794
-684
-683
-492
-317
27
-25
116
204
420
345
125
165
120
259
300
419
509
437
373
120
153
56
-46
23
146
388
387
529
620
598
690
838
998
967
1036
1151
1346
1401
1264
1165
1108
1070
951
743
683
534
387
342
331
357
235
64
-29
-184
-208
-223
-23
192
453
630
667
706
579
538
416
415
446
505
782
1007
1155
1095
929
829
715
844
901
1095
1247
1417
1579
1662
1794
1742
1681
1601
1479
1357
1389
1523
1519
1458
1368
1412
1461
1536
1510
1343
1382
1428
1578
1680
1767
1797
1695
1820
1997
2046
2048
2046
2087
2031
1866
1506
1188
958
734
295
-425
-1203
-1966
-2595
-2733
-2799
-2916
-3320
-3585
-3683
-3758
-4062
-4345
-4810
-5055
-5056
-4753
-4386
-4154
-4101
-4142
-4124
-4079
-3872
-3815
-3504
-3151
-2674
-2219
-1684
-1393
-1074
-937
-596
-454
-262
-136
91
344
619
747
719
748
775
843
896
986
1020
966
930
1035
1107
1168
1031
869
814
779
805
765
712
653
574
728
853
860
740
623
617
569
576
488
436
464
530
680
615
603
383
304
395
513
573
503
486
583
597
640
502
368
254
282
364
461
536
505
563
640
735
723
590
613
696
849
1028
1150
1253
1328
1498
1671
1736
1661
1497
1412
1525
1771
1855
1755
1595
1565
1640
1814
1825
1604
1290
1272
1450
1857
1919
1962
1685
1740
1905
2133
2169
2025
1864
1614
1761
1803
1876
1262
702
132
-299
-787
-1023
-1555
-1899
-2498
-2570
-2964
-3216
-3655
-4025
-4550
-4758
-4805
-4931
-4947
-4887
-4777
-4856
-4882
-4860
-4857
-4840
-4459
-4143
-3719
-3402
-2895
-2544
-2001
-1621
-1245
-1152
-849
-564
-242
137
500
695
725
928
1216
1321
1382
1352
1409
1398
1560
1745
1747
1732
1590
1536
1408
1432
1307
1096
971
935
931
901
899
893
698
620
488
452
319
255
173
159
233
311
350
343
297
212
159
203
280
313
372
423
508
528
561
545
501
414
382
424
476
541
577
622
658
633
600
557
580
638
662
759
860
1005
1126
1273
1387
1466
1451
1394
1386
1427
1531
1609
1648
1615
1536
1563
1633
1715
1705
1563
1500
1426
1655
1772
1873
1889
1832
1861
1866
2045
2058
2060
1958
2001
1797
1746
1612
1389
993
494
-70
-627
-1045
-1306
-1706
-2172
-2639
-3091
-3501
-3744
-3955
-4306
-4593
-4862
-4848
-4937
-4859
-4858
-5019
-5063
-5070
-4934
-4808
-4611
-4277
-3958
-3566
-3128
-2730
-2409
-2079
-1719
-1479
-1147
-851
-554
-273
6
297
401
532
628
707
813
972
1052
1118
1170
1279
1285
1324
1303
1176
1024
907
877
837
815
812
707
725
633
651
487
353
219
140
182
169
135
117
68
163
199
212
166
98
119
159
305
397
449
463
514
567
578
594
562
531
562
620
719
755
782
776
766
774
790
784
810
860
972
1044
1146
1259
1333
1450
1520
1603
1658
1663
1691
1700
1748
1811
1839
1863
1810
1754
1660
1634
1687
1755
1827
1777
1796
1776
1907
2079
2102
2066
1931
2007
2010
2101
2106
1951
1965
2060
2198
2035
1554
1253
746
553
166
-390
-976
-1607
-1652
-1997
-2167
-2816
-3210
-3720
-3821
-3833
-4136
-4365
-4615
-4543
-4322
-4258
-4153
-4556
-4639
-4496
-4159
-3795
-3629
-3290
-3107
-2482
-2016
-1564
-1427
-1252
-925
-621
-136
207
278
470
545
990
1046
1221
1167
1142
1308
1465
1678
1627
1634
1626
1599
1660
1521
1390
1171
1120
1194
1125
1130
923
855
796
755
695
524
338
268
254
355
352
333
301
306
286
292
197
142
105
178
322
410
445
406
398
398
446
359
294
228
215
291
344
420
403
331
364
325
379
347
314
323
339
467
524
596
642
686
738
809
909
912
913
898
942
986
1046
1051
979
925
967
1019
1089
1127
1085
1044
1054
1193
1261
1323
1339
1274
1247
1337
1472
1627
1568
1509
1249
1210
1249
1129
908
527
61
-448
-954
-1212
-1440
-1792
-2077
-2723
-3052
-3437
-3527
-3695
-3881
-4173
-4500
-4651
-4545
-4393
-4279
-4348
-4431
-4622
-4469
-4161
-3888
-3544
-3410
-2962
-2704
-2197
-1788
-1460
-1212
-960
-710
-357
-75
290
422
663
808
975
1023
1143
1268
1335
1477
1544
1654
1628
1721
1672
1682
1602
1548
1366
1247
1211
1154
1107
1063
955
891
766
768
655
575
553
481
535
455
529
472
515
513
522
533
428
436
471
596
701
667
690
572
638
675
669
650
514
538
538
688
771
715
662
584
608
645
664
663
597
639
699
819
858
870
869
887
999
1072
1117
1098
1099
1170
1194
1226
1245
1154
1099
1039
1106
1125
1112
1085
1065
1042
1120
1192
1240
1221
1223
1259
1240
1349
1356
1465
1362
1432
1270
1164
1010
884
627
253
-99
-445
-837
-1215
-1512
-1782
-2290
-2636
-2966
-3202
-3461
-3735
-3786
-4175
-4248
-4306
-4295
-4376
-4411
-4328
-4377
-4309
-4133
-4029
-3796
-3676
-3182
-3020
-2577
-2264
-1939
-1588
-1336
-904
-720
-459
-124
7
305
414
712
670
794
1010
1080
1271
1343
1486
1396
1491
1659
1592
1579
1492
1418
1251
1224
1256
1055
1008
930
887
841
802
825
586
613
521
509
473
534
594
498
553
479
516
443
474
484
445
568
587
612
625
618
667
568
664
616
590
601
637
721
679
734
626
593
605
625
656
623
671
646
663
771
780
878
886
979
1031
1108
1202
1177
1198
1187
1251
1213
1201
1101
1083
1154
1247
1238
1106
1034
1023
1177
1377
1420
1299
1171
1200
1370
1501
1650
1485
1346
1281
1438
1608
1493
1379
996
728
547
402
110
-437
-1072
-1379
-1722
-1785
-2180
-2595
-3078
-3449
-3493
-3614
-3731
-4012
-4275
-4362
-4302
-4065
-4124
-4216
-4396
-4375
-4118
-3878
-3522
-3416
-3188
-2793
-2417
-1949
-1662
-1433
-1205
-1006
-519
-264
-25
139
276
478
663
906
962
952
1068
1195
1379
1506
1553
1471
1397
1490
1480
1476
1312
1152
1006
1016
1121
1074
986
865
758
782
794
799
659
574
604
595
684
689
645
558
600
669
642
625
625
653
723
865
901
794
783
766
820
847
841
757
655
718
782
822
775
665
540
498
575
589
577
526
504
557
645
791
797
792
824
886
985
1038
1067
993
962
977
975
973
959
1003
932
936
932
972
996
1074
1103
1023
1045
1141
1231
1239
1253
1221
1205
1241
1407
1471
1453
1324
1102
1063
976
934
478
177
-317
-651
-1039
-1271
-1577
-1947
-2353
-2624
-3073
-3231
-3473
-3587
-3818
-4047
-4115
-4326
-4264
-4241
-4135
-4277
-4311
-4319
-4146
-3947
-3597
-3393
-3120
-2903
-2453
-2169
-1788
-1481
-1272
-1003
-746
-394
-150
67
300
387
526
689
842
948
1041
1177
1262
1326
1440
1449
1484
1454
1445
1296
1216
1132
1053
1006
1021
1033
930
847
825
720
655
611
539
484
444
576
536
558
575
551
511
510
511
452
455
585
670
746
795
761
688
705
777
729
721
698
732
724
838
862
763
677
652
625
663
686
698
639
671
759
808
841
879
899
936
1024
1115
1130
1126
1141
1137
1149
1166
1197
1153
1161
1148
1120
1146
1174
1201
1154
1143
1153
1165
1289
1304
1318
1279
1283
1281
1291
1452
1462
1434
1269
1203
1099
1069
803
421
-82
-376
-530
-787
-1067
-1608
-2010
-2396
-2621
-2712
-2957
-3303
-3656
-3904
-3876
-3975
-3880
-4048
-4160
-4301
-4201
-4143
-4094
-3902
-3790
-3604
-3379
-3004
-2664
-2454
-2028
-1759
-1489
-1192
-889
-590
-396
-80
192
266
565
618
804
807
1060
1141
1210
1392
1434
1499
1490
1589
1498
1399
1386
1288
1199
1200
1155
1089
941
977
803
742
719
646
622
523
572
455
455
514
496
487
467
440
386
381
486
498
558
561
568
543
581
664
626
620
572
548
549
606
669
623
610
586
570
555
565
565
521
535
582
585
626
645
678
702
787
876
937
981
1026
1033
1015
1054
1107
1116
1091
993
989
972
1073
1134
1092
1020
913
991
1046
1143
1131
1060
1011
1113
1194
1306
1195
1238
1098
1256
1194
1237
1123
1043
906
549
344
-12
-320
-617
-987
-1308
-1721
-1952
-2193
-2514
-2697
-3024
-3269
-3594
-3640
-3679
-3744
-3747
-3901
-3893
-3997
-3878
-3790
-3781
-3630
-3522
-3316
-2999
-2666
-2282
-2120
-1819
-1554
-1264
-940
-631
-369
-237
-4
221
394
606
678
791
833
996
1198
1187
1330
1326
1426
1450
1475
1471
1289
1185
1189
1086
1112
965
1014
805
849
829
776
670
587
528
442
453
514
442
490
463
491
423
425
426
331
456
475
546
523
567
585
552
622
602
543
521
539
620
619
701
646
585
538
570
600
553
590
535
553
606
672
713
689
743
752
811
939
1001
1050
1010
1041
1045
1095
1129
1083
1016
974
991
1035
1062
1040
919
874
945
978
1102
1017
1098
944
1138
1141
1193
1139
1051
1133
1160
1348
1253
1087
810
590
416
427
27
-277
-966
-1057
-1427
-1434
-1755
-2226
-2728
-3122
-3101
-3268
-3307
-3589
-3858
-4032
-3979
-3788
-3856
-4084
-4063
-4240
-3873
-3790
-3365
-3445
-3309
-2943
-2639
-2232
-1938
-1690
-1550
-1285
-819
-554
-325
-140
-28
167
325
680
590
757
801
983
1129
1238
1352
1206
1271
1355
1342
1327
1235
1154
1031
1034
1155
1023
925
814
744
692
713
750
592
553
539
587
573
625
559
427
440
516
516
552
594
609
566
659
711
665
666
697
704
716
787
776
718
738
757
728
697
689
646
641
704
742
726
713
723
709
744
826
850
869
915
992
1026
1060
1092
1057
1063
1070
1078
1033
1010
1022
1019
1091
1162
1100
991
923
972
1072
1141
1215
1115
1096
1081
1150
1122
1136
1169
1164
1167
1140
1114
1110
1053
956
584
141
-233
-484
-591
-814
-1043
-1484
-1967
-2300
-2461
-2462
-2759
-3026
-3461
-3614
-3579
-3454
-3367
-3572
-3796
-3901
-3943
-3658
-3550
-3343
-3372
-3221
-2932
-2650
-2226
-2051
-1772
-1654
-1320
-1004
-774
-470
-294
-93
104
291
517
441
626
680
871
986
1095
1175
1130
1273
1351
1281
1248
1100
1050
990
1076
1085
917
884
764
741
674
697
589
436
484
496
529
542
527
443
350
436
430
417
454
478
503
549
684
678
639
649
630
643
700
783
753
739
766
757
732
714
682
586
578
634
646
663
645
641
608
640
710
709
743
763
805
849
890
916
891
921
925
902
854
859
875
916
950
965
866
820
841
941
962
937
851
778
855
941
1091
937
945
834
912
983
1017
1021
794
722
610
532
314
-8
-324
-707
-979
-1161
-1419
-1630
-2020
-2218
-2551
-2731
-2823
-3092
-3193
-3416
-3420
-3543
-3511
-3464
-3472
-3529
-3508
-3500
-3402
-3244
-3008
-2824
-2605
-2349
-2097
-1840
-1581
-1250
-1051
-789
-573
-328
-132
68
266
411
542
647
707
805
917
1029
1093
1142
1186
1190
1235
1270
1224
1168
1061
993
911
916
886
806
736
657
606
557
538
490
465
434
418
411
447
446
494
455
494
434
449
469
519
587
635
658
696
691
778
794
821
802
774
771
793
858
863
829
793
751
745
770
768
748
723
737
772
848
900
922
897
915
957
988
1018
1005
1013
1006
1040
1081
1081
1055
1001
998
1048
1106
1137
1081
1030
995
1040
1112
1142
1154
1043
1043
1033
1185
1233
1263
1165
1098
1017
959
754
584
263
128
-122
-414
-714
-1151
-1206
-1653
-1694
-2160
-2345
-2708
-2846
-2965
-3080
-3217
-3274
-3494
-3463
-3553
-3429
-3526
-3509
-3439
-3438
-3176
-3110
-2805
-2691
-2403
-2187
-1968
-1684
-1412
-1201
-928
-771
-448
-307
-33
95
223
336
371
531
561
742
778
841
917
952
968
943
907
910
806
813
715
659
610
545
513
416
426
276
235
217
249
256
250
250
183
155
224
225
287
275
311
288
363
466
492
525
533
550
570
642
734
717
737
734
739
739
765
777
724
736
761
772
774
798
815
782
811
823
833
848
875
896
881
915
944
989
1024
1020
967
910
911
959
985
1035
970
937
912
961
996
1005
1044
1021
1038
1033
1090
1072
1080
1125
1203
1227
1184
1089
1052
898
847
496
354
61
-106
-296
-695
-807
-1255
-1346
-1626
-1836
-2090
-2380
-2562
-2729
-2831
-2727
-2941
-2964
-3231
-3134
-3250
-3126
-3046
-3065
-2918
-2951
-2682
-2524
-2255
-2009
-1900
-1600
-1409
-1143
-796
-678
-379
-306
5
97
272
410
457
549
637
742
807
833
935
933
1037
1032
1012
922
883
949
881
872
722
615
529
550
602
499
429
340
317
359
445
446
340
292
311
343
446
466
454
361
458
511
586
611
608
568
572
695
756
763
776
738
751
763
824
787
707
705
685
720
730
707
670
638
714
746
763
760
748
734
755
850
877
896
867
855
819
809
839
816
811
795
796
826
856
894
819
796
760
823
876
928
958
906
916
903
963
954
898
713
557
391
364
112
-8
-354
-496
-868
-1081
-1401
-1583
-1842
-1968
-2204
-2363
-2588
-2737
-2791
-2981
-2961
-3153
-3054
-3273
-3100
-3170
-3080
-3103
-2997
-2860
-2739
-2617
-2366
-2275
-1966
-1748
-1391
-1178
-990
-784
-631
-413
-202
14
129
230
359
445
594
697
763
793
785
886
924
989
1020
954
941
897
928
876
801
742
636
634
594
644
571
524
502
492
492
511
499
473
442
535
557
589
592
605
602
618
707
693
697
719
767
805
843
904
872
847
878
867
868
862
880
859
849
882
841
812
804
813
825
846
879
846
852
872
870
873
893
906
880
880
898
877
877
865
845
814
844
859
859
842
824
807
780
835
849
848
800
764
791
857
977
1005
931
719
564
449
355
230
-34
-242
-482
-695
-861
-1119
-1335
-1691
-1891
-2010
-2191
-2301
-2546
-2641
-2798
-2765
-2806
-2909
-3108
-3161
-3151
-2988
-2948
-2780
-2856
-2756
-2682
-2440
-2190
-2078
-1878
-1740
-1498
-1192
-973
-782
-694
-541
-364
-241
-11
17
130
145
320
393
457
541
544
559
605
679
698
642
659
624
577
600
560
525
413
444
436
403
429
418
375
388
434
446
405
424
439
430
505
567
573
546
615
628
652
691
697
670
697
781
831
831
854
842
805
851
880
870
839
850
850
871
915
931
893
892
904
921
927
962
959
955
999
1027
1033
1021
1020
1001
1006
1039
1035
1017
996
998
960
948
949
909
911
916
922
881
859
847
812
803
849
882
967
1015
1115
885
588
264
206
255
37
-175
-544
-789
-888
-854
-896
-1286
-1747
-2023
-2195
-2049
-1984
-1973
-2336
-2481
-2574
-2485
-2475
-2523
-2666
-2763
-2674
-2356
-2252
-2063
-2089
-2039
-1941
-1717
-1422
-1310
-1123
-942
-734
-512
-302
-203
-185
-82
73
148
258
274
354
400
563
659
607
584
524
548
597
655
664
548
519
543
560
548
467
368
266
288
377
418
408
359
353
349
407
437
395
350
335
397
490
549
562
505
499
515
550
559
534
528
556
613
674
673
632
563
548
564
577
565
533
515
535
597
628
603
550
518
544
603
632
632
589
618
657
739
759
707
622
597
644
706
705
663
574
534
577
625
635
528
471
396
444
483
503
445
360
383
399
470
459
442
216
74
-101
-44
-204
-313
-556
-763
-906
-979
-1069
-1210
-1402
-1587
-1748
-1863
-1778
-1908
-1883
-2050
-2046
-2179
-2123
-2097
-2152
-2119
-2088
-2014
-1974
-1889
-1680
-1709
-1543
-1471
-1322
-1182
-1019
-781
-676
-506
-335
-311
-157
-69
84
89
196
294
302
392
480
521
502
525
532
462
530
584
574
558
566
527
473
480
485
404
406
400
401
409
489
468
429
426
463
440
471
518
499
484
529
582
574
609
616
578
582
641
657
666
674
691
651
684
695
679
666
664
659
650
689
689
661
672
692
694
693
712
696
685
714
736
747
760
768
738
741
766
764
741
740
706
697
685
709
689
665
649
607
612
646
617
581
565
600
648
661
684
607
646
539
400
129
34
-56
-201
-282
-472
-712
-895
-965
-1023
-1216
-1411
-1591
-1856
-1780
-1765
-1721
-1959
-2025
-2161
-2172
-2117
-2128
-2221
-2249
-2193
-2053
-1947
-1768
-1721
-1758
-1657
-1502
-1303
-1146
-950
-859
-732
-542
-367
-274
-229
-158
-95
-18
152
213
270
303
361
418
462
481
420
381
417
491
526
559
502
448
397
419
409
390
337
318
316
391
433
451
412
402
402
435
459
457
455
456
513
549
581
569
529
518
540
560
574
572
587
595
636
641
621
569
535
527
548
575
583
550
556
570
593
590
581
574
574
613
647
678
689
701
689
693
705
702
678
654
654
625
617
616
605
578
553
526
504
473
500
427
414
358
356
280
294
281
269
219
200
169
142
173
195
79
-41
-226
-326
-361
-427
-428
-725
-795
-1000
-986
-1058
-1056
-1204
-1325
-1462
-1443
-1509
-1442
-1522
-1566
-1661
-1643
-1608
-1647
-1588
-1616
-1536
-1505
-1404
-1356
-1307
-1227
-1134
-1061
-936
-870
-720
-625
-486
-429
-366
-250
-193
-76
5
66
77
85
174
213
263
260
244
250
271
323
318
334
328
322
344
362
365
358
356
369
369
390
376
373
373
414
430
434
448
449
463
483
504
510
508
525
545
560
582
576
572
561
582
582
588
584
575
564
568
588
574
561
551
538
555
572
593
590
589
600
608
643
648
629
605
582
589
597
635
625
598
578
606
612
635
612
593
562
579
566
563
541
510
496
470
493
453
480
481
497
450
433
423
338
203
30
-71
-116
-161
-257
-472
-688
-829
-880
-924
-991
-1199
-1324
-1479
-1396
-1401
-1399
-1544
-1664
-1794
-1724
-1645
-1605
-1651
-1729
-1690
-1644
-1475
-1414
-1383
-1413
-1322
-1224
-1018
-869
-759
-735
-653
-559
-403
-293
-188
-148
-137
-37
29
119
155
183
177
197
252
296
277
298
288
343
380
406
377
331
331
347
383
392
343
307
314
376
421
426
399
344
363
402
453
453
426
413
431
483
519
496
462
415
419
455
489
483
452
436
438
455
462
435
393
367
389
407
432
420
392
388
413
449
464
449
431
441
504
570
583
551
533
531
559
590
596
553
513
527
554
563
531
469
421
401
444
443
427
363
312
291
292
314
259
211
132
116
117
124
104
42
-5
-56
-102
-136
-179
-183
-209
-218
-304
-431
-512
-560
-593
-638
-707
-811
-948
-915
-889
-843
-939
-1018
-1133
-1176
-1093
-1012
-1022
-1080
-1115
-1128
-1068
-1013
-957
-1027
-1018
-1023
-919
-876
-735
-742
-708
-688
-641
-605
-515
-460
-379
-378
-278
-261
-215
-156
-111
-97
-85
-52
-47
-5
73
112
118
112
130
144
154
243
240
266
278
305
324
360
407
402
374
405
417
448
458
496
476
478
496
498
508
517
534
533
535
557
536
543
535
537
544
533
527
506
516
529
533
536
532
524
511
519
520
508
493
469
469
481
508
500
460
438
424
445
456
455
426
399
399
396
410
404
375
344
338
359
356
326
277
241
241
271
306
312
270
223
196
207
221
197
154
75
45
44
88
60
-51
-218
-349
-394
-402
-452
-545
-657
-753
-775
-785
-777
-920
-1027
-1140
-1134
-1091
-1052
-1047
-1110
-1132
-1131
-1118
-1131
-1176
-1162
-1104
-1016
-917
-890
-836
-818
-737
-665
-621
-611
-593
-507
-383
-261
-183
-197
-210
-207
-128
-81
-55
-44
-53
-10
77
173
204
155
124
77
130
183
235
225
218
240
282
317
337
294
251
252
304
353
392
393
374
386
418
442
418
391
368
363
421
457
457
429
425
418
419
427
397
349
343
387
409
427
427
399
376
401
428
425
409
403
411
446
486
479
446
426
425
440
466
458
419
398
410
426
418
404
365
333
332
327
314
267
240
223
225
229
182
140
97
100
124
124
87
9
-37
-42
-19
-2
-32
-77
-141
-144
-156
-145
-170
-220
-238
-266
-254
-272
-297
-309
-337
-331
-357
-410
-434
-472
-480
-506
-531
-568
-644
-664
-687
-658
-656
-683
-736
-774
-731
-692
-659
-683
-728
-744
-730
-652
-601
-594
-616
-640
-617
-556
-499
-460
-488
-466
-440
-358
-303
-261
-245
-247
-209
-192
-137
-122
-84
-69
-18
14
27
18
28
43
81
117
148
136
153
196
237
266
268
253
233
271
324
356
365
352
347
357
407
439
423
411
394
408
448
480
471
447
443
440
452
473
479
469
467
485
493
504
501
486
481
491
505
493
483
479
471
472
465
440
404
405
415
416
403
367
335
333
352
364
340
323
283
272
289
294
277
239
216
193
201
212
188
156
130
130
143
150
139
97
73
58
49
28
2
-21
-65
-81
-102
-127
-157
-183
-193
-209
-214
-231
-286
-320
-338
-359
-366
-384
-411
-477
-517
-531
-518
-508
-536
-581
-626
-650
-652
-637
-617
-645
-688
-722
-715
-686
-658
-648
-679
-706
-684
-654
-595
-595
-598
-624
-618
-562
-531
-506
-509
-528
-505
-483
-408
-392
-366
-363
-348
-314
-276
-252
-229
-203
-157
-130
-104
-100
-89
-46
-7
54
59
81
74
105
153
213
238
232
220
228
265
329
347
356
341
359
393
423
454
440
435
433
453
485
500
501
492
493
512
524
525
517
519
525
540
556
552
553
545
555
565
561
541
524
519
527
532
520
498
468
456
458
458
438
403
377
374
379
382
360
329
288
281
293
289
273
232
198
178
175
162
132
96
63
42
29
25
0
-45
-81
-117
-144
-163
-175
-201
-216
-219
-239
-265
-295
-332
-359
-372
-394
-419
-446
-465
-480
-476
-496
-515
-568
-598
-598
-573
-555
-559
-591
-616
-630
-613
-599
-587
-594
-603
-605
-584
-577
-575
-584
-569
-548
-516
-501
-478
-474
-458
-413
-401
-373
-374
-343
-322
-280
-237
-225
-222
-211
-183
-130
-96
-65
-64
-35
2
49
97
108
119
129
165
222
253
289
295
305
320
342
363
363
387
398
416
440
450
458
466
482
491
493
504
496
497
510
520
519
504
497
482
488
498
502
492
486
474
469
473
472
464
448
441
429
424
411
396
372
354
333
315
296
282
258
237
232
218
200
175
154
131
124
118
92
71
39
19
-5
-16
-35
-61
-80
-97
-109
-113
-130
-158
-178
-192
-199
-212
-217
-233
-240
-243
-249
-256
-276
-287
-302
-306
-310
-320
-347
-375
-395
-396
-394
-392
-404
-427
-438
-445
-438
-439
-441
-452
-454
-440
-434
-424
-434
-458
-474
-473
-441
-418
-410
-408
-408
-398
-374
-356
-346
-348
-347
-338
-301
-275
-254
-245
-242
-238
-237
-221
-212
-199
-173
-145
-114
-98
-79
-67
-53
-41
-29
-13
18
48
86
101
121
115
121
139
163
187
212
233
251
269
290
298
306
315
322
338
352
379
395
411
410
414
418
422
428
427
437
446
451
455
449
442
425
415
405
399
396
396
387
387
388
381
361
343
325
318
316
314
310
294
284
264
248
235
209
184
159
142
129
114
97
70
43
23
7
-11
-36
-61
-78
-87
-95
-108
-122
-144
-150
-168
-179
-195
-207
-218
-230
-228
-233
-236
-249
-269
-279
-286
-290
-289
-291
-293
-301
-306
-303
-310
-315
-311
-307
-309
-303
-300
-297
-292
-287
-292
-283
-277
-268
-261
-250
-236
-234
-226
-210
-198
-194
-188
-176
-151
-128
-101
-81
-64
-58
-46
-41
-16
-2
9
18
25
39
53
82
88
86
79
84
96
111
123
125
111
113
114
123
126
111
97
89
89
86
87
79
71
66
70
59
56
43
46
45
53
57
52
45
43
46
52
57
54
48
46
50
55
68
66
71
69
74
77
80
79
72
73
81
87
96
95
97
90
90
96
91
87
80
84
89
94
88
76
65
57
51
52
43
29
24
24
20
18
10
3
-7
-12
-19
-27
-33
-38
-47
-49
-54
-66
-83
-96
-96
-98
-96
-100
-106
-111
-106
-104
-98
-103
-114
-117
-113
-101
-87
-85
-90
-85
-75
-67
-61
-59
-59
-56
-51
-37
-28
-28
-25
-23
-8
6
11
9
0
1
3
19
30
34
33
31
36
36
43
46
40
56
66
78
93
90
90
90
103
109
117
122
127
139
157
171
169
174
169
164
165
173
177
181
187
191
191
185
183
175
170
167
158
157
150
139
135
110
86
69
48
34
19
-1
-14
-35
-57
-67
-82
-94
-110
-129
-146
-159
-169
-181
-192
-210
-222
-239
-254
-264
-274
-280
-288
-289
-287
-288
-296
-295
-296
-292
-287
-289
-281
-282
-272
-256
-251
-241
-239
-230
-231
-226
-213
-202
-190
-178
-167
-157
-144
-131
-119
-101
-88
-73
-56
-43
-29
-19
-9
2
8
13
19
26
45
57
71
83
93
98
99
103
115
122
131
135
139
145
149
153
153
154
154
157
165
170
173
178
180
194
202
205
208
203
200
200
202
202
208
207
208
215
216
213
207
204
201
203
201
192
192
193
184
185
185
184
181
179
172
171
173
174
173
168
165
168
167
169
171
174
182
180
180
185
187
189
191
196
197
198
194
189
190
186
176
166
156
146
136
129
118
100
86
71
56
34
19
1
-32
-51
-81
-109
-134
-163
-186
-212
-236
-260
-285
-305
-330
-354
-366
-382
-401
-415
-429
-438
-447
-447
-456
-464
-470
-476
-484
-487
-488
-486
-478
-478
-478
-481
-471
-463
-457
-444
-437
-429
-417
-404
-387
-372
-355
-348
-336
-318
-299
-286
-270
-252
-231
-208
-194
-176
-163
-144
-127
-105
-83
-65
-44
-23
-1
17
39
51
66
81
99
126
143
159
171
187
215
237
257
275
288
304
327
349
362
375
383
387
400
409
413
417
424
427
427
431
430
423
418
412
400
387
381
366
354
347
334
316
294
276
255
238
228
212
196
184
168
154
144
135
124
110
100
86
83
78
73
65
56
43
29
27
29
28
28
40
38
40
44
38
37
33
35
33
28
29
24
24
23
17
8
-7
-18
-25
-32
-38
-51
-66
-81
-90
-97
-113
-130
-154
-169
-180
-194
-204
-218
-230
-242
-255
-265
-272
-275
-280
-290
-290
-294
-297
-296
-291
-280
-269
-266
-261
-257
-242
-228
-217
-205
-197
-185
-167
-149
-126
-109
-96
-82
-68
-56
-39
-26
-21
-8
-1
2
9
18
19
18
21
24
25
28
29
26
26
21
18
16
13
14
15
13
19
20
22
29
33
37
42
47
52
61
70
79
84
94
103
113
119
124
128
130
140
146
153
166
172
177
177
174
175
174
175
167
158
151
141
133
124
111
98
80
60
44
35
29
23
10
-4
-17
-26
-33
-38
-44
-46
-45
-42
-45
-50
-54
-53
-52
-52
-45
-44
-37
-31
-22
-13
-6
1
5
7
9
12
14
24
31
33
36
36
37
35
33
34
36
36
35
40
30
30
27
20
19
10
3
-4
-9
-16
-20
-28
-42
-41
-47
-54
-62
-74
-81
-86
-88
-89
-93
-94
-99
-105
-106
-111
-112
-115
-118
-117
-117
-119
-122
-130
-128
-129
-131
-132
-132
-130
-125
-120
-118
-111
-111
-107
-100
-96
-95
-89
-81
-67
-53
-44
-35
-28
-21
-11
2
9
22
29
28
38
44
46
52
59
62
70
76
79
79
72
75
72
78
83
76
74
74
74
74
70
66
63
65
68
69
75
75
77
80
83
82
84
83
77
80
83
80
79
83
82
75
74
65
61
61
65
69
66
66
64
60
59
56
49
41
33
36
40
36
38
36
32
33
37
33
29
36
33
33
41
50
48
42
37
30
27
32
29
29
33
33
36
33
37
38
37
34
37
43
47
47
46
46
47
45
39
31
24
22
15
15
14
3
3
-4
-14
-26
-40
-49
-66
-72
-73
-82
-92
-99
-107
-124
-126
-135
-144
-149
-150
-153
-159
-164
-169
-175
-170
-159
-161
-162
-156
-149
-145
-132
-133
-128
-124
-120
-111
-99
-93
-87
-75
-63
-49
-41
-39
-36
-32
-17
-7
2
11
16
21
26
36
38
44
47
55
60
61
60
56
59
57
58
60
48
45
39
31
33
29
24
24
21
19
11
5
-4
-5
-8
-13
-13
-20
-27
-24
-24
-29
-30
-26
-25
-24
-25
-24
-25
-27
-28
-24
-24
-21
-23
-24
-24
-25
-21
-19
-19
-16
-13
-14
-8
-2
3
4
7
9
13
16
17
27
33
37
38
41
40
39
39
41
39
33
38
38
44
47
43
47
47
52
59
66
67
66
73
77
86
90
92
90
94
95
91
89
87
87
82
79
69
63
57
47
40
35
33
27
21
9
5
1
-4
-11
-12
-16
-20
-24
-26
-31
-35
-35
-38
-40
-43
-39
-37
-35
-33
-32
-30
-29
-24
-21
-18
-11
-14
-5
0
7
13
22
26
29
39
46
55
60
61
59
64
65
68
69
73
72
71
74
75
73
81
83
81
80
79
80
81
83
79
76
74
71
74
75
72
77
68
69
71
70
68
69
66
66
65
56
51
48
47
41
36
29
18
5
-9
-19
-27
-37
-51
-58
-63
-78
-87
-91
-102
-114
-121
-134
-143
-154
-164
-175
-183
-185
-188
-198
-207
-213
-215
-219
-221
-221
-219
-212
-210
-212
-210
-214
-213
-207
-201
-197
-194
-190
-182
-179
-178
-175
-175
-168
-162
-156
-153
-144
-138
-129
-119
-108
-100
-100
-92
-85
-77
-67
-62
-56
-50
-48
-46
-42
-38
-30
-23
-14
-11
-2
4
4
11
16
22
29
37
45
54
60
71
73
77
88
98
107
110
114
119
123
127
140
147
148
148
147
153
156
161
163
168
170
173
177
174
175
175
180
188
195
194
191
190
189
191
193
194
196
190
191
189
187
176
176
172
162
156
149
138
129
126
118
115
110
105
94
86
83
76
70
63
54
49
41
35
25
20
14
9
5
3
-9
-13
-22
-26
-39
-45
-45
-59
-62
-65
-68
-69
-71
-70
-70
-71
-70
-75
-77
-75
-73
-64
-62
-66
-66
-66
-67
-65
-65
-65
-64
-62
-63
-64
-73
-75
-82
-85
-86
-92
-96
-101
-106
-114
-119
-121
-121
-122
-123
-124
-120
-120
-119
-114
-110
-101
-94
-90
-90
-87
-80
-75
-67
-61
-58
-52
-51
-49
-49
-46
-34
-29
-26
-25
-25
-23
-24
-24
-25
-23
-16
-16
-19
-22
-16
-15
-18
-19
-14
-14
-14
-11
-12
-5
-2
3
3
6
7
10
15
21
24
30
38
37
42
40
38
46
46
48
50
54
55
47
49
47
47
46
48
47
44
45
43
43
39
43
42
43
43
41
42
41
44
44
45
40
41
43
32
28
25
23
23
18
13
11
5
1
-3
-6
-4
-6
-7
-11
-14
-14
-13
-8
-5
-1
-1
1
3
8
12
16
23
31
36
32
28
28
27
22
20
17
18
11
7
3
-8
-12
-16
-23
-29
-36
-40
-47
-53
-58
-60
-62
-64
-62
-62
-66
-67
-66
-66
-66
-63
-66
-62
-61
-58
-51
-45
-42
-39
-33
-28
-22
-21
-17
-14
-4
0
6
12
14
12
18
22
26
30
38
41
42
47
45
53
56
59
67
65
66
63
73
74
74
79
80
84
83
83
81
78
78
80
79
73
70
67
62
59
64
61
59
56
52
52
41
36
38
38
33
34
30
26
22
22
19
14
17
11
7
7
7
4
5
9
10
11
10
5
0
-2
-2
-4
-4
-4
-11
-14
-23
-24
-25
-25
-31
-29
-35
-38
-43
-50
-48
-50
-49
-53
-54
-61
-67
-61
-61
-65
-62
-63
-61
-55
-53
-52
-53
-46
-43
-40
-37
-39
-38
-36
-35
-33
-31
-34
-29
-28
-30
-24
-24
-26
-27
-24
-20
-20
-25
-21
-22
-32
-29
-25
-22
-29
-29
-30
-34
-30
-32
-36
-26
-25
-32
-29
-28
-29
-28
-26
-28
-22
-23
-24
-26
-29
-26
-27
-24
-24
-19
-15
-16
-16
-18
-16
-11
-7
0
3
4
5
10
13
16
22
28
32
30
31
31
37
37
42
45
50
45
35
35
33
28
30
26
22
18
10
3
-2
-3
-8
-8
-10
-9
-10
-14
-17
-16
-9
-7
-6
-2
2
4
7
8
6
7
12
20
20
21
16
16
16
16
22
18
21
16
13
12
10
14
10
7
8
6
2
4
5
5
9
12
13
10
10
8
13
14
13
18
28
24
25
29
30
33
31
35
38
38
36
37
35
38
38
40
38
35
30
24
23
17
14
15
13
8
2
-4
-3
-5
-5
-6
-15
-15
-17
-17
-19
-16
-16
-19
-15
-13
-18
-21
-18
-17
-16
-18
-14
-18
-19
-24
-25
-24
-21
-17
-17
-16
-23
-29
-29
-27
-26
-23
-21
-17
-19
-21
-18
-19
-15
-9
-10
-10
-8
-14
-18
-20
-13
-11
-6
-1
-5
0
-4
-6
-9
-5
-4
-4
1
1
2
1
0
2
8
13
13
15
16
11
15
20
20
23
24
21
19
15
12
16
18
21
20
13
10
9
8
8
12
12
12
9
5
5
4
4
4
6
4
7
3
-1
2
0
0
4
5
2
0
-8
-10
-6
-5
-4
-1
0
-1
-6
-10
-9
-16
-13
-14
-20
-25
-30
-33
-37
-35
-34
-35
-36
-37
-41
-44
-51
-52
-47
-49
-47
-47
-44
-46
-46
-45
-42
-35
-32
-30
-26
-24
-23
-21
-17
-16
-6
-1
-6
-6
-6
-1
5
8
10
6
11
17
15
14
18
22
30
34
32
32
34
36
40
38
41
44
45
45
44
47
50
49
53
56
56
54
54
51
49
52
54
53
48
47
43
34
35
36
32
28
25
24
23
15
18
17
12
14
16
16
7
6
4
3
8
9
13
16
8
9
9
9
12
10
11
12
15
12
6
6
5
6
10
7
1
-4
-3
-6
-14
-16
-17
-18
-19
-23
-23
-26
-29
-34
-36
-32
-31
-35
-33
-35
-41
-38
-34
-31
-26
-26
-26
-26
-26
-25
-19
-16
-11
-9
-12
-9
-10
-4
-1
4
9
10
11
15
16
13
18
16
20
24
21
23
18
19
20
22
19
17
16
15
14
13
9
7
12
19
18
16
19
13
10
15
20
20
21
21
20
19
20
20
22
27
27
26
21
17
18
15
15
16
12
4
-3
-1
-5
-11
-13
-11
-10
-10
-13
-20
-24
-26
-23
-22
-22
-25
-29
-34
-32
-35
-35
-34
-32
-34
-38
-41
-44
-44
-42
-43
-38
-37
-36
-44
-46
-41
-44
-38
-39
-33
-31
-31
-32
-35
-33
-27
-28
-26
-20
-26
-26
-28
-27
-23
-22
-20
-18
-19
-22
-18
-22
-21
-18
-17
-13
-13
-11
-10
-6
-3
-1
3
-1
7
4
3
5
2
4
5
8
10
6
8
11
9
16
15
13
13
9
6
2
6
7
10
9
4
7
7
4
-1
2
6
8
6
3
3
-1
0
0
1
0
-2
-2
2
-3
-6
0
-2
4
7
9
7
8
11
12
16
19
18
18
20
17
25
24
26
27
21
24
25
27
24
27
27
30
30
28
30
23
24
23
17
14
16
18
14
9
3
0
4
4
3
5
1
-8
-13
-16
-10
-11
-10
-10
-14
-16
-22
-21
-20
-16
-13
-17
-15
-21
-22
-21
-18
-13
-12
-9
-12
-13
-12
-13
-13
-8
-12
-9
-12
-12
-11
-12
-9
-9
-3
-3
-8
-11
-7
-5
-5
-4
-6
-1
3
3
4
0
-1
-5
0
7
5
6
4
5
9
12
13
17
21
25
26
25
29
31
33
34
39
44
44
45
44
48
48
49
52
50
49
46
43
41
36
35
28
28
29
21
16
11
7
5
1
-5
-7
-5
-6
-4
-9
-4
0
-4
-2
1
1
0
3
7
13
14
14
19
15
17
13
11
15
9
12
8
7
11
0
-5
-5
-10
-14
-15
-20
-18
-21
-26
-35
-35
-33
-39
-42
-45
-45
-48
-46
-48
-47
-50
-50
-54
-52
-52
-53
-53
-54
-50
-52
-52
-51
-48
-45
-42
-42
-38
-36
-32
-33
-32
-25
-28
-23
-22
-23
-17
-17
-15
-12
-5
-4
-7
-2
-2
0
-1
0
5
9
15
14
16
12
19
19
21
26
21
20
22
27
28
30
27
27
24
28
29
25
26
20
24
26
23
24
22
21
22
25
25
22
23
21
24
22
24
26
24
28
29
21
20
20
18
20
19
17
16
12
11
11
9
11
10
12
12
13
13
14
11
7
9
13
12
8
12
12
13
13
12
13
11
11
10
14
10
12
8
7
9
9
11
7
3
-3
0
1
2
2
-1
0
2
-4
-2
-4
-3
-3
1
0
-8
-8
-7
-4
-3
-4
-4
0
-8
-4
-4
-5
-4
-1
0
-3
-4
-1
4
4
2
3
8
7
3
3
5
4
8
8
6
6
5
6
5
7
9
12
14
13
9
9
4
5
9
6
14
15
13
13
10
12
11
12
13
11
6
3
-2
0
-2
-5
-7
-3
-6
-9
-11
-11
-10
-11
-14
-15
-11
-9
-13
-15
-11
-12
-11
-12
-7
-9
-13
-20
-18
-11
-12
-16
-20
-20
-19
-21
-21
-23
-23
-22
-23
-25
-29
-34
-31
-30
-29
-30
-32
-35
-32
-26
-30
-32
-26
-27
-27
-22
-22
-23
-22
-22
-23
-17
-13
-12
-9
-8
-6
-5
-2
-1
4
0
-2
0
3
-1
0
-3
-6
-5
-9
-9
-17
-15
-19
-17
-20
-18
-20
-21
-22
-23
-24
-20
-14
-19
-13
-16
-12
-14
-14
-11
-7
-9
-7
-4
-8
-8
-4
-4
-5
-2
-7
-12
-14
-16
-8
-10
-11
-10
-10
-11
-14
-12
-11
-9
-6
-4
-5
-3
-7
-1
-3
0
5
3
3
6
6
9
14
12
14
11
17
15
10
11
10
12
18
18
17
15
13
18
15
15
17
21
23
24
25
21
22
23
28
30
28
25
25
25
22
24
26
24
24
25
28
25
27
29
29
32
28
33
33
30
30
28
26
25
24
23
23
25
17
13
14
9
6
6
7
4
3
-3
-2
1
-2
0
-5
-8
-9
-9
-9
-9
-4
-4
1
2
1
-2
1
4
3
6
9
7
7
8
4
9
16
14
15
14
14
12
10
10
7
9
9
5
4
7
3
1
4
5
5
6
3
1
1
-1
0
1
-2
-3
-2
-3
0
0
-2
-1
1
3
6
6
4
2
0
1
2
1
3
0
-3
-3
-7
-8
-11
-14
-15
-18
-18
-20
-24
-25
-25
-26
-27
-28
-37
-39
-39
-41
-34
-37
-31
-34
-36
-38
-35
-29
-31
-27
-27
-26
-26
-27
-25
-19
-15
-15
-15
-13
-10
-7
-3
0
0
0
3
4
5
6
7
10
10
13
13
12
10
8
10
14
12
15
16
14
16
17
14
15
18
21
18
18
20
19
18
21
28
28
27
30
29
23
23
25
24
24
23
22
20
18
15
12
16
14
9
10
0
1
-1
-1
-1
0
4
2
-3
-4
-6
-9
-6
-4
-3
-4
-1
-5
-6
-9
-8
-7
-5
-8
-11
-7
-9
-10
-10
-10
-9
-12
-10
-12
-14
-17
-16
-15
-11
-10
-14
-14
-16
-13
-17
-14
-14
-15
-11
-14
-13
-13
-11
-10
-13
-5
-9
-9
-10
-9
-9
-11
-4
-2
0
-1
-1
1
1
1
9
5
3
5
5
4
6
8
6
4
8
7
5
-2
1
0
-1
4
5
2
0
1
-2
-5
-2
-4
-7
0
-3
-4
-7
-2
-1
-2
3
6
5
1
3
2
1
1
1
9
10
10
8
7
6
15
16
11
12
9
7
4
11
6
8
4
4
1
0
-3
-8
-5
-6
-6
-12
-10
-6
-10
-15
-11
-11
-12
-10
-11
-10
-15
-13
-14
-12
-8
-7
-6
-6
-5
-7
-2
1
3
4
3
3
3
5
4
4
6
13
9
16
11
12
13
12
16
15
13
16
18
18
20
21
23
20
20
18
15
12
14
14
11
13
17
15
17
17
14
17
19
16
22
21
23
23
22
28
30
35
37
36
38
36
38
40
40
39
38
39
34
33
32
26
26
25
24
19
14
6
4
-1
-5
-5
-8
-11
-16
-14
-20
-23
-23
-23
-28
-32
-32
-36
-34
-32
-35
-37
-38
-40
-45
-46
-39
-40
-36
-40
-40
-38
-34
-32
-36
-34
-37
-37
-36
-39
-36
-36
-38
-34
-36
-35
-34
-36
-38
-38
-41
-42
-40
-37
-29
-36
-33
-33
-32
-27
-33
-26
-22
-21
-19
-19
-16
-20
-14
-12
-8
-7
-6
-3
-2
0
-1
3
2
2
6
9
9
13
14
14
18
16
17
15
16
16
19
21
19
16
20
21
20
25
24
26
28
27
20
19
19
21
24
21
25
23
21
24
25
18
18
20
16
21
21
20
23
23
20
22
20
20
18
15
14
12
15
14
14
12
11
8
7
12
9
9
11
12
12
12
13
9
10
6
8
9
5
5
6
5
5
3
7
9
6
2
1
4
3
-1
0
1
2
0
1
1
0
4
0
1
4
2
8
6
4
5
6
7
6
8
10
8
4
8
12
11
10
5
6
11
9
9
9
7
4
6
5
0
0
1
-1
0
2
-6
-7
-8
-11
-8
-10
-12
-18
-17
-14
-16
-16
-16
-19
-19
-27
-23
-20
-21
-22
-25
-27
-25
-24
-25
-25
-26
-22
-25
-26
-27
-28
-26
-25
-21
-22
-24
-28
-29
-29
-29
-22
-19
-18
-14
-15
-16
-20
-17
-11
-10
-8
-9
-8
-10
-9
-9
-9
-9
-6
-6
-6
-1
-3
0
-1
-2
2
1
3
8
6
6
8
7
8
11
11
11
6
6
10
11
12
12
13
14
10
10
7
8
7
11
14
15
18
15
12
13
16
14
11
12
12
8
6
8
10
13
14
10
7
7
12
9
8
9
10
10
7
11
12
7
9
13
14
14
10
12
11
16
20
16
17
16
16
10
10
14
14
15
9
8
16
12
5
10
10
15
14
12
12
12
8
10
8
10
9
6
13
12
14
9
8
8
9
11
10
4
4
7
9
12
7
7
7
7
6
5
4
4
7
9
9
8
6
10
6
2
0
3
1
0
0
5
2
-3
-3
-7
-4
-7
-7
-4
-4
-2
-4
-2
-3
-4
-7
-10
-9
-14
-13
-14
-15
-16
-9
-18
-19
-15
-14
-13
-21
-20
-20
-19
-19
-22
