SAMPLES:	16090
BITSPERSAMPLE:	16
CHANNELS:	1
SAMPLERATE:	16000
NORMALIZED:	FALSE
21
22
28
23
21
19
11
14
10
13
16
12
8
5
2
-1
3
4
4
-1
-9
-12
-18
-20
-24
-16
-18
-17
-11
-8
0
-1
7
11
9
16
10
12
10
4
9
9
11
10
11
12
10
10
6
5
-2
-8
-10
-12
-1
-4
-3
0
-8
-8
-5
-5
-6
-7
-12
-13
-8
-15
-17
-15
-15
-12
-11
-7
-9
-9
-8
6
13
15
18
18
21
11
11
9
5
4
4
6
14
14
20
24
26
30
26
26
21
11
6
-2
-3
-9
-12
-11
-13
-17
-24
-31
-44
-54
-57
-54
-44
-44
-35
-25
-19
-12
-11
-6
-3
-1
-4
-5
-1
-8
-4
-1
1
9
10
11
7
2
-10
-8
-6
-8
-2
-4
-4
-9
-3
4
6
11
13
16
15
14
17
18
14
12
19
21
24
20
17
13
9
4
-4
-10
-10
-11
-3
2
1
-4
-8
-5
-1
-3
-7
-5
-9
-9
-1
-7
-9
-10
-16
-14
-11
-4
-5
-1
-5
-6
-6
-13
-10
-7
-5
0
-1
-1
7
13
24
25
21
13
12
7
10
14
12
13
13
13
8
12
11
11
13
18
22
20
20
17
17
14
15
17
12
9
11
6
6
7
10
13
11
9
11
10
7
9
10
9
4
-7
-8
-19
-20
-27
-22
-19
-22
-21
-31
-37
-40
-33
-34
-33
-24
-28
-22
-24
-24
-17
-16
-11
-5
4
7
8
12
4
8
11
16
23
17
22
17
17
19
15
14
8
5
-3
-9
-6
-4
-8
-10
-10
-10
-12
-13
-22
-26
-26
-32
-29
-21
-13
-6
-1
4
8
8
12
13
11
13
7
2
1
-1
2
2
1
-1
3
7
-1
-4
-8
-13
-19
-23
-16
-16
-12
-18
-11
-6
-8
-3
0
9
12
13
14
15
17
15
21
26
25
26
20
18
16
13
15
16
16
18
12
15
12
12
10
14
23
22
23
12
8
6
-3
-6
2
8
11
8
1
2
3
2
-4
-1
-1
-1
4
11
18
17
20
20
21
18
10
-5
-14
-21
-27
-27
-22
-15
-8
-13
-13
-11
-17
-16
-18
-13
-13
-19
-21
-22
-21
-22
-26
-25
-20
-10
-8
-12
-9
-5
-5
-4
-3
4
7
3
0
-3
-1
-4
-6
-4
-12
-15
-21
-23
-17
-24
-20
-20
-11
-11
-12
-2
1
6
2
2
4
7
14
14
14
16
9
6
6
6
11
8
12
14
9
5
3
10
7
2
-7
-16
-27
-32
-22
-23
-21
-16
-15
-8
-1
9
14
15
17
21
25
27
28
24
20
11
3
0
4
1
-2
-1
-2
2
-4
0
6
5
11
12
20
20
19
26
22
21
12
2
3
3
1
4
8
10
9
11
10
16
19
15
16
10
5
4
7
4
8
1
-2
3
-10
-8
-12
-16
-17
-11
-4
-5
4
2
4
-1
-8
-6
-14
-21
-27
-27
-27
-24
-20
-14
-5
-7
-6
-6
-6
-10
-15
-15
-24
-19
-18
-17
-4
-1
9
11
15
17
10
9
1
-6
-12
-11
-3
-5
0
5
-1
7
8
9
9
10
8
5
5
1
2
1
5
2
4
17
20
26
27
32
30
31
28
26
16
7
8
2
-1
1
-10
-1
-5
-2
-2
-1
2
-21
-11
-20
-20
-20
-24
-10
-6
-2
-3
3
6
-2
0
-2
-6
-5
-8
-11
-15
-14
-15
-10
-3
-1
6
5
6
3
0
-1
-2
-3
-1
-1
-5
-6
-7
-11
-9
-2
0
0
-6
-5
-2
-6
-2
-1
4
7
9
5
6
-2
-2
2
-5
-1
-5
-4
-2
5
6
4
9
5
3
2
0
2
-3
-1
3
3
6
1
1
0
-2
0
-6
-13
-14
-19
-19
-24
-25
-25
-20
-11
-12
-3
8
15
20
18
18
18
7
5
10
1
7
9
4
6
5
0
-4
-2
-8
-6
-2
-8
0
1
2
4
-5
3
0
-3
-5
-8
-6
-19
-13
-9
-7
1
-8
0
-3
-5
4
2
1
0
0
-4
0
5
-4
-1
-1
1
0
0
4
1
8
4
3
8
2
0
-3
1
-2
-5
-1
3
9
10
15
15
12
17
10
11
11
10
12
14
15
12
13
5
3
0
-6
-6
-1
-2
-4
0
-1
2
4
6
6
5
9
11
9
7
1
2
3
-1
-1
3
-4
0
1
4
2
1
7
5
7
9
4
5
3
-4
-1
-2
0
0
2
1
6
10
10
23
26
29
29
18
18
13
0
-4
-9
-9
-4
-6
0
2
3
5
10
15
12
10
1
-3
-6
-14
-13
-23
-25
-25
-25
-26
-25
-25
-28
-28
-26
-30
-26
-27
-26
-22
-19
-18
-15
-11
-3
1
8
9
8
0
-3
-6
-6
-9
-12
-7
-13
-8
-10
-10
-8
-15
-7
-5
-4
-3
-1
-1
2
6
1
1
-3
-8
-11
-13
-10
-6
2
6
15
17
22
23
21
17
8
8
-1
-5
-6
-3
-3
-3
1
4
4
2
2
4
7
3
-4
-3
-5
-4
-7
-7
-4
-7
-5
-5
1
3
4
5
10
18
16
18
17
10
13
8
1
-4
-5
-7
-5
0
-2
4
2
3
10
10
14
14
12
13
7
5
6
7
13
15
19
16
16
18
14
12
12
17
17
14
11
16
17
9
11
6
8
7
-2
1
0
0
-4
-9
-8
-6
-10
-5
0
5
1
0
0
-4
-2
-3
-5
0
1
-2
1
-1
2
-1
1
0
-1
-1
-3
-1
-7
-9
-6
-8
-7
-1
-4
-10
-13
-16
-16
-19
-22
-15
-13
-6
-5
-6
-4
-6
2
-3
-2
2
-2
2
-1
-3
-3
-3
-5
-4
-1
-6
-4
-5
-9
-13
-16
-14
-16
-17
-13
-14
-5
-10
-12
-8
-13
-10
-14
-9
-2
-6
-3
-1
0
1
2
4
5
3
3
5
7
2
3
3
4
2
-6
-7
-5
3
3
6
8
9
4
2
1
-3
-2
-8
-7
-11
-11
-4
0
3
3
9
13
9
14
7
5
3
-4
-2
0
0
0
5
2
-4
-5
0
3
-1
3
6
7
9
6
9
5
-1
-1
-7
-9
-9
-15
-10
-14
-14
-16
-10
-6
-3
4
5
12
13
12
20
20
19
19
15
15
11
9
15
14
16
15
13
10
7
5
-2
-7
-11
-14
-13
-15
-10
-4
-4
0
0
3
10
14
16
19
19
20
20
21
24
22
18
20
15
11
11
6
7
8
5
5
2
-2
-6
-10
-11
-12
-13
-14
-17
-8
-6
-4
2
6
5
6
11
11
7
4
4
1
0
-2
-2
-8
-12
-18
-19
-21
-22
-19
-22
-12
-15
-10
-8
-17
-10
-11
-10
-7
-3
0
1
4
10
17
15
14
14
17
16
14
9
4
2
-6
-6
-7
-6
-8
-13
-13
-13
-11
-13
-16
-6
-4
-8
-8
-8
-8
-8
-8
-10
-11
-8
-10
-10
-12
-12
-18
-20
-14
-17
-17
-12
-13
-5
2
-1
7
9
9
11
13
12
7
1
-3
-3
-4
-3
-4
-9
-11
-13
-16
-12
-10
-10
-7
-10
-14
-11
-9
-8
-5
-3
-2
2
12
12
13
16
15
20
24
28
22
17
16
10
15
15
20
14
12
12
4
4
0
-7
-7
-15
-11
-4
-2
0
2
2
6
8
12
13
20
22
18
17
20
20
13
12
17
15
16
8
-1
-8
-8
-7
-7
-6
-7
-5
-7
-10
-3
-1
6
11
12
18
18
18
18
17
14
14
17
11
6
4
-10
-12
-15
-20
-20
-27
-26
-28
-30
-25
-22
-15
-11
-10
-7
-2
3
1
2
-2
-5
-2
-1
2
8
7
2
4
0
-3
-4
3
7
6
1
0
5
7
6
10
10
15
12
15
13
6
11
2
0
0
-3
-7
-11
-17
-22
-24
-22
-25
-24
-21
-24
-16
-18
-15
-18
-18
-14
-11
-9
-9
-2
-3
5
3
8
10
7
13
11
9
13
10
6
7
9
9
8
3
2
-3
-8
-8
-7
-7
-10
-11
-7
-4
-3
-1
2
2
2
6
3
8
10
8
10
9
16
11
9
3
5
1
-7
-5
-10
-3
-9
-6
-8
-14
-20
-19
-11
-6
-1
0
9
13
17
16
15
16
9
7
0
0
-5
-7
-6
-9
-10
-8
-13
-10
-13
-16
-13
-12
-4
-5
-3
1
3
3
4
8
5
13
13
5
14
13
17
19
12
10
9
3
4
5
4
10
8
13
17
17
14
10
14
6
7
3
3
5
0
2
-2
-4
-4
-8
-11
-11
-9
-13
-10
-9
-7
-8
-7
0
-1
0
1
1
3
8
10
7
10
12
10
12
1
4
3
-6
-6
-9
-1
-7
-4
-4
-6
3
-3
0
0
4
6
4
4
-2
-1
-5
-5
-3
-7
-1
3
2
3
5
4
4
2
-2
0
-2
-5
-5
-6
-6
-4
-3
0
-4
-3
-10
-10
-9
-13
-11
-14
-13
-17
-13
-13
-12
-9
-6
-8
-5
1
4
3
5
8
4
2
-1
4
-2
-1
-2
-7
-6
-10
-10
-16
-13
-14
-11
-7
-5
6
2
10
13
10
10
8
5
2
6
6
8
10
9
7
6
5
4
4
2
3
2
3
5
8
14
18
18
19
12
14
9
10
3
2
3
0
4
4
6
3
-2
2
7
2
2
1
5
6
-1
-4
-6
-10
-15
-17
-17
-13
-16
-12
-14
-9
-6
-13
-14
-19
-12
-10
-13
-7
-5
-7
-6
2
5
8
14
10
13
20
14
17
17
16
12
5
3
-3
0
-5
-6
-1
-7
-5
-4
-1
2
-2
-4
-5
-6
-7
-10
-8
-4
-6
-6
-1
-1
0
2
2
3
9
5
1
7
5
4
1
1
1
-1
1
-1
-1
3
2
4
4
3
6
4
4
3
3
0
2
2
3
4
0
5
2
3
5
4
5
8
7
2
5
6
2
2
0
-1
-5
-4
-4
-4
-5
-9
-5
-7
-4
-6
-5
-7
-7
-4
-3
1
0
3
2
-2
-2
-2
-5
-4
-4
0
2
1
4
1
6
4
-1
3
2
0
-6
-5
-6
-6
-7
-7
-9
-7
-7
-6
-4
-2
1
4
3
2
4
5
4
5
4
7
6
8
8
11
14
9
8
8
5
-1
-6
-6
-8
-12
-15
-17
-15
-14
-11
-13
-13
-9
-6
-4
-5
-1
-1
1
2
4
3
3
6
2
6
7
5
5
8
11
5
2
4
-3
-5
-7
-6
-6
-9
-7
-9
-6
-5
-5
-2
-1
2
4
6
5
4
3
5
3
6
6
8
10
7
6
8
11
5
9
7
4
1
4
0
-6
-5
-3
1
-2
-1
3
-1
-6
-4
-4
-5
-5
-3
-4
-3
-2
-2
1
-1
0
-1
5
2
-2
2
2
3
5
2
6
5
6
7
3
0
1
1
-1
-5
-5
-4
-6
-4
-5
-5
-4
-7
-2
-2
-4
2
2
7
11
13
16
17
19
17
15
14
9
9
7
8
8
6
7
4
4
-3
-4
-14
-17
-15
-23
-21
-23
-19
-19
-12
-7
-2
2
3
7
9
7
5
2
1
4
4
1
2
4
5
2
2
3
1
-5
-8
-11
-9
-7
-9
-7
-2
1
-4
2
1
-4
-1
-2
7
3
5
11
8
7
4
6
1
0
-3
-3
-5
-10
-16
-14
-14
-12
-8
-7
-1
-3
-1
0
-1
3
5
7
6
6
6
9
5
4
3
0
1
-3
-5
-5
-7
-9
-9
-6
-1
2
2
0
0
-1
-8
-11
-11
-7
-7
-4
-7
-8
-5
-11
-8
-10
-12
-15
-13
-13
-15
-11
-11
-9
-2
0
2
1
1
7
-2
4
6
9
15
13
18
20
21
17
18
19
9
3
2
1
2
2
1
7
4
3
3
3
7
4
3
3
9
11
12
12
12
20
21
18
18
16
13
17
15
10
13
9
8
6
6
3
-3
-4
-11
-14
-13
-14
-15
-12
-3
-3
-1
8
6
3
5
7
8
3
1
-2
-7
0
0
3
-1
1
-4
-5
-6
-11
-15
-20
-17
-18
-14
-13
-14
-10
-11
-8
-6
-8
-2
-3
1
2
4
5
10
16
18
18
19
12
5
2
-1
3
-4
-6
-6
-8
0
-1
3
7
8
14
9
7
-1
-4
-4
-5
-3
-2
0
2
4
-1
-6
-8
-6
-7
-7
-4
-8
-6
-2
-4
-1
-2
-8
-9
-9
-10
-9
-14
-14
-13
-11
-4
-7
-2
-4
-4
-9
-14
-12
-21
-19
-16
-13
-11
-9
-7
-6
-3
0
1
1
-1
-2
-3
-5
-2
-4
3
7
8
10
5
4
1
0
-4
-8
-9
-7
-7
-11
-4
-2
2
5
3
7
9
8
8
9
12
10
6
12
13
16
21
21
19
20
13
7
15
13
8
6
5
7
5
2
-2
4
3
-2
-5
-8
-11
-15
-15
-15
-8
-9
-9
-8
-5
1
1
2
7
8
8
11
12
15
14
9
4
2
-3
-6
-11
-9
-5
-6
-1
6
11
14
15
13
12
9
6
1
-3
-3
5
3
11
11
7
8
-5
-3
1
-2
1
-1
1
-3
-5
-4
-4
-7
-11
-10
-12
-10
-11
-13
-5
-1
1
6
11
13
19
16
14
14
13
9
4
8
5
1
0
-4
-8
-10
-11
-8
-9
-7
-4
-1
-3
0
1
1
7
7
8
6
2
-2
-1
-3
-5
-6
-7
-4
-4
-1
4
6
7
6
4
2
0
1
0
1
-4
-4
-6
-5
-5
-8
-8
-14
-14
-9
-6
-3
1
-3
1
2
-3
-3
-8
-11
-5
-4
-5
-9
-8
-13
-11
-11
-8
1
-3
3
4
1
2
-6
-5
-10
-9
-13
-18
-16
-20
-20
-19
-16
-12
-9
-9
-5
-10
-4
-8
-9
-5
-2
4
2
3
3
12
13
15
16
12
19
21
23
28
25
23
18
14
13
8
0
-1
2
-2
2
1
-3
-4
-3
-8
-12
-13
-14
-13
-7
-3
2
2
3
9
13
12
13
12
7
6
7
1
1
-5
-2
-5
-2
1
-6
-1
1
0
-2
-2
0
-2
1
-1
3
5
3
5
11
17
13
17
19
20
26
18
19
16
18
17
10
16
12
11
10
12
11
9
8
4
2
0
-4
-4
-9
-13
-11
-15
-17
-16
-15
-14
-9
-9
-6
-4
0
1
1
-5
-11
-9
-7
-8
-7
-6
-4
-1
4
10
12
9
8
9
10
4
0
-2
2
0
-1
-3
-10
-10
-11
-8
-8
-8
-12
-17
-19
-18
-11
-11
-8
-9
-6
-5
-5
-3
1
4
7
10
8
9
9
13
7
4
6
-3
-3
-7
-12
-14
-19
-22
-16
-15
-13
-18
-21
-22
-23
-18
-12
-8
-6
-4
-2
7
9
11
12
13
17
17
17
13
14
9
4
5
0
5
3
-4
-10
-19
-26
-28
-28
-26
-23
-21
-18
-15
-12
-4
-3
-2
0
5
10
19
26
25
26
22
18
16
15
11
7
0
-5
-6
-6
-10
-5
1
2
4
-1
1
-4
-4
-3
-1
5
9
9
7
1
-3
-4
-5
2
7
9
13
15
10
6
1
-3
-1
1
-3
-5
-6
-10
-1
10
17
18
8
7
1
-3
-3
-2
7
11
13
13
11
0
-14
-22
-28
-37
-39
-30
-24
-10
0
5
12
11
11
10
12
8
5
10
17
21
25
27
22
19
13
11
9
5
-2
-13
-23
-31
-34
-26
-22
-16
-12
-10
-4
0
6
12
15
17
19
23
23
24
21
16
13
12
18
16
8
1
-9
-18
-18
-15
-13
-8
-4
-2
-3
-3
-7
-6
-3
-7
-11
-14
-13
-6
-1
13
21
22
29
31
27
19
9
-7
-21
-30
-32
-27
-19
-12
-9
-2
1
2
1
0
5
7
8
10
12
6
3
2
9
14
16
19
14
3
-3
-10
-10
-6
-4
4
7
2
2
0
-10
-12
-10
-14
-16
-10
-9
-9
0
11
21
34
35
35
24
7
-5
-18
-25
-25
-23
-23
-25
-26
-31
-37
-39
-33
-25
-15
1
3
4
-5
-11
-5
4
20
25
36
40
35
29
23
25
18
15
15
16
19
14
5
-7
-21
-27
-32
-33
-37
-40
-41
-41
-41
-29
-24
-7
7
16
25
30
32
29
27
26
22
17
13
0
-4
-7
-2
9
10
14
11
2
-6
-18
-26
-27
-24
-19
-14
-17
-23
-42
-45
-42
-37
-20
-11
7
16
20
22
23
25
27
34
32
34
32
24
13
-2
-20
-23
-26
-17
-1
0
6
3
1
-2
-12
-13
-16
-19
-19
-10
-9
-15
-22
-21
-4
7
16
18
22
18
14
21
21
17
7
3
6
13
19
20
24
23
18
11
13
11
8
1
6
10
15
11
-4
-8
-19
-16
-17
-10
1
0
-6
-20
-19
-5
7
12
5
-4
-12
-19
-22
-21
-18
-11
-6
7
19
10
-2
-8
-10
-6
4
1
9
5
-6
-9
2
17
34
42
42
50
55
54
50
40
35
24
11
4
0
11
4
8
14
8
8
-13
-29
-33
-37
-15
12
35
44
29
9
-17
-25
-44
-52
-49
-46
-32
-28
-24
-26
-37
-51
-54
-38
-12
24
42
50
36
17
-2
-35
-49
-55
-42
-23
-4
12
8
-7
-29
-43
-35
-21
-8
4
4
13
8
7
6
7
17
18
15
-3
-25
-42
-50
-37
-24
-7
15
25
28
24
19
7
-5
-21
-33
-34
-27
-17
-27
-19
-17
-13
-4
-4
9
6
6
20
28
56
75
84
72
50
25
-2
-23
-39
-36
-9
23
48
62
53
33
11
1
6
1
2
2
15
33
23
9
-25
-45
-51
-39
-13
12
19
14
12
14
20
14
6
0
-3
-8
-7
-17
-37
-45
-43
-29
-24
-26
-38
-39
-22
-10
3
10
9
-7
-12
-7
-5
-11
-15
-6
19
36
37
20
-7
-28
-35
-25
-2
26
45
60
74
80
64
34
-3
-15
-30
-25
-8
5
11
5
2
-1
16
19
9
13
16
22
24
20
23
17
-5
-10
-37
-54
-59
-61
-36
-26
4
28
35
41
32
18
4
-4
-9
-7
2
-1
-6
-6
6
25
39
50
41
16
1
6
15
24
19
9
-1
-10
-11
-19
-35
-55
-79
-87
-78
-61
-40
-30
-31
-33
-22
-21
-29
-31
-31
-11
9
27
32
13
-8
-28
-32
-27
-19
-11
-14
-7
-7
4
11
15
20
26
34
35
49
46
34
37
33
47
50
41
38
29
30
35
47
67
80
71
42
21
10
8
5
12
22
16
16
9
14
8
-7
-19
-19
-6
0
4
-7
-22
-45
-66
-61
-52
-52
-65
-76
-67
-48
-25
-22
-29
-46
-62
-59
-35
-14
-19
-44
-66
-68
-50
-15
10
19
21
20
16
12
9
3
-15
-23
-15
3
25
25
33
26
16
15
24
50
63
47
24
17
18
12
-2
-14
-21
-24
-27
-21
1
19
16
12
0
-6
-22
-28
-22
-13
4
5
2
-4
-6
5
2
-6
-16
-16
1
16
31
25
14
11
11
21
16
3
-11
-7
11
19
26
27
24
36
40
53
49
27
15
-5
5
8
-8
-8
-22
-16
0
23
43
40
19
-11
-29
-34
-21
2
16
5
-8
-26
-25
-13
-5
-1
-25
-27
-17
6
22
6
-23
-46
-34
5
42
60
44
19
-3
12
20
11
-17
-36
-36
-17
8
27
43
45
40
48
59
58
43
7
-15
-9
-4
-4
-14
-38
-63
-79
-62
-31
-21
-21
-21
-4
19
15
-5
-34
-54
-70
-72
-70
-55
-44
-44
-38
-50
-59
-62
-62
-45
-26
-10
-8
-5
-3
1
3
-5
-30
-52
-73
-74
-34
-7
8
5
14
43
66
96
100
106
93
66
57
61
77
66
46
8
-10
-5
-3
-14
-39
-56
-54
-30
15
53
72
67
60
50
46
53
48
36
-1
-16
-9
2
6
-7
21
46
58
56
32
47
61
67
73
54
62
48
38
16
-23
-48
-85
-65
-29
17
32
-3
-37
-69
-77
-64
-38
-19
1
1
5
14
-2
-38
-72
-88
-67
-40
-37
-52
-52
-33
-26
1
18
33
22
1
-7
-32
-46
-82
-99
-89
-63
-11
32
47
14
-34
-64
-54
-10
14
6
-34
-56
-22
44
87
103
75
58
49
36
30
9
2
17
53
108
126
85
2
-85
-120
-100
-67
-51
-73
-97
-87
-46
-1
2
18
18
45
94
99
61
-12
-70
-84
-38
25
71
53
34
60
91
102
71
48
23
-5
2
-4
4
-14
-37
-9
18
58
38
-9
-49
-52
-46
-48
-23
-11
-15
-11
10
33
29
31
42
70
72
25
-6
-37
-50
-40
-37
-11
-16
-37
-23
11
37
26
-36
-80
-55
-9
37
22
-12
-3
19
46
22
-15
-33
-41
-39
-54
-50
-32
2
-9
-31
-20
27
65
27
-8
-23
-2
26
-7
2
19
27
48
45
103
92
57
17
-8
-2
-79
-104
-93
-16
84
99
88
53
52
12
-22
-45
-67
-22
-5
-14
-67
-71
-5
27
64
21
-25
-11
-21
26
1
-41
-52
-59
-1
-19
-56
-85
-116
-129
-167
-98
-22
60
87
24
-7
-47
-28
-14
12
39
47
65
38
-37
-86
-113
-51
11
24
14
1
12
1
-25
-61
-24
9
18
-86
-135
-89
54
217
252
206
102
36
22
58
93
94
118
131
154
125
1
-79
-96
-45
-25
-50
-16
39
142
126
-37
-237
-319
-191
39
164
146
40
-60
-112
-131
-127
-113
-20
122
225
217
162
40
-135
-189
-163
35
209
236
118
-76
-151
-137
-63
33
54
23
-83
-168
-71
98
197
43
-121
-175
-53
134
119
10
-167
-188
-19
195
258
124
-51
-118
18
115
109
-21
-152
-144
-21
122
169
63
-138
-250
-159
89
224
160
-1
-124
-115
-48
2
-55
-202
-209
-98
93
245
263
114
-73
-167
-150
15
158
224
155
-38
-60
34
176
164
0
-161
-196
-16
235
256
75
-69
-126
-61
-50
-36
-31
-33
54
-10
-79
-85
-47
-32
-208
-214
-11
201
284
227
167
60
-139
-262
-302
-243
-202
-88
44
225
332
144
18
-148
-121
39
217
254
-33
-171
-311
-276
-93
-27
-26
-148
-119
-28
13
56
35
-119
-134
-143
-85
98
189
207
-81
-179
-133
13
146
123
165
150
25
-36
95
70
45
25
87
216
76
-88
-250
-236
-195
-149
24
120
21
-96
-136
-53
114
108
1
6
337
440
252
-234
-447
-60
309
386
113
-6
-73
-300
-338
-157
176
120
-146
-342
-390
-45
275
518
330
-94
-210
55
468
431
113
-156
-229
63
156
130
-153
-302
-272
-264
-143
-118
107
262
118
-88
-98
-173
-136
-229
-292
-105
36
107
-64
-94
71
328
409
302
143
-146
-157
-29
155
216
-8
-145
-251
-98
-19
-30
-53
-27
245
163
-14
-205
-111
21
-89
58
235
340
188
82
57
-129
-249
-243
-71
100
31
56
84
70
-14
-275
-252
-99
180
171
-112
-196
-203
57
216
275
377
272
96
-126
-169
-66
-133
-223
-235
-149
-10
167
307
165
-26
-52
79
222
23
-81
-88
-7
76
50
164
133
-33
-191
-100
73
111
-80
-136
91
291
293
148
64
-24
-64
-184
-119
2
-24
-160
-384
-440
-294
38
402
468
284
34
-86
-43
-101
-214
-118
-15
20
60
-22
-45
-180
-177
69
133
78
-50
-34
60
94
103
-112
-306
-392
-254
-133
-320
-395
-381
86
430
465
335
53
-98
-177
-192
-193
11
278
273
54
-331
-505
-296
97
193
-115
-448
-286
252
513
433
-53
-295
-167
159
345
174
-169
-378
-181
92
368
390
250
218
252
295
93
-85
-243
-256
-15
65
205
121
126
406
594
591
327
84
38
110
203
93
-8
-38
0
91
113
130
57
-76
-144
-81
210
318
210
-77
-274
-124
-10
78
-3
-76
-301
-364
-148
200
307
-43
-323
-392
-151
57
46
-125
-333
-474
-721
-521
-100
274
422
18
-200
-379
-235
-138
-301
-323
-436
-173
11
50
-53
-273
-297
-205
-41
-3
-69
-177
-256
-260
-189
-159
-116
-34
23
-14
-143
-252
-254
-48
53
21
-47
-138
-83
-14
67
199
154
-25
-138
-31
205
423
334
57
-103
111
415
511
418
210
94
5
73
259
423
493
308
202
242
316
333
219
90
67
43
58
143
88
88
63
159
311
363
376
290
161
51
75
136
137
5
-86
124
334
261
36
-120
44
186
156
147
43
23
-85
-76
133
245
226
-35
-35
65
108
-65
-315
-315
-192
60
234
79
-205
-521
-608
-413
-90
-25
-197
-326
-315
-62
-64
-35
47
119
-130
-548
-567
-225
289
318
121
-38
114
309
224
111
80
111
59
-49
9
172
279
221
106
54
107
217
270
297
238
35
-212
-354
-409
-379
-455
-558
-639
-708
-760
-871
-1005
-1191
-1380
-1567
-1936
-2098
-2139
-2099
-2126
-2172
-2119
-2057
-1888
-1654
-1196
-847
-619
-410
-170
233
648
965
1241
1389
1678
1942
2128
2298
2350
2406
2295
2245
2229
2258
2314
2223
2134
1918
1786
1772
1787
1754
1642
1485
1285
1190
1145
982
843
665
586
587
691
749
782
818
844
809
554
335
246
177
-44
-323
-548
-617
-582
-501
-366
-338
-371
-575
-846
-1019
-1045
-953
-985
-1089
-1248
-1252
-1172
-1116
-1158
-1278
-1310
-1150
-912
-648
-459
-399
-351
-377
-469
-559
-408
-62
307
473
586
869
1415
2081
2193
1369
-574
-3086
-5334
-7116
-8162
-8961
-9472
-9627
-9232
-7778
-5775
-3260
-1116
305
856
930
1293
1619
2094
2269
2445
2575
3037
4122
5496
6931
7568
7551
6688
5700
4926
4112
3215
1888
644
-440
-889
-585
146
926
1179
1134
797
655
670
753
643
114
-224
-297
307
1282
2351
3128
3357
3300
3048
3024
2940
2577
1777
704
-250
-853
-941
-775
-570
-583
-979
-1351
-1520
-1355
-1255
-1457
-1882
-2258
-2205
-1767
-945
-118
540
735
702
691
825
997
793
439
-228
-603
-713
-553
-204
-109
-119
-388
-606
-754
-658
-524
-640
-825
-1098
-1051
-854
-482
-166
-67
-54
-234
-339
-422
-391
-452
-705
-1056
-1311
-1203
-960
-602
-316
-93
-107
-195
-173
-139
55
120
150
205
396
877
1407
1894
2284
2710
3327
3646
2895
338
-3627
-7550
-10501
-12025
-12865
-13097
-12783
-11740
-9502
-6561
-2907
233
2392
3197
3054
3197
3617
4493
4876
5072
5238
5635
6713
7989
9430
9917
9208
7291
4899
2932
1344
52
-1658
-3236
-4366
-4634
-3843
-2336
-428
844
1330
1056
886
1210
1898
2465
2458
2269
2341
3136
4467
5859
6733
6623
5636
4221
3025
2174
1312
136
-1494
-2918
-3791
-3800
-3165
-2547
-2214
-2484
-3008
-3212
-2804
-2152
-1645
-1512
-1509
-1078
-115
1243
2640
3442
3460
2948
2137
1527
1084
704
15
-997
-1878
-2284
-1976
-1362
-866
-821
-1214
-1814
-2183
-2131
-1806
-1465
-1363
-1393
-1126
-414
584
1455
1848
1778
1184
539
53
-126
-182
-494
-913
-1289
-1280
-910
-412
-17
52
-81
-285
-412
-279
69
493
890
1250
1619
2148
3062
4149
4243
2072
-2626
-8132
-12320
-14369
-14771
-14875
-14549
-13560
-11188
-7374
-2856
1771
4772
6014
5464
4793
5069
5905
6938
6813
6526
6166
6725
8137
9516
10479
9388
6784
2922
-295
-2223
-3295
-4219
-5820
-6789
-6929
-5307
-2425
771
3335
4195
3972
3276
3492
4446
5425
5715
5091
4617
4725
5700
6886
7451
6893
4907
2392
74
-1271
-1955
-2823
-3989
-5279
-5673
-4983
-3506
-1821
-820
-643
-1240
-1744
-1491
-529
608
1021
972
874
1319
2383
3466
4078
3604
2261
520
-801
-1349
-1530
-1779
-2524
-3306
-3574
-3029
-2010
-973
-509
-814
-1333
-1748
-1456
-656
181
737
869
1020
1386
1967
2383
2336
1733
501
-784
-1657
-1900
-1679
-1548
-1652
-1933
-2055
-1789
-1224
-613
-157
48
103
238
632
1230
1830
2288
2576
2835
3311
4105
4280
2385
-2459
-8817
-14031
-16586
-16788
-16206
-15243
-13672
-10808
-6523
-1369
3843
7521
8924
7951
6410
5870
6594
7540
7516
7031
6394
6546
7424
8686
9436
8164
4576
-560
-4875
-7182
-7684
-7620
-7811
-7533
-6254
-3435
535
4836
8099
9225
8356
6741
6012
6331
6979
6928
6086
5022
4540
4889
5521
5636
4156
1246
-2300
-5166
-6465
-6555
-6118
-5949
-5759
-5030
-3400
-885
1650
3353
3483
2372
1217
889
1634
2631
3150
2777
1959
1699
1887
2421
2270
968
-1232
-3674
-5100
-5248
-4409
-3550
-3000
-2759
-2480
-1540
-154
1160
1527
949
-36
-674
-288
765
2022
2568
2382
1893
1604
1631
1627
1022
-354
-2121
-3543
-4153
-3785
-2780
-1930
-1548
-1534
-1328
-867
-254
177
322
125
-11
161
918
2062
3048
3773
3785
3689
3455
3811
4235
2874
-1254
-8255
-14559
-18303
-18660
-17134
-15347
-12868
-10051
-5508
-404
5189
9639
11377
10673
7922
6395
6264
7331
7752
7033
6053
4855
4780
4980
5490
4404
927
-4121
-8985
-10890
-10372
-8116
-5979
-4160
-1931
805
4564
8521
11620
12287
10583
7855
5757
5321
5670
5966
5212
3589
2164
1454
1529
1298
52
-2591
-5920
-8423
-8963
-7287
-4761
-2540
-1150
29
1511
3293
5139
6094
5534
3605
1568
608
1021
2086
2710
2210
793
-451
-1083
-1208
-1443
-2336
-3903
-5649
-6272
-5317
-3258
-1185
47
490
371
505
1157
1784
1918
1093
-16
-769
-363
1022
2590
3374
2917
1883
552
-345
-924
-1664
-2644
-3883
-4640
-4525
-3379
-1698
-398
6
-419
-1079
-1268
-698
322
1153
1467
1501
1721
2310
3036
3472
3330
2704
1850
1455
1403
2290
2815
1262
-3470
-10730
-16433
-19238
-18201
-15896
-13403
-10471
-7468
-2409
2969
8833
12539
13114
11043
7411
5943
5667
6699
6303
4810
3099
1379
1429
1657
2373
763
-2998
-7427
-10642
-10075
-7464
-3576
-648
1586
3731
6173
9453
12213
13597
12095
8663
5075
2923
2834
3309
3443
2368
539
-910
-1580
-1311
-1505
-2863
-5512
-7864
-8263
-6285
-2458
1201
3754
4751
4904
4999
5431
5862
5288
3307
296
-1845
-2173
-933
599
1094
227
-1644
-3184
-3764
-3342
-2776
-3061
-3699
-4281
-3358
-1070
1412
3053
2789
1616
-77
-854
-614
64
599
183
-248
-90
1128
2642
3506
3017
1162
-997
-2760
-3433
-3232
-2935
-2903
-3172
-3080
-2206
-887
313
626
131
-802
-1345
-873
413
1949
2832
2794
2275
1951
1967
2234
2142
1761
1034
538
682
1516
2970
2603
-620
-7545
-14712
-18799
-19147
-16341
-13830
-10688
-7622
-3115
2753
8290
13131
14003
12326
8137
5002
4219
4418
5059
3424
1983
104
-424
179
656
649
-2553
-6418
-9945
-9947
-6818
-2574
1745
4137
6378
8153
10604
12878
13604
12225
8173
3955
827
171
922
1464
1176
-378
-1757
-2624
-2316
-1849
-2400
-4072
-6177
-6491
-4470
-298
4005
6796
7534
6734
5859
5246
4758
3717
1371
-1534
-3829
-4190
-2742
-982
132
-339
-1737
-3141
-3702
-3160
-2420
-2069
-2318
-2416
-1674
91
2183
3511
3371
1779
-201
-1668
-1879
-1252
-370
123
334
745
1543
2590
3054
2534
879
-1340
-3165
-3953
-3585
-2842
-2173
-1884
-1675
-1209
-465
366
495
32
-945
-1497
-1099
68
1521
2580
3048
2863
2272
1533
953
654
350
-71
-478
-441
533
2042
4052
4664
2242
-3962
-12080
-17885
-20132
-18264
-15265
-11880
-7996
-3641
2491
8152
13083
14797
13084
9033
4364
2459
2130
3145
2983
2008
1082
198
825
1128
1114
-1422
-5784
-9795
-11422
-8590
-3735
1848
5826
8388
10276
11665
13251
13516
12057
8075
3056
-700
-2110
-1049
408
1292
719
-639
-1798
-2278
-1999
-2296
-3403
-5244
-6113
-4570
-754
4014
7462
8824
8175
6581
4903
3434
1959
-75
-2368
-4415
-4918
-3756
-1532
339
792
-92
-1865
-3181
-3786
-3333
-2633
-2131
-1728
-1181
276
2012
3557
3633
2199
48
-1865
-2509
-2032
-783
305
1044
1506
1986
2552
2661
2139
583
-1301
-3103
-4111
-3884
-2945
-1718
-928
-567
-473
-299
-49
253
175
-356
-743
-574
264
1352
2213
2462
2006
1298
596
175
115
89
55
40
167
963
2057
3699
4964
3750
-850
-9024
-16173
-20051
-19461
-16203
-12972
-8772
-5033
382
5916
11018
14354
13655
10662
5449
2530
1706
2773
3834
3014
2359
609
380
319
439
-601
-4558
-8597
-11754
-10228
-5561
579
5918
8757
10796
11449
12613
13019
12127
9208
4217
19
-2451
-1855
-127
1334
1454
56
-1487
-2814
-2905
-2735
-2946
-3791
-4665
-3876
-1259
2882
6808
8934
8730
6542
4145
2053
753
-370
-1728
-3044
-4035
-3484
-1958
-127
796
391
-1300
-3092
-4084
-3737
-2459
-1456
-469
87
890
1829
2589
2800
1832
194
-1704
-2700
-2586
-1323
363
1518
2370
2608
2633
2293
1645
510
-995
-2449
-3563
-3724
-3186
-2120
-1144
-637
-550
-715
-769
-601
-345
-134
-209
-115
400
1397
2581
3259
3108
1968
601
-625
-1280
-1347
-902
-405
159
620
1459
2550
3803
4801
3170
-1561
-9599
-16538
-20141
-19547
-15741
-11849
-7019
-3252
1700
6745
11039
13855
12606
9577
4357
1497
942
2246
4111
3891
3604
1453
496
-239
-837
-2118
-5890
-9176
-11562
-9493
-4323
2368
8251
11262
12724
12282
12061
11508
10171
7550
3363
-204
-2212
-1702
109
1614
1821
258
-1876
-3775
-4371
-4062
-3590
-3278
-3030
-1850
623
4302
7602
9152
8460
5951
3122
838
-401
-1104
-1967
-2912
-3653
-3375
-2180
-592
410
137
-1193
-2725
-3409
-2959
-1575
-251
642
940
1047
1310
1470
1242
416
-854
-2051
-2515
-1900
-329
1493
2712
3083
2706
2138
1518
770
-240
-1442
-2631
-3468
-3592
-2921
-1746
-721
-491
-746
-1148
-1218
-899
-381
143
360
790
1270
2056
2683
2689
2053
461
-1020
-2120
-2325
-1702
-1002
-25
639
1389
2083
2422
3263
4050
3356
-384
-7979
-15341
-19964
-19905
-16054
-11707
-6554
-2964
1211
5417
9289
12584
12287
10034
4930
1523
604
2106
4873
5331
5119
2343
298
-1291
-2037
-2481
-5185
-7833
-10526
-9242
-4646
2058
8570
11858
13114
11895
10915
9982
9055
7558
4250
1011
-1832
-2060
-431
1446
2213
631
-1811
-4473
-5374
-4732
-3386
-2062
-1687
-775
731
3721
7183
9028
8726
5920
2688
28
-1202
-1283
-1445
-1807
-2762
-3016
-2570
-1327
-143
52
-917
-2628
-3499
-3282
-1664
50
1239
1649
1308
958
552
555
273
-419
-1455
-2122
-1682
-209
1765
3206
3585
2698
1353
95
-676
-1079
-1598
-2180
-2793
-2921
-2400
-1305
-527
-390
-873
-1685
-1938
-1743
-944
-68
637
1238
1730
2294
2880
3339
2917
1517
-453
-2189
-2806
-2382
-1182
38
849
1274
1655
2292
3558
4436
3055
-1740
-9752
-16758
-20625
-19508
-15228
-10342
-5227
-1577
2836
6819
10640
12850
11723
8539
3473
809
456
2792
5432
5947
5037
1751
-491
-2291
-3099
-4195
-6770
-9019
-10394
-7720
-2131
5067
10803
13205
13167
11261
9871
8684
7696
5888
3060
311
-1463
-902
699
2158
1851
-398
-3321
-5745
-6155
-5072
-3085
-1421
-204
1104
2877
5637
7866
8696
7227
4186
993
-1219
-1667
-1335
-799
-969
-1432
-1861
-1974
-1583
-1515
-1805
-2826
-3660
-3760
-2733
-676
1325
2639
2691
1987
950
50
-464
-876
-1201
-1592
-1487
-583
1013
2664
3590
3368
2120
437
-1096
-1899
-2133
-1989
-1755
-1535
-1282
-992
-744
-762
-1271
-1882
-2485
-2554
-1749
-381
1285
2354
3005
3010
2693
2119
1350
460
-854
-1868
-2488
-2313
-1501
-545
330
859
1337
2019
3163
4610
4463
1453
-5295
-13240
-18890
-20700
-17662
-13144
-7921
-3660
-25
4314
7876
11142
11293
9242
5294
1735
1228
2659
6117
7608
7316
4570
872
-1556
-3611
-4486
-6707
-8701
-10009
-8778
-3965
2318
8906
12226
12816
11122
9125
8111
7308
6664
4829
2748
906
424
1383
2385
2470
420
-2742
-5734
-7148
-6456
-4614
-2279
-390
1272
2931
4877
6888
7779
7216
4783
1885
-481
-1508
-1055
-325
136
-219
-982
-1680
-2168
-2437
-2742
-3236
-3654
-3558
-2578
-705
1308
2799
3087
2449
1272
-26
-816
-1404
-1472
-1326
-959
-209
726
1854
2475
2409
1624
436
-631
-1255
-1196
-846
-568
-552
-768
-1007
-1370
-1683
-2097
-2458
-2646
-2370
-1522
-355
947
1967
2698
2930
2863
2566
2018
1085
-163
-1474
-2114
-2078
-1503
-593
-67
789
1193
1998
2886
3704
3931
1060
-4338
-12239
-18095
-20544
-18597
-13646
-8749
-3393
30
4105
7344
9890
10966
8818
6068
2360
1698
2917
5736
8136
7599
5515
1033
-2197
-4726
-6154
-7114
-8670
-8751
-7683
-3406
2404
8211
12039
12399
10873
8141
6701
6153
5991
5675
4267
3167
2158
2085
2305
1520
-340
-3678
-6490
-7875
-6993
-4427
-1518
1233
2911
4065
4736
5461
5857
5393
4011
1909
362
-328
13
813
1048
403
-1297
-3082
-4133
-4371
-3892
-3296
-2643
-1965
-822
632
2114
2982
2740
1618
-81
-1308
-1902
-1573
-996
-400
179
594
1179
1599
1785
1416
522
-504
-1204
-1182
-549
335
834
612
-169
-1229
-2076
-2610
-2877
-2981
-2958
-2475
-1437
17
1452
2575
2983
2680
2010
1228
874
597
241
-216
-877
-945
-913
-446
-40
204
460
612
1633
2965
4747
4024
-260
-8144
-16249
-20507
-20447
-15772
-10388
-4762
-678
2441
6036
8471
10566
9319
6284
2551
537
2163
5310
9296
10380
8692
4097
-1136
-4660
-6972
-7806
-9188
-9702
-8718
-5346
769
6810
11470
12399
10422
7225
4810
4684
5448
6654
6605
5934
5101
4301
4019
2575
239
-3735
-7482
-9400
-8817
-5493
-1925
1517
3143
3792
3774
3654
4140
3726
3204
1741
1060
1368
2303
3572
3541
2279
-397
-3293
-5313
-5914
-5268
-4348
-3428
-2467
-1150
515
1954
2598
2169
743
-759
-1633
-1426
-550
515
1148
1373
1281
1051
961
633
238
-473
-1003
-1026
-556
374
1190
1408
969
-91
-1335
-2265
-2957
-3097
-3066
-2678
-1981
-1096
147
1128
1937
2266
2133
1817
1448
1335
1249
993
317
-553
-1027
-1206
-769
-405
-80
134
344
1327
2808
4448
3562
-962
-9191
-16917
-20842
-19842
-14524
-8877
-3068
451
3004
5336
6860
8455
7232
5160
2285
1621
3909
7666
11637
11925
9223
2945
-3359
-7508
-9351
-8759
-8568
-7716
-6157
-2704
2464
7067
10173
9805
7414
4293
2793
4038
6520
9259
10213
9520
7594
5174
3062
531
-2173
-5497
-8092
-8828
-7183
-3571
-115
2396
2979
2288
1163
416
980
2026
3195
3740
4127
4615
5055
5025
3703
1257
-2077
-5103
-6855
-6677
-4971
-2756
-989
-159
109
25
-145
-548
-803
-1262
-1308
-766
297
1810
2802
2996
2160
771
-607
-1450
-1593
-1122
-258
513
1125
1561
1828
1672
815
-484
-1870
-3006
-3471
-3239
-2411
-1467
-783
-485
-521
-568
-465
-251
281
1044
1752
2441
2764
2730
2178
1023
-251
-1213
-1812
-1493
-912
-43
708
1355
1969
3117
4076
2425
-2614
-11637
-18506
-21406
-18606
-12100
-6438
-724
1568
3578
4576
5192
6236
4699
3787
2264
3731
6912
10491
13325
12016
8158
583
-6015
-10189
-10774
-8391
-6368
-4035
-2502
-169
2872
5408
7021
5755
3493
1521
2038
5390
9194
12350
12539
10730
7333
3520
460
-2221
-4003
-5826
-6301
-5642
-3786
-1335
382
1369
669
-795
-2213
-2175
-263
2550
5291
6777
6947
6120
4702
3296
1452
-550
-2788
-4443
-4883
-4199
-2629
-1564
-1050
-1455
-2195
-2604
-2583
-1797
-934
-38
665
1387
1874
2139
2139
1502
816
-192
-669
-655
-209
425
788
942
679
352
-166
-334
-535
-875
-1158
-1706
-1889
-1769
-1492
-1125
-1004
-1027
-1126
-1143
-803
-168
436
1051
1641
2032
2344
2211
1662
1040
156
-98
-463
-525
-168
84
632
1293
1737
3074
2979
545
-5466
-14084
-19227
-21006
-16797
-10848
-4959
202
1928
3543
3476
3939
4060
3187
3536
3828
6854
9662
12343
12955
10232
5586
-1695
-7057
-10287
-9718
-6841
-4000
-1311
-313
540
1242
1892
2728
2216
1818
1978
4080
8027
11567
13829
12948
9926
5437
1263
-1264
-2819
-3152
-3505
-3149
-2478
-1726
-1199
-1495
-2121
-3133
-3636
-3329
-1446
1285
4234
6410
7192
6712
5053
3278
1540
338
-432
-1043
-1502
-1781
-1861
-2022
-2147
-2843
-3593
-4169
-4049
-2977
-1571
64
1018
1480
1474
1312
1165
856
713
621
726
985
1294
1560
1315
962
289
-150
-517
-666
-489
-651
-704
-945
-1321
-1594
-1903
-1936
-1925
-1766
-1451
-1191
-734
-181
513
1231
1860
2337
2459
2300
1792
1318
735
342
-168
-754
-909
-728
36
682
1387
2710
3457
1833
-3979
-12858
-19268
-21083
-16901
-10363
-4248
372
1689
2185
1819
1861
2137
1757
2477
4007
7611
11323
13605
13579
10008
4753
-2084
-7185
-9316
-8141
-4499
-1220
998
1004
-41
-1098
-1731
-1200
-769
106
1679
4774
9050
12584
14166
12540
8771
4193
590
-768
-665
116
262
-71
-647
-1523
-2539
-4004
-5130
-5758
-5346
-3639
-873
2234
4683
5767
5440
4400
2961
1862
1576
1669
2046
2051
1639
975
-351
-1919
-3632
-4946
-5219
-4980
-3724
-2263
-737
321
471
181
-398
-557
-259
480
1264
1934
2292
2234
1976
1538
952
367
-226
-454
-318
56
369
286
-187
-1160
-1831
-2209
-2211
-1828
-1592
-1176
-901
-804
-818
-978
-729
-254
619
1653
2226
2568
2264
1898
1157
312
-456
-1014
-517
119
796
947
1183
1553
2987
2665
-926
-8737
-17676
-21161
-19122
-11560
-4806
-212
1330
169
-600
-1021
46
1270
2234
4412
7403
11454
14013
14019
11229
5736
-157
-5390
-7382
-5953
-2405
1286
2452
1372
-1655
-4592
-5667
-5144
-2635
-443
2197
4865
8069
11226
12260
11234
7717
4093
1590
1463
3268
4933
5383
3446
640
-2303
-4535
-5714
-6290
-5884
-5260
-3754
-1659
675
2411
2837
2072
900
241
800
2403
4314
5706
5542
4117
1842
-336
-2033
-2873
-3325
-3367
-3034
-2736
-2118
-1671
-1520
-1879
-2638
-3121
-2725
-1442
439
2154
2933
2899
2101
1417
1030
927
1115
1179
1352
1341
1355
1127
678
-304
-1545
-2585
-3171
-2905
-2207
-1350
-753
-785
-1064
-1527
-1782
-1545
-1024
26
1252
2090
2487
2246
1909
1471
897
573
358
701
1168
1347
1324
1134
1750
2552
791
-4102
-13202
-19554
-20736
-16057
-8073
-3011
104
-979
-2675
-3246
-2483
14
1896
4008
6825
10170
13438
14323
12643
8298
2690
-1941
-4461
-3527
-611
2197
3317
1309
-1993
-5934
-8029
-7550
-5372
-1762
859
3638
5743
7890
9091
8528
7082
4769
3852
4384
6546
8811
9087
6937
2853
-1214
-4016
-5369
-5316
-4694
-3910
-3033
-2553
-1776
-1664
-1898
-2398
-2635
-1433
422
2944
5005
6089
5913
4570
2749
1021
11
-413
-249
-110
-192
-832
-1873
-2821
-3691
-4047
-4236
-3999
-3089
-1963
-584
366
708
747
278
351
839
1776
2690
3042
3057
2463
1910
1320
794
469
-9
-443
-688
-978
-1164
-1554
-2042
-2381
-2723
-2548
-2269
-1773
-1375
-1062
-612
-188
523
1135
1771
2138
2158
2066
1606
1553
1297
1424
1502
1719
2157
2934
2539
-1300
-8672
-17298
-20570
-18413
-11085
-4616
-1414
-1457
-4567
-6138
-6082
-3253
119
3014
6028
9341
12582
14127
13169
9415
4759
593
-996
244
3021
5506
5273
2582
-2323
-6547
-9028
-8780
-6195
-3178
-163
1336
2640
3415
3897
3902
3414
3754
4613
6802
9328
11065
11004
8428
4688
1003
-1061
-1521
-1141
-682
-1030
-1848
-3194
-4193
-4775
-5035
-5006
-4580
-3515
-1672
554
2211
3254
3016
2507
1878
1863
2655
3292
3701
3167
2074
619
-746
-1592
-1967
-2158
-2291
-2439
-2714
-2870
-3132
-3220
-3122
-2809
-2014
-1028
206
1291
1914
2132
1905
1736
1801
2195
2909
3236
3143
2375
1179
1
-1101
-1616
-1796
-1656
-1456
-1435
-1715
-2264
-2688
-2990
-2848
-2397
-1595
-460
313
1167
1416
1633
1762
1608
1616
1995
2364
3309
3743
4159
3842
-265
-6283
-15227
-19278
-18277
-12378
-5312
-3080
-3151
-7534
-9901
-10219
-7010
-2135
1718
5530
8057
10961
11843
11407
8761
5627
3760
3386
5801
8061
9644
7978
3911
-1109
-5668
-7367
-7066
-4424
-1898
-543
-401
-1535
-2171
-2456
-1883
-408
1559
4255
6556
8601
9394
8995
7430
5296
4026
3606
4305
4798
4589
3054
763
-1736
-3681
-4446
-4579
-4183
-3903
-3676
-3468
-3476
-3301
-3082
-2547
-1424
-241
1251
2455
3169
3328
2726
2007
1414
1522
2054
2503
2608
1890
730
-664
-1918
-2583
-2904
-2893
-2653
-2417
-2093
-1925
-1955
-1950
-1807
-1318
-451
635
1741
2680
3031
2862
2312
1654
1292
1128
1386
1616
1511
999
5
-943
-1662
-2072
-2176
-2207
-2238
-2130
-2249
-2061
-1842
-1160
-655
-254
215
644
1595
2165
3484
4148
5118
2665
-2677
-10687
-16736
-16156
-12376
-5214
-3180
-3785
-8320
-12835
-13108
-11224
-5336
-1306
2527
4510
6223
7586
7428
7138
5557
5432
6018
8168
10663
11365
10229
6365
2297
-796
-2010
-1040
37
1178
348
-1476
-3490
-4982
-4551
-3745
-1876
-392
1149
2334
2888
3431
3552
4119
4466
5337
6264
6946
6873
5887
4519
2861
1788
1047
1031
1012
558
-472
-2043
-3689
-4945
-5324
-4898
-3714
-2948
-2258
-2100
-2008
-1651
-1532
-863
-335
582
1611
2373
2929
2919
2535
2112
1703
1586
1547
1434
1231
693
-6
-975
-1806
-2440
-2614
-2463
-2002
-1626
-1416
-1352
-1257
-998
-724
-202
233
778
1052
1312
1465
1459
1611
1451
1418
1251
976
805
504
273
-152
-740
-1366
-1925
-1744
-1321
-677
-443
-817
-608
-384
1100
1966
3036
1351
-3228
-9700
-15763
-14835
-11523
-4518
-2505
-4378
-8473
-13633
-12712
-10439
-4334
-574
1730
2885
3209
5043
5059
5789
5169
5770
7570
9240
11113
10244
8194
5117
2687
2435
2827
3705
3029
1373
-723
-2677
-3236
-3453
-2537
-2054
-1467
-924
-610
70
98
674
1170
2443
4001
5339
6301
5957
5175
3996
3488
3718
4117
4371
3715
2599
1187
5
-754
-1335
-1796
-2569
-3001
-3238
-3150
-2948
-3247
-3382
-3534
-3163
-2333
-1498
-668
-193
-60
162
591
1166
1868
2296
2357
2280
2006
1912
1817
1615
1326
751
136
-594
-1190
-1596
-1677
-1597
-1416
-1269
-1304
-1349
-1561
-1483
-1317
-920
-413
-64
301
463
680
958
971
947
845
893
1320
1284
1092
395
-132
-17
176
242
-50
-455
-313
153
782
1732
2261
931
-3643
-10315
-15439
-14650
-10134
-4256
-2680
-6172
-11276
-15719
-14125
-9536
-3372
164
448
-145
-353
1922
3997
6188
7009
7785
9072
10038
10822
9778
7885
6025
5344
6124
7022
6718
4360
937
-1938
-3162
-2518
-1434
-1015
-1859
-3444
-4268
-4094
-2939
-1604
-443
504
1365
2399
3241
3994
4256
4414
4762
5348
6066
6090
5407
4328
3278
2757
2466
1907
1053
-296
-1414
-2303
-2876
-2984
-3285
-3532
-4000
-4404
-4370
-4045
-3564
-2916
-2381
-1710
-958
-422
220
648
1185
1718
2233
2722
2884
2910
2681
2510
2292
2039
1557
812
79
-551
-799
-888
-972
-1235
-1712
-2169
-2398
-2405
-2146
-1920
-1686
-1364
-933
-434
-126
48
162
481
878
1330
1512
1384
1075
1018
1411
1841
1838
1116
483
124
689
1512
2397
2667
-237
-4942
-11292
-13862
-11664
-7371
-3117
-4808
-8874
-14230
-16028
-12450
-7449
-2203
-1255
-2151
-3472
-3018
80
3048
5974
7112
8189
9197
9656
10111
9057
8455
7982
8484
9608
9394
8011
4730
1811
-22
-298
423
471
-330
-2633
-4619
-5769
-5525
-4216
-3145
-2168
-1976
-1721
-1080
-142
1337
2550
3682
4558
5125
5509
5450
5365
5282
5369
5486
5133
4249
2773
1428
415
-82
-454
-980
-1753
-2948
-3898
-4590
-4840
-4763
-4679
-4279
-3931
-3726
-3325
-3151
-2475
-1553
-484
687
1178
1621
1707
2007
2613
3232
3785
3763
3311
2578
1938
1415
1133
948
720
279
-398
-1257
-1953
-2515
-2699
-2725
-2596
-2294
-2128
-1942
-1916
-1853
-1777
-1370
-633
86
455
444
386
816
1609
2432
3065
2619
2181
1455
1702
2492
3482
3620
232
-5014
-11026
-11738
-8539
-3885
-1754
-5724
-10940
-16004
-15349
-10603
-5430
-2242
-3491
-5576
-6927
-5055
-1451
2150
4459
5262
6216
7071
8180
8760
8876
9080
9722
10678
11399
10678
8505
5957
4089
3773
4232
4257
2879
216
-2789
-4557
-4701
-3769
-2988
-3181
-4107
-5060
-5340
-4393
-2649
-958
307
859
1384
1982
2732
3644
4376
5302
5937
6191
5798
4703
3784
3133
3214
3438
3125
2213
458
-1246
-2541
-2938
-2756
-2689
-3037
-3966
-4774
-5290
-5071
-4388
-3650
-2989
-2655
-2180
-1700
-1051
-360
511
1473
2356
3067
3186
3084
2713
2696
2953
3272
3492
3177
2539
1474
453
-308
-590
-735
-1058
-1556
-2150
-2648
-2768
-2811
-2771
-2703
-2447
-2006
-1804
-1781
-1794
-1414
-544
461
1333
1592
1419
1283
1698
2976
4655
4017
207
-6024
-10343
-8640
-3925
825
-112
-5952
-12356
-16004
-12791
-7050
-2153
-1888
-5542
-8767
-9426
-5809
-1507
1749
2395
1887
2102
3132
5130
6640
7679
8474
9376
10324
10681
9812
8113
6823
6634
7548
8071
7202
4678
1535
-755
-1315
-690
-71
-480
-2280
-4236
-5658
-5477
-4314
-3040
-2104
-2279
-2325
-2264
-1237
110
1385
2468
3174
3892
4138
4109
3765
3586
3785
4278
4642
4278
3192
1647
597
130
187
219
-490
-1700
-3154
-4013
-4063
-3557
-3076
-2914
-3321
-3799
-3932
-3608
-2746
-1814
-921
-234
305
629
921
1217
1576
2042
2484
2975
3151
3052
2728
2453
2364
2342
2150
1360
423
-498
-926
-993
-969
-1045
-1461
-2002
-2423
-2790
-2893
-2736
-2272
-1531
-1014
-749
-930
-1050
-835
514
1948
3573
2964
-756
-5863
-10273
-8270
-3488
1266
1039
-5176
-11231
-14928
-11635
-5559
-808
-436
-4896
-8520
-9655
-5888
-1011
2397
2947
1125
212
468
2660
4881
6606
7385
7737
8076
8081
8106
7358
7128
7127
7760
8273
7628
5995
3498
1826
1295
1868
2306
1538
-265
-2568
-3795
-3721
-2699
-1798
-1701
-2438
-3284
-3490
-2782
-1449
-164
765
1222
1425
1529
1820
2296
3094
3741
4142
3855
3184
2400
1707
1761
1969
2234
1699
545
-775
-1925
-2216
-2158
-1777
-1882
-2375
-3028
-3526
-3373
-3017
-2325
-1940
-1750
-1796
-1760
-1254
-474
459
1144
1446
1347
1225
1222
1534
2007
2318
2551
2296
2042
1631
1246
859
463
314
-9
-170
-566
-919
-1411
-1920
-2117
-1913
-1188
-778
-952
-1404
-1797
-1214
-189
1299
2154
2438
212
-3891
-8709
-10465
-7006
-2087
1194
-1739
-8085
-13556
-14655
-9397
-3198
662
-1153
-6139
-9514
-8932
-3712
1427
4498
3728
1406
7
707
3735
6555
8400
8276
7312
6468
6283
6800
7156
7657
7539
7439
6672
5417
4017
2621
2152
2237
2531
2100
766
-1032
-2469
-2760
-2231
-1290
-1089
-1661
-2781
-3522
-3145
-1998
-465
471
694
442
13
182
931
2125
3327
3768
3512
2776
2024
1889
2061
2471
2569
2040
1103
-32
-724
-1079
-838
-735
-1041
-1721
-2763
-3275
-3509
-2977
-2307
-1787
-1633
-1946
-2140
-2187
-1608
-756
113
764
860
797
758
964
1461
2010
2339
2269
1942
1518
1385
1455
1439
1365
900
500
87
-190
-331
-726
-1087
-1512
-1533
-1281
-1119
-1142
-1349
-1390
-934
61
1170
2353
887
-2969
-8476
-10791
-7136
-1345
2289
-1162
-8228
-14217
-14794
-9102
-2428
1229
-1533
-7260
-11011
-9708
-3682
1845
4481
2740
-255
-1610
-47
3933
7354
9016
8235
6826
5794
6027
7086
7935
8455
7915
7290
6214
5247
4220
3314
2984
2945
3057
2183
519
-1457
-2627
-2468
-1554
-666
-695
-1697
-3040
-3855
-3462
-2110
-689
-15
-92
-465
-554
-1
918
1981
2650
2816
2605
2239
2118
2176
2345
2606
2542
2352
1641
870
42
-466
-434
-443
-421
-988
-1746
-2427
-2790
-2550
-2262
-1921
-1934
-2106
-2304
-2230
-1715
-1101
-514
-169
68
120
138
443
944
1551
1859
1873
1708
1447
1447
1608
1782
1719
1318
860
467
245
108
-58
-232
-434
-733
-949
-1259
-1356
-1483
-1097
-521
314
781
1031
177
-2584
-6599
-9753
-8033
-3343
975
-17
-5946
-12211
-14744
-11085
-4558
167
-439
-5635
-10597
-11287
-6505
-165
3925
3440
124
-2524
-2076
1578
6119
8911
8873
6990
5230
5129
6633
8465
9612
9311
8194
6784
5712
5191
4892
4751
4299
3760
2801
1518
-24
-1202
-1546
-1284
-895
-1090
-1935
-3128
-3947
-3734
-2666
-1375
-734
-973
-1534
-1950
-1490
-437
885
1902
2183
2073
1660
1556
1832
2308
2759
2859
2620
2058
1441
921
720
756
713
455
-207
-1020
-1666
-2021
-1920
-1757
-1623
-1680
-2076
-2392
-2470
-2088
-1547
-1059
-890
-811
-815
-721
-334
207
835
1150
1137
1024
908
1062
1345
1661
1796
1628
1436
1148
959
715
381
191
141
333
402
107
-437
-838
-562
-90
532
845
968
-735
-4472
-9099
-10183
-6488
-1173
702
-3411
-10072
-14545
-13545
-7862
-1895
140
-3355
-8958
-11784
-9119
-3003
2133
3448
949
-2062
-2915
-243
4263
7972
8952
7462
5496
4855
6281
8397
9949
10002
8772
7343
6219
5947
6014
5941
5398
4469
3292
2036
721
-267
-816
-786
-715
-872
-1631
-2776
-3801
-4024
-3242
-2192
-1395
-1541
-2115
-2554
-2342
-1161
130
1139
1279
944
800
1046
1930
2678
3152
2940
2448
2000
1815
1973
1968
1853
1325
748
173
-259
-456
-759
-982
-1304
-1561
-1840
-2070
-2198
-2292
-2132
-1905
-1615
-1444
-1403
-1304
-1152
-842
-420
-87
205
435
585
856
1033
1242
1342
1255
1247
1198
1204
1161
977
728
494
486
638
601
308
-163
-467
-279
138
694
847
933
875
-753
-4038
-8406
-9220
-5980
-1201
278
-3828
-9852
-14138
-13063
-7872
-2455
-746
-4386
-9375
-11789
-8967
-3138
1602
2893
287
-2673
-3452
-625
4022
7712
8661
6979
4868
4230
5910
8555
10480
10630
9091
7278
6076
6193
6785
7072
6458
5132
3723
2356
1413
774
447
83
-485
-1165
-2052
-2888
-3545
-3493
-2883
-2378
-2208
-2609
-2907
-2846
-2318
-1460
-719
-140
87
168
345
784
1512
2146
2522
2407
2162
1928
1969
2171
2314
2327
1879
1299
652
258
113
-41
-253
-682
-1117
-1470
-1698
-1906
-2007
-1910
-1889
-1856
-1876
-1799
-1485
-1135
-779
-606
-517
-426
-165
202
571
807
904
866
916
1045
1298
1498
1408
1062
589
375
550
912
892
551
30
-209
-13
320
743
967
1211
1332
-353
-3925
-8353
-8927
-5286
-328
696
-3998
-10490
-14461
-12539
-6764
-1559
-883
-5386
-10690
-12523
-8876
-2543
1948
2216
-1117
-4128
-4195
-580
4307
7764
8076
6002
3906
3816
6088
8947
10649
10406
8721
7117
6337
6844
7708
7994
7209
5551
3894
2540
1874
1582
1487
1079
184
-984
-2073
-2904
-3249
-3071
-2682
-2323
-2610
-3285
-3830
-3592
-2635
-1623
-927
-901
-959
-964
-538
316
1110
1829
2011
1928
1687
1641
2087
2514
2868
2572
1995
1370
987
1065
1163
1114
568
-236
-904
-1123
-997
-970
-1110
-1580
-2041
-2305
-2352
-1997
-1597
-1227
-1185
-1297
-1372
-1105
-587
-35
462
559
589
501
710
1019
1281
1374
1153
1018
944
1079
1194
969
644
212
194
369
624
806
752
684
741
1190
406
-2194
-6619
-8688
-6594
-1982
545
-2262
-7963
-12866
-13241
-9166
-3883
-1193
-3592
-8597
-12108
-10848
-5655
-501
1611
-249
-3336
-4767
-2674
1817
6037
7641
6391
4214
3417
5065
7962
10317
10773
9407
7639
6578
6957
7948
8579
8148
6651
5061
3687
2991
2639
2297
1800
911
-136
-1173
-2103
-2657
-2955
-2883
-2689
-2627
-2956
-3572
-3866
-3575
-2663
-1822
-1456
-1532
-1663
-1506
-751
297
1190
1514
1172
945
1127
1803
2441
2806
2585
2027
1559
1435
1674
1742
1480
944
285
-112
-200
-192
-355
-705
-1083
-1394
-1565
-1690
-1688
-1688
-1585
-1554
-1501
-1478
-1402
-1080
-730
-257
19
171
233
350
633
835
1044
1036
1134
1253
1301
1303
1167
952
815
729
861
915
853
843
822
971
1300
884
-1080
-4952
-7803
-7182
-3502
-191
-1325
-5864
-11245
-13144
-10809
-5903
-2188
-2779
-6996
-11314
-11836
-7861
-2546
808
98
-2829
-5229
-4417
-459
4171
6973
6465
4336
2730
3629
6552
9521
10839
9931
8114
6773
6954
8106
9141
9034
7692
6039
4613
3959
3716
3502
2951
1916
809
-137
-979
-1667
-2259
-2500
-2522
-2443
-2723
-3302
-3787
-3991
-3436
-2632
-1999
-1757
-2082
-2148
-1997
-1151
-118
640
954
610
570
845
1625
2322
2469
2245
1768
1580
1643
1816
1911
1518
1008
551
318
303
273
-13
-439
-905
-1197
-1258
-1251
-1248
-1260
-1485
-1618
-1635
-1519
-1273
-1126
-994
-874
-668
-462
-125
192
410
435
377
511
845
1199
1352
1091
786
618
919
1358
1376
1004
530
598
1090
1627
2061
1702
-182
-3883
-7588
-7571
-3998
370
489
-4104
-10201
-13586
-11541
-6147
-1348
-1129
-5801
-11116
-12908
-9237
-3027
1233
1127
-2521
-5862
-5867
-1951
3298
6728
6585
4034
1898
2301
5323
8906
10770
10099
7989
6318
6350
7795
9197
9364
8111
6291
4956
4334
4230
4065
3542
2674
1511
510
-311
-1001
-1529
-1960
-2024
-2139
-2397
-2957
-3460
-3785
-3733
-3196
-2663
-2137
-2145
-2350
-2427
-2185
-1262
-349
364
503
315
283
530
1314
1908
2240
2091
1727
1535
1520
1653
1686
1526
1120
735
419
228
124
-143
-418
-725
-914
-997
-1100
-1212
-1383
-1502
-1583
-1509
-1361
-1205
-1123
-1104
-987
-763
-469
-174
-16
60
97
280
625
1019
1181
1014
864
947
1421
1667
1610
1091
701
819
1206
1822
1964
1933
594
-1823
-5126
-6614
-5415
-2586
-842
-2676
-6746
-10975
-12053
-9525
-5399
-2752
-4142
-7928
-11298
-11056
-7241
-2747
-103
-1137
-3733
-5442
-4126
-203
3845
5896
5283
3584
2708
4020
6764
9303
10330
9375
8007
7138
7563
8689
9364
9220
7945
6546
5385
4804
4595
4240
3662
2624
1511
540
-203
-663
-1109
-1482
-1942
-2391
-2811
-3150
-3375
-3492
-3435
-3326
-3021
-2879
-2584
-2514
-2360
-2066
-1599
-859
-228
303
435
524
656
1041
1572
1874
2020
1899
1692
1618
1517
1701
1700
1591
1248
766
415
71
-64
-153
-263
-469
-797
-1178
-1474
-1559
-1454
-1333
-1302
-1404
-1462
-1472
-1270
-972
-699
-529
-383
-285
-115
-85
72
364
711
986
966
1064
982
1081
1111
1206
1500
1487
1373
1102
1053
1567
1959
1311
-950
-4355
-6229
-5729
-3090
-1002
-2078
-5718
-10188
-11831
-9790
-5971
-3278
-4244
-7425
-10569
-10758
-7693
-3683
-1014
-1523
-3516
-4969
-4052
-831
2813
5058
4894
3586
2742
3903
6349
8754
9810
9138
8027
7252
7743
8866
9562
9315
7936
6541
5602
5340
5362
4923
3985
2634
1537
897
546
161
-551
-1409
-2106
-2502
-2515
-2514
-2698
-3147
-3608
-3756
-3477
-3016
-2617
-2413
-2341
-2229
-1992
-1527
-942
-391
-14
200
419
704
925
1258
1495
1645
1672
1570
1598
1550
1572
1464
1319
1037
593
304
133
150
83
-232
-649
-1086
-1374
-1341
-1171
-1075
-1142
-1382
-1534
-1452
-1239
-937
-720
-639
-584
-439
-143
72
222
203
273
514
783
940
996
860
882
919
1006
1295
1363
1387
1230
1289
1662
1776
782
-1513
-4150
-5450
-4827
-2863
-1727
-2837
-5998
-9399
-10545
-9098
-6190
-4280
-4817
-7253
-9661
-9859
-7542
-4272
-1999
-2011
-3337
-4356
-3537
-833
2228
4137
4273
3554
3305
4358
6331
8216
9120
8838
8152
7842
8277
9028
9395
8927
7859
6816
6292
6158
5921
5180
3961
2846
2049
1606
1098
411
-409
-1265
-1783
-2087
-2134
-2370
-2817
-3312
-3687
-3655
-3459
-3070
-2736
-2517
-2508
-2566
-2411
-2000
-1229
-591
-156
-103
-114
111
537
1142
1443
1509
1420
1290
1412
1512
1614
1511
1148
806
545
570
567
353
-43
-600
-920
-982
-870
-800
-979
-1363
-1679
-1733
-1430
-1049
-876
-882
-1004
-984
-760
-440
-26
183
222
135
190
414
675
938
1094
1126
1045
949
992
1141
1302
1419
1457
1438
1547
1682
1295
-192
-2467
-4151
-4446
-3699
-2983
-3186
-4431
-6463
-8480
-9132
-8303
-6576
-5711
-6089
-7319
-8391
-8207
-6853
-4827
-3267
-2781
-2989
-3101
-2275
-544
1534
3112
3839
4073
4345
5117
6287
7589
8446
8726
8544
8376
8503
8777
8867
8576
7906
7144
6522
6083
5646
4931
3909
2865
2106
1586
1144
453
-464
-1357
-1983
-2216
-2213
-2298
-2671
-3236
-3715
-3861
-3535
-3010
-2657
-2697
-2816
-2685
-2205
-1601
-1143
-856
-656
-474
-100
390
796
1042
1119
1225
1357
1476
1529
1465
1352
1184
1081
1046
963
709
348
-85
-365
-464
-498
-504
-729
-1081
-1399
-1517
-1387
-1162
-1005
-1090
-1263
-1348
-1175
-727
-332
-57
-50
-125
-148
16
359
656
887
867
845
898
998
1169
1181
1175
1047
977
1025
1158
1470
1638
1463
401
-1395
-3203
-4143
-3898
-3209
-2998
-3835
-5585
-7306
-8268
-7988
-7049
-6201
-6110
-6754
-7454
-7654
-6909
-5625
-4357
-3522
-3209
-2931
-2278
-1012
552
1928
2843
3417
4009
4818
5866
6852
7613
7969
8064
8233
8460
8721
8770
8480
8051
7453
6950
6478
5997
5414
4650
3788
2915
2052
1341
723
203
-369
-983
-1630
-2177
-2462
-2644
-2768
-3098
-3426
-3596
-3533
-3244
-2875
-2577
-2345
-2278
-2091
-1779
-1340
-838
-470
-77
113
330
593
829
1090
1219
1302
1335
1304
1240
1188
1144
1004
800
538
350
162
8
-193
-448
-663
-828
-924
-987
-1073
-1191
-1324
-1378
-1287
-1147
-1012
-974
-895
-777
-521
-253
-13
137
168
214
306
497
708
840
895
837
822
783
806
853
852
882
843
800
745
768
975
887
15
-1762
-3665
-4574
-4367
-3575
-3338
-3973
-5411
-6986
-7932
-7883
-7044
-6225
-5929
-6170
-6546
-6546
-6092
-5206
-4241
-3431
-2677
-1995
-1036
38
1182
2083
2771
3465
4354
5459
6439
7192
7558
7671
7806
8096
8534
8841
8772
8350
7714
7053
6544
6130
5697
5048
4200
3286
2457
1805
1167
573
-105
-765
-1380
-1927
-2232
-2516
-2702
-2979
-3284
-3464
-3499
-3311
-3087
-2804
-2579
-2364
-2175
-1957
-1603
-1157
-658
-324
-55
151
394
682
860
1020
1105
1195
1246
1260
1243
1137
966
748
552
427
325
227
60
-208
-484
-785
-949
-964
-937
-950
-1080
-1253
-1295
-1214
-1020
-818
-680
-578
-503
-399
-256
-88
45
147
270
451
712
885
887
693
491
524
697
893
855
677
523
413
351
175
79
39
158
57
-586
-1797
-3227
-4093
-4379
-4281
-4327
-4685
-5276
-6058
-6608
-6843
-6771
-6586
-6470
-6213
-5828
-5351
-4861
-4450
-4000
-3388
-2598
-1579
-487
635
1570
2251
2880
3581
4529
5508
6356
7023
7490
7793
7957
8114
8207
8280
8158
7896
7529
7019
6495
5874
5292
4628
3917
3114
2369
1726
1087
437
-281
-881
-1380
-1767
-2114
-2429
-2750
-2988
-3134
-3099
-2956
-2828
-2743
-2713
-2591
-2314
-1927
-1501
-1126
-815
-592
-388
-127
208
518
721
822
888
941
1037
1086
1094
1025
834
607
416
299
246
140
-25
-243
-515
-709
-863
-913
-949
-991
-1070
-1099
-1069
-965
-861
-821
-809
-824
-674
-464
-181
22
149
216
268
258
265
323
342
391
410
430
388
291
113
-86
-286
-371
-285
-214
-221
-387
-591
-719
-634
-346
-225
-633
-1614
-2780
-3665
-4140
-4309
-4264
-4094
-4076
-4429
-5072
-5688
-5936
-5874
-5517
-5098
-4631
-4215
-3823
-3322
-2813
-2305
-1863
-1334
-507
577
1777
2752
3422
3913
4349
4966
5627
6385
6952
7295
7430
7445
7525
7570
7532
7237
6706
6125
5582
5195
4811
4279
3577
2687
1923
1248
756
308
-207
-775
-1409
-1935
-2206
-2268
-2292
-2424
-2653
-2875
-2919
-2708
-2386
-2067
-1916
-1813
-1652
-1340
-968
-630
-369
-134
45
225
426
597
714
748
719
703
741
726
684
601
482
367
213
62
-71
-209
-323
-437
-508
-588
-667
-758
-889
-967
-1028
-954
-822
-736
-680
-687
-642
-514
-412
-325
-281
-243
-208
-178
-164
-215
-211
-202
-159
-157
-206
-288
-333
-335
-410
-525
-743
-923
-943
-833
-644
-570
-658
-825
-929
-807
-433
-93
-245
-1039
-2028
-2737
-2881
-2803
-2792
-3000
-3351
-3698
-3943
-3964
-3878
-3775
-3836
-3940
-3826
-3399
-2744
-2110
-1688
-1424
-1187
-778
-176
619
1463
2148
2660
3088
3671
4347
4954
5311
5438
5575
5723
6007
6319
6445
6333
5913
5390
4920
4591
4365
4046
3543
2901
2251
1687
1206
710
186
-357
-852
-1166
-1283
-1322
-1408
-1667
-2015
-2285
-2345
-2187
-1889
-1556
-1348
-1253
-1218
-1143
-892
-584
-307
-153
-88
52
203
451
638
738
696
522
380
341
393
471
389
240
118
-17
-78
-128
-159
-268
-463
-687
-803
-811
-784
-813
-870
-963
-1020
-948
-872
-811
-826
-802
-705
-606
-655
-815
-858
-765
-546
-391
-411
-480
-584
-560
-549
-565
-709
-880
-809
-558
-310
-412
-818
-1132
-1130
-863
-659
-659
-720
-742
-594
-416
-226
-68
53
148
2
-418
-1016
-1425
-1616
-1610
-1614
-1688
-1825
-2055
-2254
-2393
-2384
-2350
-2381
-2448
-2390
-2167
-1812
-1491
-1171
-917
-673
-378
-14
437
956
1455
1896
2261
2630
3121
3554
3938
4070
4155
4244
4343
4472
4491
4459
4293
4087
3851
3575
3291
2880
2364
1844
1367
1075
921
763
587
256
-141
-568
-875
-942
-960
-945
-985
-1047
-1051
-1025
-887
-761
-647
-573
-626
-557
-429
-194
77
176
181
59
-26
17
152
267
235
150
52
-40
-90
-112
-142
-210
-338
-446
-537
-593
-591
-544
-604
-761
-936
-964
-914
-772
-624
-610
-757
-1030
-1163
-1136
-961
-801
-678
-633
-649
-632
-612
-621
-677
-730
-717
-724
-692
-647
-591
-459
-358
-367
-586
-796
-843
-758
-606
-534
-459
-349
-256
-266
-377
-403
-288
-58
109
91
-3
-39
145
541
824
730
161
-503
-857
-952
-960
-1106
-1282
-1452
-1576
-1547
-1389
-1233
-1233
-1397
-1610
-1819
-1795
-1542
-1214
-914
-717
-490
-252
11
359
723
1030
1175
1306
1569
1944
2328
2624
2863
2951
2998
3022
3042
3057
2963
2809
2599
2445
2352
2304
2204
1961
1719
1486
1344
1183
1006
788
524
306
165
166
248
250
141
-64
-237
-335
-317
-189
-69
-34
-145
-237
-254
-110
53
81
-3
-187
-383
-470
-457
-341
-245
-245
-388
-579
-650
-633
-611
-680
-855
-1047
-1026
-873
-674
-636
-744
-870
-887
-799
-749
-717
-837
-922
-974
-853
-639
-486
-479
-664
-822
-854
-727
-511
-434
-501
-663
-706
-552
-338
-183
-188
-303
-418
-472
-493
-465
-431
-403
-367
-303
-146
98
301
266
10
-364
-561
-462
-143
211
405
450
327
209
158
223
294
305
291
327
357
325
193
-30
-248
-552
-841
-1102
-1248
-1269
-1295
-1324
-1364
-1337
-1327
-1330
-1295
-1234
-1216
-1229
-1195
-1068
-781
-494
-192
47
212
432
640
869
1036
1232
1467
1694
1920
2100
2267
2412
2462
2449
2386
2414
2428
2338
2213
2069
1973
1913
1841
1691
1471
1248
1121
1093
1047
921
693
420
257
136
148
195
247
187
-48
-279
-454
-515
-588
-602
-589
-504
-414
-374
-386
-588
-793
-908
-806
-627
-644
-652
-741
-774
-685
-594
-512
-572
-693
-783
-765
-594
-436
-380
-517
-756
-832
-724
-479
-342
-408
-496
-499
-377
-179
-86
-144
-332
-513
-488
-384
-269
-257
-309
-296
-202
-81
110
154
58
-271
-621
-548
-315
9
186
177
238
97
-108
-392
-530
-375
-222
-111
-110
-132
-102
-112
-226
-392
-483
-335
-138
-94
-252
-482
-565
-464
-259
-127
9
182
311
244
-66
-457
-727
-788
-694
-620
-624
-651
-653
-543
-492
-497
-573
-563
-469
-389
-326
-330
-323
-252
-143
70
291
438
513
548
639
782
1002
1171
1296
1375
1390
1428
1517
1627
1729
1789
1723
1590
1509
1450
1390
1292
1199
1149
1087
936
764
631
568
555
472
264
41
-121
-118
-105
-154
-248
-336
-315
-259
-228
-230
-277
-361
-433
-467
-448
-384
-332
-283
-309
-382
-414
-352
-223
-169
-179
-224
-164
-84
16
-6
-94
-126
-144
-24
-10
43
50
65
131
49
-52
-300
-436
-489
-378
-203
-168
-183
-339
-297
-181
-122
-181
-472
-606
-566
-439
-323
-332
-295
-202
-185
-256
-481
-601
-618
-587
-477
-451
-412
-427
-418
-340
-279
-307
-423
-558
-604
-512
-354
-209
-165
-228
-321
-377
-346
-279
-275
-319
-349
-236
-70
115
168
118
52
3
-7
-46
-124
-227
-236
-128
22
68
-13
-215
-352
-358
-252
-116
-36
-5
-5
21
70
155
228
253
230
235
255
321
462
596
733
763
734
704
710
727
714
689
630
609
636
736
824
777
624
405
304
231
194
151
148
278
368
399
315
181
86
60
53
60
24
-9
51
165
280
303
274
240
285
394
406
341
248
255
362
425
461
387
347
362
408
464
357
190
11
-57
31
100
140
45
-110
-242
-349
-254
-204
-178
-239
-336
-319
-392
-451
-556
-620
-582
-589
-514
-478
-442
-400
-445
-414
-427
-470
-529
-617
-571
-495
-401
-380
-423
-439
-411
-362
-400
-517
-581
-520
-343
-173
-156
-281
-379
-357
-179
-26
-34
-184
-332
-279
-87
100
98
-70
-211
-258
-199
-142
-183
-159
-111
-11
40
20
35
27
38
-9
-80
-70
36
212
311
254
142
66
85
156
114
15
-68
-42
76
139
61
-73
-129
-144
-97
-111
-134
-125
-125
-43
11
34
-58
-232
-279
-216
-37
72
131
167
204
263
272
331
374
431
452
445
467
483
543
643
706
704
645
552
509
542
608
692
668
571
461
429
496
555
573
512
435
432
453
472
384
247
195
197
259
264
162
33
-50
-29
39
28
-41
-184
-256
-238
-138
-41
-80
-201
-315
-320
-285
-315
-351
-335
-236
-177
-234
-352
-429
-358
-256
-186
-223
-308
-337
-325
-255
-257
-272
-275
-259
-207
-215
-205
-205
-214
-225
-282
-338
-358
-329
-256
-201
-188
-216
-242
-258
-227
-165
-99
-128
-203
-289
-273
-158
-70
-13
-59
-60
-43
-9
-26
-129
-219
-253
-135
-23
-13
-72
-142
-175
-189
-288
-347
-324
-239
-56
9
-3
-130
-212
-174
-156
-116
-184
-187
-92
-9
86
40
19
33
42
93
24
7
25
51
106
34
-15
-27
15
169
209
213
162
142
278
381
432
307
122
67
139
281
334
364
400
424
421
398
372
344
304
302
375
380
355
330
367
387
323
212
114
72
97
193
318
472
528
506
301
106
-21
12
193
228
224
57
-19
5
74
184
110
38
-96
-133
-120
-157
-115
-108
10
69
80
26
-131
-200
-288
-236
-143
-130
-102
-183
-144
-116
-75
-28
-113
-112
-167
-131
-113
-142
-114
-177
-159
-130
-17
153
174
122
-95
-254
-303
-253
-116
-172
-286
-416
-388
-211
-129
-145
-322
-440
-450
-354
-252
-272
-422
-567
-542
-341
-106
16
65
23
-49
-214
-339
-363
-269
-199
-142
-84
9
201
323
372
252
78
-78
-155
-112
7
119
164
156
98
41
-52
-116
-130
-147
-179
-198
-102
50
195
272
284
210
15
-180
-267
-196
-68
33
86
100
132
213
336
373
216
-4
-142
-131
33
211
324
319
199
116
108
220
292
225
137
99
232
370
434
390
236
82
-62
-74
49
197
255
205
161
164
191
176
73
-90
-231
-216
-18
236
376
297
99
-115
-135
-15
79
68
-102
-130
-25
138
213
96
-13
-88
-71
-24
-28
-5
-19
12
99
153
149
57
2
-20
-30
-34
-68
-112
-151
-166
-154
-108
-18
141
266
251
55
-222
-419
-565
-603
-524
-296
20
244
364
328
175
-103
-404
-579
-581
-397
-104
187
422
487
353
81
-271
-564
-676
-508
-85
373
598
496
168
-115
-221
-244
-298
-392
-358
-56
320
528
391
24
-254
-333
-266
-230
-184
-118
-8
46
39
-4
-65
-142
-239
-322
-292
-106
147
293
196
-24
-185
-176
-44
38
27
-77
-155
-105
84
267
319
175
29
-49
-19
76
158
160
56
-6
121
320
401
323
14
-212
-305
-181
83
295
390
250
48
-136
-239
-282
-286
-91
203
525
640
494
170
-236
-456
-444
-248
24
232
396
468
371
61
-360
-640
-598
-276
127
457
557
418
151
-131
-284
-341
-333
-229
59
383
487
315
18
-146
-166
-121
-99
-107
-71
-18
59
56
-22
-76
-6
116
143
24
-94
-38
92
184
63
-91
-166
-151
-55
40
163
235
185
48
-119
-246
-316
-364
-282
-65
198
350
242
48
-98
-103
-83
-121
-146
-142
-33
51
30
-64
-176
-151
-2
142
171
48
-87
-166
-167
-139
-154
-126
-75
90
237
322
297
194
145
91
-9
-221
-406
-395
-121
189
396
440
374
251
30
-220
-420
-451
-281
-86
108
204
225
212
118
-13
-206
-347
-293
-111
79
169
114
60
9
21
72
92
65
-31
-109
-56
105
247
220
17
-180
-258
-166
37
210
254
142
-19
-204
-292
-289
-236
-131
-87
-73
-57
23
155
205
120
-66
-206
-138
56
236
219
-56
-323
-387
-155
241
457
363
101
-129
-107
100
326
357
177
-83
-281
-298
-134
135
394
480
354
49
-245
-302
-161
108
241
140
-167
-422
-406
-135
146
327
280
95
-161
-336
-259
-90
129
171
100
-132
-411
-487
-326
53
329
414
299
86
-37
-89
-67
-21
0
61
68
22
-105
-165
23
317
490
284
-129
-433
-400
-121
230
394
328
58
-218
-289
-166
117
282
253
42
-134
-96
51
175
187
86
-50
-228
-337
-238
-23
198
221
42
-113
-182
-149
-127
-134
19
146
245
92
-131
-243
-239
-66
-15
-63
-197
-264
-96
138
272
173
-122
-385
-489
-386
-213
-6
102
144
127
99
144
115
48
-156
-304
-296
-122
186
418
429
228
-75
-280
-321
-200
-14
114
185
252
230
139
15
-77
-57
-5
25
18
91
281
409
291
34
-194
-196
5
134
117
52
-36
105
201
183
-1
-236
-279
-193
31
134
121
43
10
26
68
98
157
109
1
-89
-144
-34
-9
69
63
7
14
10
19
-28
-39
-10
46
90
102
30
11
-5
-41
-127
-204
-113
33
164
184
95
51
-2
2
54
13
25
-50
-47
-65
-55
23
-5
-25
-74
64
223
257
87
-189
-356
-303
-49
149
75
-145
-370
-323
-18
252
346
130
-153
-327
-348
-195
-115
-101
-152
-153
-72
80
179
210
184
61
-41
-190
-214
-180
-104
26
71
31
-70
-20
105
118
37
-77
-35
71
144
123
15
-91
-142
-23
137
274
272
118
3
-15
-36
-75
-125
-108
-15
-23
-33
-107
-131
-109
-27
105
153
162
-17
-242
-361
-319
-151
-63
4
53
125
266
299
231
1
-239
-277
-210
-30
62
7
-83
-141
12
220
370
345
159
12
-89
-111
-174
-227
-157
55
340
498
577
454
232
-82
-320
-373
-228
71
275
367
312
242
110
-39
-170
-255
-221
-141
20
115
147
133
50
-111
-247
-236
-86
71
82
8
-40
9
97
126
120
63
38
-6
-67
-173
-229
-148
25
214
226
87
-209
-383
-321
-79
90
26
-101
-164
-83
100
209
232
130
-49
-187
-308
-290
-151
37
246
234
135
-20
-115
-91
-3
183
302
211
-131
-389
-419
-221
54
264
372
286
49
-197
-387
-405
-257
-69
167
314
279
7
-351
-487
-336
-17
228
330
378
342
169
-134
-326
-353
-219
9
227
422
412
215
-100
-348
-349
-200
31
165
232
291
251
51
-266
-487
-441
-172
120
280
362
423
356
164
-78
-186
-137
-9
151
229
248
218
127
-39
-211
-295
-247
-142
-12
131
337
391
192
-119
-379
-325
-137
74
130
87
97
74
-1
-193
-293
-193
4
157
209
203
67
-36
-165
-268
-281
-262
-102
82
235
314
184
-74
-334
-453
-333
-133
96
170
156
58
-51
-166
-244
-195
-84
111
237
236
86
-123
-240
-228
-137
-69
-13
147
333
419
283
33
-193
-254
-185
-65
35
149
247
285
169
-57
-281
-370
-213
100
374
367
144
-162
-308
-339
-248
-76
174
373
385
183
-93
-258
-322
-214
2
267
426
334
105
-164
-325
-366
-306
-133
81
297
374
273
-12
-284
-400
-289
6
240
330
244
194
177
126
-2
-189
-268
-179
66
291
344
226
-4
-182
-278
-285
-236
-122
92
329
453
377
210
-55
-244
-371
-335
-213
-118
-11
80
254
271
131
-136
-376
-395
-295
-100
97
168
204
211
185
138
-47
-258
-447
-442
-199
67
281
353
302
134
-103
-283
-336
-193
-13
121
152
165
231
289
299
77
-221
-448
-397
-96
205
334
274
156
80
1
-96
-181
-178
-100
-1
114
163
142
84
39
-27
-172
-262
-225
5
261
310
250
112
30
4
-31
-77
-148
-132
7
216
371
319
99
-157
-269
-244
-114
20
154
200
104
8
-62
-111
-204
-307
-276
-96
147
258
194
21
-116
-161
-157
-92
-38
69
154
190
108
-66
-223
-241
-85
148
277
204
16
-169
-257
-315
-281
-125
145
358
337
113
-150
-292
-290
-187
-11
62
59
-7
-61
-41
-17
3
-28
-87
-102
-127
-177
-187
-116
99
295
325
148
-77
-219
-237
-157
-109
-47
6
76
150
186
110
8
9
156
306
292
122
-82
-199
-208
-176
-72
139
398
535
445
136
-237
-401
-287
-35
135
150
29
0
66
175
127
-74
-286
-339
-160
85
294
304
161
-3
-33
59
179
186
31
-231
-400
-377
-140
130
287
260
111
-5
-25
41
66
96
110
43
-103
-230
-228
-112
18
-2
-96
-132
-50
75
150
92
-49
-224
-325
-311
-186
24
160
250
253
275
311
232
0
-269
-461
-510
-400
-155
134
305
328
197
152
157
187
96
-132
-324
-383
-202
44
208
233
229
267
311
247
73
-173
-348
-359
-251
-68
54
156
239
251
199
20
-182
-305
-302
-156
7
97
126
149
173
112
-53
-239
-308
-227
-22
183
243
153
-29
-141
-109
-43
15
-34
-106
-110
-17
120
201
175
62
-35
-61
-68
-87
-93
-78
31
100
108
52
-29
-86
-142
-187
-235
-241
-199
-114
-48
2
33
20
19
13
-16
-35
-35
39
120
165
194
188
131
26
-91
-97
-17
73
146
141
110
80
121
195
199
79
-82
-213
-233
-166
-77
-5
51
73
74
82
121
183
161
82
-9
-118
-173
-161
-92
1
10
30
108
234
289
209
19
-165
-257
-250
-206
-182
-95
99
282
338
166
-138
-378
-416
-240
-18
80
53
-27
-58
-43
21
78
33
-43
-87
-22
107
164
70
-88
-222
-212
-50
97
194
184
106
-29
-154
-188
-170
-114
-86
-67
-24
23
84
135
141
105
82
17
-18
-38
-101
-107
-83
50
203
292
285
210
164
143
70
-81
-239
-268
-138
36
135
100
58
86
129
113
-42
-188
-224
-136
-9
89
113
14
-121
-186
-121
23
68
-57
-219
-227
-21
218
312
195
-52
-235
-281
-197
-35
59
121
171
191
191
122
45
-42
-113
-149
-186
-181
-133
3
161
253
223
12
-151
-183
-72
52
86
79
7
-33
-59
-39
-8
21
52
42
41
-36
-67
-38
61
150
92
6
-43
-2
92
128
86
-49
-107
-68
27
108
70
29
-16
-14
-12
-72
-113
-89
44
140
145
53
-37
-50
-25
9
-15
-58
-78
-30
56
91
92
91
128
152
72
-49
-159
-172
-72
16
32
21
33
70
43
-76
-202
-244
-143
-10
91
128
75
0
-123
-183
-149
-19
88
109
78
25
20
9
-9
-82
-170
-167
-92
45
110
76
40
-26
-56
-53
0
68
63
34
-42
-57
11
73
43
-38
-108
-129
-55
33
31
-41
-143
-169
-55
104
215
201
92
-50
-147
-121
-67
-12
8
-9
38
96
199
272
220
38
-186
-306
-322
-259
-179
-78
19
112
205
262
250
181
39
-97
-166
-118
-26
63
136
147
170
151
139
94
-5
-77
-87
-60
-50
-24
-2
40
0
-93
-125
-65
86
139
116
47
-6
-57
-70
-18
78
133
88
7
-51
-40
28
82
120
95
-27
-121
-122
-35
39
41
-25
-132
-177
-149
2
135
136
58
-49
-64
-37
-54
-106
-159
-140
-12
113
174
165
101
46
-11
-36
-73
-125
-155
-111
14
140
151
99
15
-71
-117
-129
-95
-82
-53
-45
-19
36
56
53
49
-11
-113
-217
-232
-154
1
142
175
120
-8
-70
-73
-4
18
-3
-17
-34
13
92
108
63
-15
-36
-26
16
1
-45
-41
9
88
83
5
-73
-98
-48
28
58
83
94
104
92
32
-42
-102
-101
-36
80
170
175
102
12
-37
-49
-30
-22
-46
-46
-23
52
102
108
93
22
-62
-113
-104
-84
-44
-19
-4
14
14
55
87
71
-2
-99
-142
-88
9
64
26
-54
-112
-87
-20
31
43
14
-11
-22
-2
32
55
64
70
46
13
-23
-54
-49
-22
25
64
74
65
53
58
53
49
50
32
20
23
39
37
18
-8
-7
19
28
7
-14
-12
-1
8
6
-11
-30
-26
-9
8
-13
-66
-117
-125
-66
-3
30
43
42
23
-31
-99
-135
-126
-78
-13
51
107
127
116
94
54
12
-58
-100
-104
-54
16
44
66
50
21
-9
-45
-41
-46
-66
-80
-81
-21
32
91
109
71
9
-46
-57
-57
-34
-4
27
62
88
103
71
29
-6
-38
-46
-23
10
34
26
-4
-33
-43
-53
-46
-23
-4
2
-25
-70
-98
-102
-73
-28
15
58
72
77
71
57
30
-8
-31
-40
-44
-30
-7
13
15
5
2
2
20
20
-7
-38
-67
-65
-37
1
23
28
27
23
28
29
36
30
12
-3
-28
-31
-37
-36
-16
8
50
66
62
59
59
61
35
-4
-48
-58
-52
-36
-19
-7
4
-1
13
31
41
45
18
-4
-14
-45
-66
-99
-112
-101
-58
5
48
60
42
12
-11
-27
-37
-42
-31
-20
1
20
36
48
55
65
62
53
47
21
-13
-37
-42
-16
17
40
37
10
-25
-31
-13
9
8
-22
-62
-81
-72
-38
-9
-1
-2
-3
-4
11
19
17
27
55
81
89
55
6
-32
-44
-34
-10
8
31
48
46
41
12
-19
-41
-49
-30
-12
23
60
79
79
52
16
-10
-37
-42
-39
-32
-45
-71
-79
-76
-54
-9
31
53
52
19
-7
-41
-47
-36
7
48
71
101
105
100
65
18
-7
-9
7
18
17
-2
-25
-32
-17
-5
-5
-9
-13
-12
-29
-43
-58
-63
-53
-38
2
30
47
30
5
-21
-37
-33
-20
-2
4
3
3
0
-3
3
24
40
50
41
25
13
-16
-43
-38
-8
29
61
51
32
-4
-24
-26
-24
-8
-8
-7
-2
-7
-13
-27
-30
-20
-3
20
32
30
13
-7
-17
-9
14
43
62
72
62
31
4
-18
-21
-1
25
44
38
11
-21
-49
-73
-81
-73
-59
-44
-14
1
9
-4
-25
-43
-57
-52
-39
-28
-22
-11
1
6
9
9
20
20
16
7
-3
-6
-17
-20
-26
-17
0
8
13
9
14
6
1
-6
-13
-18
-24
-5
12
19
19
12
15
12
8
12
8
7
7
13
25
29
27
19
-2
-16
-36
-39
-32
-21
1
16
34
32
30
10
-7
-13
-15
-7
-9
-15
-5
-1
15
21
23
23
3
-8
-27
-38
-42
-45
-31
-23
-4
5
3
4
-4
-4
-1
10
27
29
27
33
38
40
31
18
3
-3
-10
-19
-24
-26
-21
-9
11
25
25
19
21
16
5
-8
-26
-27
-22
-6
15
36
48
38
25
8
6
3
-10
-6
-7
-1
6
18
39
45
40
27
18
3
-7
-21
-23
-16
-9
-2
8
15
17
10
3
7
1
-5
-22
-33
-35
-26
-2
14
27
26
17
3
-12
-20
-35
-38
-23
-5
19
23
28
23
18
15
-7
-24
-42
-53
-59
-42
-21
-4
4
9
14
11
4
-12
-29
-35
-47
-37
-27
-17
-7
-8
-2
2
-1
-11
-12
-7
0
2
6
8
16
7
13
19
18
14
2
5
-1
5
4
3
4
-11
-10
-8
0
-1
-5
-6
-15
-9
-6
-9
-5
-7
-6
-4
10
21
36
36
35
40
42
40
30
25
21
14
7
2
-4
-11
-14
-16
-11
-8
-12
-16
-14
-6
-4
0
5
6
3
4
10
29
28
19
14
-3
-6
-13
-9
-4
1
5
-1
-3
-4
-3
0
10
9
10
16
16
15
12
2
-4
-18
-19
-14
-6
-4
-8
-17
-20
-24
-27
-34
-31
-36
-38
-31
-28
-15
-13
-7
-4
5
18
15
18
11
3
-4
-8
-6
0
1
-4
-8
-4
4
6
6
5
9
5
2
-3
-8
-7
-5
1
9
21
20
20
22
18
18
10
4
3
5
2
3
7
1
-10
-23
-31
-25
-19
-15
-9
-7
-13
-16
-12
-7
3
11
17
25
21
19
3
-4
-3
-5
2
-3
-6
-9
-17
-15
-13
-2
2
9
16
15
21
21
22
26
23
19
9
1
-4
-12
-9
-10
-3
-4
4
1
1
3
-2
0
-9
-11
-14
-9
-5
-2
-1
0
4
2
5
4
10
18
22
19
14
10
2
2
6
15
20
22
13
8
11
11
19
20
20
21
19
17
14
15
10
15
8
3
7
-4
-4
-9
-12
-13
-17
-13
-16
-17
-16
-22
-26
-29
-24
-27
-27
-28
-29
-32
-34
-37
-37
-32
-22
-8
2
14
19
15
12
11
12
12
7
4
-6
-8
-13
-13
-7
-5
2
1
9
11
6
7
1
-2
-3
-10
-10
-9
-3
1
4
3
2
4
-1
-8
-14
-12
-10
1
9
8
8
3
3
1
-4
-3
-3
-9
-5
-7
0
14
18
16
16
19
19
21
6
0
-6
-7
-11
-5
-3
2
4
7
15
20
22
18
16
11
13
13
25
24
17
14
18
10
9
4
0
-2
-9
-8
-5
-5
-10
-12
-15
-13
-15
-22
-28
-31
-34
-29
-23
-16
-14
-16
-14
-3
3
5
12
12
16
13
-1
-1
1
-4
-6
-6
3
5
6
3
3
-1
-4
-1
-4
2
2
0
-2
-7
-5
-3
0
-2
-3
1
1
1
8
7
11
16
17
24
15
12
4
-7
-9
-12
-9
-9
-7
-8
0
6
7
8
4
7
2
-2
-4
-7
-4
-1
2
3
7
8
11
16
18
14
8
5
6
11
12
16
18
18
13
1
-8
-13
-8
-16
-15
-21
-18
-24
-30
-25
-22
-17
-16
-16
-20
-22
-22
-19
-16
-12
-13
-9
-9
-7
-1
-1
4
7
11
11
16
17
16
12
8
4
7
4
0
-1
-3
1
-2
1
5
-1
-4
-1
2
3
4
3
-4
-2
-2
-2
-5
1
-1
1
4
5
11
11
13
12
8
6
6
1
1
5
1
8
3
6
10
8
14
3
7
1
5
5
3
4
-2
5
4
5
10
10
11
9
3
4
1
1
-1
-5
-3
-6
-6
-8
-9
-10
-12
-15
-19
-16
-22
-18
-14
-16
-12
-11
-7
-8
-7
-4
1
2
4
10
10
15
14
18
17
16
11
7
2
-6
-9
-12
-14
-14
-8
-7
-2
-6
-5
-4
-6
-4
-8
-6
-6
-5
-1
-4
3
6
3
8
9
16
12
15
16
14
11
6
11
7
6
6
-1
-2
-2
-3
0
1
2
0
-2
-4
-3
2
0
-1
4
6
9
9
8
2
1
1
0
6
9
7
3
2
1
-1
-3
-3
-2
-6
-5
-9
-7
-9
-14
-10
-4
-2
-3
-6
-9
-10
-10
-13
-12
-6
5
17
14
16
8
2
-2
-2
3
0
-1
-4
-6
-10
-8
-4
1
5
5
2
2
-3
-7
0
-2
0
-4
-2
-7
-10
-10
-18
-19
-21
-17
-11
-7
-3
-1
4
5
12
13
13
15
10
7
2
3
6
4
10
11
13
13
8
6
0
2
2
-5
-6
-7
-5
-4
3
0
0
4
3
9
11
10
9
3
4
2
4
8
5
5
1
-6
-8
-12
-16
-16
-17
-16
-15
-12
-13
-12
-13
-9
-5
2
10
9
9
6
4
10
15
16
18
17
21
17
5
2
-4
-11
-14
-13
-8
-9
-10
-11
-8
-10
-11
-10
-14
-10
-8
-8
-5
-5
-9
-11
-7
-1
3
2
0
1
4
7
7
8
16
16
17
23
23
27
17
14
17
7
8
6
5
11
8
10
8
14
1
-4
-8
-12
-7
-13
-14
-11
-7
-10
-5
-3
3
-1
-5
-6
-1
0
-3
2
1
8
0
5
2
2
-1
-6
-3
-1
0
-3
3
8
16
15
14
7
-3
-2
-10
-7
-4
-3
-2
-1
-3
-8
-16
-18
-21
-15
-14
-15
-15
-12
-14
-24
-31
-33
-29
-28
-28
-18
-8
-8
-8
-11
-11
-10
-13
-10
-9
-1
1
4
10
11
11
15
19
21
20
23
23
23
28
30
34
36
39
34
22
14
3
-6
-8
-16
-7
-2
5
12
12
4
-13
-20
-23
-21
-13
-7
-6
0
9
9
5
1
-5
-7
-1
7
17
22
23
21
26
27
21
15
3
-4
-6
-10
-4
0
0
2
0
3
6
1
3
2
2
-2
1
5
5
1
-4
-8
-9
-9
-8
-6
-1
2
-2
-2
-4
1
-2
-8
-8
-10
-10
-9
-8
-3
5
4
1
7
5
3
7
9
9
4
4
6
6
-1
-15
-24
-25
-26
-23
-19
-15
-5
-4
-8
-7
-13
-15
-17
-19
-13
-13
-11
-5
-7
-2
4
6
3
6
6
7
2
-11
-12
-16
-16
-8
-2
-2
-2
0
3
5
8
13
24
31
28
29
31
31
26
27
19
20
18
11
10
9
4
-2
1
2
4
4
2
-5
-11
-10
-9
-11
-15
-18
-19
-19
-15
-8
-3
2
4
-3
3
1
2
5
7
10
8
8
6
7
0
-8
-9
-18
-22
-23
-23
-18
-17
-10
-8
-8
-3
-2
-4
-5
-3
1
-3
-8
-9
-10
-7
1
3
5
10
9
6
4
3
1
2
-1
-2
2
-2
-4
-3
0
0
4
4
3
7
8
10
11
9
10
5
4
2
2
1
-4
-7
-8
-14
-10
-7
-6
-1
3
2
4
4
3
9
5
2
6
3
8
10
14
21
15
19
17
16
9
-1
-1
-8
-14
-15
-18
-14
-10
-11
-4
3
7
6
8
7
3
5
7
9
7
11
10
10
16
10
10
2
0
0
-5
-7
-14
-14
-18
-21
-25
-28
-25
-24
-24
-20
-16
-9
-11
-10
-4
-8
-4
-4
-1
4
1
1
6
9
9
7
14
17
13
5
4
-1
5
4
2
3
2
5
6
6
4
6
6
4
2
10
12
10
9
12
12
15
19
14
13
11
6
2
5
0
-1
2
-5
7
1
3
7
3
7
7
10
9
5
1
-3
-8
-10
-8
-5
-8
-5
-3
-2
-1
-1
-5
-4
-5
-4
-5
-8
-12
-12
-12
-10
-14
-16
-14
-12
-6
-7
-3
0
2
6
6
3
-1
-6
-10
-14
-19
-18
-20
-18
-14
-10
-5
1
8
8
13
16
15
14
10
9
8
3
6
1
3
5
12
14
17
20
16
13
13
10
4
0
-6
-7
-14
-13
-9
-10
-9
-8
-5
-4
-3
3
3
6
4
10
11
9
9
6
4
1
-1
-3
-8
-12
-15
-12
-14
-15
-12
-14
-13
-15
-16
-11
-11
-6
-3
-5
-1
-8
1
1
1
4
4
4
0
4
