SAMPLES:	16147
BITSPERSAMPLE:	16
CHANNELS:	1
SAMPLERATE:	16000
NORMALIZED:	FALSE
-3
-1
-2
-5
-5
-3
-2
-2
6
13
16
11
8
3
-4
-11
-11
-8
-5
-8
-12
-9
-9
-10
-13
-17
-19
-16
-16
-19
-19
-24
-25
-23
-21
-19
-11
4
12
14
22
24
22
18
19
20
20
18
22
26
21
21
19
14
10
4
-1
2
9
9
7
10
14
13
6
6
3
-5
-5
5
10
4
-1
2
-7
-5
-4
-8
-8
-5
-1
-5
-4
-9
-15
-21
-24
-26
-28
-30
-27
-22
-19
-20
-15
-22
-13
1
9
14
21
27
29
33
35
40
40
40
40
38
38
37
28
18
16
9
3
0
-8
-22
-35
-44
-51
-49
-52
-49
-36
-28
-19
-14
-13
-8
-8
-7
-7
1
-3
-8
-15
-26
-28
-25
-16
-8
-5
-10
-11
-4
-2
-3
-3
-5
3
15
25
29
29
21
16
14
10
15
21
31
38
47
47
39
37
30
36
40
35
24
9
-3
-10
-20
-25
-19
-15
-11
1
6
5
-4
-12
-16
-16
-19
-21
-22
-24
-27
-27
-25
-21
-23
-27
-31
-31
-26
-19
-6
6
15
11
12
15
17
21
24
34
36
31
18
8
-7
-13
-11
-1
14
25
37
39
38
35
25
13
8
9
5
6
11
9
8
4
7
2
-4
-9
-9
-3
-8
-10
-14
-12
-18
-27
-31
-30
-19
-10
-7
-8
-17
-32
-42
-43
-40
-37
-28
-13
-5
5
12
8
-3
-4
-3
-5
1
1
-5
-6
-3
1
5
6
0
4
14
20
25
25
23
15
3
-5
-17
-29
-30
-29
-20
-11
-13
-25
-40
-45
-48
-36
-29
-17
-10
-10
-7
-5
6
10
19
23
21
21
19
23
17
20
24
32
39
38
36
28
26
22
28
33
34
32
28
22
11
11
8
7
-1
-2
-6
-17
-22
-27
-31
-30
-20
-17
-11
-1
-5
-6
-8
-7
-9
-15
-12
-12
-9
-6
2
6
14
21
24
34
32
29
25
25
29
27
30
28
18
13
7
6
3
-2
-4
-8
-6
-4
3
5
8
8
4
3
3
3
7
12
17
23
22
21
17
12
5
-1
-3
-7
-10
-9
-16
-22
-29
-30
-35
-38
-34
-34
-32
-35
-40
-34
-33
-37
-38
-39
-38
-38
-37
-35
-38
-34
-38
-39
-31
-18
-6
3
12
16
24
33
37
38
36
35
31
31
28
17
9
2
-8
-20
-22
-26
-31
-35
-29
-26
-22
-16
-11
-3
-1
3
7
2
0
5
7
4
5
10
12
10
13
9
5
11
16
21
25
28
30
26
27
24
19
19
17
16
8
5
-4
-13
-20
-24
-21
-16
-7
-6
-5
-1
9
13
13
13
11
2
3
2
1
-6
-10
-7
-12
-13
-9
-6
-4
-4
-2
2
10
16
18
21
25
23
20
20
20
17
11
7
5
-1
4
10
12
19
28
35
39
41
38
38
32
32
32
30
31
20
16
10
7
6
0
-1
-3
0
-1
-5
-5
-2
2
7
12
9
6
4
1
-3
-7
-5
-4
-1
1
-5
-9
-16
-19
-19
-22
-18
-18
-17
-23
-24
-33
-38
-38
-41
-46
-51
-55
-61
-63
-63
-66
-63
-57
-51
-43
-40
-37
-35
-36
-32
-33
-35
-29
-30
-27
-27
-27
-24
-24
-20
-20
-10
-6
0
5
9
17
23
26
29
31
26
23
21
17
17
14
6
8
10
9
13
14
17
24
31
41
46
49
44
44
39
36
35
32
29
20
15
8
2
-4
-2
0
-1
3
14
21
25
26
29
32
32
34
26
20
12
4
-7
-12
-15
-17
-13
-9
-4
1
-1
-3
0
0
1
4
3
2
-1
-7
-8
-14
-16
-23
-25
-29
-27
-20
-16
-9
-7
3
13
18
17
20
19
22
23
14
8
0
-3
-6
-9
-8
-10
-8
-7
1
10
8
7
9
14
15
15
18
16
17
17
14
8
2
-4
-6
-6
-6
-2
-2
6
12
20
23
27
28
26
29
25
22
11
3
-3
-9
-14
-16
-21
-26
-24
-21
-19
-14
-16
-18
-17
-16
-16
-18
-22
-28
-28
-29
-27
-32
-36
-35
-34
-35
-32
-27
-23
-15
-12
-8
-7
-13
-10
-9
-8
-14
-15
-13
-13
-13
-14
-9
-12
-14
-15
-17
-12
-5
-3
3
11
11
13
20
21
19
23
21
20
18
16
12
12
11
12
14
12
16
19
21
21
22
20
20
21
18
9
7
0
-3
-5
-5
-3
-7
-11
-9
-3
-2
-3
-1
4
4
6
8
9
11
15
12
11
9
2
-6
-8
-5
-5
-3
0
3
5
4
4
-2
-3
3
2
4
4
0
-3
0
7
12
12
12
11
15
15
12
11
15
21
25
29
32
26
22
21
17
12
3
-3
-7
-10
-11
-10
-9
-11
-9
-6
-5
-2
1
-1
-2
-3
-6
-1
-2
-8
-12
-15
-14
-11
-13
-12
-9
-12
-13
-14
-11
-10
-10
-8
-5
-3
-3
-2
-5
-2
-8
-12
-16
-18
-17
-24
-27
-24
-24
-24
-22
-16
-19
-20
-16
-16
-7
-1
6
10
7
6
3
3
1
-2
-6
-6
-11
-14
-14
-12
-6
2
6
12
9
8
8
-2
-6
-10
-9
-9
-15
-13
-9
-11
-13
-14
-7
-6
-2
0
-3
-2
-3
1
5
9
14
15
15
14
11
9
12
13
15
18
13
9
7
9
6
2
3
9
11
5
7
3
2
7
9
13
16
13
1
-4
-5
-4
-4
-1
0
4
7
5
7
11
16
20
26
24
22
25
25
19
21
20
23
25
22
18
15
12
8
7
8
12
16
13
19
15
9
0
-8
-7
-7
-5
-3
-3
-5
-5
-8
-14
-11
-9
-7
-1
1
-2
-2
-8
-7
-6
-5
-7
-4
0
-4
-12
-19
-21
-25
-26
-31
-30
-36
-37
-35
-36
-27
-20
-18
-18
-11
-13
-10
-7
-6
3
0
0
2
0
0
-2
0
2
3
3
2
9
11
12
17
19
19
22
25
22
19
21
15
12
5
-2
-9
-12
-14
-15
-16
-18
-16
-17
-10
-6
-4
0
3
2
2
3
1
-2
-1
-6
-15
-16
-20
-17
-20
-18
-17
-15
-6
-1
5
2
2
4
0
-3
-2
2
7
8
13
14
12
7
7
8
8
14
19
16
21
25
26
26
26
21
15
9
3
2
-4
0
-4
-9
-9
-11
-13
-13
-9
-6
-8
-9
-7
-4
-4
1
7
3
1
5
4
6
7
6
15
15
17
19
19
15
15
13
15
18
19
22
21
20
13
8
1
1
0
-1
0
4
3
2
-2
-5
-7
-4
-4
-5
-11
-14
-16
-17
-15
-10
-8
-13
-16
-21
-24
-25
-23
-19
-16
-10
-6
-5
-3
-10
-12
-11
-9
-8
-7
-13
-18
-20
-25
-32
-32
-27
-19
-15
-14
-8
-9
-14
-20
-20
-17
-19
-19
-18
-20
-17
-22
-21
-11
-10
-2
0
3
6
12
16
25
32
29
32
29
27
17
8
10
10
11
10
15
19
15
16
17
18
20
20
23
25
30
30
31
23
16
13
10
5
3
6
5
2
1
-2
-2
1
3
5
4
7
12
14
10
11
8
-1
-5
-11
-14
-15
-14
-10
-8
-3
2
6
7
10
10
13
14
17
19
22
24
23
20
16
3
-3
-5
-11
-9
-5
-2
2
6
3
0
5
10
8
7
8
0
-8
-14
-17
-17
-15
-18
-25
-25
-30
-39
-39
-41
-42
-43
-41
-42
-42
-39
-39
-38
-35
-33
-27
-25
-24
-21
-23
-26
-21
-11
-4
8
16
21
21
20
19
16
16
21
27
29
32
33
28
25
16
12
7
0
3
-1
4
11
16
19
27
32
36
37
36
37
34
25
20
17
12
6
0
-5
-8
-11
-9
-11
-13
-8
-10
-12
-15
-18
-22
-25
-27
-25
-18
-17
-12
-8
-8
-8
-16
-17
-19
-16
-11
-8
-2
1
1
1
11
16
18
20
21
21
21
24
28
27
28
27
31
30
24
24
23
21
19
20
19
22
26
27
28
23
21
23
21
17
16
10
6
-2
-6
-10
-15
-20
-21
-11
-11
-12
-8
-13
-11
-11
-10
-6
-6
-8
-7
-10
-15
-17
-16
-18
-17
-17
-17
-14
-16
-21
-25
-23
-16
-12
-12
-5
-1
-3
-5
-8
-10
-13
-10
-8
-10
-9
-6
-15
-21
-22
-25
-26
-27
-27
-32
-41
-52
-59
-59
-60
-59
-56
-49
-42
-37
-31
-21
-14
-12
-2
5
14
11
8
1
-11
-11
-10
-3
4
15
20
23
23
27
27
29
36
43
44
46
44
45
45
44
41
35
37
40
40
39
34
36
41
38
35
32
28
21
21
19
20
15
13
9
1
-12
-19
-21
-24
-19
-16
-11
-10
-7
-6
-3
8
9
7
7
5
0
-6
-8
-12
-10
-9
-7
-7
-9
-12
-21
-27
-21
-14
-9
-3
3
7
2
1
-2
0
3
1
6
9
5
7
7
8
7
7
10
13
15
11
9
11
11
12
13
12
12
2
-2
1
2
4
10
15
16
18
13
3
-3
-7
-5
1
7
15
8
5
-12
-28
-34
-45
-44
-44
-43
-44
-50
-61
-62
-54
-45
-29
-22
-16
-13
-16
-18
-18
-21
-23
-16
-12
-15
-21
-24
-27
-29
-26
-20
-13
-5
-2
-1
0
0
-1
8
22
24
29
27
27
29
29
35
42
48
54
58
57
56
54
47
44
50
58
54
42
26
15
7
-4
-4
-3
-14
-25
-40
-43
-46
-44
-39
-31
-25
-25
-21
-28
-27
-25
-28
-25
-20
-15
-14
-7
4
16
20
15
15
12
3
2
0
8
18
27
34
40
48
40
40
36
32
31
20
11
11
13
12
17
20
18
15
18
22
18
20
14
5
-5
-17
-13
-6
2
12
15
15
12
9
2
-2
-11
-11
-8
-12
-12
-15
-13
-16
-13
-7
0
5
1
-7
-20
-32
-38
-34
-25
-21
-11
-7
-12
-8
-8
-6
-5
-3
-8
-9
-11
-15
-20
-24
-14
-8
-8
-6
-17
-32
-45
-51
-49
-46
-41
-45
-48
-43
-40
-37
-30
-15
-2
3
9
11
9
4
2
1
3
9
18
24
29
27
22
26
26
25
21
20
20
30
44
52
54
49
38
29
25
13
-4
-8
-15
-16
-16
-17
-19
-19
-17
-27
-24
-25
-26
-26
-23
-20
-25
-29
-37
-42
-30
-18
-13
-12
-17
-18
-18
-16
-7
-8
0
10
19
34
43
47
43
38
32
18
15
13
14
20
17
23
28
29
24
19
14
6
2
6
12
12
3
-3
-6
-7
-1
2
4
2
1
5
4
1
-8
-5
-2
2
9
9
10
9
6
5
-1
-2
-6
-6
-2
5
2
-3
-8
-8
-1
-2
-11
-20
-22
-19
-11
-6
-4
2
4
4
20
27
20
18
16
15
12
12
10
8
9
12
12
8
5
5
7
7
6
4
-1
-4
0
4
3
1
-4
-4
1
-2
-6
-8
-11
-10
-3
0
3
5
6
14
13
15
8
4
0
0
3
6
9
13
17
22
24
28
30
35
39
39
32
23
15
10
5
-1
0
-1
-5
-6
-13
-19
-26
-32
-34
-31
-20
-22
-22
-26
-35
-38
-41
-42
-48
-50
-45
-42
-43
-37
-40
-42
-45
-45
-44
-41
-35
-30
-30
-37
-42
-39
-36
-30
-18
-10
-7
-4
-2
-1
2
-3
-7
-8
-4
2
13
17
23
22
15
12
16
20
19
22
22
26
28
26
22
21
26
24
15
11
8
8
6
3
8
8
13
17
20
19
11
3
0
1
3
14
12
12
9
12
11
5
6
7
13
22
28
29
25
28
24
21
25
14
6
0
-6
-7
-7
-4
0
1
-2
-7
-12
-19
-21
-17
-12
-7
-4
-3
-4
-7
-9
-9
-9
-13
-12
-10
-9
-5
-4
-2
-7
-9
-5
1
1
11
25
30
39
39
39
40
38
43
45
44
36
31
25
20
11
7
8
2
-1
-4
-2
6
15
23
29
29
24
13
9
0
-8
-18
-27
-27
-28
-30
-36
-32
-29
-26
-21
-17
-18
-24
-19
-15
-11
-13
-17
-24
-29
-25
-24
-30
-34
-37
-32
-29
-20
-13
-11
-12
-8
1
1
-1
2
0
0
4
4
0
-4
-9
-16
-13
-9
-9
-13
-13
-9
-12
-10
-7
-10
-8
-5
1
6
2
2
-5
-10
-21
-31
-34
-33
-28
-25
-24
-17
-13
-13
-9
-2
2
4
3
3
4
1
3
1
-1
0
3
10
20
29
30
31
34
42
48
54
51
44
39
33
28
25
21
16
18
18
17
21
22
21
21
31
31
25
27
16
7
0
-8
-8
-7
-11
-10
-11
-9
-11
-12
-6
-7
-4
-3
2
5
6
-2
-6
-11
-15
-16
-19
-21
-26
-28
-25
-23
-21
-19
-16
-13
-4
-1
-7
-4
-9
-11
-9
-3
4
5
5
10
12
13
19
15
12
19
20
18
19
13
10
4
-2
0
0
-5
-9
-2
-1
1
7
5
-1
-2
-3
-5
-3
-2
-3
-5
-5
1
6
4
9
11
17
20
16
27
25
23
23
20
23
19
15
7
0
-7
-9
-6
-3
-4
-5
-4
-2
-3
-2
-1
-5
-10
-16
-17
-23
-22
-23
-22
-17
-13
-14
-13
-15
-21
-19
-19
-13
-11
-13
-17
-18
-22
-24
-22
-18
-20
-23
-27
-25
-18
-17
-21
-18
-8
-6
-10
-11
-12
-11
-3
0
6
8
8
8
8
9
9
13
13
14
14
17
16
10
14
13
8
4
6
7
8
10
13
13
9
10
9
8
-2
-8
-8
-9
-8
-11
-10
-9
-3
5
5
6
6
2
1
2
3
-2
-2
2
3
3
5
7
6
8
5
5
9
15
17
22
15
14
19
17
22
23
21
18
17
15
16
15
17
20
21
25
20
17
10
1
-4
-10
-10
-10
-10
-13
-15
-14
-14
-10
-9
-6
-4
-1
2
2
-4
-7
-6
-8
-3
-2
-8
-11
-11
-11
-14
-10
-10
-11
-10
-5
-6
-7
-16
-24
-26
-26
-16
-12
-9
-13
-18
-16
-19
-20
-14
-9
-5
-5
0
3
5
0
0
2
3
6
2
1
-3
-1
-1
-3
-2
-1
7
8
8
7
4
6
6
14
21
20
17
20
20
16
13
5
3
0
-1
2
-2
-4
-6
-7
-9
-10
-8
3
7
9
7
6
1
0
1
1
-2
1
4
7
10
9
10
8
9
11
8
8
7
4
0
2
-4
-8
-7
-12
-21
-25
-24
-19
-19
-12
-5
0
0
-1
5
1
1
-6
-4
-2
-6
-7
-8
-7
-10
-9
-8
-3
0
5
7
3
5
-4
-1
-2
-5
-6
-4
-6
-4
-1
-2
4
9
16
21
23
29
36
33
35
32
31
28
24
23
14
6
7
10
14
17
17
19
21
13
9
6
6
8
4
1
-3
-9
-13
-16
-18
-15
-15
-15
-14
-14
-15
-10
-10
-16
-15
-16
-16
-16
-15
-15
-14
-15
-14
-18
-18
-17
-21
-18
-17
-17
-17
-17
-13
-11
-15
-10
-12
-11
-13
-14
-14
-14
-13
-15
-10
-9
-11
-12
-8
-5
-1
3
3
3
1
-5
-6
-4
-3
-3
-2
1
2
4
0
0
5
11
17
21
22
26
24
18
12
6
7
5
5
7
2
0
3
4
8
13
10
13
18
14
13
11
6
-1
-1
4
-1
-1
-1
-8
-13
-17
-18
-15
-12
-4
6
8
9
11
14
11
11
13
14
14
13
9
11
11
11
13
18
22
19
19
19
18
19
16
18
14
10
5
-6
-9
-13
-11
-6
-1
1
4
3
2
4
6
8
7
5
2
-6
-11
-17
-21
-21
-24
-21
-19
-25
-24
-20
-25
-23
-25
-21
-16
-15
-15
-21
-23
-25
-29
-25
-24
-18
-12
-9
-1
0
-2
-6
-3
5
8
12
16
17
17
17
10
6
4
1
5
-2
-2
-7
-5
-1
2
6
4
13
16
18
18
15
15
11
13
7
4
4
2
-2
2
5
5
8
16
21
24
26
25
23
19
16
13
13
3
-2
-2
-6
-9
-16
-20
-14
-9
-2
-6
-7
-7
-11
-11
-10
-11
-9
-9
-5
-1
-3
-7
-9
-9
-3
1
1
2
4
6
8
12
12
9
5
4
4
2
1
0
-2
0
-3
-11
-16
-21
-19
-20
-18
-11
-7
-2
0
1
1
6
10
9
11
11
8
7
10
6
7
10
16
19
22
25
27
29
27
23
19
15
14
13
8
4
-3
-12
-17
-15
-14
-14
-17
-16
-17
-20
-23
-26
-29
-28
-22
-19
-22
-20
-16
-18
-22
-25
-25
-29
-25
-16
-17
-16
-6
-6
-3
-2
-4
-2
7
16
17
13
11
5
3
-1
-6
-3
-1
2
-5
-3
-4
-8
0
2
10
14
15
13
6
5
0
-3
-6
-6
-9
-10
-17
-22
-21
-18
-17
-14
-8
-9
-9
-8
-5
-4
-5
-4
3
13
22
23
21
19
8
6
6
3
1
5
3
8
13
14
25
32
39
37
31
27
22
21
23
26
27
28
29
27
21
23
23
22
22
24
26
26
21
19
23
28
32
34
40
38
27
16
4
-5
-14
-16
-18
-17
-9
-9
-8
-11
-14
-24
-33
-32
-27
-27
-30
-33
-33
-32
-38
-36
-36
-28
-22
-19
-22
-23
-25
-26
-17
-12
-7
0
6
11
8
-2
-11
-17
-21
-27
-38
-39
-36
-37
-37
-36
-33
-24
-23
-20
-20
-27
-30
-30
-27
-23
-20
-22
-16
-13
-9
-9
-13
-13
-10
-9
-4
-3
-4
-6
-7
6
12
18
26
33
37
35
36
34
38
40
42
41
44
48
50
48
44
38
33
36
30
27
19
21
20
20
20
22
23
22
24
22
20
13
7
7
0
2
13
18
29
24
25
27
29
34
27
14
6
5
-12
-24
-26
-26
-23
-22
-18
-18
-16
-34
-56
-51
-35
-27
-32
-34
-28
-22
-28
-37
-25
-12
-15
-20
-16
-16
-19
-18
-4
0
-1
8
7
9
15
-2
-4
-7
5
4
-1
-13
-26
-20
-16
-17
-12
-2
8
16
24
12
0
-6
-7
15
15
18
16
8
11
21
12
-14
-9
10
12
11
20
32
20
20
24
-1
-17
-22
0
36
44
33
15
23
26
11
-6
-9
-6
6
11
-1
-18
-20
-16
-23
-22
-11
0
-12
-33
-47
-47
-18
6
-13
-21
-9
-3
-8
-43
-61
-53
-51
-33
12
63
66
30
-18
-54
-52
-31
9
63
68
30
-4
-28
-35
-19
8
10
6
-17
-46
-34
-17
27
51
41
21
-18
-37
-29
-8
48
101
88
18
-55
-84
-95
-59
37
101
81
11
-29
-75
-69
18
94
103
34
-30
-68
-54
-11
59
129
67
-20
-104
-146
-65
69
180
172
77
-45
-157
-158
-52
73
132
113
64
-55
-163
-100
51
61
14
-4
-1
-8
-7
26
56
12
-29
-7
-17
-49
-3
51
23
-55
-112
-87
-10
46
99
98
67
5
-144
-198
-78
59
101
17
-20
-33
-66
-43
37
97
22
-32
-54
-107
-79
13
45
55
18
-9
43
117
67
-49
-28
2
-27
12
82
48
-15
-28
-15
17
67
22
-89
-80
-6
-16
-12
70
95
17
-10
67
67
-4
-42
-77
-69
29
149
172
127
13
-82
-104
-40
92
129
77
14
12
-10
-38
28
112
62
-27
-28
-6
-48
-87
12
93
110
105
-4
-151
-219
-157
5
82
25
-55
-88
-117
-125
-43
32
86
49
-85
-142
-109
-70
12
92
61
-15
-38
-59
-56
-2
-1
-41
-30
-22
-63
-32
69
77
19
30
40
-55
-119
-25
65
68
41
-44
-169
-201
9
86
19
-15
3
27
26
86
85
39
-17
-85
-93
-70
35
144
146
91
-76
-78
6
52
29
-31
40
22
70
147
119
34
-140
-83
76
54
-103
85
324
101
-170
-136
161
88
-134
-198
-5
384
292
-122
-333
-61
5
-75
100
54
-9
-89
-95
-64
-186
-1
136
46
-126
-154
95
8
-1
-58
-72
82
109
66
-212
-13
72
-24
-119
41
253
20
-64
-224
-179
54
207
64
-142
0
212
31
-114
-72
65
-53
-78
-44
119
276
222
-125
-331
91
96
-137
-184
246
183
-123
-4
84
-12
-131
31
-30
-20
170
97
-124
121
131
-171
-277
-53
209
273
216
-149
-86
167
-134
-239
-129
294
124
-179
92
172
5
-287
-299
121
222
149
-136
3
40
-116
-43
-14
138
205
82
-226
-109
5
-4
-289
-56
176
187
106
-89
-148
-219
-205
-58
46
158
115
166
91
-317
-221
-23
-113
162
369
42
-305
128
140
-200
-308
22
259
-46
25
17
191
-86
-374
142
241
1
-89
-53
3
-154
-306
-68
271
239
-43
-162
-49
-308
-193
117
273
92
-128
221
-50
-210
-64
41
-133
75
370
-209
-139
79
130
-118
128
-59
-179
270
286
-112
-120
405
76
-55
-58
122
-97
-214
266
113
-240
-105
191
130
-41
108
69
-221
127
55
117
186
-217
109
203
-74
-284
-55
277
5
-159
-130
39
141
136
-127
-201
35
54
-469
0
364
-157
-384
75
641
-208
-474
387
407
-352
-376
343
19
-301
-7
498
143
-316
224
-171
-134
-262
3
208
344
58
-652
396
243
-297
-604
292
387
-529
204
417
472
-588
-188
320
-233
-337
-4
415
-243
-108
319
403
-222
8
144
-344
-195
-82
308
-109
-24
313
50
-60
-172
87
-46
-315
183
176
47
26
-78
173
-88
-40
18
221
21
-260
-87
-47
323
36
134
-91
99
-182
-88
-115
-9
232
-223
-237
-66
181
-313
133
116
-125
32
242
-348
-296
165
-115
259
-22
125
221
72
-236
-245
-48
-108
-448
635
292
-290
-90
207
39
-403
467
10
-224
-79
148
28
-75
155
151
-33
-48
11
-72
-174
-106
136
-63
-16
-78
257
-168
-76
354
-95
162
-229
-38
13
82
459
142
-193
-521
-201
146
57
-338
249
178
-16
66
106
-410
-157
118
-289
-32
571
-43
-158
114
325
32
-309
231
-15
-99
108
97
376
-144
92
-173
-109
153
-232
108
-266
185
73
-128
-147
155
122
-408
152
-132
78
144
-57
-128
-162
27
-102
37
-72
457
84
13
-235
59
181
-172
-350
-50
347
-91
165
-437
77
652
-646
-278
384
75
-488
-313
561
51
-162
178
346
-412
-339
350
-73
286
205
124
-46
10
236
-134
-160
-416
231
158
364
-47
-91
41
-159
18
78
56
239
-1
-356
357
405
-316
-382
-41
235
-88
-19
322
-18
-445
-356
408
-315
487
256
24
-843
-150
434
-436
-251
388
384
-526
271
38
-545
-214
320
-128
203
173
336
-961
281
434
-109
-622
-82
651
-127
338
83
437
-665
190
304
-212
-48
-91
374
264
47
148
35
-8
-153
-168
163
-8
289
-133
14
-83
-559
-63
-133
310
144
-399
-311
461
32
-109
-139
369
-500
-612
770
554
-575
28
514
-146
-234
-105
198
-497
571
160
-61
5
67
-609
-7
231
174
-484
-74
649
-440
183
69
66
-640
-133
-13
437
276
-154
-215
503
348
-623
-264
51
127
-467
265
441
17
-548
-187
-139
479
225
-643
-67
722
-367
-1
170
373
-555
-201
446
-139
-268
519
-62
123
293
165
-170
-199
168
-675
505
251
28
-770
645
268
-293
-648
577
-137
-505
387
113
-27
176
-341
-144
-40
-69
532
-628
926
-513
-145
-289
252
94
-736
713
-50
-506
412
-148
313
-85
61
163
-255
69
-255
10
274
-283
504
-233
-549
439
156
320
-500
-280
365
-176
-402
373
433
8
-763
1202
46
-734
81
479
453
-457
-60
395
-336
75
251
34
437
-973
-35
161
210
-391
-143
617
-149
-200
346
-452
-204
-463
488
226
-23
168
-297
413
-371
-297
396
-376
101
-324
18
707
-236
9
-384
626
16
-394
736
-202
-463
41
179
623
-231
-307
-319
-120
23
124
217
248
-243
326
-74
-119
-51
-417
572
31
110
168
-3
-59
-187
-186
-171
177
-529
258
281
-297
-70
-237
-433
-154
219
337
-84
238
60
363
-571
-424
372
-145
-35
803
545
-787
-171
170
-312
300
-106
23
-436
-84
624
-125
502
7
-456
-599
445
651
-512
250
573
-588
47
141
-472
-874
293
854
42
267
57
-269
-519
475
-208
-60
-398
131
301
121
-91
-266
51
-709
419
321
150
44
66
94
148
691
-465
-296
152
-713
18
671
191
-904
340
375
-152
-200
-501
174
-688
1042
575
-365
-438
-173
-140
35
110
250
-481
-419
323
157
-523
1
309
-702
589
1149
569
-1260
179
164
-567
167
478
466
-555
692
-172
-229
-6
-517
-175
-10
650
-360
465
206
-926
40
22
186
-615
127
537
253
571
-779
-624
-763
205
601
443
588
409
-138
-841
487
71
-873
-13
974
333
-173
190
-527
-656
-115
613
490
51
-637
-408
318
457
323
420
6
-545
-337
227
-324
68
528
234
161
-149
-315
-233
-341
-487
1191
-204
-279
-168
-146
558
-1012
296
-389
200
-289
191
1391
-1270
261
-575
-81
-305
-68
686
-587
620
201
955
-349
20
35
-1217
-281
-204
1041
489
339
538
-1633
207
385
-817
-440
889
675
-600
604
-182
37
-1311
169
1036
-935
433
611
71
-715
324
572
-579
-1025
810
101
91
915
-424
-986
-465
1038
-587
-396
528
238
-393
761
929
-300
-1201
303
624
187
247
-44
-422
-328
248
251
-39
-830
-1
-184
532
368
471
50
-902
-54
-259
67
234
9
-150
258
394
-211
-580
-130
148
-9
-7
1138
-4
-677
-391
574
-507
-841
962
-365
-101
43
475
164
-859
-328
400
591
-222
-223
741
430
-669
-403
1092
-156
-204
-222
-694
99
-57
322
-768
331
-337
-507
1108
-697
-324
-379
527
-291
-627
841
-192
69
-368
-34
405
234
108
707
442
-1098
-227
431
241
-960
-52
1057
-92
869
41
-1138
-1445
-932
579
-285
1250
492
714
1444
1014
549
-311
249
-759
-722
235
536
-639
87
-335
-862
-85
56
-355
-266
338
487
680
643
-204
-820
-365
121
-6
-95
448
-294
196
683
339
-32
-937
-530
-93
87
276
429
-145
-154
646
103
228
-257
-1042
-755
683
729
371
-433
-1422
198
-314
260
800
566
-645
-420
870
-240
320
-782
-443
-274
67
582
-699
710
-787
142
139
51
242
-781
552
282
384
-85
-440
-534
-99
959
841
883
-359
-915
-444
-44
-119
-156
213
100
195
573
645
-820
-1567
122
1200
836
15
28
-325
-383
-572
440
445
-329
-461
291
747
-121
-471
-1184
269
-801
115
372
388
-28
-817
245
648
22
-106
-41
14
-109
169
565
-110
-359
-788
-366
986
803
-1000
-130
37
-517
-480
453
30
-625
26
438
280
430
-203
-519
161
-336
-150
-322
766
277
-761
-158
59
502
-677
61
860
647
244
3
685
-775
-416
13
-95
16
291
35
-1079
475
155
-19
522
337
-695
-1074
-221
158
267
-33
131
301
738
41
-326
234
227
-475
1074
1011
641
112
226
-983
-164
480
-1007
35
452
-634
-45
1203
179
-1424
-4
236
121
665
421
-179
443
24
-338
170
-421
-118
-285
335
-347
975
304
-428
-309
-398
-1109
-206
258
-215
-239
232
376
67
500
-1073
-420
256
645
1037
1214
493
-902
-91
289
55
-562
-987
-339
571
786
267
-175
-814
-1778
129
1267
484
329
-47
1196
932
678
-160
-578
463
-988
-25
397
5
-829
-789
-820
-810
-219
-953
-491
-168
-475
-720
-178
301
-985
-185
566
541
147
177
483
-410
242
783
880
334
-309
-815
197
339
509
509
3
-66
265
579
90
-122
2
-24
-176
264
412
-16
301
589
-55
-573
306
-777
-1124
704
290
-2
-304
-131
-480
-1505
-643
-735
216
398
-175
339
-47
-685
-777
674
837
-539
-449
496
28
-555
-251
-179
-1027
-879
194
783
-125
-977
-511
-343
36
-583
55
81
8
-156
52
533
-302
-992
229
1400
909
413
406
483
-957
-137
389
547
256
280
1002
1373
1101
532
326
150
-335
459
1762
332
-337
-254
3
-45
-96
-242
431
-172
244
539
794
235
-807
72
-30
380
277
617
-190
-513
-303
209
283
539
59
-419
-565
76
914
409
15
124
372
689
-116
-385
-427
-531
-348
183
643
-220
-562
233
577
-448
-981
-512
301
-137
878
847
399
-563
-1197
-378
90
-288
-161
542
563
-474
-693
-387
-874
-1191
-627
747
-677
-486
-253
-448
-1309
-1161
246
-250
250
-242
102
342
-351
-735
-597
201
255
733
940
191
-710
-563
672
303
-296
-472
-242
446
-140
-462
-585
-659
-396
166
844
-469
-1137
-307
694
415
-389
335
196
-107
78
742
366
366
408
126
252
471
489
321
336
-713
-819
-20
389
-6
-364
-258
13
-42
-530
-985
-685
-714
61
751
426
-606
-1028
-259
-405
-188
-10
86
81
447
1023
844
754
684
584
801
1559
2067
2028
1217
763
830
1032
1449
981
684
240
380
463
910
-161
-1867
-1671
-1481
-742
-659
-734
-1435
-1901
-1219
-1098
-751
-739
-1874
-1428
-298
680
131
-485
-247
-904
-851
192
1071
930
552
413
415
329
335
43
-1
208
223
909
1146
660
442
-51
-169
-259
244
737
154
-20
70
704
383
-451
-414
-171
489
1027
1153
427
-591
-687
-427
81
518
785
931
442
-675
-461
452
523
28
414
879
576
133
-211
-257
-331
-192
584
880
-189
-638
-495
-730
-472
67
18
-368
-150
31
-283
-268
-565
-306
202
372
-27
31
632
354
189
237
-163
-975
-1241
-1100
-1491
-2020
-2267
-2404
-2968
-3567
-3693
-3874
-4075
-4149
-3523
-3129
-3269
-3395
-3017
-2163
-1682
-1108
-321
199
368
1030
2134
2686
2876
3236
3855
4339
4661
5073
5378
5468
5524
5990
6201
5553
4842
4495
4285
3960
3644
3485
2660
2000
1452
886
276
-293
-499
-555
-713
-1152
-1750
-2397
-2428
-1665
-658
-842
-1880
-1843
-1216
-878
-1149
-1370
-673
-185
93
73
121
-584
-1516
-801
41
-164
-585
-539
-479
-1272
-1603
-1427
-1143
-876
-653
-377
-705
-1625
-1677
-793
763
2163
1346
-2819
-8500
-10993
-8623
-3732
-830
-1935
-5095
-8276
-10325
-10540
-9186
-8103
-7687
-5823
-2461
-227
-1407
-4717
-7247
-6946
-3142
2587
7225
7865
5059
2555
2598
4510
6475
7941
8931
9600
10506
11410
10931
8362
5534
5125
7426
9927
10516
8646
5234
1988
905
1957
2991
2491
612
-847
-1491
-1731
-2287
-3693
-5424
-6123
-5043
-3384
-2945
-4388
-6326
-6771
-5141
-2712
-790
-646
-1841
-2304
-1166
910
2390
2797
2560
2530
3334
4364
4665
3832
2558
2416
3547
4661
4472
2902
938
-298
-134
833
1190
294
-1516
-2671
-2733
-2441
-2540
-3413
-4159
-4129
-3103
-1781
-1494
-2530
-3983
-3847
-2091
-86
1166
1064
82
-839
-540
758
1648
1726
1367
1455
1770
1690
960
15
-250
380
2136
2999
544
-5983
-11855
-11680
-6605
-1929
-1631
-4750
-9022
-12752
-13508
-11549
-9138
-8409
-8195
-6039
-3449
-2937
-5261
-7978
-8223
-5144
1042
7215
9244
6276
1996
1324
4322
8520
11606
12671
12098
10858
10837
11446
10572
8413
7281
8775
11078
11604
9376
5200
1262
-329
1379
4053
4358
1454
-2281
-4599
-4965
-4075
-3504
-4114
-5411
-5823
-4604
-3471
-4177
-6372
-7469
-6487
-4283
-1742
-387
-779
-2005
-1935
106
2547
3735
3336
2786
3143
4315
5826
6458
5534
3904
3349
4014
4616
4202
2886
1574
1037
1379
1824
1155
-605
-2328
-2642
-1560
-647
-402
-1228
-2495
-3022
-2566
-1684
-1508
-1885
-2150
-1955
-842
164
484
75
-466
-255
506
1363
1481
1113
889
992
1542
2090
2496
2861
1328
-3653
-10312
-12567
-7801
-1379
519
-3396
-9104
-13372
-15317
-13674
-9978
-7168
-6980
-7115
-5404
-4805
-6984
-9936
-9684
-5375
714
6591
8855
5785
224
-1957
2345
9035
13405
14175
12418
9909
8424
9385
10954
10790
9627
9749
11374
11498
8514
4224
1208
633
2507
5366
5772
1797
-4081
-7377
-6701
-4186
-2456
-2723
-4820
-7170
-7697
-6082
-5057
-5985
-6920
-5587
-2680
-826
-723
-2544
-4348
-3717
327
5150
6742
4803
1795
1027
2728
5620
7823
7474
5356
3605
3726
4519
4002
2545
1388
1725
2628
3038
1787
-1404
-4074
-4165
-1411
1125
988
-1452
-4200
-4984
-3621
-1159
279
-257
-1593
-1722
-487
720
988
865
871
1384
2427
3190
2900
1698
975
1461
2589
3662
4266
1207
-6478
-13927
-12610
-3768
2745
761
-6996
-13274
-16208
-15798
-11826
-7325
-5964
-7940
-8027
-5757
-6141
-9522
-11553
-7830
-1095
4850
8156
6364
596
-4057
-980
8078
14758
15265
12428
9258
7307
8362
11765
13805
12528
10245
10401
11536
9655
5439
2228
2131
4030
6196
6535
2801
-4022
-8711
-7437
-2914
-422
-1825
-5383
-8823
-10037
-8201
-5268
-4563
-6114
-6625
-4436
-2050
-1984
-3306
-3893
-2724
206
3853
5786
4305
1514
1073
3817
7276
8559
7416
5073
3281
3685
5479
6441
4978
2532
1314
1441
1797
1150
-195
-1438
-1914
-991
-48
-874
-3290
-5048
-4252
-1862
109
52
-1723
-3487
-3565
-1589
882
2037
1605
920
966
1764
2459
2618
2469
2642
3361
3831
4068
2745
-2437
-9874
-13074
-7065
1696
3741
-3010
-11808
-16222
-16572
-13430
-8237
-4669
-5813
-9451
-10020
-8854
-9678
-11293
-9150
-2601
2805
4622
3212
-644
-4310
-3070
5258
13925
15756
11406
6626
5284
6845
10659
14593
15154
11956
8930
9015
9468
7460
4848
4710
6370
6954
5637
2564
-1977
-6066
-6090
-2043
865
-1277
-6457
-9964
-10434
-8632
-5838
-4170
-5369
-7966
-8100
-5572
-3585
-3864
-4319
-2781
-435
1376
2201
2104
1441
1807
4693
8149
8941
6668
4139
3909
5491
7509
8331
7013
4165
1887
1934
2938
3075
1837
519
-192
-501
-787
-1504
-2505
-3170
-2667
-1140
-496
-1775
-3840
-4674
-3430
-1065
855
1112
-7
-1019
-716
934
2453
2877
2685
2560
2938
3297
3639
3644
651
-6131
-12036
-9660
-635
4660
341
-9032
-14924
-15961
-14179
-9996
-5466
-4457
-8026
-10817
-10264
-9972
-11499
-10624
-4390
2005
3324
816
-2217
-4267
-3299
3190
11807
14811
10413
4973
4232
7176
10828
13940
15109
12841
9149
8208
9607
9488
7037
5899
7447
8215
6042
2434
-404
-2362
-2799
-778
1129
-811
-5970
-9274
-8315
-5942
-4850
-5187
-6474
-8234
-8720
-6464
-3806
-3825
-5510
-5054
-2197
-138
-105
-363
481
1988
3880
5735
6295
4730
3205
4345
7184
8590
7435
5318
3644
3081
3750
4956
4995
3031
729
-155
190
279
-373
-904
-1024
-1144
-1491
-1924
-2530
-3110
-2843
-1592
-479
-704
-1670
-1874
-776
441
1290
1653
1611
1167
1304
2518
3601
3647
3218
2062
-2580
-9522
-11842
-5047
3575
3994
-4090
-12335
-15450
-15275
-12300
-6816
-2557
-4189
-9388
-11799
-11151
-10790
-10032
-5213
1256
2863
-754
-4357
-4921
-3061
1542
8650
13030
10429
4405
2431
5767
9892
12596
13961
13304
10011
7318
8063
9927
9337
7490
7596
8447
6811
3321
1328
1169
902
357
446
-388
-3349
-6209
-5912
-3936
-3819
-5629
-7066
-7364
-7404
-6661
-5103
-4597
-5933
-6483
-4431
-2047
-1799
-2378
-1182
924
2214
2636
3194
3549
3467
4422
6359
7328
6016
4316
4186
5165
5913
5828
5192
3686
2007
1445
2003
2440
1740
781
277
-179
-985
-1684
-1640
-1296
-1123
-1120
-1499
-2233
-2837
-2260
-672
557
439
-269
-457
-7
892
2031
2931
2789
2071
1949
1047
-3341
-9342
-9871
-2648
4262
2644
-5709
-12538
-14488
-13397
-9722
-4288
-1588
-5193
-10860
-12637
-11249
-10114
-8061
-2785
1678
373
-4432
-6584
-4779
-1258
3607
8919
10352
5907
1231
2404
7719
11583
12631
12371
10768
8090
7225
9525
11447
10047
7728
7572
8027
6378
3956
3379
3673
2733
1169
522
-127
-1870
-2998
-2273
-1875
-3765
-6139
-6309
-5116
-4693
-5007
-5376
-6053
-6909
-6185
-4012
-2616
-3246
-3788
-2655
-1047
-297
-23
947
1790
2308
2982
3819
4011
3288
3311
4331
5202
4922
4110
3688
3242
2920
2854
3073
2814
1890
1407
1270
927
133
-320
-110
-46
-316
-905
-1384
-1778
-1794
-1198
-547
-385
-776
-1046
-847
-123
594
1291
1723
1756
1370
1180
1337
-365
-4867
-8906
-7072
-500
3085
-660
-7872
-12090
-12485
-10821
-7445
-3642
-2916
-6676
-10644
-11388
-10214
-8743
-5763
-1356
265
-2823
-6396
-6189
-2840
918
4534
6852
5577
1923
868
4581
9061
10677
10172
9447
8338
7340
8316
10561
10941
8868
7321
7640
7764
6526
5606
5689
5027
2994
1550
1566
1540
701
104
-128
-1490
-3653
-4406
-3227
-2354
-3059
-4293
-5099
-5681
-5788
-4733
-3357
-3265
-4248
-4372
-3376
-2307
-1786
-1111
-269
-38
-45
390
1317
1881
2197
2745
3197
3052
2633
2722
3237
3407
3204
2989
2898
2758
2539
2469
2169
1569
1004
849
963
778
367
-175
-719
-1148
-1298
-1157
-1234
-1523
-1721
-1508
-1354
-1430
-1285
-778
-209
-343
-659
-762
-219
640
1025
-626
-4722
-7963
-6810
-1863
1239
-472
-5028
-8711
-10284
-9726
-6682
-3103
-2017
-4407
-7295
-8651
-8800
-7832
-4910
-1229
-160
-2339
-4667
-4718
-2922
-330
2621
4375
3392
1347
1352
3875
6242
7146
7261
6987
6294
6216
7766
9278
8772
6956
6179
6677
7000
6900
6850
6391
4775
3023
2525
2950
3191
3024
2629
1474
-483
-1748
-1369
-354
-68
-598
-1505
-2786
-3907
-3807
-2538
-1641
-2100
-3070
-3522
-3322
-2700
-1796
-1166
-1519
-2211
-2159
-1190
-263
230
591
643
266
-42
478
1391
1948
2066
2063
1810
1209
905
1268
1715
1605
1078
534
-115
-676
-640
-213
-152
-891
-1726
-2071
-1915
-1525
-1212
-1222
-1716
-2139
-2079
-1646
-1310
-1060
-710
-472
-518
-695
-559
-219
-29
9
271
558
407
-432
-1613
-2511
-2677
-1835
-670
-214
-1121
-2872
-4286
-4795
-4312
-3168
-1958
-1614
-2591
-4033
-4820
-4443
-3428
-2201
-1255
-1098
-1708
-2264
-1969
-1056
-78
718
1287
1447
1288
1389
2061
2877
3364
3561
3729
3863
4083
4493
4865
4736
4203
3905
4150
4562
4684
4370
3719
2882
2325
2382
2808
2955
2567
1919
1253
811
661
805
930
813
528
207
-80
-291
-375
-293
-234
-343
-563
-725
-712
-597
-532
-608
-850
-1126
-1248
-1133
-858
-722
-892
-1269
-1575
-1572
-1277
-961
-862
-1014
-1279
-1441
-1389
-1165
-912
-788
-849
-951
-986
-886
-677
-462
-344
-386
-450
-389
-248
-174
-147
-76
13
-7
-56
-21
-4
-74
-149
-77
-24
-172
-350
-428
-361
-332
-349
-332
-346
-477
-670
-791
-832
-806
-706
-603
-674
-864
-1004
-1046
-1050
-1014
-908
-827
-898
-1000
-973
-889
-853
-799
-587
-402
-448
-557
-507
-360
-244
-90
119
190
89
46
179
300
275
268
417
542
547
506
477
403
371
583
923
1071
966
830
815
924
1065
1246
1385
1446
1509
1589
1627
1554
1481
1516
1617
1695
1672
1581
1487
1416
1388
1336
1236
1088
941
847
795
770
670
514
355
241
135
-14
-116
-125
-87
-85
-192
-366
-590
-688
-604
-414
-311
-412
-588
-803
-904
-854
-670
-485
-398
-463
-620
-755
-781
-639
-444
-298
-301
-372
-490
-621
-709
-715
-624
-515
-478
-528
-603
-626
-636
-713
-797
-804
-692
-518
-411
-458
-673
-853
-867
-696
-477
-328
-317
-487
-717
-788
-599
-344
-197
-165
-180
-263
-326
-248
-17
156
123
14
-27
-10
-17
-15
25
-27
-129
-157
-121
-96
-156
-213
-276
-394
-505
-462
-223
16
86
7
-147
-280
-259
-17
319
496
479
394
335
324
381
569
769
848
797
738
793
902
999
1026
1004
930
851
855
953
1056
1069
996
859
750
703
741
767
733
689
684
694
633
517
416
342
316
312
339
347
267
185
126
72
25
-1
37
30
-50
-137
-176
-180
-203
-184
-153
-204
-385
-585
-672
-598
-475
-422
-504
-688
-810
-845
-796
-730
-692
-646
-602
-585
-631
-707
-746
-721
-625
-513
-415
-397
-480
-623
-723
-676
-483
-252
-119
-136
-250
-340
-301
-144
-7
59
82
81
32
-38
-57
-17
37
82
106
77
-35
-148
-119
-17
34
10
-1
4
-24
-27
59
143
75
-49
-64
26
99
124
115
65
-5
-19
58
102
27
-72
-60
52
149
203
193
101
-33
-47
106
244
285
282
284
243
138
99
218
397
512
509
457
390
358
419
531
626
636
632
625
603
553
493
473
466
467
462
440
388
294
210
148
94
81
113
143
100
-45
-238
-366
-387
-308
-219
-226
-340
-498
-604
-626
-578
-481
-392
-358
-382
-451
-526
-570
-533
-400
-267
-226
-285
-346
-358
-340
-316
-299
-252
-187
-130
-98
-104
-128
-166
-154
-51
89
180
162
67
-67
-138
-88
63
207
234
115
-46
-142
-137
-52
60
142
128
22
-91
-110
-30
86
176
152
66
5
31
110
175
192
157
119
64
14
13
108
228
252
170
28
-73
-90
-15
84
130
111
65
22
-7
-19
-17
3
33
79
132
174
164
115
78
135
275
378
404
387
356
360
399
436
461
469
467
448
425
418
381
348
313
243
176
124
114
64
-53
-185
-276
-283
-263
-264
-311
-374
-471
-534
-542
-482
-417
-425
-482
-560
-594
-575
-509
-426
-369
-357
-384
-416
-418
-370
-296
-222
-172
-172
-234
-267
-176
-41
21
-22
-90
-94
-46
20
65
53
-5
-72
-53
22
51
16
-24
-51
-77
-74
-33
3
-2
-32
-50
-33
-22
-19
-3
61
132
149
129
101
95
157
285
370
316
169
67
111
275
431
482
366
147
20
75
213
308
288
188
85
22
-5
-3
-3
-29
-18
63
123
92
-7
-55
1
96
157
178
179
180
193
209
231
236
237
267
325
386
387
310
222
213
300
370
362
259
145
77
82
127
166
154
80
0
-62
-81
-82
-90
-130
-190
-244
-290
-292
-273
-285
-341
-406
-438
-434
-424
-426
-427
-427
-417
-387
-364
-367
-366
-319
-254
-223
-246
-283
-262
-173
-102
-133
-222
-278
-266
-218
-172
-151
-185
-251
-266
-224
-172
-140
-110
-48
-23
-69
-119
-99
-22
34
65
90
124
153
187
231
269
309
372
417
404
366
338
311
312
344
369
334
248
186
179
210
209
153
101
61
37
38
35
7
-40
-47
-11
3
-28
-70
-96
-97
-56
-20
-6
5
13
14
-18
-41
-38
1
78
162
228
225
167
112
124
188
267
314
297
232
143
125
185
267
273
215
145
83
51
48
65
85
87
33
-53
-100
-99
-87
-76
-89
-136
-226
-324
-352
-291
-192
-139
-196
-306
-370
-338
-230
-143
-140
-196
-241
-217
-148
-126
-155
-214
-246
-241
-221
-209
-252
-288
-297
-292
-306
-340
-354
-321
-244
-183
-166
-185
-196
-190
-168
-112
-48
28
101
132
107
73
82
161
287
390
422
382
307
274
309
404
478
479
429
372
335
284
272
278
280
292
281
265
202
133
120
141
140
65
-2
-16
9
20
10
-35
-87
-133
-149
-108
-115
-165
-209
-202
-146
-117
-124
-153
-176
-131
-42
6
-38
-122
-164
-127
-14
104
129
64
-11
-50
-55
-52
-17
51
104
103
34
-13
-26
-11
41
107
123
66
-10
-30
-5
51
81
52
29
26
31
47
54
59
40
9
-17
-27
-36
-61
-80
-91
-105
-132
-146
-135
-117
-156
-256
-318
-322
-298
-275
-255
-248
-278
-298
-288
-250
-234
-238
-235
-200
-135
-91
-64
-49
-29
-1
34
82
117
128
119
131
173
215
238
243
265
280
285
268
248
242
260
297
312
288
247
225
230
250
255
232
181
160
170
187
217
226
193
127
57
35
63
106
104
54
-4
-39
-30
-22
-39
-84
-94
-66
-42
-67
-143
-198
-208
-167
-112
-90
-120
-174
-224
-252
-254
-237
-199
-169
-156
-171
-189
-198
-182
-139
-93
-60
-55
-86
-127
-106
-46
34
80
89
68
62
82
96
127
148
160
137
114
126
136
145
139
107
64
28
15
9
-7
-37
-81
-130
-168
-188
-197
-206
-234
-272
-303
-315
-302
-289
-270
-241
-217
-188
-181
-170
-137
-73
-17
5
-9
-23
5
43
107
155
162
125
85
99
137
181
196
169
143
147
165
171
155
133
129
149
188
219
224
204
199
217
249
252
231
191
176
205
232
240
243
237
208
162
111
96
100
120
131
117
99
56
18
4
-9
-15
-55
-108
-143
-149
-153
-180
-243
-291
-302
-295
-269
-263
-286
-322
-339
-322
-281
-271
-285
-294
-268
-249
-227
-183
-118
-49
-30
-45
-75
-48
17
97
155
177
157
130
125
155
191
198
175
140
121
125
155
183
161
106
51
32
23
-12
-34
-44
-31
-42
-90
-130
-139
-120
-69
-56
-60
-90
-86
-47
-29
-29
-46
-45
-21
5
29
17
-4
-7
10
42
60
44
17
1
14
31
20
-6
-39
-27
-15
6
29
15
-10
-29
16
80
105
74
20
-22
-15
30
84
124
129
124
88
91
106
141
143
136
160
167
171
131
116
114
139
123
82
58
44
52
28
13
-26
-56
-40
-56
-67
-110
-159
-171
-203
-220
-226
-214
-207
-172
-165
-186
-199
-187
-178
-175
-147
-148
-162
-144
-80
-43
-45
-54
-25
18
37
15
-17
3
31
43
54
87
87
41
20
25
22
2
18
39
42
46
-17
-44
-82
-65
-25
7
66
33
10
-34
-13
52
74
128
92
71
80
98
123
107
120
117
78
50
51
74
61
86
82
76
86
12
18
-39
-20
-34
-11
-3
-28
24
27
43
-24
-78
-55
-65
-25
37
50
53
45
44
3
32
71
53
56
100
93
98
103
94
76
114
190
196
135
61
28
-4
52
111
105
80
42
1
-29
-24
-45
-66
-83
-73
-106
-166
-227
-232
-185
-134
-107
-127
-116
-131
-113
-140
-144
-93
-80
-137
-164
-173
-142
-83
-32
-68
-118
-108
-112
-76
-9
27
36
-40
-125
-124
-61
-18
-90
-110
-101
-42
-36
-122
-138
-85
-26
5
28
8
-44
-32
31
26
113
169
155
63
58
140
115
119
132
165
184
228
274
208
123
105
156
201
209
154
86
35
-6
52
77
86
94
58
-1
-35
-44
-66
-61
-64
-66
-82
-70
-61
-17
-20
-60
-98
-50
8
-23
19
40
10
-42
-67
-84
-115
12
-204
-875
-1222
-624
533
1230
1619
1548
1031
156
-737
-1185
-1408
-941
-199
617
1134
1149
915
300
-270
-763
-931
-912
-672
-279
67
392
607
577
369
12
-354
-729
-778
-510
-124
253
500
625
408
148
-177
-401
-528
-407
-212
-62
42
133
203
168
105
-74
-230
-267
-262
-569
-924
-851
-161
504
767
1029
965
748
146
-314
-643
-851
-531
-155
279
465
622
704
224
-321
-651
-575
-278
58
635
890
1074
912
710
34
-996
-1576
-1351
-520
221
1079
1555
1664
1191
292
-573
-1170
-1221
-1222
-1043
-316
502
956
1124
1128
850
254
-346
-787
-1202
-1302
-1065
-438
459
1189
1284
724
-202
-875
-1067
-561
357
619
96
-647
-848
-597
-77
499
554
251
-65
-99
-240
-518
-415
-186
314
678
964
689
-46
-423
-396
124
-34
-476
-1124
-1409
-1017
-517
745
1777
2598
2547
1776
650
-1039
-1849
-1934
-1073
129
1451
2432
2141
1492
325
-621
-1157
-1380
-1149
-1023
-623
-375
-81
239
-238
-1559
-3018
-3353
-2825
-1564
78
1770
2996
3193
2866
1546
130
-1140
-1659
-1145
-224
1049
1629
1691
979
-16
-340
-486
-446
-364
-25
173
92
103
122
-85
-134
-2
194
365
-31
-331
-666
-144
329
570
568
-143
-394
-766
-580
-387
-44
469
560
686
324
-491
-1305
-2019
-1878
-1037
33
1218
1713
2080
1581
995
371
-346
-596
-1171
-1075
-889
-274
388
709
1099
934
854
429
37
-483
-845
-723
-838
-673
-633
-483
-425
-481
-516
-684
-434
-232
249
456
303
102
41
306
289
530
825
849
782
472
151
-85
-333
-493
-344
149
637
863
726
344
29
-455
-450
-31
483
697
118
-626
-1249
-1353
-1281
-977
-403
201
791
1303
1306
473
-453
-1001
-1174
-1019
-372
282
599
923
900
588
407
-305
-818
-686
110
-169
-265
362
194
-225
-34
-80
-363
-1
194
219
104
31
-106
59
548
793
917
777
664
544
200
-259
-462
-97
251
-70
112
187
359
727
326
424
-88
-330
-1519
-1133
-507
360
972
792
1362
842
-283
-1791
-2113
-1619
-517
1115
1372
1090
646
-936
-945
-1596
-1209
-733
651
1479
1193
-156
-429
-200
-1671
-1487
707
1670
537
-69
-195
-1648
-784
531
-31
806
666
1076
-948
-1013
-1072
-1884
283
373
464
1539
1139
223
-1207
-1575
-2427
-1215
1418
939
924
2788
2060
-960
-1497
-1175
-2425
-516
1113
2172
2631
1606
371
-1219
-1391
-1457
-1194
-465
187
1119
1925
1137
-147
-916
-1299
-1455
75
-71
414
1141
969
499
1009
-825
-2013
-713
64
817
1086
2006
-121
401
243
-1885
-2493
-803
491
1420
1855
900
-781
-1580
61
-563
-465
232
768
1197
3
657
-146
-446
-917
1026
1082
-138
-137
-176
302
-500
-497
-428
489
1094
-5
-22
-22
-405
-938
-796
818
-337
-352
451
163
734
442
264
-20
-1640
-627
-214
289
285
811
640
-900
827
-1171
-1164
673
914
85
-77
321
-1070
-621
295
401
-208
-74
-694
763
1102
-677
-1227
-356
648
-465
-355
1023
756
792
137
-1813
-1104
5
1144
-126
-163
-847
188
887
195
-249
-352
441
-1710
-331
442
1850
2075
918
-33
-2161
-2102
-1302
-304
904
1118
2264
742
-73
-1083
-1667
-2282
-865
1218
311
1234
845
590
496
230
-1039
-1446
-156
-691
-855
2084
1738
1105
-7
-1010
-836
-718
-1398
-1306
1382
1953
50
826
-625
-1507
-684
-135
1017
274
768
371
-566
522
-136
-584
-71
1089
-341
501
675
-1211
40
327
-77
417
1414
-359
-1296
886
-316
-398
1572
1113
-508
-2205
685
-378
-890
1369
732
-241
-313
-56
-1110
-180
165
-895
-1204
1793
1489
-1162
717
637
-2053
-1176
539
-1214
459
1936
469
461
44
-1140
-407
172
-1099
-322
1260
337
297
700
-501
-716
-585
-852
-783
182
1618
637
1119
-641
-963
-334
-651
1179
-114
-262
549
865
-542
-859
950
-583
-1161
205
1586
307
-147
281
-214
-520
-855
-132
136
1404
477
-16
182
-3
-907
-1539
1216
695
-1308
-37
1343
-743
-295
639
-55
-842
-801
422
-163
1021
301
-382
1464
331
-1524
-454
-863
120
258
1084
1021
388
-181
-1841
-130
676
-363
203
841
279
-565
208
690
-282
297
-225
-102
-660
202
-831
260
1122
125
-77
556
-560
-1733
196
672
216
620
-154
-449
339
120
-1041
-416
1261
-908
-975
-233
1501
-226
-9
47
-1350
63
584
324
-178
701
-114
-117
-315
-384
-1142
-23
494
478
563
97
-1032
19
125
-940
313
743
249
-562
1006
-474
-303
425
-351
-344
-220
-554
-332
719
1605
605
-677
-266
-516
-535
92
547
586
878
703
-867
-727
-95
470
327
-634
543
457
-215
-743
-399
993
-635
905
353
-279
-675
-1518
1313
188
169
328
271
984
-1202
-1273
957
1059
-252
-1490
892
298
-116
649
144
-313
-1139
-120
99
-392
510
185
1072
-172
-113
-211
-819
-46
269
-232
224
181
189
-350
244
245
-1231
-712
1642
1197
-2182
-527
374
775
-411
512
475
-262
-133
-1171
161
180
293
-169
749
320
-548
-887
456
171
-947
-551
976
274
-70
215
228
-451
-945
627
149
760
-643
-414
151
628
113
-1049
768
522
-855
-186
612
395
-296
267
405
556
-748
-414
1253
-518
-400
-195
80
-44
-181
14
545
397
-985
-698
-153
445
339
-684
48
471
909
-382
-630
1169
-443
-120
-140
1334
223
-1475
722
-257
-143
-335
38
-111
-381
709
-703
324
814
-177
-174
38
-753
217
1008
184
-1024
31
716
-694
-76
-683
220
526
196
-61
141
-334
-602
-845
744
283
147
659
-331
-554
-802
789
-547
587
429
586
665
110
-145
-1372
742
-401
78
530
-20
357
-73
436
-496
-940
-300
-276
-185
943
-358
-201
473
489
-788
-321
-61
-72
-759
333
489
452
-588
-579
562
-602
524
-313
543
-863
831
-207
69
506
-797
973
-655
-584
-111
1158
-548
145
307
-556
221
-272
63
-428
-316
644
205
-735
278
299
238
-607
611
305
-424
262
210
756
-642
415
-431
-361
1302
312
77
-743
-458
418
-358
224
377
786
-534
-382
435
-889
34
688
739
-159
-740
226
225
-84
267
-281
-584
-22
318
-53
-106
1063
-717
-969
456
25
-753
676
116
-183
38
-82
-561
-48
915
-741
230
925
-457
-617
548
229
162
-384
931
-1072
-749
1303
-901
54
919
121
-1166
13
626
-722
-391
1072
-301
288
502
-880
-1077
389
738
-861
78
912
-599
-26
-214
-372
-376
879
89
-1261
293
608
656
324
-95
-551
-525
-350
233
-36
957
934
281
-645
-1130
-509
-707
615
759
574
-447
-12
611
305
-442
-114
-254
-632
791
502
204
572
-505
-605
-588
27
283
-5
-236
682
88
-538
-38
-84
386
-26
-511
391
-175
893
-248
234
871
85
-450
339
-408
-633
618
-255
-644
1403
376
-1176
-363
-240
-825
-83
459
521
165
442
55
-42
-506
577
-1516
-141
1421
-166
-174
278
962
-981
488
-392
-680
-112
806
-690
-762
1918
-9
-1264
442
-268
-1321
286
554
-517
-297
442
11
-415
877
-606
-1033
361
1348
-494
-595
201
132
934
-412
-672
918
309
-1527
258
1257
-272
65
-154
-148
29
381
453
-702
1193
51
-1251
453
-346
-55
289
560
-492
783
251
-462
-240
-244
80
-296
-266
396
133
176
3
192
-191
306
-689
-1260
1037
812
-188
27
1131
-77
-1292
-636
259
421
-297
143
638
45
354
-843
-94
831
-951
2
8
-33
152
-226
-347
368
578
-786
-236
536
-211
37
85
667
-459
-2
688
-575
118
233
135
-611
-352
1016
-98
10
61
188
-135
332
-551
-866
548
440
-1105
-780
1313
336
-712
-4
1052
-726
-424
470
-151
-749
591
584
-69
-299
629
-1033
-950
1333
-746
-11
1559
-470
-820
-290
1352
-542
-320
532
-613
-427
-893
991
280
-61
392
234
-132
-1472
-62
179
-117
528
-170
898
-154
535
-1378
-364
876
-427
-13
677
580
-691
89
-83
131
327
-266
640
-448
15
-176
286
360
-549
-335
279
-116
258
-8
-159
8
165
-75
-826
1357
-218
-1081
1227
346
-333
-924
1470
237
-306
-276
-164
66
240
-298
-223
1089
-300
-199
-191
334
-336
-334
-101
343
372
-393
64
381
-564
-329
673
561
-628
-455
535
-279
792
-266
-664
551
615
-1304
-444
1214
27
-827
267
787
-708
-831
664
-645
-99
488
-256
423
620
-873
-1129
906
-3
-612
-132
1103
-655
142
596
-524
-267
-54
105
-229
547
-301
36
307
366
-276
-316
-199
411
-195
-145
816
328
-80
-829
439
309
-145
-862
1116
233
-655
300
-240
-169
-403
879
48
49
-457
-86
85
-523
-272
345
194
186
246
-745
-323
-343
52
-202
1381
-364
-152
103
10
192
-913
-253
188
1113
514
-34
-380
406
-359
-976
-197
175
477
-222
486
145
208
392
-507
-254
-598
502
239
-356
1222
-196
-299
-106
425
-812
-514
1184
-366
-149
791
235
-490
-6
102
-385
-139
703
-265
-60
464
-401
-55
-203
244
-111
-17
401
-107
-240
-2
-154
-444
246
1249
-204
60
-319
-1189
295
-150
-213
167
989
-120
-745
365
-186
-818
-744
1098
25
226
413
-353
813
-871
-506
-353
501
400
-781
797
173
8
-823
-315
141
381
-427
29
736
-210
-216
-113
-50
-475
-217
606
-307
70
667
204
404
-781
-380
-562
350
401
-315
470
710
-317
-718
327
244
-504
6
674
596
283
-295
-248
143
233
-89
-72
-302
473
-27
186
153
-422
643
-62
-250
-219
-333
116
-193
584
-292
26
165
-515
208
5
98
-32
-141
-51
874
-161
-171
803
-262
-850
-524
947
55
-183
-47
41
667
-268
-473
-511
424
223
-271
727
429
-1034
-153
-455
34
-123
440
-1068
447
675
-774
213
-571
-880
-424
1720
-66
-52
378
-387
-813
-203
156
-244
1162
610
-708
-350
539
-386
-318
533
-16
-210
-197
797
-551
-71
609
-452
-326
81
111
-553
295
340
-13
540
-882
-72
860
-53
143
19
462
-315
-648
439
162
625
15
-290
-184
-203
257
30
253
-788
117
337
-164
110
338
-1049
136
800
-375
-503
-295
786
-117
-885
-177
361
545
-504
124
46
-95
-859
880
735
98
-375
761
-410
-886
478
-513
732
593
175
-1147
437
115
-497
-68
1069
7
-212
138
-337
-250
407
370
193
386
-832
-103
385
-300
20
686
457
-307
-392
-158
-189
-649
101
399
352
1067
-256
-1010
-206
-418
-22
-399
571
1021
-299
-33
-603
-142
-297
-34
-186
190
732
-234
-15
-118
588
-715
271
244
-766
-35
-321
391
720
267
111
-797
-20
-580
160
18
31
1121
-50
-11
-666
-326
-385
207
309
-741
684
477
-153
-508
207
-413
-210
434
-268
13
598
-197
-129
447
-160
-90
-665
646
-673
443
195
-154
269
340
-140
-1087
519
-85
-303
326
502
-283
-111
201
-478
215
28
-93
-393
593
268
-294
190
-509
-124
394
2
-967
370
740
-49
-200
-132
729
-91
-511
93
263
447
566
-226
-1105
-113
1182
-629
232
568
344
-258
-779
249
-541
528
-850
296
339
59
-203
-262
130
-406
606
-246
-218
-77
-324
79
702
220
-323
951
-457
-766
-97
-214
-123
391
699
88
330
-390
-1139
-32
905
-791
152
1355
55
-791
241
466
-1105
-110
576
152
626
361
-413
-655
397
-273
158
706
-235
-205
-200
76
-440
-509
-53
153
663
-495
341
381
-112
-169
-719
703
8
343
175
-710
-25
-54
1020
-784
404
-54
-1088
910
-149
278
-427
557
-231
-255
-218
42
374
-727
344
314
-286
302
124
-255
161
-547
845
-390
-322
647
-504
64
272
636
-479
-163
532
-1041
-167
950
-167
-974
163
-84
-259
813
43
-695
-522
251
307
146
-33
-135
409
-256
589
159
-576
-91
-135
-152
-554
603
-158
63
843
-121
-192
-542
-713
-593
577
626
238
-66
328
-312
-427
257
-562
367
-143
753
15
-60
370
-208
-149
-210
227
-224
-349
605
126
-130
-126
146
237
-681
188
176
-521
-160
567
406
-827
799
287
236
-646
-297
168
-240
788
-183
680
-483
359
-35
-450
-408
142
485
-483
148
-277
-323
355
564
-266
-473
175
195
201
558
-136
-655
354
326
-305
302
446
87
-653
244
152
138
-543
-65
10
154
516
-381
-124
-714
-23
536
-207
105
236
358
-14
-175
127
-470
235
-10
231
46
-246
183
117
679
-1049
-258
55
229
142
-750
153
-370
240
-102
170
-76
320
618
-556
-474
-12
-347
102
16
-269
-207
-84
623
-555
-74
-386
177
167
398
124
-343
-255
-379
754
241
-226
-66
-346
-353
238
712
-510
-410
547
256
-191
-293
-184
96
-121
218
693
298
99
-134
-474
-81
428
241
-144
249
-15
-281
376
-63
-426
-98
186
-320
359
287
-287
533
-276
-361
204
-335
-41
-37
562
334
-353
241
-740
284
33
-69
570
-365
3
-602
408
797
-721
239
-309
-49
285
23
466
-214
-147
-196
640
809
-625
-381
-7
413
-285
294
641
174
-856
-782
351
-69
-337
-68
122
551
376
-345
-155
517
-468
-465
-101
196
41
393
585
-652
-188
-839
308
88
-191
-267
612
472
-804
586
-206
-367
-31
313
-220
397
759
-538
207
852
-909
-336
456
-323
-1024
425
360
-96
494
-273
-605
244
-590
-140
536
12
-164
405
679
-619
96
-280
-642
266
134
-207
624
472
-478
-767
128
-52
-36
636
-495
183
-41
-257
184
-267
-97
40
240
-75
151
400
-530
94
220
-57
-39
88
-50
-511
270
5
-130
496
111
-564
-135
220
-37
18
1
-91
482
138
-209
-652
-388
21
262
271
56
317
203
292
-365
-127
109
-132
14
196
460
-56
322
-359
-616
372
212
-188
-319
93
578
193
22
287
-231
-110
-198
201
-476
135
171
-11
320
-109
471
-214
-76
-800
33
364
238
-60
126
462
-428
-33
-536
-47
174
205
-94
363
614
-128
39
100
-21
-682
205
255
-451
193
609
-36
-244
467
-648
-677
570
-70
-179
302
129
-296
-101
457
-267
284
-448
-491
151
531
313
-87
247
-948
346
-168
-454
-306
133
454
-150
95
-322
279
-124
-600
-77
29
671
-256
47
-2
-198
128
26
575
-845
143
124
-104
252
571
-322
-479
15
-63
-404
157
469
62
-295
-47
312
-530
-385
147
228
-162
421
-101
-168
-561
111
260
84
263
-228
-257
34
201
158
321
-63
-393
1
-266
6
410
-130
-158
497
-54
53
-78
423
-441
-437
663
-110
439
-409
130
-76
-451
68
-665
207
383
-98
314
-10
-87
310
-136
120
-168
64
287
173
340
-207
57
-51
62
-424
-353
104
184
148
260
27
151
-210
-119
226
-99
-247
156
429
-380
209
-186
-96
-315
-93
308
-341
328
273
175
-236
108
-252
-243
-160
61
300
209
115
289
99
-529
-119
-86
271
138
71
30
404
57
-113
-412
-494
-252
58
310
370
266
111
-44
-466
73
-311
-293
156
231
248
233
278
-327
-85
59
-303
-1
239
409
38
127
-350
-450
426
-483
-680
91
637
281
0
201
-356
-213
-3
-494
314
282
-368
150
137
-117
-261
41
-698
-651
467
202
106
161
526
-345
-444
305
-186
122
331
199
-390
270
217
-354
87
335
-153
-34
-8
-418
-23
381
108
167
228
-720
-405
-93
428
140
369
189
-174
181
-504
-117
134
163
39
366
100
-437
173
-421
-324
286
123
-361
-275
731
-175
-446
479
-403
-230
374
124
-315
517
540
-491
-237
570
-369
-84
272
-290
77
233
-126
-313
471
276
-540
487
-3
-356
-20
147
95
274
-71
-14
-14
92
-277
-111
449
-373
-487
206
690
-28
-189
242
3
-344
-84
-372
-137
96
-75
-65
480
523
-443
-469
69
-39
-321
636
332
239
-187
-117
-6
-347
-196
-71
-175
290
360
-109
150
-366
-105
-203
4
64
252
772
-411
-4
359
-147
-366
-11
68
-131
824
-89
-143
194
-510
-570
-152
626
-95
147
110
331
2
-514
81
-363
94
-394
494
439
-322
221
-129
-28
-170
-458
57
9
193
57
-21
246
-129
-114
-164
12
-29
82
14
-56
52
-143
117
235
-70
-276
-186
235
-151
199
-5
-212
184
-1
-24
268
-82
-67
-549
189
123
-249
711
-3
71
-101
125
-423
-181
136
-198
26
733
237
-202
-244
-414
98
327
271
-228
479
148
-235
-96
-31
4
-387
130
492
-216
281
-186
-187
-47
-187
42
-351
199
130
117
110
52
-296
-662
-70
429
151
-58
613
-448
-244
145
300
-116
-97
120
-330
402
1
-163
9
-47
-217
86
281
-162
-242
-107
-98
174
51
95
192
-41
-57
-351
276
-285
-322
557
164
197
120
94
-743
296
-152
-301
426
398
-292
-22
379
-652
-112
-247
201
-42
-37
295
-47
-136
-7
259
-79
-244
175
-7
-117
-34
233
292
-143
-52
-157
-368
-130
-11
255
116
-62
-18
-101
-103
327
7
-339
323
-5
186
262
315
-390
-61
-70
-74
461
115
-12
240
-60
-356
137
97
70
-330
390
-260
-105
251
118
-138
2
278
-226
-147
36
-239
-83
640
-34
166
-95
-132
-224
-504
295
3
158
14
206
-352
-152
-23
-161
118
-22
139
38
304
-106
-184
133
-33
-59
-62
29
-162
52
413
-329
-84
-107
-242
-24
225
29
-222
396
264
-254
148
-21
-487
194
-200
-126
41
485
245
-346
368
-234
-153
-329
28
-31
406
150
-57
407
-350
-274
-81
-24
-142
375
288
-182
183
-5
-293
-59
175
-309
17
212
285
193
-248
-19
-517
218
-127
-170
446
-240
29
382
-279
-303
-165
114
-410
40
456
-55
60
158
-333
-353
179
18
-103
133
31
103
366
-72
-440
-31
118
-300
-67
560
-32
-64
154
-570
106
190
-68
191
10
149
-71
-145
-127
-90
175
-215
109
75
52
-5
42
151
-340
124
305
-180
-208
255
107
-58
118
488
-247
-178
-5
-6
253
58
44
-27
-115
-132
-120
-116
109
-20
-13
119
222
245
-337
-17
140
-126
-151
437
-80
77
107
-241
-194
102
51
-66
124
-79
-52
-167
487
-223
47
221
-308
-164
162
155
-247
146
320
-449
377
-74
-513
-220
215
143
-306
300
21
-115
73
149
-20
118
218
-400
-170
372
117
125
29
342
-140
-271
-127
-214
-56
-8
99
-87
294
99
-465
-328
87
-374
-303
356
168
-40
198
480
-450
-85
155
-456
273
407
-169
-37
577
-68
-596
410
11
-317
240
-187
-405
40
660
-192
81
-80
-360
-232
-64
101
-93
415
-125
-107
-12
379
-258
112
273
-324
-63
-72
86
-136
336
-101
189
216
-527
-130
-164
70
249
307
-41
134
-13
-242
-139
-42
-58
-114
345
32
-359
319
133
139
-29
-11
-117
-361
94
0
162
200
-38
-103
-59
18
-113
83
-151
79
-361
219
320
-148
-9
-148
120
-215
-12
120
185
188
-106
-9
85
-251
-350
62
219
22
113
262
120
-110
-116
-255
-132
162
110
98
88
441
-82
-254
11
76
-243
-64
175
50
-62
159
212
-216
207
60
28
-297
-113
-25
-103
531
132
41
143
-336
-271
-120
7
-26
-3
141
54
-48
-165
100
-49
76
1
0
196
-297
-45
7
43
119
73
141
-496
38
-224
-320
280
289
94
-133
-80
-34
-306
-495
280
313
-217
359
48
-117
-194
84
-348
-252
408
93
163
359
178
-224
75
-54
30
23
-143
-28
287
-6
-79
261
107
-318
-109
-102
-166
88
4
133
210
83
-337
-363
-123
96
218
130
56
302
-226
-51
216
21
-279
-30
156
-368
97
367
64
-168
129
-26
-468
-21
97
2
140
460
-82
29
-187
-233
-132
-186
246
92
65
-14
50
-70
-59
-334
-78
-298
-251
252
270
113
22
327
-198
-546
-203
94
48
262
339
-25
-152
114
-171
-340
-37
109
-172
354
214
-54
231
205
-200
-156
203
-255
-113
457
58
-51
408
-93
-233
-62
68
-67
49
136
-239
195
110
-237
-78
137
-238
-229
71
57
-310
205
363
-182
96
-96
-214
-129
137
16
144
206
-41
42
95
-77
-259
208
15
-158
126
318
-110
-20
246
-101
-5
84
-204
-93
384
249
-71
308
93
-346
-76
47
-68
-62
96
176
-270
-171
71
-332
-77
107
-23
-94
-13
-130
-155
185
93
-51
-1
3
-95
-122
228
248
140
-34
-51
-196
125
167
-154
176
150
-43
-160
76
105
-83
135
63
-29
-80
-161
-154
-95
159
212
-40
-96
-79
-214
-172
11
206
17
111
39
36
84
-111
-108
-32
189
-75
-54
8
-85
-114
-22
188
51
1
63
-44
-83
52
94
-111
3
69
-235
-183
47
-86
-22
3
168
1
-190
141
-202
-300
-104
224
174
-304
325
167
-289
-271
101
18
-127
308
33
81
344
70
-303
-224
25
-377
-80
587
168
60
115
-121
-99
-100
-155
-107
313
399
71
275
-91
-284
42
-173
-112
6
182
-31
9
202
-138
-46
-134
-146
106
143
26
-69
37
69
39
11
-99
0
8
-40
-162
67
4
-221
258
315
-78
-178
-53
-136
-64
11
-51
91
85
47
-123
-136
109
-35
60
19
110
25
-46
113
77
187
-118
-166
69
128
-59
2
4
-234
-5
92
-158
-25
129
22
-131
27
53
-191
-107
108
3
37
99
-96
-188
-37
27
-198
-54
115
-93
-80
146
140
-16
-60
-52
-266
-144
86
98
159
172
46
-24
-42
-212
-143
42
163
227
134
79
-61
-130
-118
-92
-31
159
87
-6
28
162
-26
-220
34
9
-145
73
432
104
-63
212
99
-111
8
54
-35
74
152
-19
-62
77
32
-103
41
135
-22
-111
100
104
-115
-59
234
70
-191
66
52
-185
-100
40
-54
-41
140
46
-111
-27
27
-78
-32
45
-118
-106
46
-17
-60
0
83
-98
-91
27
-90
-131
-23
123
100
28
-100
-95
-40
-100
-141
43
138
178
82
-54
-28
-22
-110
-115
-10
-33
-18
185
227
7
-60
19
16
-87
33
103
-44
-110
-3
-94
-155
-9
20
-29
-95
-4
-52
-39
27
39
43
115
154
31
7
-90
-92
52
41
-30
15
98
65
18
-7
-119
-19
49
-42
1
116
35
-105
34
91
-92
-44
71
31
30
81
61
-33
-19
-35
-47
57
88
-23
-21
-13
-88
-33
138
106
-123
-124
-75
-124
-59
177
152
-24
-15
-24
-116
-78
20
-24
84
127
-32
83
126
-55
-100
6
-9
-105
-62
-23
20
60
161
130
-37
-110
-122
-38
-1
102
153
96
77
7
-151
-220
-129
20
90
116
130
-22
-95
-118
-142
-92
112
237
78
-95
-20
62
-83
-233
-121
61
60
10
58
154
57
-44
-1
-6
-136
-192
31
248
138
-1
63
58
-109
-185
-136
20
78
36
178
230
38
-96
-69
-70
-130
-105
2
75
185
164
98
3
-188
-204
-92
-72
-86
94
285
206
83
74
-81
-287
-258
-130
-130
-25
173
204
102
36
-111
-247
-289
-218
-123
47
281
359
266
157
-37
-249
-323
-351
-276
-11
349
478
295
86
-16
-194
-322
-276
-190
-12
266
421
357
167
-42
-202
-265
-231
-217
-124
136
357
420
211
-21
-179
-311
-351
-201
20
121
244
257
167
29
-91
-167
-251
-225
-128
63
192
115
43
67
119
1
-141
-99
-28
-23
46
206
254
131
-24
-58
61
84
9
-35
-25
-18
12
120
206
114
-25
-55
-101
-186
-196
-32
102
107
33
21
68
-39
-120
-46
-13
-38
18
78
-34
-106
-33
2
62
61
-60
-166
-172
-110
-14
133
190
149
25
-117
-221
-186
-98
-44
17
93
98
52
20
-36
-80
-67
-26
15
55
79
117
92
1
-100
-152
-92
-4
64
85
54
-47
-118
-78
9
82
85
37
-14
-13
15
45
64
67
40
13
-45
-79
-43
12
51
79
58
-9
-15
1
2
-3
25
32
10
20
53
37
-24
-69
-75
-25
50
100
88
47
-13
-53
-66
-41
20
43
49
44
5
-87
-135
-91
2
59
51
-19
-92
-121
-118
-96
-59
-17
-22
-27
-16
20
52
51
55
38
-26
-83
-47
32
71
76
53
-13
-79
-118
-105
-60
2
75
74
-8
-74
-108
-131
-69
47
85
63
66
38
-9
-38
-44
-23
32
75
79
82
57
28
49
96
102
95
64
26
34
56
53
69
94
36
-54
-89
-72
-41
11
60
80
38
-43
-88
-89
-55
8
82
86
15
-40
-57
-72
-49
32
116
119
48
-32
-91
-127
-95
3
79
89
68
41
-51
-125
-115
-59
34
108
123
64
-14
-81
-100
-46
-9
21
84
90
15
-47
-71
-95
-67
12
41
42
55
34
-14
-33
-29
-26
-5
29
8
-31
-54
-82
-93
-69
-52
-36
-10
1
3
-2
-19
-48
-60
-42
-9
26
28
11
11
2
-10
-7
-20
-40
-42
-20
5
7
-5
-21
-8
18
-3
-16
-8
9
39
86
111
91
56
17
-33
-60
-45
3
57
111
146
110
60
8
-54
-88
-63
-14
10
50
96
57
-21
-61
-81
-74
-30
19
53
71
78
45
-2
-35
-65
-88
-68
-4
46
60
59
44
7
-14
-24
-24
-46
-49
-11
13
32
32
16
1
-8
-19
-22
-13
-11
-4
20
21
2
-9
-19
-31
-26
-25
-23
-4
21
39
54
50
34
35
22
-14
-29
-26
-32
-36
-21
-8
-2
11
13
-8
-35
-70
-98
-96
-73
-61
-44
-23
-16
-5
4
-5
-17
-28
-31
-7
33
56
55
50
36
16
18
31
35
30
33
28
18
8
-12
-21
-16
7
23
13
-4
-7
7
22
33
44
40
30
14
-7
-27
-38
-38
-30
-4
15
16
3
-7
-5
-21
-27
-30
-39
-42
-52
-43
-38
-31
-27
-27
-19
-28
-31
-32
-17
-13
-21
-18
-14
2
18
24
40
46
32
11
8
19
25
31
24
27
28
31
16
0
-9
-18
-5
24
48
60
61
58
55
52
42
34
38
47
51
46
39
39
30
23
22
23
15
8
10
7
13
19
18
8
6
4
-1
-15
-30
-35
-30
-12
17
21
0
-11
-19
-27
-24
-19
-17
-1
16
23
5
-14
-32
-42
-38
-33
-12
2
7
16
12
-2
-5
0
-5
-18
-18
-9
-6
-17
-26
-30
-35
-35
-22
-11
-5
5
2
-1
-5
-13
-8
5
16
13
-1
-23
-39
-39
-31
-22
-4
11
23
12
-8
-19
-10
-4
-4
16
23
20
11
14
20
13
0
-4
-3
1
2
8
6
12
27
24
13
6
-13
-27
-17
-14
-19
-25
-34
-59
-63
-52
-56
-61
-54
-40
-34
-24
-16
-17
-23
-34
-36
-24
-16
-21
-30
-19
-7
-4
-9
-8
2
3
3
23
38
30
12
11
17
22
23
33
39
21
1
-4
1
-1
12
17
23
32
35
27
24
29
25
17
24
29
18
3
0
0
-8
-9
-7
-9
-9
-6
-1
9
16
24
28
25
7
-17
-26
-21
-3
25
51
42
15
2
2
-4
5
35
53
55
45
31
12
0
2
9
15
26
35
27
3
-29
-61
-67
-40
-17
-6
2
-10
-20
-19
-26
-39
-26
-5
4
6
-1
-8
-23
-25
-7
15
30
42
44
27
7
1
-7
-12
3
22
22
12
6
-5
-13
-16
-1
10
8
3
-5
-15
-21
-11
4
18
15
-3
-10
-19
-26
-27
-30
-24
-8
-4
-11
-3
14
15
18
33
33
21
7
2
5
11
21
22
11
-21
-43
-47
-46
-51
-43
-24
-6
4
4
4
-10
-25
-29
-24
-21
-21
-8
-2
-5
-15
-29
-15
-4
0
7
17
18
5
-13
-13
-13
-13
-2
3
3
-3
-3
-16
-23
-5
12
16
27
38
32
26
37
30
12
14
27
25
17
23
27
20
7
0
-7
-14
-13
1
15
13
1
-3
5
3
-10
-13
-11
-8
-9
-8
15
27
14
-1
-9
-18
-29
-26
-1
20
23
19
20
6
-21
-29
-9
15
23
28
41
60
56
34
28
31
21
0
14
32
28
24
28
28
23
26
19
2
-9
-30
-43
-38
-29
-29
-34
-46
-57
-60
-57
-55
-49
-41
-28
-23
-27
-15
-8
-13
-19
-34
-34
-25
-19
-17
-6
7
6
0
-6
-9
-12
-6
7
18
15
4
0
9
8
17
30
24
5
-2
5
13
24
21
9
11
11
-11
-29
-13
9
13
13
14
5
-4
-9
-9
-15
-19
-24
-21
-14
-16
-14
-8
-13
-15
-17
-20
-18
-19
-14
-10
3
2
2
10
13
16
7
12
27
26
14
15
10
1
1
10
24
28
24
16
9
5
3
10
17
26
30
15
0
-1
6
6
1
6
8
-2
3
14
27
29
28
29
20
7
0
4
11
18
21
20
14
7
-2
-11
-10
-14
-18
-21
-28
-24
-9
8
8
7
7
2
-4
-4
2
-1
4
6
4
7
7
-1
-10
-7
10
12
7
11
5
-9
-14
-7
-9
-13
-20
-18
-18
-27
-34
-36
-29
-25
-21
-19
-11
-8
-3
7
17
19
13
9
13
11
4
-1
5
13
7
8
8
1
-7
-10
-6
1
11
15
19
15
6
-3
-7
-9
-6
1
0
-7
-11
-17
-30
-37
-36
-37
-28
-20
-23
-16
-13
-14
-13
-9
2
7
8
3
2
1
7
7
3
8
5
1
4
5
-1
-8
-12
-12
-14
-8
-2
2
2
-4
-9
-18
-17
-18
-8
-1
-6
-8
-7
-12
-11
-7
-3
1
8
6
3
1
-2
-8
-5
1
0
3
3
2
-1
-3
-7
-8
-5
-4
4
5
10
15
20
18
12
13
16
16
14
15
13
12
12
13
12
16
22
20
16
14
9
10
13
15
17
22
24
25
25
24
27
31
29
26
25
20
13
11
13
13
12
15
16
18
14
10
4
-2
0
-7
-6
-10
-16
-21
-25
-23
-26
-27
-22
-13
-6
-3
-1
-4
-8
-10
-9
-11
-14
-11
-10
-12
-12
-11
-10
-10
-9
-4
-5
-6
-2
3
6
10
13
10
7
7
6
10
6
4
3
0
-1
-9
-10
-11
-13
-10
-3
-1
1
0
0
-5
-8
-10
-9
-5
-2
-1
0
6
4
-2
-4
-3
-2
-2
1
5
8
8
5
8
6
4
1
3
10
8
5
7
9
10
7
7
11
6
6
4
1
4
2
2
5
5
5
5
6
0
-5
-8
-12
-14
-18
-21
-27
-32
-36
-45
-43
-39
-32
-24
-20
-21
-18
-18
-23
-20
-16
-14
-15
-20
-22
-18
-17
-17
-11
-5
-5
-5
-4
-10
-8
-9
-7
-3
3
12
17
19
17
20
15
11
11
11
13
10
8
11
7
5
2
-1
-1
-4
6
7
2
1
-2
-8
-9
-7
-4
0
1
6
4
0
-2
-2
4
9
18
22
21
19
16
16
10
14
19
20
24
24
22
20
21
23
22
23
23
17
18
13
7
6
3
6
10
7
8
10
9
10
7
1
3
0
-10
-15
-18
-20
-15
-16
-15
-14
-12
-9
-4
-2
-6
-3
-3
1
7
12
9
7
11
8
8
4
5
10
9
7
2
0
-4
-5
-2
6
12
12
12
4
-2
-5
-3
-3
-2
0
2
-8
-16
-16
-15
-5
2
8
13
15
8
2
-1
1
3
3
3
2
-1
-4
-6
-10
-10
-9
-6
-2
6
4
5
-3
-4
-2
-5
-4
-4
0
1
1
2
-2
-7
-14
-8
-4
-6
-4
-8
-10
-15
-13
-10
-13
-16
-14
-18
-16
-11
-10
-5
-1
5
4
7
3
1
-3
-3
-2
-1
4
5
3
1
3
1
2
2
0
1
4
5
-2
0
-1
-6
-3
-2
-3
-4
-6
-9
-13
-14
-11
-14
-13
-13
-14
-16
-17
-18
-13
-12
-12
-9
-4
1
2
-1
-1
-3
-4
-6
-7
-3
-2
0
1
4
1
2
2
3
3
3
8
7
8
7
8
11
14
11
8
7
4
0
0
2
2
8
5
6
7
3
-1
-4
-6
-6
-4
-3
0
0
-6
-5
-4
-5
0
1
1
1
-1
1
1
-2
5
0
-2
-1
-5
-5
-8
-5
-6
1
5
11
10
8
7
3
1
5
4
5
12
12
14
17
19
13
17
15
20
21
21
20
18
16
10
5
3
10
10
16
16
12
6
6
5
9
14
15
12
10
7
2
-4
-8
-5
-2
-1
-4
-11
-8
-10
-11
-7
2
11
13
9
6
2
-4
-3
-3
-7
-2
-3
-11
-21
-24
-27
-24
-17
-10
-1
-4
-3
-7
-10
-1
7
10
9
13
14
9
3
-1
-1
6
17
22
25
23
20
24
22
23
23
23
20
14
9
2
-4
-9
-13
-14
-11
-12
-17
-21
-21
-22
-15
-10
-2
2
-2
-3
-10
-19
-19
-15
-14
-19
-15
-14
-17
-19
-20
-18
-17
-10
-7
-4
0
-7
-11
-13
-12
-18
-13
-13
-17
-16
-21
-21
-31
-35
-28
-24
-19
-16
-19
-20
-25
-21
-21
-17
-13
-11
-5
-4
-2
-5
-9
-9
-4
3
2
2
0
-2
1
6
12
16
23
26
22
16
12
8
13
19
23
22
19
16
20
24
16
17
19
21
24
24
19
13
7
9
13
15
11
10
11
7
2
-2
-5
-11
-11
-7
-10
-16
-16
-14
-13
-10
-2
0
2
2
7
9
13
13
12
18
25
28
26
21
16
14
16
18
17
15
19
20
20
15
5
2
3
10
12
18
17
7
4
-3
-6
-12
-11
-8
-4
-1
-2
-11
-12
-13
-10
-5
-3
-3
-8
-8
-9
-9
-12
-9
-2
4
2
-5
-9
-16
-20
-19
-16
-14
-12
-12
-14
-14
-13
-14
-14
-14
-7
-8
-8
-12
-15
-12
-8
-4
-5
-7
-6
-5
-4
-7
-9
-9
-13
-10
-9
-6
1
0
1
5
6
2
3
2
7
9
9
8
3
4
4
6
5
9
12
9
15
14
11
6
4
6
9
9
6
-1
-9
-14
-16
-16
-11
-9
-1
1
5
7
5
5
5
9
7
3
1
-3
-5
-8
-10
-14
-14
-9
-8
-14
-11
-10
-8
-3
-2
3
2
0
-3
-4
4
6
5
4
-3
3
6
7
13
11
13
18
16
14
16
17
21
20
17
20
14
10
6
9
9
10
17
18
15
12
10
6
7
15
17
16
13
16
12
8
10
10
10
7
7
4
-3
-5
-8
-6
-8
-12
-14
-13
-13
-17
-18
-19
-16
-12
-12
-10
-8
-9
-9
-12
-14
-20
-18
-16
-14
-12
-12
-12
-11
-12
-10
-8
-6
2
5
7
8
11
8
8
9
11
9
5
-2
-8
-10
-14
-14
-16
-13
-14
-12
-12
-16
-21
-17
-13
-12
-5
0
-2
-8
-9
-14
-21
-20
-21
-21
-21
-17
-14
-15
-18
-15
-7
-7
-3
1
2
3
4
2
2
1
5
2
5
3
3
7
9
12
18
20
21
24
18
15
10
9
13
10
12
15
19
25
19
21
25
18
22
23
21
19
20
19
17
15
17
19
12
12
8
6
0
-2
-4
-8
-10
-3
3
8
10
7
6
0
4
4
3
5
2
0
-1
-8
-8
-11
-7
-4
-6
-7
-13
-17
-19
-23
-27
-26
-24
-24
-27
-25
-26
-21
-17
-17
-13
-12
-14
-14
-8
-2
1
1
0
4
6
9
11
15
18
20
18
16
17
12
12
5
2
3
1
-2
-2
-2
-1
3
5
7
-4
-4
-4
-8
-3
-4
5
8
12
10
4
3
4
6
6
5
12
15
15
18
17
15
11
10
8
8
4
3
-1
-1
-2
1
7
10
15
16
15
12
8
9
11
10
7
5
1
-4
-8
-5
-9
-20
-23
-29
-37
-35
-38
-37
-34
-38
-39
-40
-42
-43
-43
-40
-36
-32
-34
-36
-28
-27
-21
-6
1
14
18
21
27
28
26
25
33
32
34
35
31
30
26
26
22
19
12
12
6
-1
-1
-3
-3
-3
-2
-9
-7
-10
-19
-18
-21
-26
-27
-24
-26
-25
-23
-27
-27
-25
-17
-11
-6
-2
-2
2
0
-4
-6
-9
-6
-5
-5
-6
-1
0
3
4
6
11
7
9
8
17
15
12
21
23
28
29
34
36
39
41
42
45
49
50
57
62
63
65
56
48
44
43
39
31
29
23
14
3
0
-7
-14
-16
-18
-18
-22
-25
-27
-23
-19
-20
-20
-22
-12
-13
-14
-11
-13
-14
-15
-14
-12
-10
-10
-8
-3
-2
-4
-5
-1
5
7
10
3
-1
-2
-7
-7
-8
-1
-8
-9
-14
-19
-21
-24
-16
-14
-6
-7
-10
-17
-24
-27
-28
-27
-23
-20
-16
-11
-9
-8
-15
-20
-24
-25
-24
-28
-24
-22
-22
-22
-31
-28
-33
-37
-32
-28
-25
-31
-26
-25
-24
-23
-19
-13
-13
-9
-8
-12
-17
-22
-21
-21
-13
-5
0
6
4
4
0
-5
0
2
6
9
16
19
16
12
8
7
12
15
20
27
35
37
37
44
46
53
57
54
52
50
43
39
37
41
40
41
48
46
45
35
30
29
23
23
17
12
8
-2
-5
-8
-15
-19
-18
-11
1
7
9
15
20
18
21
27
28
18
14
13
16
9
11
15
14
18
19
22
26
19
12
12
9
3
4
2
-4
-7
-11
-10
-15
-17
-20
-29
-27
-32
-37
-32
-29
-28
-23
-20
-20
-22
-26
-28
-27
-25
-21
-19
-14
-10
-9
-7
-12
-20
-24
-24
-17
-17
-16
-10
-15
-21
-23
-23
-20
-16
-14
-20
-24
-26
-30
-38
-40
-42
-43
-43
-41
-37
-35
-34
-38
-36
-28
-19
-9
0
6
8
10
7
4
4
-1
1
1
-4
-9
-16
-25
-23
-14
-12
-5
6
12
19
22
28
28
27
28
28
29
31
29
21
25
23
19
21
28
28
32
34
36
35
30
32
33
32
32
26
23
27
25
23
21
19
15
22
26
32
33
33
34
34
31
28
28
28
23
26
31
21
13
8
5
1
0
4
-1
0
-1
-7
-11
-9
-7
-8
-4
-1
-4
-5
-4
-5
-14
-24
-29
-31
-33
-34
-36
-33
-28
-26
-24
-24
-16
-12
-15
-8
-8
-3
-3
-5
-4
-6
-7
-12
-14
-18
-25
-28
-25
-17
-18
-20
-22
-22
-24
-23
-20
-14
-14
-9
-3
-6
-13
-13
-11
-10
-6
-9
-6
-6
-4
-4
-3
3
6
9
14
21
23
22
24
21
22
26
23
19
11
1
-14
-17
-15
-15
-11
-3
2
6
8
3
3
-1
-2
-4
-3
-8
-11
-11
-14
-16
-20
-24
-26
-20
-15
-16
-17
-9
-7
-8
-8
-7
-6
0
4
12
9
1
-2
-6
-12
-6
3
11
23
30
36
37
32
31
32
29
31
32
30
23
18
17
15
13
8
10
12
11
13
9
9
5
-6
-11
-10
-13
-16
-14
-12
-19
-23
-30
-31
-29
-24
-20
-15
-9
-4
-2
-2
-1
-7
-4
1
7
12
10
7
6
6
6
8
6
9
7
4
8
3
-5
0
6
8
5
4
2
2
1
5
3
1
7
11
14
14
10
6
4
7
10
9
2
-7
-12
-11
-6
-4
0
3
8
5
1
2
4
2
4
8
5
12
11
8
13
16
19
21
23
25
24
27
23
21
19
16
15
11
5
0
-4
-8
-10
-11
-16
-10
-5
-9
-13
-21
-21
-22
-23
-27
-27
-27
-34
-30
-34
-37
-41
-49
-50
-42
-43
-41
-35
-31
-26
-20
-15
-8
-6
-7
-9
-1
5
5
10
12
16
11
7
5
3
0
-2
2
4
6
6
3
1
0
7
9
10
17
16
18
12
9
11
8
5
5
9
10
16
10
12
6
4
5
5
7
2
2
1
-4
-11
-10
-9
-7
-4
-7
-10
-5
-12
-14
-16
-14
-9
-7
1
3
10
13
8
12
18
26
37
40
39
30
23
18
13
9
17
20
21
19
9
7
6
0
1
3
3
1
-7
-4
1
-2
-3
5
-1
1
-3
-14
-20
-23
-20
-22
-9
1
7
8
9
6
3
4
9
12
17
17
16
17
24
23
17
12
12
7
-1
-4
-8
-11
-10
-6
2
10
3
-6
-6
2
4
7
8
5
-3
-8
-10
-15
-22
-17
-21
-19
-12
-7
-7
-6
7
11
19
17
18
15
9
3
-2
-4
-9
-19
-29
-28
-28
-31
-25
-17
-16
-11
-13
-12
-14
-20
-15
-8
3
9
7
8
3
-1
-8
-9
-7
-9
-14
-9
-4
-9
-19
-12
-8
2
12
19
20
8
6
-3
2
7
6
1
-3
-5
-15
-21
-21
-28
-27
-17
-5
-1
-8
-13
-24
-21
-17
-14
-13
-22
-33
-39
-32
-22
-13
-6
-1
-2
-1
-2
-6
-6
-12
-7
1
14
17
13
11
9
5
2
7
5
3
6
16
27
30
38
34
31
39
35
37
33
36
34
31
26
25
17
10
6
-5
-9
-12
-11
-5
1
8
5
4
0
-6
-18
-24
-23
-16
-10
-2
-2
-3
-5
-7
-9
-7
0
5
12
28
39
36
40
44
43
47
54
60
52
50
53
44
35
32
32
33
26
22
18
9
-1
-4
-1
1
8
5
0
-12
-23
-32
-32
-30
-38
-38
-39
-37
-38
-38
-39
-34
-31
-30
-25
-16
-16
-25
-36
-32
-26
-18
-16
-8
0
-1
13
19
18
15
10
4
3
7
6
0
-8
-15
-17
-16
-20
-26
-33
-31
-30
-31
-27
-27
-21
-17
-15
-14
-10
-4
-8
-5
-3
-5
-4
-7
-3
-3
-4
-2
-7
-4
0
2
-3
-3
3
5
14
25
25
22
23
24
17
14
9
6
5
10
16
12
11
10
10
13
18
18
15
12
10
4
3
1
-1
0
3
5
2
-3
-10
-14
-13
-7
1
7
9
9
5
-2
-13
-16
-12
-5
1
1
-2
-8
-11
-15
-15
-7
-5
-1
1
1
