SAMPLES:	15827
BITSPERSAMPLE:	16
CHANNELS:	1
SAMPLERATE:	16000
NORMALIZED:	FALSE
5
9
10
21
25
26
32
28
28
19
9
-2
-17
-15
-17
-17
-9
-9
-9
-15
-22
-22
-20
-9
-5
-6
-7
-9
-5
-10
-2
2
11
19
16
15
13
18
19
17
7
0
-8
-8
-10
-8
-13
-12
-10
-17
-21
-30
-27
-28
-34
-26
-23
-11
-20
-23
-24
-32
-17
-21
-11
-12
-5
3
17
25
24
22
24
36
39
43
49
49
34
16
15
21
24
32
34
43
35
20
7
-7
-14
-15
-10
-18
-22
-26
-29
-29
-38
-34
-31
-28
-11
-7
-3
-1
6
4
4
8
4
16
16
8
6
1
0
-1
-2
3
11
15
13
16
14
11
0
-11
-10
-6
-8
-13
-17
-16
-13
-7
-6
0
-4
-3
11
9
6
-5
-8
-10
-12
-6
-8
-6
-15
-17
-17
-11
-4
-14
-15
-22
-21
-19
-19
-19
-23
-19
-12
-6
-15
-18
-13
-18
-16
-18
-9
-5
-6
-6
0
9
17
26
31
37
36
34
38
30
23
13
4
9
7
11
12
16
14
3
2
4
11
14
16
16
10
10
4
2
8
6
3
8
17
17
20
19
13
11
18
23
28
21
13
5
-5
-6
-13
-13
-21
-18
-26
-25
-25
-23
-7
1
10
10
16
9
4
7
6
8
4
-7
-13
-21
-22
-16
-14
-10
-8
-13
-15
-18
-19
-17
-12
-12
-11
-6
-2
9
15
13
10
4
1
0
-4
-6
-18
-14
-14
-12
-7
-6
0
0
3
8
8
7
-4
-6
2
-5
-7
-2
6
8
8
7
16
16
22
25
29
30
27
30
27
27
7
-8
-26
-29
-18
-19
-15
-18
-21
-19
-15
-11
-10
-7
-11
-13
-16
-22
-18
-20
-15
-3
-4
-4
-13
-20
-23
-19
-8
-2
3
-2
-1
-6
1
5
2
6
10
23
21
16
12
5
8
10
16
22
30
34
24
20
26
30
31
25
21
7
-10
-20
-18
-19
-14
-6
-12
-14
-19
-25
-22
-23
-15
-10
3
15
19
15
4
5
1
1
4
5
3
-9
-15
-17
-15
-1
6
12
8
9
13
14
16
20
27
30
29
32
27
12
10
7
13
23
20
24
30
22
22
25
19
16
4
-4
-5
-9
-19
-27
-34
-37
-32
-30
-27
-25
-27
-27
-32
-31
-21
-19
-13
-11
-4
3
-1
-3
-3
-6
-13
-23
-29
-28
-29
-36
-36
-27
-20
-6
1
12
15
6
7
-1
-1
-2
-9
-11
-5
2
7
22
26
30
35
35
40
30
16
0
-5
-1
6
11
17
19
13
17
8
-2
-15
-17
-24
-26
-22
-15
-14
-13
-13
-8
-1
4
6
4
2
-4
-11
-18
-21
-15
-13
-14
-13
-17
-18
-14
-13
-10
-6
-4
-1
-4
-2
-1
-3
-3
1
6
2
8
14
14
10
11
12
19
22
20
21
20
22
25
23
20
15
13
7
4
1
-1
10
6
9
10
6
12
8
-6
-10
-7
2
10
13
4
-4
-8
-13
-10
-19
-26
-28
-28
-21
-23
-23
-18
-11
-5
-5
0
1
-1
1
9
16
20
23
19
16
21
21
18
20
21
22
12
8
0
-2
-11
-9
1
2
4
10
27
27
28
25
11
8
-5
-7
-12
-13
-8
-7
-4
-7
-4
-14
-13
-16
-22
-10
-8
-5
-4
-13
-22
-26
-23
-26
-21
-22
-11
-7
-6
-7
0
8
20
22
24
31
31
30
18
15
19
19
12
-3
2
2
-2
4
7
8
8
13
12
11
6
6
-1
10
10
1
-9
-18
-23
-30
-26
-21
-14
-16
-16
-15
-8
-15
-32
-44
-51
-37
-38
-35
-31
-25
-16
-18
-6
-5
-5
3
8
19
12
9
3
3
9
0
5
2
8
6
-2
-8
0
6
1
3
-5
-7
-6
-7
-4
-9
-12
-13
-12
-1
1
-3
-6
6
8
13
17
20
28
19
15
16
19
22
17
16
17
12
0
-12
-2
7
10
13
16
27
22
8
11
14
20
16
17
17
13
-1
-20
-18
-7
-8
-3
3
14
19
20
23
36
31
26
34
27
31
25
12
14
15
11
-2
-7
-14
-14
-16
-25
-32
-38
-40
-45
-42
-39
-35
-36
-33
-22
-24
-19
-19
-8
-1
-14
-22
-26
-20
-11
-9
1
11
10
7
16
25
26
18
13
11
13
7
-6
-18
-16
-19
-26
-21
-23
-13
-9
1
-6
-1
9
8
17
23
36
34
37
43
41
37
27
27
28
31
31
26
21
30
27
24
26
26
26
10
14
23
20
16
4
1
-9
-10
-19
-31
-33
-32
-27
-13
-4
-6
0
4
3
-1
-6
-15
-8
-5
-10
-1
-11
-17
-17
-24
-29
-37
-35
-41
-37
-32
-30
-31
-37
-37
-38
-42
-41
-42
-47
-45
-48
-49
-46
-44
-38
-36
-26
-18
-7
-4
-10
-8
-14
-20
-14
-3
11
10
4
3
2
8
11
13
15
15
15
18
21
30
29
28
33
41
47
40
40
44
51
49
41
43
33
21
16
19
20
14
13
16
17
15
11
11
21
29
34
29
20
9
1
-8
-8
-8
-16
-14
-10
-10
-11
-15
-19
-19
-19
-16
-4
6
9
19
16
15
14
3
1
-3
-2
1
0
7
10
3
-4
-5
-6
-4
-1
1
5
11
15
15
9
6
2
-5
-15
-8
-8
-13
-14
-13
-14
-15
-14
-17
-15
-14
-19
-22
-25
-28
-29
-31
-19
-15
-9
-4
-3
7
15
14
8
3
4
4
3
8
8
4
13
12
10
11
8
9
12
18
18
17
11
8
15
8
7
2
-6
-12
-15
-10
-11
-11
-11
-17
-12
-11
-11
-18
-17
-6
-7
1
13
22
24
29
30
39
37
30
25
13
-4
-27
-32
-37
-42
-43
-42
-31
-23
-12
0
9
18
16
18
13
10
17
22
29
27
32
32
26
29
20
17
4
-7
-6
-8
-7
-7
-14
-25
-36
-36
-31
-21
-16
-19
-20
-20
-16
-10
-6
-17
-26
-36
-39
-35
-41
-37
-28
-20
-6
-6
7
11
16
21
29
29
21
11
3
1
-5
-3
3
12
19
25
29
34
34
40
38
34
28
21
10
-3
-12
-18
-17
-10
-7
-1
1
7
7
17
27
32
34
21
-3
-21
-30
-33
-31
-34
-18
-13
-8
-6
-1
-12
-26
-26
-23
-10
-2
-7
-6
0
2
-1
0
1
13
18
12
23
22
23
25
25
24
17
3
-11
-12
-14
-12
-13
-15
-8
-4
0
2
-7
-28
-36
-30
-20
-15
-20
-13
-2
-7
-16
-13
-2
7
22
33
38
33
30
38
34
28
11
0
-1
5
1
-3
5
14
13
4
6
0
-15
-36
-42
-37
-41
-40
-26
0
13
17
1
-4
-9
-13
0
12
23
23
23
13
10
3
-3
-2
4
11
-2
-3
-3
-9
-5
-4
6
5
1
0
-14
-22
-30
-25
-18
9
22
17
10
4
3
-4
-15
-28
-34
-21
-5
1
5
-7
-15
-18
-7
18
35
57
52
45
34
13
0
-11
-10
-16
-28
-42
-32
-11
-8
-5
-5
-2
-9
-23
-26
-20
-11
-15
-25
-6
29
60
59
53
59
58
54
47
27
23
21
25
44
51
51
27
-5
-9
-1
3
6
8
7
-27
-74
-107
-100
-61
-19
7
21
28
20
14
15
10
-1
-1
0
-3
7
28
42
36
20
7
-11
-28
-38
-42
-38
-39
-41
-48
-40
-33
-18
-20
-47
-76
-84
-56
-17
30
46
47
46
23
7
1
11
27
33
40
37
43
32
18
6
-3
2
5
7
12
10
-1
-22
-29
-10
15
24
4
-16
-26
-13
7
25
26
9
-11
-17
-14
-5
6
-8
-23
-52
-78
-80
-64
-26
-7
-1
9
0
-1
10
33
40
18
3
-11
0
4
6
7
-2
-14
-18
-1
18
40
40
39
41
29
21
26
47
58
46
25
-2
-7
-21
-49
-70
-69
-37
-18
-5
0
0
1
-25
-37
-37
-21
-2
2
6
25
32
37
20
-12
-18
-20
1
8
10
26
28
7
-36
-46
-15
25
43
33
18
39
77
83
76
48
14
-47
-89
-60
-28
5
12
12
-3
-21
-39
-39
-35
-55
-55
-12
48
41
-4
-42
-69
-50
-42
-49
-44
-38
-35
-44
-29
-3
30
36
28
39
21
-21
-48
-63
-54
-32
-10
6
35
62
18
-25
-37
-7
-17
-24
3
34
85
90
114
80
102
88
85
106
118
134
113
110
137
92
7
-65
-63
-13
-31
-15
-26
-23
1
-47
-56
-85
-78
-77
-69
-11
26
17
-52
-49
-21
29
38
64
52
42
42
26
16
26
-17
-80
-79
-115
-87
-95
-83
-38
-65
-107
-98
-43
-16
-4
-10
9
31
30
44
0
-20
-16
-43
-12
45
124
180
136
42
-22
-13
39
58
58
45
22
-15
-55
-69
-51
-27
-23
18
6
26
55
17
-27
-167
-220
-241
-94
27
43
15
-109
-82
-50
-1
4
31
41
17
-7
-46
16
17
82
59
37
74
96
69
26
54
26
33
32
57
56
-36
-64
-82
-24
-3
-2
-88
-99
-57
-27
-5
-15
52
118
84
66
-13
-98
-87
-73
8
90
184
148
84
57
51
79
71
26
-29
-93
-32
74
93
41
-45
-115
-182
-90
80
239
208
3
-77
-69
33
69
28
-30
-99
-80
-96
-67
-63
-14
-49
-119
-108
-122
-77
-59
-26
-27
-29
8
42
106
118
60
-9
-146
-170
-137
-61
4
2
42
101
134
90
-6
-57
-38
-29
-30
-15
62
68
96
-49
-96
-52
90
173
78
9
-26
-16
-2
85
69
29
-57
-70
-24
12
66
155
140
136
47
16
-55
-102
-134
-183
-91
1
46
116
71
28
-22
-76
-81
-66
30
34
71
31
106
123
68
-33
-163
-269
-270
-50
125
242
120
16
-55
-59
-10
41
30
59
-11
-44
9
-47
-13
-160
-131
-57
110
134
58
52
-1
-18
-127
-164
-134
-52
93
208
212
127
67
43
174
102
6
-80
-133
59
121
144
45
-27
-56
53
133
139
119
39
18
-2
-116
-77
-98
-83
-103
-186
-170
-31
21
55
-51
-220
-202
-46
16
166
110
111
222
83
-6
-180
-49
-14
72
-103
-82
5
28
15
-121
-221
-203
-76
-18
163
127
52
-194
-241
-98
71
35
40
-41
44
141
81
154
-149
-40
-244
-183
-128
6
112
168
166
53
3
-135
-74
-93
29
-26
112
99
163
196
106
-40
-262
-260
-138
96
238
100
-92
-247
-62
148
228
204
67
42
-43
86
113
123
45
-97
-220
-92
75
238
283
138
-14
-116
-161
-59
-45
-92
-109
-220
-135
-20
115
136
47
-124
-70
-201
-62
1
-41
37
-8
-44
-65
-78
-4
-8
-6
-83
-72
129
149
318
49
-109
-158
-113
102
55
-8
-82
-54
81
57
-114
-47
-106
125
59
149
185
112
6
-82
-35
-52
11
-9
-28
74
79
152
97
47
140
74
148
-51
70
-55
121
180
35
48
-52
134
20
187
-48
-109
-118
-129
-88
-180
-71
-103
30
33
-1
11
-54
128
-26
-137
-281
-125
-96
41
-28
-3
56
225
136
-65
-175
-144
-105
-195
-119
-40
234
119
249
65
121
-2
-115
-88
-172
35
-29
-4
-187
-230
-93
-144
2
-21
95
110
128
144
-64
-269
-109
67
165
150
-78
21
35
140
116
31
-88
-57
-228
-14
62
165
5
182
129
48
63
-19
-3
-32
18
-177
125
8
91
-12
-69
10
-144
90
-50
51
62
-97
35
-193
63
-140
-206
-73
-53
196
51
216
-37
36
-124
-166
11
-57
150
117
247
134
151
6
4
-75
-143
-248
-110
-207
-48
-1
-22
219
-68
239
-112
39
66
106
108
115
5
4
-47
-63
165
148
154
-97
-82
-76
121
367
523
359
-32
-1
-225
-117
-155
-242
-107
-270
112
-24
253
52
79
-21
-190
-43
-238
89
-99
73
2
-200
-185
-78
158
14
-31
-145
-144
-17
-85
-80
-190
-145
-29
162
68
81
-166
-223
-168
-174
-2
-88
20
143
133
65
2
23
112
2
-137
-131
-1
95
139
179
179
77
161
139
56
-266
-288
-217
108
310
126
89
32
27
-190
-258
-246
-215
103
-23
285
135
-7
-94
-138
-9
-49
115
-37
45
-201
-107
55
-176
14
-47
192
355
58
173
-134
-46
6
-35
38
-91
-236
4
22
257
159
99
104
-95
-126
-14
-21
164
188
162
186
119
207
-56
-137
-401
-179
222
251
181
47
68
55
-36
-301
-396
-13
-66
12
-9
211
116
117
112
-64
-89
-172
-23
-70
59
-280
-67
21
160
218
3
-35
-196
-168
-187
-74
304
356
343
423
-18
-151
-419
-146
-135
-190
-47
-20
125
107
-54
-119
-318
-395
-133
-77
435
375
239
-4
45
120
-39
-51
-115
-376
-27
105
294
247
-113
-33
-106
-210
-84
-198
101
145
39
225
-49
149
-38
20
144
-43
-138
-164
-141
350
-113
76
-42
-45
165
5
33
-263
4
-222
89
48
404
106
51
20
-268
-209
-552
-32
-6
170
28
-130
162
431
226
-27
-105
-10
-103
153
158
128
0
-221
-129
-205
69
199
65
297
124
64
-162
-485
-197
-313
404
532
155
-109
-411
-306
-83
33
-290
-105
57
407
220
103
24
48
-197
-176
-204
44
177
169
275
4
-83
-327
-48
117
230
0
-406
-125
-3
280
30
-367
-96
-206
266
71
-50
24
-103
73
-131
34
-91
-25
-261
-180
171
218
576
76
2
-439
-651
-283
-289
185
363
400
451
154
-26
-66
-276
80
38
-49
3
-124
292
383
134
-258
-476
-18
302
348
-165
-438
-362
106
462
357
98
-192
-116
263
319
269
110
210
-37
-178
-493
-138
138
560
459
-117
-359
-451
-276
-82
66
-64
202
-137
64
-14
140
193
-143
-70
-349
-170
-302
-259
61
-69
77
6
211
221
141
-143
-407
-7
-87
321
52
87
-216
-174
273
61
317
-83
-110
-125
-25
346
214
635
90
-210
-210
-219
179
-281
-97
-286
-170
-100
42
193
423
256
174
-64
-369
-254
22
327
-14
-96
-90
296
367
151
46
-393
-568
-484
-181
303
301
160
84
-291
239
-19
96
84
19
200
-226
165
-72
124
-208
-320
22
194
208
-60
-238
-190
-74
-29
177
10
-14
-64
-149
103
5
-19
-399
13
-6
-215
-141
-115
527
560
423
-56
-584
-388
-94
-134
-254
-119
305
632
278
426
-189
-478
-412
-496
171
123
630
671
-9
85
-441
-49
39
-29
134
-267
349
-97
344
166
176
-50
-737
-238
-241
-124
-201
-3
222
184
66
-179
-406
-480
-261
369
740
622
152
-459
-412
-188
-113
16
-50
84
237
93
258
-121
-432
-316
31
477
673
378
139
357
-5
29
-120
-2
-364
-429
-3
15
634
323
279
-252
-275
45
-555
-116
-107
493
388
4
-138
-638
-326
-115
344
361
-23
180
-140
-172
-165
-133
210
140
-24
-283
-111
-71
186
47
-80
-490
-608
-362
-131
429
403
279
-153
18
50
-119
-489
-948
-535
232
965
1048
349
-127
-88
193
-17
-67
-207
13
684
583
414
-137
-289
-45
-498
-103
-740
-49
84
336
438
-261
-122
-773
151
270
316
139
-153
55
-16
-94
156
-2
157
-154
-98
55
33
118
-188
223
-33
172
-38
114
-114
-264
-272
-10
318
407
-278
-1359
-2185
-1894
-706
131
1410
1537
1447
822
684
1063
967
884
235
177
76
402
213
-201
-475
-923
-620
-91
517
119
-87
-555
-683
-283
-355
-38
-429
-261
-432
-378
-308
-195
-271
-110
-185
8
79
-215
75
80
25
-176
65
455
440
67
-294
160
160
-72
-126
-78
265
102
60
-105
-89
426
550
849
231
-339
-746
-951
-321
-137
541
421
357
370
-43
-147
-258
-369
201
88
381
122
287
323
125
-111
-311
219
267
559
220
227
-316
-68
-289
-27
-614
-665
99
457
815
-92
-538
-795
-500
-292
106
153
456
-41
72
66
140
-97
-382
-15
151
617
196
-254
-772
-663
-237
270
806
463
257
424
271
322
-414
-887
-542
-462
373
377
859
756
73
-321
-657
-562
-274
-164
307
81
20
118
144
524
157
6
-411
-456
-391
-63
166
391
311
589
87
-81
-287
-83
23
-499
86
83
566
137
-312
-168
145
514
141
-190
-590
-382
55
577
-103
-273
-351
378
342
-148
-453
-1113
-343
264
458
374
-164
-79
-460
-523
-130
-77
735
502
178
133
-271
-55
-220
90
206
47
-189
-423
-93
-198
141
-463
-88
-157
303
458
-511
-660
-652
395
1100
710
181
-673
-264
765
646
631
-534
-339
-467
-188
109
-174
124
222
776
237
148
304
477
257
-533
-785
-491
-103
473
393
519
463
180
46
-155
-137
-400
-271
-188
-58
37
94
65
176
-11
-217
-156
-188
179
-267
-221
-619
147
419
453
52
-295
226
158
462
-89
-246
-823
-558
-105
570
465
102
-137
-513
29
63
385
393
512
386
-47
-350
-643
-279
-62
-9
386
403
11
-240
-798
-306
-344
-623
-856
-1039
223
167
403
-143
-24
205
451
397
-72
-376
-190
420
437
510
-188
95
-242
-126
-389
-30
511
821
650
-265
-620
-112
142
-29
150
306
1123
465
135
-376
-253
-295
-472
-498
-614
96
392
636
162
-319
-152
75
169
75
-468
143
69
243
-387
-816
-440
-12
1275
785
428
-442
-178
541
101
-210
-1120
-599
204
1034
1009
-29
-538
-883
-441
-189
69
186
370
-62
-239
-201
-102
415
188
142
-293
49
-30
531
242
255
-340
-505
-295
77
185
175
305
-135
276
-77
96
-344
-354
-202
111
113
330
350
871
538
64
-687
-1223
-338
102
575
119
-173
39
-119
475
652
642
19
-823
-877
-192
744
286
-414
-912
-242
-30
448
63
-214
-478
-618
-122
-13
668
347
685
2
-41
-619
-593
7
373
658
266
148
-316
-255
-80
430
867
882
-273
-834
-949
120
332
-417
-610
-495
856
1042
555
-337
-697
-375
-151
243
-53
95
449
719
527
-396
-1059
-1077
-282
237
441
622
188
0
-140
329
175
277
-66
-240
51
297
356
-423
-764
-224
-82
-479
-784
-705
-39
88
84
213
437
1176
739
3
-1083
-1498
-1259
-210
902
733
57
-588
-695
-332
248
187
202
-223
182
119
79
-85
-252
164
-158
31
249
610
352
163
-108
-212
-366
-277
-6
435
517
366
337
98
31
-122
-232
-250
-204
-82
383
594
542
265
141
-193
-446
-280
115
669
503
132
-200
-137
-234
-77
284
448
401
338
-177
-301
-357
102
559
402
271
4
123
-43
-86
-145
-211
137
327
-27
-47
-173
-22
-65
103
217
226
-229
-267
-351
-165
-135
-616
-278
-262
197
21
-345
-239
153
407
321
-18
-77
221
592
582
180
-524
-550
-245
-11
-2
-376
-520
-608
-179
-188
-158
-293
-401
-97
-253
150
146
74
-208
-103
-31
-123
185
171
448
163
409
284
90
-182
-351
71
299
675
569
598
164
-342
-584
-546
-169
-57
154
3
-64
-207
-15
-51
265
357
298
45
-24
12
-44
-80
-101
351
433
400
-110
114
63
-137
-441
-989
-562
-485
69
14
112
299
124
-23
-566
-507
-340
-33
248
459
517
105
-340
-510
-228
146
442
356
45
88
193
367
274
1
-298
-286
-76
230
360
152
40
155
469
236
-180
-517
-343
225
417
663
979
901
382
-484
-901
-580
-246
191
230
323
25
-310
-248
30
478
12
-375
-564
-284
-74
-489
-793
-1062
-863
-490
-83
334
293
12
-440
-790
-986
-643
-568
-439
-362
-220
-172
-407
-396
-203
22
-46
-272
-198
-14
508
723
611
710
564
540
384
149
163
45
147
107
264
286
417
607
418
239
-46
-116
-3
317
312
-76
-437
-287
325
546
254
-254
-505
-326
47
258
461
613
569
441
193
164
294
259
180
88
106
86
168
214
320
276
250
258
396
611
586
279
39
-3
130
543
868
1256
1021
602
311
137
-128
-441
-512
-461
-239
-126
90
308
308
193
-141
-324
-184
12
151
-27
-272
-561
-645
-459
-210
186
205
50
-168
-147
38
161
96
-200
-345
-470
-416
-268
-206
-358
-699
-1048
-913
-456
-114
-80
-234
-452
-506
-428
-384
-299
-309
-330
-455
-773
-985
-1035
-976
-937
-754
-505
-245
15
108
262
309
364
424
563
576
555
303
-152
-617
-1130
-1508
-2022
-2553
-2967
-3282
-3581
-3763
-3791
-3551
-3117
-2540
-1969
-1436
-896
-429
99
538
1150
1709
2182
2661
2943
3348
3562
3869
3989
4096
3997
3813
3678
3466
3426
3220
3125
2890
2632
2487
2325
2211
1995
1785
1600
1447
1279
1183
1087
976
858
844
984
1234
1288
1287
1328
1285
1123
855
632
427
310
136
89
-92
-194
-330
-560
-811
-1159
-1363
-1571
-1513
-1639
-1676
-1805
-1869
-1734
-1718
-1561
-1771
-2017
-2044
-1745
-1355
-1223
-1179
-1075
-894
-669
-578
-559
-598
-643
-354
233
1470
2396
1897
-1108
-5605
-9692
-12210
-13167
-13425
-13129
-12356
-10901
-8646
-5524
-1856
1510
3379
3555
2832
2557
3133
4157
5146
5873
6559
7058
7895
9140
10524
11040
9716
6933
3810
1543
214
-638
-1306
-1938
-2485
-2732
-2266
-793
901
1937
1606
441
-496
-566
357
1559
2721
3637
4296
4929
5891
7186
7967
7549
5721
3414
1530
394
-42
-374
-725
-1311
-1972
-2442
-2325
-1748
-1501
-2157
-3654
-5152
-5776
-5277
-3792
-1910
-376
668
1454
2410
3627
4547
4683
3806
2385
1060
400
547
1080
1461
1203
458
-394
-828
-978
-1133
-1742
-2829
-3875
-4389
-3966
-2782
-1272
-80
462
381
248
447
717
828
414
-344
-913
-1087
-451
407
1051
1176
604
-186
-794
-1006
-961
-1007
-1204
-1340
-1284
-956
-352
638
1835
2730
2633
1254
-1482
-5219
-9427
-13122
-15410
-16180
-15646
-14296
-12150
-9156
-5617
-1880
1362
3649
4842
5081
4873
4755
5316
6496
7761
8757
9492
10336
11084
11379
10907
9273
6621
3165
-265
-2918
-4371
-4887
-4992
-4798
-4268
-2985
-1289
506
2062
2873
2980
2565
2362
2983
4383
6100
7436
8238
8669
8922
8923
8404
7354
5500
3061
400
-1828
-3207
-3858
-4006
-4107
-4192
-4326
-4211
-3860
-3564
-3258
-3277
-3322
-3350
-2743
-1260
569
2370
3538
4319
4676
4876
4907
4586
3843
2644
1312
69
-734
-976
-880
-918
-1408
-2166
-2838
-3302
-3561
-3582
-3441
-3231
-2931
-2361
-1252
104
1440
2277
2573
2473
2086
1683
1330
1063
816
426
-22
-536
-821
-904
-1009
-1268
-1792
-2345
-2901
-3118
-2773
-2009
-1227
-596
-100
526
1395
2232
2916
2676
1076
-1922
-6039
-10427
-14310
-16471
-16917
-16052
-14156
-11666
-8281
-4606
-685
2881
5262
6485
6409
6083
5873
6194
7349
8539
9525
9917
10146
10330
10113
9303
7282
4204
336
-3323
-5843
-6975
-6733
-5849
-4585
-3171
-1446
628
2672
4518
5485
5718
5308
4991
5303
6229
7772
8949
9453
9028
8153
7246
5865
4235
1992
-533
-3144
-5310
-6196
-6121
-5397
-4734
-4158
-3696
-3286
-2611
-1773
-913
-279
136
576
1175
2300
3752
4954
5300
4721
3639
2444
1507
757
122
-736
-1783
-2509
-2603
-2035
-1281
-815
-917
-1539
-2320
-2832
-2875
-2547
-1892
-1263
-642
174
1202
2559
3670
4151
3810
2694
1430
388
-336
-717
-1009
-1192
-1507
-1765
-1661
-1278
-865
-928
-1522
-2465
-3176
-3205
-2594
-1598
-606
396
1241
1994
2777
3886
4958
4587
1732
-3857
-10224
-15481
-18129
-18356
-17299
-15149
-12619
-9199
-5159
-710
3923
7269
8894
8222
6585
5602
5881
7605
9185
10322
10495
9912
9322
8613
8163
6435
2911
-2059
-7057
-9944
-10544
-8756
-6168
-3618
-1458
221
2326
4558
7086
8636
8562
7215
5601
5395
6380
8311
9932
10352
9555
7436
5180
3093
1402
-564
-3375
-6343
-8649
-9006
-7769
-5474
-3225
-2003
-1560
-1695
-1281
-283
1027
2175
2428
2232
2224
3115
4699
5976
6296
5146
2792
46
-1986
-2756
-2891
-3017
-3563
-4057
-3965
-3072
-1602
-404
165
-276
-1344
-2294
-2460
-1498
-145
1075
1778
2171
2595
3148
3779
3921
3264
1766
-75
-1527
-2104
-1903
-1423
-1317
-1709
-2327
-2825
-2846
-2438
-1971
-1842
-2198
-2630
-2530
-1784
-474
683
1543
2124
2480
2907
3219
3927
4639
4110
892
-5470
-12568
-17809
-19639
-18721
-16659
-13887
-10819
-7071
-2809
1796
6437
9698
10796
9274
6892
5785
6491
8511
10085
10777
10224
8591
6859
5403
4475
2536
-1286
-6441
-11037
-12737
-11402
-7744
-3659
-245
2146
3565
5195
7246
9646
11053
10471
8587
6539
6091
7029
8636
9689
9109
7060
3465
114
-2353
-3857
-5053
-7113
-8849
-9801
-8795
-5952
-2602
565
1922
2123
1447
962
1578
2612
3839
4009
3697
3331
3324
3969
4228
3740
1699
-1480
-4728
-6698
-6676
-5489
-3973
-2867
-2203
-1570
-530
760
1747
2052
1208
-245
-1705
-2174
-1120
586
2179
2769
2639
2203
1805
1574
1335
767
-428
-1961
-3181
-3459
-2712
-1568
-728
-710
-1406
-2294
-3005
-3105
-2661
-1898
-1303
-1214
-1166
-618
574
2067
3096
3424
3141
2461
1648
1176
1630
2381
1752
-1998
-8439
-14945
-19078
-19722
-17990
-14961
-11417
-7880
-3961
64
4687
9176
12155
12652
10404
7752
6153
6336
7519
8303
8410
6872
4535
2204
742
274
-1162
-4090
-8346
-11562
-11994
-9516
-4720
308
4596
7031
8009
8927
10289
12126
12724
11399
8680
5868
4520
4445
5342
5949
5272
2853
-834
-4080
-6082
-6647
-6903
-7506
-8163
-8058
-6086
-2580
1525
4874
6465
6075
4563
3314
3135
3824
4167
3692
2470
1170
463
241
294
-234
-1749
-4218
-6692
-7843
-7083
-4851
-2565
-837
198
895
1632
2389
3045
3145
2329
732
-756
-1356
-831
425
1509
2005
1744
979
321
-133
-216
-360
-907
-1883
-2858
-3027
-2419
-1371
-621
-616
-1287
-2342
-3074
-2924
-1889
-464
527
862
821
944
1324
1829
2099
2117
1940
1765
1844
2262
3150
3421
1404
-4169
-11766
-18173
-20924
-20018
-17181
-13315
-9146
-4780
-440
3936
8465
11974
13551
12206
9027
6177
4983
5796
6902
7564
7055
5052
2272
-442
-1698
-2554
-4443
-7823
-11504
-12824
-11047
-6217
77
5979
10221
11731
11801
11709
12280
12762
11741
9317
6020
3421
2292
2622
3732
3978
2657
-548
-4515
-7504
-8693
-8181
-7315
-6615
-5647
-3793
-668
3178
6855
9123
8992
6833
3838
1654
904
1108
1575
1464
721
-250
-887
-1222
-1536
-2416
-4159
-6133
-7515
-7150
-4989
-1889
1006
2718
3261
2953
2439
2058
1772
1223
92
-1272
-2143
-1825
-445
1430
2928
3430
2791
1357
-63
-969
-1419
-1735
-2329
-2961
-3293
-2956
-1952
-727
125
-68
-1081
-2413
-3000
-2426
-942
729
1873
2103
1756
1277
1066
1238
1362
1505
1351
1076
785
802
1768
2561
1767
-2531
-9730
-16571
-20574
-20214
-17285
-13196
-8504
-4285
118
4012
8140
11671
13549
13264
9588
6066
4038
4035
5478
6397
6620
4907
2056
-762
-2647
-2898
-3955
-6142
-9171
-10914
-9267
-5019
1419
7524
11908
13704
12888
11865
11141
11091
10327
8073
5073
2096
801
877
1959
2576
1706
-753
-4579
-7526
-8752
-7751
-5797
-4105
-2415
-814
1631
4494
7333
9183
8793
6403
2825
70
-1063
-646
266
607
244
-854
-1821
-2412
-2581
-2762
-3486
-4610
-5762
-5817
-4227
-1384
1595
3412
3833
3207
2164
1258
731
541
216
-425
-1088
-1171
-222
1188
2414
2653
1683
135
-1559
-2457
-2538
-2081
-1553
-1344
-1356
-1340
-1052
-565
-71
-41
-680
-1699
-2407
-2307
-1286
119
1299
1841
1838
1576
1208
1007
917
911
735
374
273
710
1968
3066
2353
-1636
-8658
-15876
-20592
-21105
-18322
-13745
-8536
-3844
689
4884
8966
12350
13771
12853
9488
5596
3001
2603
3906
5250
5721
4396
1685
-1249
-3276
-4113
-5036
-6771
-8954
-9964
-8279
-3709
2710
8972
13199
14471
13315
11500
10083
9305
8458
6706
4333
1814
349
173
874
1485
752
-1540
-4910
-7767
-8795
-7718
-5247
-2644
-314
1667
3675
5759
7401
8236
7449
5167
1980
-859
-2039
-1687
-425
501
358
-612
-2010
-3150
-3834
-4173
-4373
-4689
-4720
-4056
-2264
382
2910
4405
4341
3113
1430
26
-689
-782
-527
-273
-234
-26
759
1730
2492
2554
1815
418
-1160
-2168
-2254
-1671
-1011
-675
-905
-1407
-1796
-1835
-1541
-1235
-1182
-1305
-1336
-796
447
1909
3073
3411
2832
1580
91
-953
-1392
-1332
-958
-634
-199
421
1535
3177
4114
2669
-2707
-10802
-18108
-21649
-20479
-16488
-11005
-5359
-490
3761
7196
10553
12847
13034
10710
6311
2574
985
2139
4498
6301
6754
4763
1212
-2566
-4775
-5582
-6742
-8411
-9758
-8914
-5259
550
7290
12818
15404
14566
11568
8735
7073
6253
5400
4001
2379
952
435
888
1738
1789
-59
-3534
-7438
-9716
-9313
-6648
-2908
518
3279
5108
6418
7345
7828
7330
5136
1936
-1254
-2856
-2635
-1217
533
1260
607
-1361
-3481
-4692
-4894
-4675
-4562
-4358
-3800
-2484
-377
2047
4160
4746
3706
1689
-210
-1076
-1063
-368
316
694
700
689
1039
1554
1794
1329
17
-1610
-2769
-2889
-1981
-737
357
691
337
-417
-1036
-1138
-1253
-1460
-1710
-1501
-653
433
1727
2635
2739
1882
381
-766
-1506
-1690
-1325
-836
-88
215
308
670
1182
2583
3632
3328
-144
-7389
-15251
-20931
-21378
-17662
-12168
-6179
-1532
2531
5608
8319
10807
11621
10814
7435
3717
1633
2113
5198
7735
8848
7094
2977
-1577
-5498
-6991
-7593
-8221
-9024
-8940
-6044
-901
5721
11429
14586
14580
11687
8553
6383
6051
6344
5982
5026
3227
1951
1225
1152
895
-808
-3683
-7346
-9690
-9795
-7214
-2988
887
3884
5146
5753
5884
5930
6119
5260
3436
726
-1507
-2160
-1554
109
1249
984
-656
-3234
-5075
-5776
-5350
-4303
-3307
-2440
-1609
-383
1233
2955
3836
3152
1444
-612
-1823
-1689
-557
1079
2074
2271
1887
1460
1345
1439
1289
481
-891
-2229
-2784
-2373
-1408
-334
77
-367
-1191
-1957
-1989
-1492
-756
-194
-12
67
172
406
1023
1729
2127
1768
683
-125
-742
-951
-954
-961
-660
-245
406
1180
1813
2390
2685
1379
-2316
-8989
-16112
-20556
-20822
-16871
-11509
-5416
-274
3510
6456
8142
9938
10279
9311
7057
4191
3384
4170
6711
8671
8811
6897
2196
-2791
-7067
-9090
-9266
-9332
-8470
-6884
-3333
1579
6620
11249
13461
13210
10572
7693
6284
6103
6891
7185
6924
5702
3663
1828
-38
-1491
-3554
-6140
-8515
-9803
-8639
-5626
-1422
2327
4747
5761
5410
4789
4267
4173
3866
3088
2108
1387
1128
1064
1123
543
-781
-3192
-5635
-7144
-7467
-6382
-4968
-3064
-1183
349
1564
2276
2881
2720
1949
801
-124
-105
558
1688
2515
2826
2358
1237
-61
-1116
-1467
-1615
-1560
-1347
-870
-196
392
666
549
37
-944
-2020
-2740
-2611
-1863
-832
110
899
1290
1240
926
549
555
466
516
242
-135
-400
-652
-289
-171
-87
-111
-107
618
1548
2994
3755
1976
-3559
-12175
-19508
-22252
-19499
-13596
-7232
-1469
2558
5231
6771
8146
9381
9243
7506
4268
2306
3319
6766
10616
12304
10820
5621
-1573
-7829
-11109
-10910
-9873
-9029
-7693
-5031
-342
5107
10334
13656
13559
10485
6413
4225
4964
7357
9472
10007
8828
6069
2919
184
-1824
-3720
-6407
-9174
-10899
-10050
-6556
-1722
2728
5199
5576
4277
2812
2275
2933
4100
4498
4093
2941
2182
2089
2236
2048
274
-2709
-6052
-8377
-8410
-6660
-3730
-1078
468
909
495
389
631
1182
1173
608
-140
-361
510
1885
3432
3910
3062
1191
-799
-1806
-1790
-990
-207
243
165
-64
-218
-413
-618
-1261
-2232
-3387
-4062
-3544
-2099
-274
1197
2029
2006
1612
1272
1331
1642
1506
1239
518
-281
-829
-1092
-716
-274
-211
-472
-864
-659
283
1743
3047
2242
-1436
-8412
-15833
-20600
-20950
-16365
-10250
-3619
1185
3948
5863
6262
7354
7383
6569
5065
3184
4007
6163
9749
12011
11322
7843
1090
-5120
-9714
-10942
-9745
-8260
-5905
-3710
-458
3323
6814
9544
9796
8103
5347
3736
4700
7455
10769
12282
11574
8816
4705
1031
-2256
-4377
-6161
-7799
-8434
-7985
-5336
-2084
1158
3029
2899
1865
276
336
1585
3770
5702
6396
6277
4918
3646
2078
364
-1654
-4227
-5960
-6860
-6018
-4316
-2575
-1316
-1141
-1415
-2068
-1967
-1330
90
1359
1916
2371
2382
2957
3158
3059
2495
1134
-133
-1310
-1541
-969
-136
431
396
-22
-575
-983
-1366
-1579
-1866
-2373
-2710
-2546
-1619
-263
678
1142
1089
619
361
321
878
1609
2010
1782
844
-5
-516
-318
-57
-46
-359
-780
-1038
-726
-120
1056
2296
1872
-923
-8028
-15604
-20956
-20901
-15398
-9045
-1961
1959
4366
5182
4641
5684
5312
5574
4462
3542
5254
7654
11881
13015
11511
6793
-874
-6994
-11371
-10790
-8148
-5463
-2728
-1528
842
2749
4720
6274
5703
4818
2784
3005
5510
9443
13329
13937
12609
8201
3292
-1029
-4160
-4796
-5503
-5403
-5429
-4701
-2657
-971
717
416
-611
-1967
-2729
-1301
1156
4821
7061
7807
6887
4772
3099
1155
165
-1194
-2526
-3580
-4164
-3251
-2300
-1283
-1564
-2683
-4018
-5064
-4533
-3248
-807
1176
2324
2826
2489
2785
2777
2837
2453
1412
656
-51
28
612
1176
1105
59
-1243
-2331
-2664
-2584
-2137
-1769
-1882
-1877
-1823
-1141
-209
492
780
373
-19
-243
80
1083
2080
2797
2570
1645
722
-51
-295
-444
-638
-645
-1067
-1147
-1049
-600
499
1212
1443
-254
-4749
-11267
-17498
-20575
-18302
-12548
-5738
74
2866
4106
3369
2551
2508
2628
3619
4246
5931
8408
11170
13103
12016
8539
2540
-3510
-7829
-9174
-6991
-3848
-981
383
616
618
425
625
770
972
1466
2579
5211
8675
12148
13640
12453
9199
4761
836
-1720
-2366
-1708
-908
-538
-869
-1352
-1784
-2509
-3306
-4388
-4921
-4503
-2701
425
3597
6048
6654
5736
3900
1963
865
107
151
273
404
504
186
-104
-1375
-2883
-4761
-5680
-5441
-4376
-2128
-451
1083
1499
1093
584
12
214
708
1324
1886
2330
2613
2568
2258
1568
640
-523
-1409
-1602
-1324
-726
-428
-513
-1198
-2154
-2843
-3031
-2525
-1689
-764
-187
208
486
784
1249
1471
1780
1731
1489
1467
1087
1334
1126
572
17
-1135
-1269
-1560
-1242
-403
251
1338
172
-3065
-9192
-15724
-19574
-19572
-14215
-7825
-1375
2024
2541
2050
149
345
986
2719
4943
6679
9623
11668
13301
12646
9074
4001
-2072
-5708
-6835
-4882
-1402
928
1942
536
-1422
-3108
-4002
-3254
-2084
-40
2288
5154
8531
11148
12678
11577
8796
5090
1957
848
1038
2646
3667
3466
1948
-649
-2994
-5028
-6110
-6431
-6166
-5092
-3376
-816
1628
3486
3885
2804
1364
208
660
2075
3901
5222
5073
3904
1733
-622
-2449
-3655
-3920
-3801
-3439
-2915
-2487
-1830
-1677
-1792
-2134
-2426
-1926
-941
841
2539
3712
3872
3071
1934
894
655
714
1025
1146
1069
800
240
-361
-1144
-2087
-2887
-3295
-3229
-2630
-1798
-1121
-742
-790
-1025
-1172
-816
180
1569
2950
3397
3061
2106
1210
721
404
463
572
486
-105
-945
-1492
-1253
-1083
-2312
-5409
-10393
-15270
-18566
-18046
-13556
-7554
-2172
142
228
-861
-1697
-931
1058
3944
6603
8871
10627
11738
12164
10942
8055
3782
-383
-2648
-2717
-821
1484
2418
1493
-1299
-4295
-6213
-6289
-4585
-2283
312
2535
4942
7065
8590
9225
8318
6742
5033
4280
4949
6250
7325
7134
5119
2105
-1219
-3619
-4868
-5188
-4815
-4554
-4033
-3586
-2763
-1939
-1450
-1372
-1464
-1108
-23
2098
4186
5940
6198
4928
3117
1002
23
-164
297
881
562
-316
-1702
-3057
-3993
-4614
-4669
-4307
-3500
-2201
-863
396
1080
1155
751
200
295
1040
2299
3366
3825
3629
2682
1560
356
-375
-927
-1397
-1748
-2103
-2074
-2152
-2125
-2315
-2774
-3007
-2954
-2069
-736
687
1876
2265
2152
1634
1225
1204
1329
1575
1021
426
-9
41
585
432
303
-1366
-4016
-7424
-11667
-14762
-17074
-16446
-13202
-9109
-5092
-3242
-2884
-3351
-3931
-2922
-475
3161
7083
10238
12278
12678
11833
9724
7150
4667
2876
2551
3051
3982
4333
3177
864
-2457
-5320
-6893
-6887
-5212
-2872
-431
1360
2534
3187
3423
3652
4015
4789
6030
7392
8712
9319
9039
7750
5509
3059
962
-272
-752
-880
-1044
-1669
-2818
-4181
-5315
-5954
-5912
-5364
-4087
-2417
-633
967
1862
2442
2296
2089
2076
2271
2936
3398
3769
3738
2907
1634
-124
-1909
-3019
-3581
-3348
-2711
-2157
-1696
-1869
-2295
-2597
-2685
-2295
-1410
-280
998
2034
2556
2684
2328
1782
1299
990
953
998
978
858
484
-147
-1025
-1807
-2335
-2486
-2207
-1842
-1341
-729
-288
0
-110
-384
-528
-522
-72
528
1026
909
322
-211
-202
246
816
922
-392
-3038
-6838
-10553
-13875
-15746
-15085
-12056
-8000
-5278
-4428
-5628
-6871
-7248
-5826
-2209
2052
6450
9303
10715
10903
9830
8346
6798
6039
6129
6979
8174
8824
8167
5627
2047
-1569
-4118
-5010
-4364
-2769
-1382
-648
-938
-1601
-2092
-2026
-1077
414
2488
4688
6523
7698
8035
7510
6410
5199
4425
4413
4721
4897
4524
3208
1301
-996
-3056
-4255
-4925
-4822
-4618
-4093
-3365
-2979
-2614
-2878
-3063
-2809
-2201
-877
706
2324
3598
4034
3782
2982
2006
1371
1143
1256
1458
1516
1160
413
-528
-1593
-2501
-3117
-3253
-2848
-2180
-1432
-891
-827
-962
-1204
-1293
-884
-206
542
1127
1420
1463
1218
876
729
585
429
330
235
170
155
46
17
-55
-191
-310
-664
-747
-600
-484
-476
-1112
-1785
-1913
-1822
-777
129
951
803
-1778
-5200
-9063
-11620
-13306
-13795
-11942
-8812
-5795
-5072
-6098
-8086
-9225
-8694
-5972
-1363
3134
6724
7957
7921
7070
6076
5652
5956
7644
9328
10563
10767
9971
8164
5170
2358
267
-387
155
795
1303
657
-885
-2960
-4641
-4637
-3400
-1359
587
2101
3043
3042
2809
2789
3238
3999
4858
5718
6677
7012
6467
5356
3635
2225
843
145
140
217
-38
-1138
-2547
-3968
-4749
-4878
-4442
-3644
-2995
-2432
-2274
-1985
-1640
-1347
-836
-244
729
1765
2438
2578
2281
1743
1400
1378
1700
2179
2214
1714
680
-454
-1187
-1490
-1330
-1047
-1055
-1248
-1675
-2081
-2292
-2424
-2288
-2064
-1589
-1006
-325
257
557
541
260
141
250
825
1571
2143
2389
2103
1478
809
490
473
718
574
12
-803
-1816
-1928
-2063
-1098
-152
347
-387
-3795
-7504
-11468
-13742
-14283
-12617
-8782
-5770
-4661
-6615
-9191
-10857
-10354
-7090
-2734
2053
5140
6447
5987
4963
4578
4798
6083
7705
9719
11227
11451
10651
8523
6081
3954
2641
2674
3239
3812
3204
1180
-1363
-3667
-4692
-4394
-2818
-1209
-154
90
-477
-713
-684
225
1514
2795
4020
4924
5556
5765
5578
4972
4322
3774
3667
3844
3814
3334
2030
396
-1180
-2263
-2617
-2647
-2613
-2798
-3445
-4185
-4879
-5093
-4400
-3389
-2048
-1116
-691
-441
-431
-32
443
1209
1996
2576
3003
3142
3218
2821
2331
1522
1011
882
902
1078
815
188
-796
-1783
-2455
-2674
-2560
-2428
-2279
-2320
-2401
-2401
-2204
-1830
-1434
-1008
-559
-42
370
923
1301
1694
1946
2004
2190
2200
2356
2236
1707
835
-377
-825
-614
417
1061
631
-1118
-4598
-8020
-10746
-12105
-12634
-12754
-11643
-10016
-8977
-9310
-10650
-11745
-11272
-8939
-5251
-1045
2155
3849
4162
3759
4099
5517
7739
10163
11729
12340
11994
10977
9844
8924
8200
7566
7014
6129
5210
3788
1848
-179
-1951
-2954
-3255
-2916
-2501
-2334
-2772
-3487
-3840
-3567
-2317
-596
943
2055
2335
2632
2996
3702
4694
5425
6033
6021
5617
5054
4459
3900
3134
2401
1653
992
325
-602
-1597
-2765
-3632
-4467
-4934
-5003
-4710
-4160
-3767
-3512
-3534
-3401
-2912
-2058
-962
-36
885
1472
1802
2240
2594
3016
3184
3247
3154
3037
2913
2768
2375
1657
937
116
-458
-909
-1340
-1755
-2253
-2752
-2936
-3048
-2985
-2931
-2977
-2895
-2856
-2489
-1717
-681
78
408
468
944
1715
2609
3023
2649
2171
1895
2343
2803
2646
2274
1182
-584
-3205
-6456
-8679
-10634
-11331
-10899
-9704
-8417
-9284
-11194
-13339
-13785
-11711
-8309
-4393
-2079
-1065
-1065
-922
670
3012
6244
8467
9833
10380
10412
10897
11000
11277
11167
10864
10409
9596
8807
7459
5794
3826
1888
716
-129
-480
-1224
-2415
-3863
-5149
-5503
-5256
-4269
-3429
-2843
-2757
-2743
-2201
-1223
416
1829
2957
3691
4036
4408
4739
5129
5519
5645
5371
4848
4210
3685
3143
2375
1412
237
-869
-1854
-2606
-3144
-3642
-4055
-4472
-4766
-4813
-4713
-4437
-4072
-3640
-3094
-2437
-1547
-628
183
874
1339
1848
2439
3064
3597
3814
3800
3643
3441
3260
3096
2610
1820
904
61
-552
-953
-1241
-1591
-2299
-3064
-3645
-3922
-3776
-3527
-3239
-3095
-2961
-2658
-1979
-1121
-229
493
770
947
1116
1480
2031
2740
3526
3181
1216
-2193
-5223
-6867
-7477
-6950
-6453
-6188
-7277
-9626
-11808
-13098
-12003
-9631
-6862
-5064
-4854
-4962
-5121
-3869
-1574
1378
4229
5710
6581
6771
7406
8462
9603
10862
11416
11691
11361
10833
10111
9162
8376
7371
6611
5684
4519
3254
1537
-77
-1410
-2170
-2329
-2592
-3055
-3819
-4674
-5175
-5142
-4341
-3206
-2318
-1723
-1473
-1165
-439
543
1785
2899
3594
3933
4032
4034
4070
4193
4253
4358
4205
3775
2984
1802
602
-373
-879
-1206
-1399
-1893
-2635
-3511
-4278
-4422
-4233
-3776
-3388
-3270
-3303
-3314
-2885
-2065
-945
58
737
1146
1320
1760
2277
2954
3559
3851
3775
3403
2875
2429
2158
1872
1591
1063
436
-267
-984
-1454
-1843
-2251
-2718
-3232
-3346
-3161
-2594
-1927
-1501
-1492
-1721
-1767
-1168
-180
1004
1511
309
-2412
-6071
-8390
-8623
-6741
-4096
-3522
-5296
-9157
-12212
-12441
-10238
-6306
-3707
-3053
-4492
-6229
-6128
-4276
-609
2462
4188
4500
3850
4073
5051
6895
8773
9689
10031
9568
9202
8892
8718
8565
8039
7767
7170
6606
5668
4312
3112
1836
1172
867
644
124
-1026
-2190
-3117
-3268
-2792
-2223
-1885
-2338
-2879
-3195
-2818
-1655
-431
441
502
350
500
1095
1992
2644
2974
2765
2520
2467
2656
2973
2814
2472
1700
984
473
14
-268
-647
-1088
-1689
-2126
-2373
-2493
-2495
-2624
-2717
-2753
-2750
-2527
-2243
-1836
-1356
-917
-522
-133
348
994
1518
1883
2134
2164
2219
2353
2514
2566
2300
1854
1414
1035
846
664
492
32
-744
-1449
-1919
-1869
-1525
-1346
-1505
-2071
-2317
-1880
-912
72
424
16
-1726
-4540
-7442
-8798
-7767
-5139
-3205
-4027
-7396
-11343
-13140
-11672
-8080
-4536
-3257
-4535
-6912
-8097
-6623
-2975
956
3324
3474
2506
2026
3056
5545
8186
9995
10298
9587
8816
8536
9009
9560
9687
9243
8376
7420
6331
5229
4202
3266
2609
2034
1552
798
-268
-1448
-2397
-2619
-2318
-1971
-1944
-2533
-3269
-3516
-3141
-2069
-1162
-565
-492
-850
-951
-779
170
1421
2377
2789
2352
1827
1461
1579
2146
2597
2711
2221
1433
685
296
266
294
218
-170
-755
-1415
-1801
-1903
-1827
-1716
-1672
-1644
-1673
-1718
-1822
-1777
-1671
-1348
-855
-424
14
238
374
581
845
1314
1762
1955
1907
1623
1384
1457
1760
1980
1875
1254
408
-143
-73
389
735
550
-496
-1649
-2220
-1696
-390
357
717
-513
-3009
-6065
-9033
-9243
-7613
-4568
-2752
-4761
-8562
-12675
-13690
-10780
-6799
-3372
-3244
-5842
-8398
-9199
-6543
-2193
1595
3226
2161
659
203
2204
5706
8626
10179
9527
8393
7721
8068
9631
10745
11126
10280
8872
7578
6556
6142
5700
5213
4282
2976
1725
287
-739
-1481
-1798
-1772
-1967
-2224
-2934
-3751
-4177
-4134
-3220
-2330
-1754
-1568
-1918
-1910
-1485
-541
473
1108
1376
1192
1145
1298
1938
2655
2960
2783
2199
1584
1174
1147
1176
1201
937
428
-153
-642
-835
-957
-969
-1113
-1394
-1695
-1925
-1930
-1727
-1384
-1041
-787
-746
-795
-896
-780
-476
43
529
791
924
867
930
1019
1127
1267
1332
1500
1534
1384
1116
673
559
577
728
863
522
54
-449
-620
-252
163
477
689
-452
-2662
-6178
-8972
-8994
-6799
-3386
-2634
-5399
-10153
-13991
-13467
-9478
-4851
-2489
-4172
-7770
-10230
-9528
-5225
-403
2468
2131
-299
-1815
-874
2742
6805
9265
9283
7491
6117
6256
8093
10448
11684
11488
9922
8262
7317
7167
7617
7619
7088
5826
4157
2708
1483
786
386
21
-565
-1497
-2597
-3564
-4156
-4117
-3592
-2926
-2794
-3199
-3891
-4251
-3746
-2682
-1300
-270
-71
-330
-713
-611
272
1472
2519
2815
2341
1726
1300
1452
2121
2645
2649
1860
799
43
-72
275
567
466
-188
-953
-1567
-1749
-1555
-1263
-1175
-1352
-1578
-1691
-1505
-1190
-785
-404
-229
-139
-144
-83
89
355
703
956
1193
1178
1007
931
909
1147
1181
1136
1032
1034
1143
1045
728
218
9
217
869
1424
1302
-219
-2859
-6357
-8096
-7458
-4750
-2416
-3584
-7358
-11911
-13810
-11745
-7772
-4563
-4286
-7120
-10250
-11203
-8733
-4048
-228
995
-599
-2651
-2908
-480
3728
7071
8315
7338
5640
5319
6634
9227
11343
11825
10876
9053
7975
7873
8667
9452
9141
7958
6028
4372
3375
2961
2936
2672
1960
848
-637
-1994
-2940
-3196
-2890
-2631
-2852
-3567
-4358
-4905
-4668
-3870
-2952
-2303
-2311
-2615
-2801
-2378
-1323
-86
783
934
699
463
744
1416
2138
2607
2513
2068
1645
1442
1570
1855
1825
1532
846
195
-188
-294
-193
-228
-389
-756
-1214
-1591
-1723
-1588
-1366
-1263
-1213
-1194
-1187
-1002
-713
-437
-144
-40
56
90
59
301
724
1052
1072
910
796
1046
1476
1683
1277
779
637
1044
1875
2240
2225
1045
-1205
-3543
-5320
-5575
-4934
-3619
-3294
-5066
-8462
-11627
-12199
-10190
-7365
-5837
-6551
-9099
-11167
-11004
-8240
-4499
-2024
-1681
-3055
-4143
-3366
-395
3322
5890
6449
5530
4620
4998
6894
9581
11415
11589
10525
9142
8665
9010
9943
10520
10103
8808
7066
5718
4959
4719
4655
4203
3148
1627
62
-891
-1265
-1271
-1304
-1708
-2600
-3717
-4527
-4742
-4326
-3771
-3379
-3257
-3701
-3948
-3848
-3280
-2364
-1617
-1100
-1031
-1183
-1025
-303
649
1483
1856
1696
1375
1141
1440
1986
2444
2598
2209
1626
1088
893
997
1080
914
480
-41
-491
-690
-644
-559
-647
-925
-1257
-1563
-1618
-1451
-1159
-918
-758
-660
-655
-678
-608
-330
44
207
240
154
168
587
1165
1535
1390
1029
825
1047
1623
2355
2540
1836
44
-1804
-3167
-3999
-4275
-4035
-3371
-3870
-5956
-8856
-10590
-10220
-8454
-6681
-6360
-7798
-9873
-10788
-9508
-6807
-4238
-3066
-3448
-4397
-4394
-2595
455
3313
4736
4776
4254
4203
5442
7592
9664
10626
10298
9402
8743
8939
9720
10525
10578
9623
8184
6898
6148
6024
5985
5588
4616
3075
1658
662
175
20
-292
-932
-1822
-2609
-3244
-3608
-3651
-3645
-3724
-3942
-4306
-4269
-4180
-3897
-3303
-2856
-2490
-2494
-2464
-2040
-1352
-654
-78
258
424
612
895
1342
1684
1913
2017
1981
1912
1903
1825
1846
1778
1553
1382
1111
872
570
221
29
-123
-302
-465
-661
-917
-1032
-1169
-1161
-1106
-1111
-1084
-1165
-1087
-830
-554
-303
-284
-350
-408
-291
43
486
854
906
717
573
814
1432
2134
2257
1579
63
-1291
-2244
-2960
-3408
-3511
-2985
-3329
-5183
-7637
-9215
-8951
-7606
-6463
-6323
-7338
-8900
-9562
-8856
-6960
-4965
-3963
-3967
-4544
-4432
-3048
-709
1651
3081
3494
3346
3539
4609
6515
8363
9415
9455
8891
8388
8557
9352
10275
10541
9834
8519
7309
6664
6538
6609
6309
5433
4045
2703
1766
1330
1104
692
10
-955
-2018
-2730
-2953
-2821
-2771
-3167
-3689
-4090
-4270
-4102
-3877
-3672
-3372
-3227
-2983
-2714
-2539
-2200
-1865
-1353
-783
-388
-177
-53
147
549
1123
1526
1764
1688
1431
1327
1383
1666
1940
1929
1684
1191
816
678
708
756
619
243
-280
-701
-831
-668
-532
-457
-699
-999
-1199
-1270
-1124
-895
-687
-590
-585
-653
-559
-390
-73
372
722
789
519
425
625
1230
1835
1924
1290
-174
-1523
-2196
-2402
-2662
-3203
-3509
-3780
-4625
-6211
-7626
-8029
-7506
-6785
-6447
-6653
-7518
-8272
-8290
-7175
-5479
-4234
-3717
-3880
-3917
-3159
-1601
369
2002
2877
3151
3389
4144
5562
7171
8284
8681
8529
8342
8441
8907
9569
9828
9571
8861
8006
7371
7016
6762
6386
5701
4671
3671
2732
2172
1675
1114
362
-469
-1152
-1816
-2351
-2816
-2961
-3058
-3233
-3583
-3963
-4245
-4263
-3987
-3666
-3328
-3328
-3507
-3423
-2919
-2125
-1363
-1079
-1079
-1009
-796
-238
403
959
1201
1156
1045
1072
1393
1771
2046
1961
1611
1288
1059
1125
1294
1322
1149
714
195
-95
-221
-173
-122
-269
-517
-854
-1101
-1067
-937
-843
-973
-1110
-1017
-837
-594
-521
-574
-470
-59
473
818
643
343
225
571
1352
2106
2026
857
-1065
-2355
-2538
-2316
-2202
-2766
-3328
-4349
-5524
-6575
-7104
-6749
-6355
-6158
-6457
-7106
-7766
-7788
-7008
-5768
-4590
-4143
-4064
-4092
-3641
-2388
-844
821
1906
2435
2788
3216
4292
5699
6989
7807
8117
8111
8062
8188
8728
9336
9485
9177
8391
7700
7203
6942
6801
6384
5691
4607
3588
2709
2113
1704
1241
658
-190
-956
-1579
-2126
-2535
-2861
-3138
-3421
-3658
-3852
-3892
-4033
-3986
-3773
-3570
-3241
-3236
-3270
-3252
-2865
-2090
-1363
-844
-765
-762
-793
-478
189
892
1333
1303
1135
1009
1170
1536
1830
1950
1723
1313
1031
980
1114
1185
1102
797
396
44
-160
-73
-81
-201
-435
-731
-816
-882
-869
-916
-952
-906
-828
-834
-894
-849
-597
-191
220
385
357
290
311
618
1061
1417
1518
830
-453
-1717
-2152
-2168
-2316
-2904
-3388
-3747
-4597
-5619
-6488
-6513
-6160
-5991
-5964
-6329
-6851
-7222
-6949
-5990
-4909
-4149
-3845
-3744
-3475
-2680
-1418
89
1273
2062
2441
2849
3695
4780
6080
7060
7607
7770
7617
7746
8112
8665
8997
8871
8465
7824
7362
7006
6733
6461
5852
5014
4091
3281
2631
2168
1611
1029
299
-413
-1062
-1603
-2035
-2429
-2756
-3076
-3327
-3599
-3756
-3853
-3973
-3910
-3921
-3762
-3483
-3229
-2942
-2806
-2518
-2179
-1645
-1143
-803
-560
-387
-100
242
583
873
1053
1152
1196
1302
1423
1533
1514
1413
1366
1229
1181
1128
1013
856
602
384
237
41
-110
-254
-416
-561
-720
-749
-739
-766
-840
-1062
-1109
-1025
-687
-455
-446
-547
-595
-184
298
778
800
505
339
435
1085
1303
803
-602
-1850
-2282
-2394
-2420
-2959
-3289
-3954
-4698
-5601
-6164
-6099
-6029
-5909
-5969
-6113
-6358
-6539
-6327
-5766
-4931
-4216
-3591
-3110
-2605
-1907
-1078
-93
1022
2063
2936
3572
4155
4870
5710
6516
7246
7754
7976
8075
8068
8225
8328
8392
8261
7926
7482
6877
6342
5862
5410
4841
4178
3389
2601
1930
1286
743
164
-465
-1110
-1712
-2142
-2488
-2750
-3105
-3377
-3598
-3714
-3731
-3794
-3825
-3910
-3854
-3609
-3145
-2705
-2438
-2323
-2293
-2135
-1627
-990
-373
-84
44
95
219
573
881
1272
1382
1340
1290
1298
1447
1598
1651
1480
1258
1009
915
868
794
657
351
70
-153
-225
-243
-309
-416
-576
-736
-896
-960
-865
-772
-747
-719
-613
-541
-498
-486
-300
-56
219
401
435
365
294
425
608
296
-457
-1516
-2018
-2205
-2372
-2766
-3431
-3795
-4389
-4854
-5441
-5659
-5691
-5791
-5802
-5939
-5817
-5766
-5620
-5315
-4909
-4305
-3757
-3007
-2331
-1574
-885
-194
681
1582
2553
3341
4050
4706
5271
5905
6521
7112
7586
7794
7905
7922
7875
7820
7758
7553
7241
6741
6222
5751
5294
4800
4187
3490
2762
2049
1360
806
366
-40
-674
-1325
-1917
-2282
-2475
-2744
-2932
-3194
-3429
-3648
-3763
-3797
-3697
-3379
-3093
-2910
-2915
-2870
-2661
-2238
-1683
-1263
-950
-830
-659
-434
-139
244
628
863
937
879
897
1069
1292
1477
1455
1270
1066
938
857
895
857
798
590
329
69
-102
-135
-250
-299
-440
-506
-592
-701
-788
-875
-852
-778
-614
-454
-390
-410
-536
-614
-476
-113
198
256
67
-64
74
384
585
301
-461
-1411
-2006
-2243
-2413
-2733
-3077
-3393
-3844
-4470
-5054
-5403
-5483
-5428
-5407
-5309
-5228
-5205
-5180
-5056
-4655
-4046
-3400
-2645
-1864
-1132
-528
36
729
1565
2530
3389
4158
4751
5221
5681
6111
6678
7186
7522
7657
7597
7492
7282
7080
6907
6737
6448
6021
5411
4869
4198
3563
3025
2513
2025
1389
767
215
-250
-705
-1209
-1688
-2006
-2340
-2586
-2761
-2892
-3078
-3322
-3434
-3442
-3331
-3230
-3003
-2775
-2616
-2480
-2331
-2038
-1724
-1347
-1021
-689
-430
-276
-73
109
345
603
865
1010
1060
951
916
922
1087
1233
1227
1056
786
641
486
412
360
388
309
147
-125
-336
-444
-519
-560
-648
-626
-607
-584
-716
-855
-895
-942
-780
-623
-511
-509
-638
-706
-666
-495
-239
-75
-14
25
60
122
-169
-632
-1230
-1612
-1804
-2189
-2518
-2945
-3136
-3430
-3815
-4202
-4507
-4665
-4715
-4712
-4689
-4592
-4476
-4308
-4075
-3756
-3370
-2848
-2227
-1550
-876
-313
355
1012
1678
2403
3071
3691
4258
4778
5247
5698
6131
6470
6649
6774
6784
6782
6564
6339
6201
6035
5871
5453
4915
4332
3788
3270
2760
2253
1837
1335
781
218
-294
-728
-1133
-1411
-1664
-1940
-2256
-2529
-2728
-2839
-2904
-2889
-2890
-2863
-2842
-2717
-2569
-2329
-2080
-1949
-1795
-1607
-1379
-1083
-770
-478
-218
-137
42
256
455
621
757
873
931
840
706
698
798
961
939
752
441
248
185
185
183
61
-40
-155
-197
-274
-333
-437
-521
-648
-781
-760
-703
-647
-645
-722
-807
-970
-1080
-912
-657
-454
-455
-564
-765
-752
-531
-268
-57
17
135
158
-88
-639
-1349
-1810
-2032
-2113
-2180
-2344
-2510
-2932
-3388
-3783
-3946
-3854
-3809
-3666
-3641
-3629
-3574
-3377
-3038
-2682
-2327
-1979
-1552
-991
-330
282
777
1238
1712
2218
2822
3463
4047
4450
4720
4964
5196
5481
5724
5930
5989
5834
5531
5304
5170
5067
4828
4430
3974
3364
2917
2549
2214
1895
1318
815
316
-78
-331
-625
-891
-1223
-1491
-1717
-1931
-2039
-2107
-2133
-2170
-2349
-2474
-2408
-2173
-1884
-1746
-1614
-1555
-1483
-1358
-1165
-844
-592
-456
-378
-279
-122
22
156
262
339
399
535
611
649
622
600
598
529
528
440
291
113
-101
-133
-86
-32
-125
-440
-718
-872
-773
-639
-549
-645
-790
-1010
-1214
-1320
-1188
-774
-554
-581
-891
-1124
-1142
-937
-776
-700
-635
-527
-416
-388
-402
-353
-325
-196
-31
106
171
45
-440
-1102
-1572
-1836
-1830
-1756
-1610
-1609
-1968
-2450
-2737
-2777
-2714
-2717
-2653
-2633
-2485
-2293
-2021
-1677
-1523
-1417
-1292
-983
-429
206
819
1333
1724
1958
2144
2495
2972
3560
3964
4181
4351
4478
4631
4744
4808
4717
4528
4349
4150
4013
3834
3556
3162
2735
2296
1906
1585
1319
1081
669
249
-137
-388
-568
-674
-827
-1019
-1244
-1487
-1543
-1590
-1638
-1622
-1621
-1552
-1493
-1364
-1272
-1262
-1296
-1268
-1081
-813
-512
-362
-277
-320
-319
-220
-79
98
109
107
113
134
216
220
222
126
43
-24
-83
-297
-453
-401
-417
-463
-551
-627
-618
-562
-517
-530
-624
-935
-1046
-969
-688
-498
-564
-685
-729
-704
-787
-814
-909
-931
-829
-607
-526
-644
-771
-810
-707
-466
-276
-215
-313
-410
-313
-75
162
304
450
743
750
380
-352
-1040
-1297
-1306
-1103
-971
-835
-869
-1257
-1698
-2043
-2191
-2263
-2209
-2065
-1888
-1687
-1519
-1335
-1165
-1134
-1114
-1048
-755
-228
375
899
1307
1554
1705
1934
2198
2560
2846
3023
3251
3374
3622
3796
3842
3806
3562
3354
3144
3002
2990
2833
2592
2287
2034
1832
1540
1286
994
726
335
71
-98
-154
-167
-234
-446
-714
-949
-1138
-1157
-1059
-917
-844
-895
-975
-1017
-930
-869
-816
-707
-640
-516
-431
-289
-184
-160
-247
-364
-465
-334
-128
14
96
52
-123
-382
-469
-422
-354
-239
-247
-341
-549
-774
-822
-763
-732
-720
-885
-1040
-1024
-849
-639
-749
-883
-972
-924
-719
-543
-459
-665
-888
-836
-605
-359
-260
-349
-513
-551
-579
-367
-285
-57
40
-118
-159
-198
-117
8
101
271
389
407
402
398
418
308
-148
-563
-789
-801
-715
-788
-887
-1171
-1398
-1539
-1501
-1440
-1519
-1516
-1638
-1656
-1571
-1367
-1137
-951
-884
-880
-800
-487
-137
270
549
746
981
1223
1513
1734
2002
2200
2363
2461
2644
2846
2910
2998
2918
2744
2575
2512
2631
2696
2605
2327
1885
1536
1271
1171
1209
1140
1050
842
529
234
19
-93
-134
-269
-320
-327
-321
-193
-170
-313
-452
-616
-604
-588
-581
-475
-413
-278
-225
-243
-424
-571
-573
-392
-241
-206
-230
-415
-470
-484
-495
-472
-585
-545
-473
-582
-821
-974
-967
-863
-765
-749
-799
-866
-967
-1145
-1171
-1093
-884
-653
-594
-567
-634
-808
-820
-704
-570
-483
-486
-453
-355
-241
-113
-39
-103
-201
-280
-260
-142
34
190
152
-10
-25
111
314
355
266
133
48
114
403
671
682
502
74
-378
-663
-799
-780
-768
-825
-869
-1034
-1352
-1607
-1673
-1604
-1522
-1465
-1423
-1318
-1261
-1238
-1116
-1024
-1010
-899
-675
-345
98
429
692
829
957
1131
1361
1620
1841
2092
2213
2343
2383
2393
2429
2430
2458
2457
2385
2287
2226
2146
2040
1758
1460
1183
1082
1148
1195
1238
1032
750
407
147
104
161
240
224
88
-42
-76
-65
-74
-228
-438
-593
-631
-554
-283
-108
-169
-420
-650
-747
-616
-528
-561
-607
-644
-557
-618
-759
-767
-752
-680
-652
-700
-792
-976
-963
-796
-616
-526
-770
-930
-958
-927
-792
-732
-604
-643
-778
-771
-610
-267
-53
37
-142
-338
-333
-239
126
302
254
29
-230
-114
-119
-50
47
105
252
125
12
-34
-82
-49
-118
-248
-115
87
172
80
-260
-479
-364
-77
201
121
-292
-613
-815
-863
-712
-766
-913
-1042
-1003
-943
-1004
-1108
-1193
-1140
-1137
-1059
-1009
-952
-888
-775
-616
-516
-380
-285
-74
187
339
464
552
687
946
1131
1364
1596
1796
1891
1947
2056
1951
1918
1926
2002
2107
2075
1967
1802
1754
1742
1681
1483
1342
1187
1136
1122
977
920
722
573
552
433
373
174
26
100
37
23
-98
-275
-364
-501
-533
-498
-446
-497
-547
-659
-658
-621
-559
-569
-723
-896
-1020
-890
-855
-615
-503
-482
-588
-673
-642
-662
-690
-858
-801
-753
-498
-406
-496
-374
-387
-189
-192
-367
-376
-490
-293
-172
-133
-72
-40
70
-3
-4
-96
-78
-94
-133
-101
-83
121
119
111
-141
-253
-310
-421
-307
-322
-145
-152
-116
-294
-441
-360
-302
-84
-184
-265
-403
-410
-246
-63
130
44
-277
-640
-726
-608
-480
-527
-654
-772
-799
-802
-913
-949
-826
-684
-648
-679
-755
-729
-679
-535
-385
-293
-235
-185
-51
78
256
400
514
664
883
1056
1204
1294
1295
1340
1424
1528
1692
1838
1922
1899
1785
1709
1745
1736
1629
1564
1553
1437
1324
1167
1034
956
798
637
471
343
220
111
10
-66
-3
-103
-188
-267
-382
-369
-443
-512
-581
-574
-588
-533
-443
-509
-591
-705
-732
-592
-439
-459
-613
-628
-560
-374
-301
-220
-205
-252
-265
-372
-346
-302
-203
-139
-163
-156
-143
-109
-172
-322
-337
-245
-131
-101
-120
-93
-82
-121
-297
-365
-224
-70
47
-115
-421
-536
-383
-82
-12
-54
-225
-320
-366
-520
-582
-569
-392
-287
-316
-342
-438
-494
-627
-587
-431
-258
-56
-75
-120
-152
-46
37
108
80
12
-72
-194
-291
-370
-423
-567
-666
-681
-549
-422
-331
-405
-552
-640
-748
-663
-629
-576
-396
-265
-92
-61
27
83
170
328
395
542
616
683
927
1060
1056
1071
1123
1310
1483
1551
1466
1351
1232
1267
1276
1217
1240
1233
1199
1021
891
815
810
730
525
384
225
140
31
21
30
98
79
-21
-76
-255
-236
-342
-314
-254
-225
-166
-181
-177
-230
-341
-509
-573
-470
-211
-92
-153
-109
-106
-4
5
-27
-106
-306
-382
-303
-93
119
220
180
34
-163
-188
-204
-184
-164
-46
-42
-202
-302
-429
-390
-318
-177
-100
-184
-341
-449
-545
-554
-577
-522
-482
-492
-395
-434
-415
-483
-415
-443
-446
-448
-359
-158
-141
-141
-360
-476
-501
-477
-318
-94
121
211
97
-114
-314
-432
-346
-129
-39
29
134
137
156
-87
-264
-467
-558
-512
-487
-342
-316
-204
-211
-194
-219
-322
-418
-515
-495
-392
-193
-6
79
196
270
292
285
238
238
244
327
502
683
817
928
923
806
730
702
754
868
938
956
912
875
876
887
878
901
872
752
573
390
360
393
397
450
437
486
431
353
288
205
121
6
-63
14
156
185
104
-39
-85
55
134
112
28
-53
-76
-125
-130
-190
-117
-148
-130
-168
-160
-248
-357
-338
-203
-55
-53
-97
-375
-464
-467
-308
-230
-191
-157
-264
-344
-387
-524
-538
-430
-295
-221
-264
-365
-438
-444
-430
-466
-491
-397
-214
-187
-251
-377
-434
-551
-593
-476
-343
-228
-331
-338
-327
-180
-242
-350
-444
-281
-97
-59
24
-35
-12
-41
32
-47
-117
-118
25
170
171
17
-114
-171
-222
-295
-380
-287
-113
-78
-114
-226
-308
-453
-484
-430
-324
-168
-162
-81
-25
9
29
8
22
24
12
62
99
192
329
426
568
668
684
707
614
646
638
658
652
689
850
902
977
963
882
766
634
564
620
675
706
606
541
470
424
370
318
304
206
157
55
35
50
154
204
70
-23
-135
-105
-9
8
-10
-162
-241
-148
-111
-56
-28
82
81
-45
-153
-233
-64
-16
-32
-134
-225
-209
-226
-184
-205
-264
-293
-333
-338
-326
-287
-224
-218
-217
-274
-303
-354
-380
-388
-430
-331
-254
-163
-199
-320
-386
-456
-517
-439
-352
-243
-229
-179
-240
-233
-190
-221
-192
-172
-145
-230
-374
-445
-253
-187
-159
-198
-110
-42
-48
-124
-193
-111
-150
-59
-62
-3
64
-2
-33
-117
-167
-210
-193
-174
-90
-64
-81
-152
-195
-199
-181
-215
-271
-309
-224
-45
74
116
16
76
113
170
129
102
179
200
239
306
479
536
461
343
386
474
458
414
371
476
637
687
706
660
668
669
638
528
371
333
389
461
524
508
430
387
403
407
337
286
166
18
14
52
165
192
197
101
-64
-94
-146
-111
-157
-220
-229
-60
88
124
-21
-184
-224
-191
-84
-18
-16
9
-48
-68
3
-31
-106
-210
-236
-208
-281
-312
-281
-136
-32
-141
-241
-318
-205
-132
-171
-348
-493
-568
-498
-331
-109
55
55
-51
-248
-486
-681
-688
-531
-343
-140
2
-36
-161
-315
-366
-523
-580
-575
-410
-239
-155
-116
38
97
0
-213
-406
-365
-213
49
261
256
111
9
63
124
-32
-183
-213
-123
40
148
185
126
15
-44
-57
-28
-12
26
20
56
29
7
-52
23
105
105
62
56
93
34
-10
10
96
162
212
211
225
162
154
227
353
523
550
490
373
332
360
447
519
543
496
515
468
408
264
214
208
214
210
177
208
210
237
245
230
108
122
154
259
244
226
146
68
28
99
178
82
-33
-104
-78
-39
-54
-170
-255
-239
-53
100
147
24
-208
-312
-322
-180
-110
-102
-68
65
129
122
-114
-335
-473
-416
-209
-59
-86
-282
-370
-366
-270
-276
-328
-388
-383
-312
-152
-71
-111
-247
-383
-409
-392
-269
-236
-264
-218
-136
-42
-1
-139
-243
-366
-392
-334
-188
-18
65
148
192
113
23
-69
-40
-97
-139
-151
-143
-51
49
171
151
90
-27
-72
-45
-22
-5
-29
-6
79
89
93
112
52
-1
-79
-119
-83
-72
70
131
150
31
-161
-191
-156
-45
90
209
245
175
129
132
146
118
177
188
181
188
205
230
216
270
286
266
204
112
157
135
192
259
391
434
442
369
281
192
170
168
91
37
131
330
433
434
387
361
203
30
-173
-181
-78
124
218
207
175
163
148
51
-94
-257
-354
-307
-192
-52
43
25
-22
-116
-224
-330
-329
-304
-287
-216
-149
-144
-200
-155
-107
-62
-91
-109
-77
-100
-117
-182
-61
64
1
-97
-279
-319
-303
-275
-111
-138
-218
-312
-340
-282
-291
-309
-246
-176
-116
-55
-27
-29
-95
-217
-212
-142
-62
-25
16
68
97
126
160
105
41
-65
-81
44
181
284
171
-12
-114
-51
49
54
-37
-67
-90
5
60
32
-79
-198
-251
-203
-51
39
68
6
43
98
107
26
-148
-209
-156
44
160
186
263
279
315
243
156
108
76
221
285
321
246
121
108
93
111
55
89
176
270
251
118
25
-43
4
14
-2
35
93
215
224
129
-21
-65
2
189
262
281
157
35
34
102
238
181
178
107
123
81
18
36
-58
-117
-143
-35
85
59
-10
-117
-183
-196
-127
-63
-66
-97
-212
-184
-124
-53
-47
-167
-189
-218
-196
-198
-220
-157
-27
75
51
-65
-198
-402
-456
-301
-38
150
205
163
91
3
-83
-195
-326
-292
-101
110
233
234
77
-112
-258
-305
-316
-255
-182
-50
-12
30
70
35
7
-13
36
-13
21
43
78
83
29
39
-3
3
-27
12
-34
-32
-37
-12
-40
-68
-38
-23
-43
-164
-158
-119
42
90
114
56
-16
15
50
77
9
-2
-17
64
106
152
113
28
24
31
82
57
102
79
124
84
54
58
88
289
326
381
321
297
195
94
113
116
165
166
162
35
-95
-173
-201
-240
-159
-85
15
38
45
36
-41
-117
-161
-88
-22
73
99
83
80
81
40
40
26
-42
-134
-171
-181
-47
46
101
134
100
51
-87
-162
-165
-142
-146
-167
-122
-109
-20
83
123
50
-125
-225
-259
-90
45
138
191
81
80
0
2
71
72
88
58
74
34
-30
-8
19
49
74
53
-48
-142
-193
-112
-64
-18
60
23
81
14
-13
-45
-38
65
77
82
20
-55
-107
-77
-68
-139
-207
-125
36
149
113
-41
-198
-273
-231
-176
-143
-87
-13
59
159
225
143
25
-36
-55
13
25
98
125
163
166
66
-61
-86
-40
-5
13
-26
31
93
167
126
8
-118
-151
-98
23
21
43
-4
-26
40
56
70
-36
-126
-176
-124
-48
-42
-43
16
87
120
87
26
15
55
36
46
34
-33
-13
93
155
99
-64
-219
-257
-126
36
77
-4
-78
-156
-148
-85
19
25
-32
-54
-74
14
105
136
113
41
32
78
109
167
133
27
-42
5
70
134
69
-50
-70
0
106
78
-10
-88
-86
-37
25
74
33
23
59
99
34
-54
-127
-197
-176
-116
51
165
262
232
122
53
-3
-78
-177
-242
-190
-71
68
151
121
121
16
-41
-154
-222
-189
-176
-117
-97
48
115
118
83
-71
-23
47
137
147
11
-75
-103
-93
-64
-48
-1
57
99
134
59
-96
-276
-254
-59
201
333
243
-22
-159
-113
37
170
152
93
20
-7
20
-18
-65
-50
-37
13
48
103
69
-34
-107
-107
-95
-78
11
111
127
13
-41
-90
-108
-96
-99
-52
-65
-87
-102
-101
-69
-6
56
24
-2
-26
-6
18
23
26
27
26
84
100
28
-64
-105
-86
16
70
57
44
27
7
-79
-72
27
96
51
20
51
145
158
102
75
99
136
122
96
31
-14
-28
-58
-103
-81
30
120
111
58
-6
-67
-123
-58
-5
0
7
-15
49
95
146
142
129
124
141
107
19
4
-49
-34
-66
-73
-79
-95
-67
-96
-86
-144
-217
-224
-156
-42
6
4
-36
18
-11
-27
-17
-86
-67
-93
-56
31
78
96
10
-75
-114
-101
-78
-78
-85
-37
37
95
114
65
56
-20
-71
-116
-129
-77
-22
68
122
87
39
-36
-46
-97
-121
-61
-2
85
135
154
118
12
-7
70
96
29
-50
-57
-61
-1
6
54
79
51
28
-8
-33
-45
-61
-116
-131
-84
-34
-34
-25
16
71
53
30
82
119
97
-34
-116
-136
-25
120
184
241
171
27
-64
-66
-17
49
78
89
72
54
46
20
-30
-90
-67
-29
119
162
112
-24
-117
-110
-61
36
49
62
-22
-72
-44
11
95
124
91
28
33
83
47
28
-30
-106
-97
-57
10
36
25
-29
-87
-105
-162
-139
-36
20
83
57
56
57
65
40
-72
-140
-131
-70
40
84
78
35
-19
-51
-130
-207
-219
-132
-15
50
14
-25
-36
24
80
8
-57
-59
-6
38
60
71
5
-50
-81
-35
31
47
8
-48
-58
-45
-21
27
47
25
-15
-56
-71
-34
-28
-22
-33
-58
-68
-90
-66
37
98
112
100
101
125
91
72
60
10
-62
-61
32
153
198
154
85
-7
-89
-114
-76
-22
-29
-40
-24
50
125
115
66
15
-18
-67
-126
-136
-143
-93
-57
13
59
63
84
104
124
44
-82
-124
-66
86
185
165
127
57
24
-38
-62
-37
-42
-24
16
44
40
-14
-77
-138
-159
-111
-48
22
55
46
-8
-55
-76
-76
-38
-5
4
19
34
37
40
16
-7
-14
-30
-45
-35
-12
37
47
37
12
-10
-8
-30
-46
-27
-6
15
-16
-13
30
55
35
-36
-94
-121
-73
15
60
62
15
-3
11
-11
-17
-1
19
29
73
116
136
90
29
-6
-33
-17
-32
9
28
34
48
7
8
3
-9
3
14
19
-17
-28
-12
13
45
86
106
33
-46
-77
-63
-52
-46
-2
71
97
67
27
-19
-31
-40
-24
24
41
28
12
31
-6
-22
-47
-51
7
16
16
-10
-32
-33
-22
7
49
71
82
44
18
20
76
107
100
92
45
23
29
15
-8
-50
-86
-74
-55
-35
-50
-55
-56
-80
-81
-85
-77
-68
-62
-74
-86
-110
-104
-66
-60
-29
-18
-40
-41
-58
-35
-2
39
67
28
-28
-70
-95
-94
-68
-27
-28
-56
-76
-53
-26
-27
-49
-63
-57
-21
13
36
17
9
29
14
36
41
50
44
45
71
91
74
78
84
118
113
41
31
31
65
66
37
34
36
20
0
3
34
63
41
33
57
82
41
-13
-72
-114
-109
-48
23
46
43
34
30
39
38
39
15
-10
-42
-48
-41
-45
-26
-35
-31
-45
-68
-50
-45
-45
-33
-16
-8
-6
15
28
50
58
69
66
48
50
39
20
-7
-17
-21
-9
-12
-12
14
57
73
42
13
-8
-33
-42
-41
-2
31
54
79
63
36
9
-3
0
-19
-7
26
37
36
20
28
7
-16
-32
-40
-29
-45
-40
-31
-27
-34
-59
-55
-59
-74
-80
-74
-28
3
27
38
47
45
7
-30
-70
-80
-78
-49
-5
40
83
113
104
79
32
-2
-26
-46
-73
-83
-44
0
48
69
72
48
1
-29
-58
-70
-78
-74
-46
1
42
55
74
81
59
23
-7
-40
-77
-85
-52
-19
27
44
46
46
17
-15
-64
-96
-99
-80
-38
-5
47
49
16
-14
-54
-48
-63
-66
-62
-35
14
45
67
69
43
28
5
-15
-10
-4
22
38
37
31
31
34
41
34
0
-20
-28
-20
3
31
43
44
46
27
0
-26
-28
-18
-19
9
22
26
35
43
40
38
14
-9
-15
-24
21
68
80
88
65
54
56
29
13
-9
-47
-76
-83
-66
-24
17
27
38
46
24
14
-2
-14
-19
-23
-7
25
61
50
27
4
-27
-52
-78
-67
-40
-13
3
18
48
72
73
36
-3
-39
-49
-40
-26
-5
-7
-18
-20
-32
-59
-85
-98
-100
-93
-77
-48
-15
-10
-16
-35
-38
-54
-64
-57
-54
-37
-29
-23
-11
-7
-7
-3
3
20
9
-8
-19
-16
7
21
38
38
41
36
37
33
18
-3
-15
-5
16
36
43
38
37
32
19
10
2
19
18
-7
-8
4
11
25
55
57
48
19
7
24
28
30
22
14
28
35
37
43
39
23
3
6
4
8
6
12
39
44
30
29
47
49
43
18
20
18
4
-12
-26
-12
-12
-24
-29
-19
-12
-25
-47
-45
-49
-42
-39
-37
-30
-41
-24
-9
3
-10
-25
-38
-46
-40
-45
-42
-27
-17
-4
7
2
10
19
12
12
20
23
35
21
25
30
27
31
12
9
6
-11
-29
-43
-44
-38
-15
-10
-2
8
0
-5
-14
-32
-43
-45
-30
-25
-27
-43
-48
-28
-26
-26
-22
-22
-38
-31
-18
-4
16
8
21
28
43
58
50
48
29
17
22
35
53
43
44
34
32
20
11
18
7
4
-9
-9
-8
-6
4
8
0
-20
-24
-3
1
-1
-3
-5
-1
13
25
46
63
54
40
29
28
8
-4
6
30
41
22
11
0
-16
-25
-24
-1
-3
11
20
26
25
-18
-35
-44
-45
-28
-16
-8
-26
-44
-38
-40
-26
-28
-20
-20
-33
-28
-18
-18
-23
-1
6
18
19
-4
3
-8
-13
-26
-33
-6
3
-1
-9
-19
-22
-22
-13
-10
0
0
-11
6
9
24
24
24
37
39
43
43
38
29
27
18
20
-4
-19
-13
-3
2
-11
-14
-11
-17
-24
-8
-8
-35
-45
-47
-34
-26
-28
-23
-15
-4
-8
-20
-23
-24
-16
-3
0
19
11
3
19
27
19
-2
-11
-20
-21
-7
8
28
32
37
34
38
45
29
9
-3
6
4
-7
-11
7
32
39
42
34
46
37
24
21
22
34
23
18
17
22
25
19
23
29
24
9
-20
-28
-18
-20
-31
-37
-42
-38
-14
3
21
23
25
26
30
33
18
11
-2
-9
-4
-11
-19
-15
-26
-51
-64
-58
-45
-49
-42
-24
-7
-6
-17
-16
-12
-3
3
4
0
6
10
9
8
8
0
-9
9
16
3
-9
-4
3
6
5
-2
0
5
13
20
24
19
15
11
15
25
23
15
12
-4
-11
-23
-24
-17
-14
-7
-12
-14
-16
-11
-18
-12
-17
-18
-21
-28
-19
-17
-15
-24
-24
-6
2
10
17
16
29
31
31
21
8
-3
-16
-9
-6
-6
-6
-8
-4
-8
-6
-9
4
7
2
13
22
33
25
18
19
21
11
-3
-5
-1
-4
-3
-5
-4
1
-6
-1
-1
6
13
14
24
30
37
31
14
10
-2
-3
-2
-12
-18
-22
-23
-28
-28
-35
-39
-38
-41
-37
-36
-35
-33
-34
-30
-19
0
10
11
11
12
17
14
7
3
-2
-16
-21
-21
-25
-25
-23
-19
-18
-18
-17
-10
-4
7
12
11
6
10
8
7
9
9
10
6
10
21
24
21
23
26
30
35
37
42
49
44
39
27
16
20
5
5
4
10
15
16
19
19
21
22
16
8
4
-5
-17
-25
-34
-47
-49
-54
-52
-43
-30
-17
-15
-10
-2
0
12
15
19
16
1
-4
-4
5
11
19
27
33
38
37
36
29
16
3
-13
-16
-14
-6
-3
4
10
7
11
7
12
12
5
-2
-8
-2
-3
3
18
21
32
36
32
30
17
15
-2
-8
-22
-28
-27
-32
-19
-16
-6
3
5
2
-7
-16
-25
-33
-27
-18
4
12
24
21
11
18
12
20
20
13
3
-8
-16
-29
-39
-50
-54
-54
-53
-47
-44
-43
-39
-34
-37
-44
-36
-25
-19
-6
4
11
17
16
19
26
40
45
44
44
42
47
39
31
25
14
7
0
4
3
11
13
10
7
-5
-7
-14
-21
-18
-17
-17
-20
-20
-30
-43
-43
-46
-41
-44
-39
-31
-26
-14
-13
-4
1
4
16
14
16
19
17
15
5
2
-2
-12
-15
-16
-7
4
10
10
13
21
33
51
61
61
64
48
25
2
-8
-12
-13
-2
1
12
5
3
7
9
14
3
-4
-3
-8
-10
-26
-33
-38
-41
-36
-34
-27
-28
-27
-21
-12
-4
-2
5
4
4
-2
0
10
17
21
22
25
23
25
32
35
35
26
17
12
6
6
4
10
7
8
24
16
20
16
11
15
6
10
2
6
9
11
14
17
19
8
8
12
12
11
8
5
-3
-11
-22
-22
-22
-22
-9
-6
0
-9
-15
-12
-20
-21
-20
-21
-21
-15
-19
-20
-22
-35
-27
-24
-17
-12
-6
-3
-10
0
2
10
19
13
15
9
9
6
3
6
-3
-1
-2
8
9
5
1
3
8
8
5
5
13
7
10
14
14
15
14
12
16
26
25
23
22
16
17
8
7
5
9
4
-3
8
-1
2
-4
-12
-7
-8
-12
-11
-10
-5
-3
2
10
9
3
-5
-21
-25
-28
-45
-45
-48
-46
-50
-51
-44
-41
-28
-20
4
16
17
16
-1
0
-7
-13
-24
-34
-35
-47
-52
-50
-46
-32
-25
-10
6
15
16
9
12
12
23
17
14
21
15
15
5
5
-1
-11
-4
-1
14
17
20
19
12
14
0
2
1
0
7
8
13
14
14
20
24
24
15
9
2
9
10
7
9
10
9
15
20
12
9
17
17
25
24
15
11
4
3
1
-5
-5
-8
-3
1
-1
-2
-3
-1
2
7
3
1
7
3
7
11
11
14
19
22
24
29
17
11
10
4
10
19
25
37
38
32
28
16
11
4
2
-3
-13
-19
-34
-25
-20
-9
5
7
21
17
22
18
8
8
5
10
5
-5
-12
-27
-32
-40
-39
-37
-37
-32
-21
-4
-1
4
5
3
2
-8
-9
-25
-35
-35
-36
-27
-26
-20
-11
-5
-4
-7
-2
-12
-10
-8
-11
-1
-5
-9
-9
-4
-4
-3
2
-4
0
2
0
0
-12
-16
-28
-45
-48
-50
-40
-41
-44
-38
-41
-30
-26
-12
5
10
19
13
16
15
7
3
0
10
16
28
35
28
27
25
30
35
27
19
12
8
3
0
-5
-10
2
7
13
14
13
18
20
25
28
35
32
31
33
32
39
33
30
26
26
27
26
24
24
24
25
29
34
25
16
1
-7
-8
-21
-19
-21
-19
-18
-21
-18
-15
-12
-18
-23
-22
-19
-20
-20
-11
-5
-4
-6
-9
-11
-9
-6
-6
-4
-12
-19
-28
-32
-33
-19
-8
3
12
9
6
4
-2
-11
-21
-35
-46
-56
-66
-65
-57
-47
-38
-40
-29
-15
-9
-1
6
6
9
2
1
-2
-2
-3
-1
5
6
11
8
10
12
21
37
50
62
67
65
62
52
41
30
24
13
10
10
2
-1
-5
3
0
3
10
16
31
37
45
51
46
48
50
53
48
39
25
5
-7
-27
-45
-53
-62
-64
-57
-45
-20
-9
1
9
17
19
16
14
8
-3
-23
-30
-28
-34
-34
-33
-24
-19
-20
-17
-17
-15
-22
-24
-28
-20
-13
-9
-1
-6
-10
-17
-28
-39
-45
-53
-52
-42
-36
-30
-23
-12
-2
15
28
33
38
41
35
32
27
20
14
11
7
14
14
12
13
10
10
13
27
39
40
35
31
33
25
17
4
0
-12
-30
-33
-37
-38
-36
-37
-31
-14
4
19
33
42
45
46
38
35
37
21
10
0
-4
-3
-3
-6
3
7
-5
-10
-13
-4
3
15
25
26
25
11
8
10
16
15
7
10
4
8
6
10
18
15
19
24
30
30
32
30
24
11
6
-7
-14
-26
-33
-36
-39
-36
-41
-35
-34
-41
-37
-38
-38
-34
-29
-21
-26
-36
-39
-37
-36
-43
-40
-35
-32
-30
-25
-18
-16
-13
-11
-18
-16
-11
-9
-6
-14
-22
-21
-18
-11
0
12
16
20
16
13
13
10
5
9
8
10
6
9
13
18
25
27
33
28
30
34
44
43
37
27
16
11
2
1
4
-2
0
6
11
23
26
24
26
19
18
11
11
9
4
3
6
5
1
-2
-9
-10
-10
-9
-4
-4
2
8
2
7
8
12
20
15
11
6
2
5
1
11
7
1
-3
-8
-12
-17
-20
-22
-25
-23
-30
-30
-32
-32
-32
-35
-29
-25
-21
-25
-22
-12
-8
-12
-19
-18
-22
-21
-20
-20
-16
-17
-16
-14
-7
-2
5
8
9
13
8
8
10
11
13
12
11
14
13
10
8
9
7
19
29
32
31
38
41
40
39
35
28
19
13
7
11
8
1
-2
-2
-4
0
5
9
9
-3
-10
-14
-16
-16
-16
-12
-15
-15
-17
-19
-17
-14
-11
-2
8
19
18
21
26
24
23
23
23
17
10
7
0
-1
4
13
19
26
32
36
40
40
34
24
14
2
-11
-13
-19
-26
-28
-38
-37
-43
-39
-27
-26
-20
-24
-29
-27
-27
-26
-17
-9
-9
-11
-10
-12
-9
-8
0
4
5
13
16
19
11
10
12
7
-1
-13
-20
-20
-25
-25
-16
-9
-9
-10
-4
5
17
22
29
32
35
32
32
29
21
16
7
1
-1
-4
-3
-4
-3
-3
2
-5
-7
-10
-12
-8
-8
3
1
-4
-11
-21
-27
-31
-31
-32
-34
-39
-37
-36
-34
-28
-21
-9
-4
-3
-3
-15
-15
-17
-11
-9
-2
5
3
5
2
1
6
8
7
11
17
21
19
17
19
26
23
18
16
13
6
-2
-1
0
1
4
13
20
23
20
11
8
7
4
-2
6
8
14
14
9
10
11
7
7
11
8
6
3
-5
-6
-13
-17
-19
-26
-26
-30
-30
-24
-15
-7
4
11
17
21
25
28
27
31
34
36
37
37
34
24
15
4
-9
-20
-26
-31
-36
-40
-37
-28
-21
-18
-11
-3
5
4
10
12
18
19
17
19
19
12
10
1
-8
-14
-18
-21
-18
-13
-7
-5
-7
-10
-12
-7
-5
-2
-1
2
6
16
24
22
26
21
25
24
22
20
13
8
1
3
1
-3
-3
-4
3
4
8
9
7
7
5
7
4
2
-3
-4
-7
-16
-21
-23
-24
-21
-17
-10
-12
-13
-12
-17
-19
-19
-21
-21
-22
-23
-16
-11
-14
-4
5
13
25
27
29
31
31
28
24
19
13
16
14
15
13
3
4
4
6
3
-5
-4
-8
-17
-24
-33
-41
-50
-54
-51
-51
-47
-45
-40
-31
-16
-9
-4
6
5
6
3
2
3
10
7
11
17
14
17
20
18
17
14
7
-4
-4
1
1
5
11
11
9
7
3
0
8
5
4
9
9
6
3
6
2
-2
-4
-13
-21
-29
-31
-24
-19
-10
-12
-8
1
5
9
10
18
24
29
27
26
26
17
10
9
2
-3
-7
-11
-11
-14
-11
-11
-8
-6
-2
4
6
10
12
9
11
12
8
2
-3
1
4
-1
-6
-4
-8
-6
-4
-1
-5
-7
-3
1
2
8
7
4
2
1
5
2
9
15
19
21
20
25
22
17
13
14
16
9
4
-1
-6
-2
-10
-7
-5
-1
-1
-2
1
5
6
10
16
13
10
6
4
-4
-5
-7
-14
-9
-9
-3
7
13
19
21
23
18
15
17
16
19
24
22
24
20
14
11
8
5
-6
-13
-26
-26
-25
-18
-20
-17
-10
-10
0
-1
-7
-8
-13
-10
-7
-3
2
-5
-7
-13
-17
-24
-29
-29
-33
-35
-36
-38
-34
-34
-24
-23
-18
-19
-21
-21
-24
-20
-19
-13
-3
-6
-4
-6
-6
0
-2
7
11
17
17
12
8
2
-6
-4
0
-5
-7
-14
-19
-18
-20
-17
-9
-12
-14
-20
-16
-8
-1
-2
-3
-1
-3
2
-1
3
8
15
17
21
25
25
22
22
25
24
23
18
19
15
10
5
8
4
0
0
4
1
-3
-13
-14
-13
-14
-13
-4
0
5
8
5
9
11
13
5
6
4
11
10
13
17
23
23
21
28
29
33
31
28
19
15
12
7
2
8
6
12
18
19
13
9
11
9
10
5
5
-1
-7
-15
-24
-26
-28
-20
-17
-20
-19
-21
-19
-17
-7
1
9
13
18
23
21
19
18
13
9
-2
-3
2
-4
-8
-9
-9
-6
-1
4
10
12
10
8
8
8
16
19
20
19
13
12
11
11
13
14
18
21
21
17
9
1
-12
-16
-27
-29
-41
-50
-51
-55
-56
-56
-51
-46
-44
-35
-27
-26
-23
-24
-28
-30
-29
-28
-23
-29
-29
-21
-21
-12
-13
-6
4
13
23
32
48
48
48
49
49
47
40
41
35
31
19
10
14
14
7
1
1
1
3
6
4
5
0
-3
-4
-6
-1
-6
-7
-12
-19
-16
-11
-14
-10
-8
-5
5
10
17
20
20
16
14
17
19
13
9
1
-5
-11
-17
-18
-28
-30
-35
-31
-28
-25
-23
-13
-10
-7
-7
-7
-6
-10
-12
-10
-7
-9
-8
-14
-14
-20
-27
-24
-17
-19
-14
-5
5
0
-5
-5
-8
-5
-8
-11
-10
-10
-11
-8
-1
2
6
13
17
20
28
31
30
33
30
33
34
27
28
26
21
15
11
14
8
6
10
14
21
24
20
16
12
8
1
3
-1
-5
-11
-14
-15
-15
-11
-13
-9
-4
-4
-1
2
4
13
19
24
21
21
10
0
0
-8
0
-4
-3
-2
-3
1
1
5
2
-2
-3
-7
-2
1
3
7
8
10
6
2
6
11
16
9
10
4
-2
0
0
7
11
8
7
13
14
17
19
18
21
22
21
16
12
9
13
15
19
23
20
14
8
0
-2
-4
-7
-10
-9
-9
-13
-13
-16
-17
-28
-36
-35
-39
-43
-45
-45
-46
-47
-44
-41
-40
-36
-38
-34
-27
-24
-32
-32
-30
-32
-31
-30
-24
-20
-22
-19
-17
-18
-19
-22
-23
-20
-15
-10
-6
-1
-1
-6
-8
-7
-7
-7
-10
-7
0
8
15
21
31
38
37
36
42
46
37
38
29
26
19
13
15
17
19
23
30
32
37
30
20
15
15
8
6
8
13
14
13
18
21
20
24
16
14
11
8
4
2
5
-4
-11
-16
-15
-12
-16
-15
-14
-9
-3
0
7
9
14
15
13
13
5
4
1
-1
-2
-11
-16
-19
-16
-10
-12
-2
7
14
9
8
14
17
16
8
7
5
-1
1
-3
2
9
5
13
12
16
14
15
18
7
7
1
1
2
-7
-8
-13
-16
-12
-15
-21
-27
-24
-17
-12
-3
0
11
11
8
8
3
-1
-17
-20
-25
-29
-31
-34
-26
-25
-22
-20
-21
-15
-17
-11
-8
-5
-7
-10
-11
-13
-18
-20
-15
-12
-6
-3
-3
6
14
15
23
24
20
21
6
1
-4
-8
-10
-12
-6
-7
-10
-9
-11
-18
-16
-13
-4
-1
4
4
-1
7
8
5
6
6
9
11
12
12
5
4
4
4
4
2
-1
-3
-6
-4
-5
-5
2
3
12
9
14
16
13
18
12
18
23
16
16
12
11
6
0
0
-3
-3
-7
1
3
1
1
1
5
7
9
11
9
12
14
12
12
12
15
15
26
30
31
31
24
23
15
12
5
-3
2
4
-1
-3
-7
-10
-12
-10
-10
-7
0
1
2
1
8
2
-9
-15
-19
-30
-35
-35
-33
-32
-30
-31
-24
-21
-14
-4
1
11
10
11
10
17
10
1
-1
-2
-6
-15
-13
-12
-5
-6
-9
-8
-5
-3
-3
-4
1
1
2
-2
0
-1
-14
-23
-26
-19
-16
-17
-11
-12
-8
-3
2
14
18
17
15
23
26
24
21
17
12
5
-2
-5
-12
-5
-2
-4
4
2
-3
-7
-9
-11
-11
-8
-7
-3
0
5
6
-2
-1
-1
-4
-5
1
13
11
6
5
2
2
-1
1
4
0
-1
1
-1
-1
-9
-11
-10
-7
-6
-2
1
-4
-6
-4
-1
1
2
4
6
7
7
10
13
7
-4
-15
-18
-22
-16
-9
-4
5
4
11
19
26
33
33
34
29
22
15
7
3
0
-3
-8
-15
-14
-16
-17
-17
-11
-10
-2
3
6
11
20
20
17
25
21
20
15
14
17
5
1
2
-1
-7
-6
-7
1
7
9
14
10
5
1
-3
4
16
16
10
10
2
-10
-9
-9
-8
-3
-3
-8
-12
-16
-13
-11
-3
-1
0
0
-2
3
0
-3
-6
-11
-14
-16
-12
-10
-10
-13
-19
-20
-22
-20
-24
-22
-18
-10
-12
-6
-3
-6
-2
-3
-3
1
2
-4
-5
-4
-9
-12
-10
-4
-6
-11
-10
-10
-7
-3
-7
-11
-13
-18
-21
-18
-11
-10
-11
-10
-5
0
4
9
18
26
26
21
19
14
8
6
7
7
5
2
7
15
18
20
24
30
26
30
26
24
26
18
16
10
9
4
0
4
12
11
11
8
7
8
10
9
11
14
12
7
3
6
4
8
8
11
16
12
10
4
0
-1
-3
-12
-14
-14
-21
-15
-12
-6
-7
-11
-7
-9
-15
-15
-18
-16
-19
-27
-24
-21
-13
-10
-10
-12
-9
-8
-9
-9
-11
-11
-17
-18
-14
-16
-17
-15
-16
-12
-14
-13
-19
-20
-12
-11
-7
-5
-3
-1
4
13
19
27
26
25
25
22
11
-4
-6
-10
-5
-5
-3
0
-9
-14
-10
5
11
12
15
13
16
12
8
7
-5
-10
-16
-21
-14
-16
-15
-15
-13
-5
-4
12
27
41
48
52
55
50
44
31
25
22
23
23
15
13
6
6
8
8
11
5
3
-3
-4
-12
-17
-19
-24
-24
-23
-17
-11
-5
-2
3
9
11
7
-3
-5
-4
-3
-1
-1
-4
-5
-8
-3
-4
-7
-3
-15
-13
-10
-11
-4
3
4
2
1
5
8
13
17
13
8
5
3
-3
-8
-8
-10
-9
-10
-12
-8
-8
-9
1
1
3
-1
-6
-3
-6
-9
-10
-12
-15
-13
-18
-13
-12
-14
-13
-11
-8
-8
-10
-12
-10
-5
-4
-3
1
-2
1
3
4
14
13
16
12
13
10
5
1
-6
-4
