SAMPLES:	15968
BITSPERSAMPLE:	16
CHANNELS:	1
SAMPLERATE:	16000
NORMALIZED:	FALSE
-1
1
3
2
3
2
1
1
4
2
-2
0
1
2
2
3
3
-1
-1
0
3
2
-1
1
0
-2
1
0
1
0
-2
-3
-5
-3
-1
-2
-1
-1
0
-3
-3
-2
-4
-5
-3
0
1
-2
-4
1
-3
-3
-3
-3
2
-2
-3
-7
-5
-5
-1
-2
-1
1
-2
-1
-1
-3
-2
-4
-2
1
1
4
4
2
2
4
4
5
6
6
3
5
2
4
5
3
6
4
2
2
2
2
1
3
0
1
1
1
-1
-3
-3
-1
-2
-3
-2
0
-2
3
5
5
0
2
3
-1
3
-2
-1
-1
-3
-1
0
0
-1
-2
-2
-2
-2
-3
-5
-1
-1
1
1
-5
-5
-5
-5
-2
-2
-2
-2
2
1
1
2
3
2
2
2
3
-2
-2
1
-1
3
4
2
4
3
2
1
0
0
-1
3
1
-1
0
0
1
1
0
-2
1
5
1
3
0
0
0
-3
-1
-1
2
0
1
-1
2
1
1
4
2
2
2
3
-1
-1
1
1
-3
-4
0
1
-2
-3
-2
-2
-3
2
1
0
-1
-2
-3
-4
-3
1
4
0
3
4
1
0
-2
2
1
0
0
2
2
-2
0
-2
-1
4
2
3
4
4
5
4
3
1
0
-2
0
-3
-6
-3
-4
-2
-1
1
1
0
3
5
1
3
2
-1
-3
0
1
0
-2
1
1
0
-3
-2
0
-2
-1
-2
1
1
-1
-3
-2
-2
-1
-3
-3
-3
-2
-3
-2
0
-2
-3
1
-2
-4
-4
-3
-1
-5
-1
-2
-3
-2
0
-1
-2
-3
-2
-4
-4
-1
0
0
-1
-2
-3
-1
-2
-1
-3
-3
-2
1
1
-1
-1
-2
-1
-2
-2
-1
2
-1
1
1
2
2
2
3
2
1
1
-1
-5
-2
0
-2
-1
2
4
3
3
6
3
4
7
4
4
4
2
0
4
6
6
4
5
5
4
3
3
0
0
2
2
1
0
0
3
-1
1
2
-1
1
0
-1
2
1
2
1
1
3
0
1
1
3
2
3
-2
-1
2
2
1
3
2
0
-2
-3
-1
-2
1
0
0
-1
0
1
1
0
2
0
0
-2
-5
-3
0
-1
1
1
2
1
1
5
0
0
0
2
1
4
2
2
1
-2
-1
-2
2
-1
-1
-1
0
-1
-4
-7
-8
-6
-4
-2
0
0
-2
1
-2
-2
-1
-4
-3
-5
-6
-6
-4
-4
-7
-8
-8
-10
-11
-9
-9
-4
-4
-1
-4
-3
-1
-1
-1
-1
-1
-1
-4
-4
0
2
4
4
4
4
5
5
5
6
4
3
6
6
5
0
1
1
2
0
2
3
5
2
3
2
0
1
-2
2
5
6
5
3
4
5
4
2
2
0
-2
1
2
-1
-3
0
0
-1
-3
-2
-3
-7
-2
0
-1
2
3
4
1
2
0
-3
-1
-1
2
7
8
4
4
6
5
5
5
2
8
4
2
5
4
6
4
1
3
1
-1
0
-1
2
1
2
2
1
-1
-3
1
-5
-5
-6
-5
-5
-6
-7
-6
-5
-6
-7
-2
-6
-1
-1
-2
-4
-3
-2
-7
-9
-11
-5
-5
-8
-9
-9
-5
-2
-2
0
2
1
-3
-2
-2
2
2
4
4
-1
2
4
2
5
5
3
6
8
9
11
3
4
8
8
5
2
2
0
0
-1
-1
-1
-2
-1
2
-2
2
-2
3
4
1
5
-1
0
2
1
-1
-5
-5
-6
-9
-9
-4
-6
-7
-6
-4
-4
-4
-5
-8
-5
-2
-3
-1
-1
0
2
4
3
4
7
6
9
7
7
11
9
7
7
8
8
10
7
4
3
4
4
-3
0
1
0
-2
-3
-3
-6
-2
-4
-2
-3
-4
-2
3
2
-1
1
0
3
2
2
-1
-2
1
-1
0
3
0
-1
-1
0
1
-1
1
1
0
-4
-6
-7
-9
-8
-11
-10
-10
-12
-11
-11
-9
-7
-5
-4
-1
-3
-2
0
2
2
3
3
-1
-1
0
1
-2
2
0
0
4
5
5
4
3
2
-2
-3
-7
-13
-8
-12
-7
-5
-5
-1
-1
4
7
11
10
7
9
8
7
10
7
11
11
13
14
12
9
9
10
8
5
4
2
-4
-4
-6
-6
-2
-6
-7
-6
-6
-4
-4
-2
1
-2
1
1
4
1
-1
0
2
1
-1
-4
-6
-6
-7
-2
-4
-2
-2
-2
2
3
1
0
-2
-2
-4
-5
-3
-4
-5
-2
1
2
7
11
14
14
14
14
15
9
9
7
7
5
6
6
0
4
1
-1
-1
1
1
-1
0
-3
-6
-9
-11
-9
-11
-17
-16
-16
-18
-20
-15
-12
-11
-6
-3
0
-2
1
1
0
-4
-6
-9
-9
-9
-6
-7
-9
-9
-7
-5
-2
0
3
4
6
5
4
7
7
7
8
3
2
5
8
9
7
9
13
14
11
13
12
14
17
11
9
10
10
5
2
1
0
-2
-3
-4
-6
-9
-10
-11
-11
-13
-13
-12
-12
-11
-13
-16
-15
-13
-8
-5
-7
-2
2
1
6
11
11
13
13
12
12
9
14
10
10
11
12
11
7
8
7
6
4
4
6
4
6
4
3
4
4
6
3
5
3
2
-1
-2
-1
-3
-4
-8
-8
-9
-11
-14
-16
-17
-17
-13
-14
-12
-12
-11
-13
-12
-12
-11
-8
-4
-4
0
2
1
5
5
7
8
13
15
14
14
15
12
9
13
10
5
7
5
5
4
1
-1
1
-2
-3
3
-2
-6
-5
-4
-3
-6
-3
-3
-6
-9
-9
-7
-10
-6
-5
-5
-1
-6
-5
-3
-3
-1
0
-3
-2
-4
-9
-7
-6
-8
-4
-4
-4
0
2
5
6
6
6
5
6
4
1
3
2
4
0
2
3
1
5
4
-1
-1
2
2
2
4
3
4
6
3
1
1
2
1
3
4
3
-2
2
1
2
3
2
0
-1
0
0
-3
-2
-4
0
3
4
4
1
4
3
0
-1
3
3
3
1
1
0
-2
-2
-3
-2
-2
-4
-3
-6
-4
-3
-7
-5
-5
-4
-1
1
2
1
2
2
3
3
4
6
5
3
7
8
5
5
6
6
7
5
2
-1
-3
-3
-1
-2
-4
-3
-6
0
-5
-3
0
-2
3
-2
-2
-4
-4
-2
-4
-6
-3
-3
-6
-4
-5
-8
-6
-4
-6
-5
-1
-4
1
0
-3
0
0
-3
-2
1
1
1
2
3
5
3
6
6
7
8
4
5
3
2
4
3
5
1
1
-1
-4
-1
-5
-6
-8
-7
-6
-6
-4
-5
-5
-4
-3
1
2
2
3
6
2
-1
4
4
5
6
6
4
4
3
3
5
4
3
3
4
4
2
1
1
-1
-2
-1
0
0
-2
1
-1
3
6
4
5
6
3
4
4
-1
-2
0
-2
-1
-2
-4
-7
-7
-8
-6
-5
-3
0
-3
-4
-3
-4
-4
1
-2
-4
-4
-1
-2
-2
1
-4
0
2
0
3
0
-2
-1
3
1
4
2
-1
2
-1
2
2
-3
-2
-2
-1
1
0
-2
-2
-5
-3
2
0
0
1
-2
-2
-3
-1
-1
-2
-2
0
-1
-1
2
2
3
4
5
4
6
6
3
1
1
-1
0
1
-1
0
0
-1
-3
-1
0
-3
-2
-2
-1
1
-1
-2
-6
-6
-3
-4
-2
-4
-1
1
0
-2
1
2
-1
3
4
3
5
3
6
2
2
4
2
1
-1
-1
-2
0
1
-1
2
2
3
4
4
5
3
3
2
0
-2
-2
-2
-3
-3
-4
-2
-5
-5
-1
-2
-5
-2
-3
-1
1
0
4
2
3
5
1
0
0
-3
-3
0
0
-1
-3
1
4
4
4
5
7
6
4
5
5
0
-1
-1
-2
-4
-5
-3
-2
-5
-2
-2
-4
-2
1
0
2
3
-3
1
3
2
-1
2
-1
-4
-3
-3
-6
-3
-1
1
3
-1
0
0
4
4
2
5
6
6
0
0
3
-1
0
-1
-4
-3
-5
-4
-4
-4
-4
-3
1
2
1
-1
-3
1
-3
-3
0
-1
-1
-5
-6
-4
-5
-5
-3
-3
-1
-2
-2
2
2
1
3
0
3
2
0
0
1
0
-2
-3
-5
-2
-2
-1
1
0
2
3
1
3
6
3
7
6
6
6
3
3
-1
0
0
-2
1
1
1
-2
1
3
1
6
5
4
5
5
3
2
4
4
5
2
4
2
0
1
-2
-2
0
3
1
1
0
-2
-3
-4
-3
0
1
-3
-1
-1
0
-2
-3
-3
-5
-4
-4
0
0
-3
-2
-3
-1
0
-1
0
-2
4
1
-4
1
1
1
1
-1
1
0
-1
-3
-6
-6
-5
-3
0
0
-4
-2
0
-1
0
0
0
3
1
-1
-4
-3
-8
-7
-1
-5
0
-1
-4
1
4
2
4
3
7
5
6
4
2
3
1
4
4
1
1
1
0
-3
-2
0
1
5
0
3
3
0
0
0
0
-1
-2
-1
-1
-1
-5
-4
-5
-4
-4
-2
0
-1
-2
-3
1
-1
-2
0
-2
2
0
-1
1
-3
-2
-1
-2
3
2
2
-1
-1
-1
0
2
2
4
4
3
4
2
0
2
3
-1
-2
1
-1
2
1
-2
0
1
-1
2
0
2
2
2
4
7
5
2
0
-2
-3
-4
-2
-6
-2
-5
-2
-1
-1
-1
2
2
3
4
3
2
2
-1
2
-2
-2
0
-5
-2
0
0
0
0
1
2
2
2
3
3
5
-1
2
-2
-2
1
-3
-4
-2
-4
-1
1
0
5
4
8
6
6
6
5
3
-1
1
-2
-4
-4
-5
-5
-4
-6
-2
1
0
2
1
4
2
2
-1
0
1
-1
-5
-6
-3
-5
-7
-4
-3
-3
-3
0
0
0
1
1
4
-1
-2
0
0
-4
-2
-7
-7
-3
-2
4
2
-1
-2
4
4
3
5
1
2
3
2
1
2
0
-3
-1
1
0
2
2
3
1
3
5
3
1
0
1
-1
2
-1
2
0
2
3
-1
2
3
1
-1
1
-2
-1
0
-3
-4
-3
-3
-1
-2
-4
-3
-3
1
-2
2
0
-1
-2
-2
-1
-2
-3
-3
-3
-6
-4
-5
-1
-1
0
-1
1
1
1
-1
0
0
0
2
4
4
1
-3
-1
2
-2
1
3
1
6
4
3
6
4
3
3
3
3
1
-2
-4
-3
-1
-2
-2
0
0
1
0
2
5
7
3
4
3
2
3
-1
-1
-2
-2
-4
-3
-2
-3
-2
0
1
-2
1
-1
-1
0
-4
-2
-3
-2
-1
-3
-2
2
-1
-2
-1
0
-1
0
0
3
3
5
2
0
4
3
2
2
2
-1
-3
-2
-1
-1
-1
-1
0
0
-3
-1
1
2
1
-1
0
2
4
1
1
4
-1
1
5
4
0
1
3
0
-2
1
1
3
1
0
-1
-3
-2
-2
-2
-4
-4
-2
-3
-2
0
-4
-4
-3
-2
-2
-2
0
0
1
2
4
4
3
4
3
-3
1
2
0
-1
-3
-4
-5
-4
-3
-3
-1
1
2
2
-2
1
-2
-3
-3
-2
-3
-2
1
-2
2
0
0
1
7
6
7
6
7
3
1
6
2
-1
2
3
-4
-2
-1
-3
-2
0
-3
-2
1
-2
-2
-2
1
0
-5
-2
-2
-1
-1
1
-3
-1
1
2
5
1
1
1
5
1
0
1
1
-1
-1
1
-2
-2
0
-3
0
2
-2
0
0
-1
-1
-4
0
-1
-3
-1
-4
-1
2
0
2
3
3
2
2
2
5
5
5
2
0
0
-1
-1
-2
-2
-3
-3
-5
-4
-1
-1
-2
-1
1
1
2
0
-1
-1
-1
-1
-2
1
1
2
1
2
2
1
1
2
3
0
0
4
3
2
1
-1
-1
0
-2
-2
-2
-3
-1
3
3
1
1
3
1
1
-1
-1
-1
1
0
-1
4
3
2
4
2
4
3
2
3
2
0
-1
-1
-1
-1
-4
-4
-3
-3
-3
-1
-3
-3
-4
-3
-2
-2
-4
-6
-2
-2
-3
0
-1
0
-1
0
0
2
1
2
4
4
5
0
-2
-1
-1
0
-2
-2
-3
-2
-2
-2
0
-1
0
3
3
0
2
-1
1
-2
-2
3
1
2
3
5
4
3
3
0
3
5
3
4
4
4
4
0
1
-3
-3
-2
-7
-6
-8
-6
-8
-6
-1
-2
4
3
3
-1
1
2
-1
-1
0
2
-1
-1
-2
-4
2
0
3
4
0
3
1
-3
1
-2
-1
0
0
-2
-4
-4
-2
-4
-3
-2
-2
3
4
7
2
5
3
6
6
1
5
3
7
7
5
7
4
7
5
5
3
1
-1
-5
-4
-9
-5
-5
-4
-2
-5
-2
-4
-2
-3
-4
2
1
-2
-5
-4
-2
-1
1
1
0
3
2
4
2
3
1
2
1
-4
-6
-6
-10
-10
-8
-4
2
3
4
1
2
-2
-1
0
0
0
1
3
3
0
1
0
-5
-5
-4
-3
-5
-6
-3
0
5
9
13
13
17
12
11
14
13
13
11
6
4
6
-2
-5
-9
-11
-17
-16
-17
-18
-14
-18
-15
-17
-15
-17
-14
-10
-6
-1
-1
0
3
1
2
6
6
12
10
10
10
9
6
2
0
-9
-10
-9
-10
-5
-3
2
1
1
5
8
9
5
6
1
-2
-4
-7
0
8
9
15
19
21
20
19
11
14
13
7
6
1
0
-5
-9
-7
-12
-14
-14
-13
-8
-6
-1
0
3
6
6
5
-2
-6
-7
-10
-14
-21
-19
-16
-11
-9
-9
-8
-10
-11
-11
-6
1
5
3
1
-4
-12
-11
-9
-2
7
10
11
8
12
17
22
22
20
21
22
18
15
17
19
20
17
10
-1
-7
-6
-4
1
1
-4
-4
0
10
19
22
27
21
18
17
11
5
0
-2
-3
-5
-11
-15
-19
-20
-16
-7
-3
-9
-11
-19
-20
-24
-23
-22
-21
-13
-13
-8
-3
-4
-2
0
6
10
11
11
11
15
17
19
18
18
15
13
9
-1
-8
-12
-10
-4
-1
-2
-2
-10
-16
-17
-14
-7
-3
0
7
5
-1
-5
-3
-3
0
-1
-4
-12
-23
-29
-28
-24
-21
-21
-18
-18
-16
-11
-8
-3
-2
-6
-12
-14
-14
-10
-9
-13
-19
-16
-8
0
10
13
15
11
14
18
22
25
25
27
24
22
16
7
-1
0
9
18
26
20
11
2
6
19
30
33
26
16
4
-2
0
-3
1
5
1
-7
-16
-24
-25
-12
-1
13
12
2
-7
-6
10
21
29
26
22
17
9
13
9
15
18
11
6
-8
-15
-19
-7
9
17
15
2
-13
-25
-23
-9
4
7
-4
-28
-50
-58
-50
-29
-10
0
2
-17
-36
-42
-31
-2
24
34
24
4
-15
-28
-22
-2
10
12
-1
-14
-27
-30
-24
-12
3
10
6
-5
-14
-12
-10
1
8
12
15
12
13
5
3
6
7
14
20
17
9
8
6
12
15
24
27
23
16
6
-5
-19
-27
-29
-20
-10
-3
0
-1
-2
-7
-1
10
18
27
26
22
11
7
14
18
27
30
23
18
16
20
20
23
21
19
14
4
6
14
23
31
24
22
0
-16
-17
-10
8
15
18
6
0
-6
-5
-1
1
0
-15
-23
-29
-25
-18
-9
-8
-18
-38
-54
-62
-66
-56
-44
-33
-33
-41
-55
-57
-51
-37
-17
-1
5
0
-2
-7
-1
7
10
14
5
-9
-21
-26
-23
-14
-4
-1
-4
-18
-20
-16
-4
6
16
23
11
0
-9
-5
-2
6
17
19
18
16
11
14
21
26
32
38
36
31
25
22
16
16
13
8
13
11
12
17
22
25
23
12
7
15
26
40
46
49
44
27
17
10
17
35
48
46
34
5
-18
-30
-26
-5
10
21
6
-18
-36
-43
-33
-11
10
13
2
-21
-45
-49
-34
-8
28
27
9
-21
-43
-45
-29
1
24
35
15
-5
-27
-38
-26
-11
0
-6
-24
-42
-53
-35
-16
5
19
12
4
-6
-7
1
13
24
26
13
-3
-16
-27
-18
-15
-19
-27
-39
-44
-42
-32
-19
-11
-5
-13
-23
-23
-21
-5
4
2
-3
-16
-24
-34
-25
-11
-7
-1
-3
-2
-8
-9
-2
5
15
16
17
15
18
26
34
42
42
39
32
34
38
51
59
58
50
31
23
20
32
45
50
41
21
7
-2
-1
2
12
20
19
11
-2
-12
-14
-11
2
20
26
21
9
3
-3
-2
3
8
8
-2
-9
-25
-29
-26
-23
-18
-23
-30
-44
-52
-52
-36
-14
0
16
7
-8
-27
-35
-30
-6
21
24
18
-5
-21
-22
-15
1
21
29
17
-8
-29
-38
-35
-16
-2
11
4
-19
-37
-44
-45
-39
-31
-27
-18
-21
-16
-18
-14
-9
-7
-5
-15
-17
-26
-26
-28
-24
-20
-24
-18
-4
11
18
23
18
15
11
10
13
18
20
18
15
8
2
12
19
30
44
42
50
43
41
46
48
52
40
32
28
28
26
24
29
25
19
15
24
33
37
35
23
17
-2
-13
-9
3
10
2
-8
-30
-49
-53
-47
-21
-6
-2
-18
-44
-55
-59
-42
-18
-3
-11
-35
-61
-73
-55
-27
4
16
15
-4
-16
-14
-1
20
37
43
37
27
13
18
32
47
49
38
14
-13
-24
-18
10
32
43
32
11
-10
-27
-34
-23
-4
10
10
-1
-8
-8
3
28
55
59
32
2
-24
-20
-12
3
9
3
-13
-50
-72
-88
-79
-58
-33
-8
-13
-20
-27
-10
3
30
44
23
7
1
16
12
17
12
25
37
33
31
15
9
15
12
25
16
12
1
-8
-9
-39
-27
-43
-22
-25
-34
-24
-51
-25
-4
-2
-16
-32
-55
-46
-16
-21
3
-5
0
-9
-41
-15
-6
52
35
17
-6
-19
11
13
43
57
58
47
9
14
21
23
19
12
-1
18
25
31
49
30
44
46
6
-9
2
28
24
10
-5
6
70
81
88
-9
-39
-93
-54
-24
-41
-62
-73
-48
-5
-31
-50
-80
-71
-12
-4
35
1
-8
14
35
-4
-48
-45
-19
-42
-59
-4
-10
-2
81
115
99
44
54
7
13
3
4
21
-36
-37
21
43
11
7
-22
55
49
0
-75
-101
-61
65
91
85
-23
-100
-135
-119
8
30
84
-49
-103
-182
-157
-37
4
10
-11
-27
-35
33
0
27
33
-24
-61
71
255
204
94
-88
-86
12
-68
-54
-54
64
8
-12
-98
-114
-102
-60
111
88
110
51
164
42
117
41
161
213
66
33
-45
56
56
86
-41
-73
-101
-156
-112
-122
-114
-195
-78
-53
-102
-114
-28
-29
-36
36
85
225
68
-61
-117
-19
137
242
308
214
287
101
135
101
-29
98
136
249
206
115
23
-5
-45
-161
-214
-117
-63
-24
-135
-67
-128
-88
-60
-134
21
-111
-33
-123
-159
-150
-202
9
-38
2
18
-21
-171
-337
-335
-30
74
114
-73
-169
-164
-122
17
24
85
-5
170
121
68
-58
-92
-26
35
118
108
208
172
169
114
-41
-170
-194
-31
177
183
-4
-289
-448
-1
284
459
265
-170
-196
-70
334
405
332
171
156
110
-82
-102
-261
-76
105
278
36
-224
-467
-341
-58
135
164
-26
-248
-143
73
-122
-321
-522
-212
21
217
262
334
237
23
-28
23
232
259
131
-171
-184
-241
-50
-7
-135
-106
-84
86
-79
-115
-255
-98
292
399
340
70
45
-14
121
192
253
201
58
-76
-171
-53
-109
-170
-347
-388
-225
-76
158
260
303
267
97
-56
-394
-480
-339
-87
-44
-6
-20
107
16
128
47
181
115
184
245
189
210
94
27
-191
-131
-67
53
44
68
208
50
-25
-130
-134
-102
-163
-98
-141
-205
-280
-172
67
366
286
253
125
-208
-297
-93
222
231
-725
-1653
-1665
-686
486
1187
1093
465
172
114
702
1135
1339
973
747
556
560
611
547
415
43
-117
-247
-494
-736
-733
-553
-155
-191
-189
-529
-830
-853
-854
-573
-547
-319
-376
-324
-281
-334
-226
-194
213
404
357
210
24
59
-52
83
208
292
225
-41
93
194
244
1
-124
-115
-128
-75
-113
22
73
-31
-134
-129
22
152
98
26
34
-38
-254
-316
-168
-71
60
-118
-76
-61
-21
-297
-297
-127
46
14
-165
-178
-324
-178
-102
343
435
329
152
117
210
362
566
407
336
96
-39
-15
-59
-45
-56
-96
18
198
325
333
227
261
311
344
274
301
364
271
69
-128
-89
7
45
128
220
392
360
423
372
215
-8
-167
-191
-179
-41
-116
-207
-326
-297
-318
-407
-296
-97
162
220
203
120
101
152
85
-27
-266
-383
-484
-455
-273
-121
-209
-347
-426
-248
-91
-4
68
51
29
-68
-201
-694
-1165
-1379
-900
-155
502
921
1002
1108
1019
986
919
721
319
14
-137
-298
-439
-603
-427
-87
8
22
-47
-14
138
203
301
200
84
-126
-390
-428
-522
-626
-788
-821
-701
-587
-490
-546
-607
-644
-472
-87
221
430
456
218
81
24
92
117
35
-84
-196
-180
-152
-30
-19
27
-141
-311
-432
-318
-165
29
50
-35
-132
-216
-68
-111
-21
-74
-137
-175
-125
138
310
235
325
361
520
557
673
693
748
898
971
1025
1076
1091
1063
972
899
1033
897
924
778
801
770
683
774
740
750
720
729
704
645
601
438
448
513
522
465
290
280
155
155
128
230
303
202
1
-264
-574
-641
-524
-519
-702
-967
-1178
-1254
-1161
-1088
-824
-776
-786
-875
-1012
-1046
-1039
-967
-891
-729
-712
-730
-770
-796
-696
-579
-511
-294
-36
444
745
706
285
-280
-906
-1625
-2281
-3131
-3916
-4924
-5818
-6484
-6728
-6672
-6372
-5801
-5003
-4050
-2937
-1676
-220
1279
2494
3467
4196
4787
5235
5517
5541
5430
4989
4536
4118
3862
3887
4004
4127
4176
4204
4305
4393
4378
4285
4014
3502
2764
1959
1208
539
-188
-888
-1562
-2126
-2698
-3031
-3063
-2848
-2519
-2126
-1665
-1251
-756
-242
307
875
1319
1558
1664
1738
1885
1997
1853
1687
1505
1325
1088
829
715
570
359
34
-251
-349
-464
-555
-658
-834
-959
-1124
-1170
-1088
-949
-908
-943
-942
-864
-727
-614
-537
-504
-588
-751
-844
-900
-804
-712
-735
-850
-960
-932
-834
-642
-532
-495
-577
-645
-572
-444
-322
-218
-77
96
131
-123
-689
-1453
-2376
-3415
-4501
-5669
-6760
-7852
-8804
-9444
-9705
-9542
-9033
-8206
-7049
-5644
-4037
-2270
-372
1525
3248
4716
5857
6767
7432
7837
7995
7891
7584
7141
6620
6220
5976
5857
5764
5630
5522
5452
5371
5237
5020
4651
4027
3114
2047
943
-176
-1262
-2306
-3282
-4075
-4672
-4919
-4749
-4242
-3445
-2535
-1539
-449
708
1780
2698
3369
3721
3818
3597
3280
2917
2454
1979
1415
906
505
206
135
177
270
300
260
200
150
90
-86
-329
-685
-1043
-1392
-1684
-1824
-1854
-1743
-1550
-1293
-971
-574
-152
237
565
838
1056
1204
1292
1290
1184
954
657
370
-6
-377
-730
-1078
-1327
-1576
-1759
-1857
-1855
-1768
-1665
-1500
-1294
-1044
-807
-546
-248
-66
-238
-834
-1741
-2790
-3867
-5005
-6225
-7492
-8729
-9878
-10746
-11160
-11039
-10417
-9486
-8245
-6699
-4926
-2985
-936
1188
3219
4965
6314
7305
8036
8520
8763
8744
8470
8027
7507
7037
6749
6622
6547
6412
6222
6080
5957
5785
5495
5032
4280
3227
1990
699
-530
-1735
-2916
-4019
-4927
-5519
-5725
-5513
-4908
-4010
-3007
-1890
-654
709
2078
3245
4163
4745
4997
4939
4676
4258
3656
2862
1962
1092
333
-252
-671
-886
-936
-931
-946
-884
-657
-375
-217
-266
-442
-680
-920
-1135
-1286
-1358
-1405
-1429
-1357
-1084
-632
-45
554
1107
1635
2064
2378
2667
2868
2926
2693
2212
1681
1099
537
-42
-677
-1365
-2023
-2552
-2839
-2906
-2787
-2517
-2198
-1842
-1544
-1200
-763
-287
93
1
-607
-1635
-2914
-4276
-5669
-7027
-8432
-9837
-11140
-12090
-12408
-12123
-11262
-10001
-8422
-6558
-4474
-2212
208
2618
4771
6485
7724
8571
9091
9362
9399
9197
8688
7956
7201
6644
6389
6382
6433
6435
6418
6351
6312
6213
6016
5545
4621
3344
1784
209
-1290
-2723
-4042
-5269
-6238
-6841
-6946
-6453
-5509
-4238
-2825
-1366
127
1632
3105
4435
5407
5920
5975
5692
5243
4686
3993
3103
2094
1062
158
-555
-987
-1181
-1258
-1301
-1368
-1342
-1184
-952
-736
-633
-686
-852
-1096
-1286
-1358
-1349
-1344
-1380
-1314
-1064
-573
29
704
1377
1954
2452
2867
3236
3495
3526
3338
2912
2315
1624
871
141
-563
-1283
-2037
-2741
-3211
-3336
-3210
-2936
-2577
-2221
-1833
-1369
-853
-393
-280
-703
-1626
-2895
-4281
-5677
-7090
-8542
-10036
-11479
-12587
-13110
-12948
-12106
-10764
-9052
-7081
-4900
-2481
127
2766
5159
7111
8523
9427
9961
10204
10236
9968
9346
8458
7515
6762
6300
6141
6142
6165
6127
6010
5921
5848
5699
5281
4432
3176
1607
-64
-1684
-3163
-4442
-5588
-6567
-7228
-7313
-6758
-5628
-4155
-2552
-920
702
2327
3964
5415
6504
7097
7164
6760
6200
5551
4651
3633
2341
1000
-215
-1110
-1672
-2019
-2263
-2475
-2626
-2652
-2403
-1952
-1506
-1245
-1214
-1310
-1371
-1373
-1281
-1083
-944
-901
-853
-708
-285
369
1062
1704
2228
2668
3071
3513
3933
4151
3991
3439
2726
1957
1148
282
-619
-1489
-2320
-3069
-3570
-3748
-3602
-3281
-2951
-2577
-2111
-1510
-826
-346
-359
-994
-2201
-3679
-5203
-6629
-8044
-9579
-11174
-12605
-13490
-13669
-13072
-11806
-10080
-8063
-5895
-3468
-740
2137
4852
7110
8798
9871
10441
10692
10720
10472
9855
8877
7718
6683
5954
5612
5556
5591
5609
5570
5497
5480
5494
5344
4792
3690
2166
470
-1199
-2766
-4210
-5506
-6660
-7484
-7781
-7380
-6314
-4819
-3117
-1360
403
2145
3920
5575
6859
7618
7738
7381
6726
5878
4954
3910
2731
1468
281
-694
-1324
-1614
-1734
-1789
-1838
-1842
-1746
-1595
-1372
-1179
-1154
-1349
-1677
-1851
-1903
-1830
-1675
-1552
-1292
-966
-479
239
1033
1812
2412
2857
3236
3599
3845
3949
3817
3439
2817
2029
1234
457
-299
-1078
-1874
-2556
-2994
-3238
-3289
-3145
-2853
-2437
-1988
-1537
-1032
-740
-934
-1624
-2741
-4071
-5500
-6983
-8494
-9997
-11482
-12784
-13556
-13664
-13010
-11777
-10134
-8080
-5785
-3233
-478
2338
4983
7201
8852
9987
10693
11040
11088
10748
10052
9103
8044
7053
6314
5892
5721
5605
5469
5340
5267
5216
5086
4771
4092
2965
1456
-197
-1844
-3384
-4802
-6034
-7059
-7692
-7794
-7282
-6198
-4785
-3113
-1340
527
2394
4183
5799
7050
7808
7972
7664
7063
6318
5450
4367
3107
1774
547
-437
-1176
-1610
-1898
-2098
-2252
-2304
-2119
-1867
-1643
-1529
-1504
-1563
-1643
-1671
-1582
-1361
-1172
-1002
-779
-436
80
717
1399
2030
2549
2948
3315
3673
3932
4007
3798
3331
2717
1973
1197
438
-341
-1110
-1892
-2575
-3054
-3323
-3411
-3329
-3104
-2784
-2349
-1855
-1381
-1214
-1564
-2406
-3624
-4933
-6280
-7694
-9148
-10647
-12058
-13154
-13681
-13477
-12542
-11078
-9263
-7129
-4728
-2049
806
3627
6176
8258
9718
10620
11093
11277
11172
10668
9793
8646
7479
6474
5802
5489
5337
5208
5105
4925
4804
4767
4601
4174
3343
2102
618
-991
-2503
-3905
-5194
-6307
-7158
-7540
-7366
-6617
-5316
-3700
-1910
-87
1724
3555
5271
6750
7765
8230
8153
7683
6935
6037
5012
3802
2407
945
-328
-1313
-1968
-2367
-2611
-2762
-2874
-2862
-2656
-2299
-1888
-1556
-1358
-1302
-1252
-1098
-870
-577
-323
-127
90
394
825
1354
1933
2488
2951
3267
3474
3644
3760
3750
3490
3000
2302
1504
711
-55
-832
-1642
-2423
-3094
-3503
-3667
-3659
-3569
-3398
-3082
-2537
-1860
-1235
-1033
-1439
-2348
-3572
-4860
-6195
-7577
-9047
-10604
-12144
-13322
-13802
-13473
-12448
-10993
-9211
-7121
-4732
-2039
865
3758
6326
8320
9701
10588
11111
11302
11160
10625
9706
8547
7349
6419
5868
5584
5430
5242
5031
4909
4895
4945
4855
4424
3499
2135
568
-1018
-2462
-3881
-5228
-6414
-7319
-7707
-7542
-6713
-5351
-3734
-1995
-217
1653
3557
5303
6719
7655
8046
7950
7464
6723
5863
4803
3513
2097
755
-304
-1126
-1711
-2056
-2234
-2340
-2419
-2339
-2047
-1647
-1379
-1234
-1200
-1258
-1286
-1200
-951
-700
-542
-402
-160
290
886
1496
2089
2587
2969
3274
3527
3764
3891
3718
3238
2589
1880
1145
412
-289
-980
-1696
-2421
-2973
-3251
-3261
-3172
-3121
-2960
-2640
-2138
-1575
-1202
-1238
-1821
-2928
-4332
-5719
-7006
-8364
-9879
-11452
-12828
-13679
-13879
-13378
-12173
-10447
-8486
-6330
-3884
-1045
1951
4697
7044
8904
10185
10879
11203
11367
11240
10581
9472
8316
7305
6522
6025
5763
5649
5485
5229
5055
5050
5098
4891
4239
3114
1703
166
-1448
-2959
-4324
-5612
-6802
-7734
-8013
-7526
-6517
-5156
-3496
-1648
233
2086
3966
5749
7146
7889
8068
7889
7416
6718
5804
4682
3335
1902
547
-525
-1221
-1701
-2068
-2423
-2645
-2603
-2404
-2093
-1763
-1495
-1390
-1458
-1493
-1363
-1084
-842
-695
-566
-361
-48
389
987
1632
2167
2599
2959
3256
3614
3841
3845
3668
3212
2597
1889
1098
388
-299
-1097
-1925
-2618
-3121
-3417
-3582
-3583
-3367
-3089
-2741
-2239
-1645
-1322
-1617
-2393
-3488
-4708
-6047
-7409
-8949
-10453
-11907
-13213
-13824
-13705
-12864
-11538
-9860
-7812
-5466
-2853
48
2984
5633
7796
9400
10485
11157
11475
11467
11023
10160
9052
7834
6793
6057
5626
5386
5086
4816
4712
4723
4777
4768
4537
3912
2814
1382
-83
-1468
-2886
-4340
-5663
-6772
-7443
-7492
-6951
-5844
-4372
-2793
-1093
798
2786
4739
6371
7478
8109
8222
7901
7309
6486
5401
4056
2536
1062
-190
-1189
-1866
-2301
-2640
-2860
-2870
-2618
-2202
-1781
-1431
-1186
-1070
-1044
-1001
-887
-727
-615
-560
-455
-268
57
569
1223
1864
2403
2839
3191
3590
3943
4101
4049
3676
3092
2387
1613
846
80
-728
-1621
-2443
-3172
-3732
-3933
-3876
-3682
-3364
-2999
-2496
-1837
-1268
-1091
-1468
-2413
-3704
-5045
-6405
-7813
-9288
-10857
-12379
-13486
-13961
-13681
-12661
-11124
-9241
-7087
-4637
-1838
1150
4067
6640
8692
10147
10988
11451
11637
11426
10744
9699
8467
7273
6268
5565
5229
5044
4834
4676
4647
4719
4850
4845
4490
3705
2499
1061
-437
-1925
-3357
-4771
-6082
-7148
-7666
-7525
-6784
-5566
-4088
-2377
-518
1434
3489
5397
6857
7833
8277
8211
7820
7066
6064
4885
3404
1825
383
-831
-1753
-2348
-2734
-3008
-3126
-3075
-2785
-2295
-1788
-1410
-1191
-1106
-1064
-912
-750
-620
-513
-468
-382
-162
242
798
1432
2025
2489
2863
3213
3563
3853
3992
3810
3383
2825
2172
1500
752
-7
-796
-1604
-2375
-3021
-3352
-3531
-3659
-3622
-3399
-2936
-2400
-1890
-1556
-1636
-2190
-3158
-4316
-5566
-6864
-8276
-9804
-11318
-12656
-13457
-13639
-13178
-12065
-10548
-8689
-6509
-3997
-1132
1847
4570
6929
8854
10189
11056
11526
11649
11418
10635
9509
8329
7207
6289
5598
5162
4860
4577
4380
4343
4474
4550
4380
3891
3047
1943
679
-688
-2083
-3474
-4831
-6054
-6910
-7229
-6928
-6135
-5042
-3623
-1974
-106
1898
3821
5614
7045
7921
8275
8213
7887
7230
6182
4798
3271
1775
369
-830
-1733
-2421
-2924
-3265
-3412
-3241
-2906
-2468
-1977
-1601
-1357
-1180
-991
-774
-556
-443
-347
-207
-22
233
580
1066
1567
1975
2354
2696
3066
3399
3516
3507
3347
2949
2384
1790
1163
492
-292
-1146
-1929
-2589
-3118
-3485
-3687
-3689
-3496
-3201
-2768
-2205
-1622
-1317
-1522
-2199
-3244
-4471
-5786
-7159
-8605
-10111
-11643
-12913
-13625
-13677
-13037
-11835
-10197
-8208
-5947
-3359
-465
2461
5168
7444
9198
10443
11204
11571
11595
11190
10322
9165
7926
6851
6054
5482
5114
4824
4589
4488
4487
4571
4644
4475
3898
2932
1695
362
-980
-2378
-3788
-5131
-6330
-7152
-7358
-6950
-6046
-4797
-3306
-1575
340
2347
4311
6056
7349
8114
8373
8221
7761
6945
5815
4438
2936
1426
54
-1022
-1812
-2404
-2795
-3037
-3071
-2892
-2604
-2209
-1843
-1546
-1327
-1215
-1117
-950
-774
-631
-459
-355
-160
179
580
1125
1674
2145
2579
3018
3412
3710
3861
3789
3505
3053
2434
1697
932
167
-644
-1463
-2201
-2799
-3169
-3400
-3490
-3420
-3282
-2998
-2516
-1916
-1592
-1828
-2484
-3509
-4727
-6009
-7345
-8678
-10138
-11678
-12984
-13650
-13641
-13032
-11796
-10131
-8133
-5874
-3354
-436
2592
5296
7511
9208
10407
11158
11518
11557
11210
10405
9221
7938
6840
6021
5477
5155
4879
4574
4378
4340
4415
4457
4297
3727
2753
1523
173
-1147
-2533
-3945
-5228
-6376
-7184
-7419
-6974
-5994
-4708
-3210
-1502
401
2369
4361
6132
7486
8276
8460
8272
7808
7046
6031
4686
3067
1502
119
-1036
-1875
-2469
-2917
-3168
-3323
-3246
-2815
-2378
-1979
-1688
-1498
-1386
-1326
-1223
-1024
-775
-674
-591
-336
73
566
1111
1740
2328
2786
3182
3550
3911
4115
4024
3717
3282
2630
1833
1090
350
-409
-1249
-2092
-2733
-3155
-3380
-3358
-3206
-3022
-2738
-2384
-1857
-1391
-1394
-1889
-2862
-4131
-5450
-6817
-8252
-9656
-11090
-12506
-13500
-13870
-13480
-12345
-10799
-8904
-6691
-4223
-1520
1311
4113
6611
8580
9934
10757
11239
11385
11171
10542
9586
8461
7248
6259
5613
5275
5104
4869
4676
4649
4660
4630
4503
4089
3305
2134
686
-752
-2097
-3476
-4820
-6052
-6984
-7401
-7289
-6538
-5272
-3691
-1995
-224
1726
3712
5533
6998
7980
8467
8406
7904
7104
6199
5037
3557
2022
578
-610
-1520
-2168
-2543
-2749
-2826
-2871
-2735
-2345
-2022
-1731
-1595
-1586
-1552
-1567
-1531
-1384
-1189
-1033
-863
-542
-22
643
1355
2020
2602
3136
3588
3931
4173
4265
4114
3675
3018
2247
1447
648
-173
-1022
-1806
-2507
-3070
-3335
-3376
-3286
-3025
-2707
-2359
-1894
-1493
-1399
-1727
-2581
-3856
-5187
-6603
-8074
-9471
-10988
-12442
-13465
-13934
-13706
-12721
-11251
-9351
-7114
-4759
-2081
857
3703
6248
8226
9676
10670
11136
11315
11175
10610
9707
8478
7289
6374
5696
5295
5116
4928
4758
4654
4546
4633
4610
4171
3440
2255
831
-601
-2056
-3446
-4721
-5901
-6922
-7490
-7368
-6594
-5326
-3820
-2174
-346
1532
3437
5280
6868
7975
8447
8419
8058
7419
6533
5341
3850
2236
744
-535
-1526
-2171
-2707
-2980
-3041
-3112
-2912
-2424
-1935
-1538
-1268
-1199
-1112
-1028
-997
-839
-639
-637
-584
-317
97
722
1366
2000
2613
3152
3527
3916
4283
4371
4237
3837
3166
2380
1548
686
-171
-1089
-2043
-2785
-3263
-3526
-3503
-3389
-3218
-2907
-2540
-1986
-1445
-1307
-1708
-2704
-4073
-5418
-6740
-8126
-9600
-11187
-12589
-13591
-14030
-13646
-12470
-10862
-9000
-6906
-4424
-1549
1365
4108
6615
8617
9939
10644
11026
11264
11083
10389
9303
8111
6989
6022
5384
5129
5010
4795
4605
4543
4659
4804
4655
4212
3365
2104
642
-872
-2291
-3629
-4954
-6251
-7248
-7600
-7292
-6397
-5104
-3554
-1746
47
1902
3911
5799
7265
8040
8175
7917
7428
6650
5638
4549
3179
1689
356
-718
-1337
-1616
-1849
-1989
-2017
-1975
-1773
-1469
-1204
-1086
-1159
-1468
-1729
-1805
-1801
-1700
-1598
-1408
-1114
-713
-86
734
1653
2421
3016
3504
3963
4285
4403
4352
4025
3405
2559
1705
942
228
-564
-1354
-2018
-2578
-2934
-3053
-3010
-2839
-2596
-2321
-1875
-1337
-1197
-1567
-2329
-3596
-5079
-6559
-8018
-9467
-10948
-12446
-13611
-14066
-13922
-13097
-11644
-9668
-7451
-5102
-2463
456
3388
5900
7924
9506
10538
10932
11029
10925
10512
9660
8481
7293
6383
5765
5334
5229
5144
4982
4850
4793
4796
4715
4297
3432
2218
740
-774
-2241
-3722
-5061
-6167
-7091
-7605
-7530
-6786
-5445
-3903
-2242
-385
1550
3426
5172
6664
7673
8103
7988
7550
6980
6095
4923
3672
2384
1154
106
-688
-1267
-1557
-1717
-1907
-1930
-1846
-1747
-1619
-1580
-1613
-1709
-1921
-2170
-2200
-2003
-1816
-1597
-1284
-776
-77
666
1433
2243
3001
3510
3891
4236
4420
4340
3999
3467
2799
2088
1294
553
-136
-867
-1628
-2239
-2631
-2790
-2757
-2736
-2594
-2322
-1998
-1600
-1285
-1439
-2055
-3162
-4722
-6191
-7555
-9029
-10558
-12051
-13292
-13999
-14142
-13587
-12191
-10322
-8267
-5978
-3377
-510
2357
4952
7215
8996
10119
10669
10909
10996
10678
9866
8799
7725
6763
5975
5491
5330
5336
5193
5021
4980
4968
4844
4419
3669
2556
1205
-373
-1990
-3420
-4766
-5961
-6953
-7594
-7617
-6978
-5835
-4359
-2698
-826
1119
2945
4751
6400
7551
8047
8024
7668
7090
6208
4983
3787
2618
1352
191
-627
-990
-1240
-1461
-1542
-1425
-1250
-1181
-1107
-1061
-1064
-1383
-1840
-2075
-2190
-2223
-2193
-2098
-1770
-1255
-640
184
1189
2160
2978
3639
4116
4534
4753
4685
4360
3768
2990
2033
1117
347
-365
-1129
-1910
-2543
-2873
-2966
-2952
-2820
-2520
-2091
-1690
-1307
-1172
-1459
-2273
-3654
-5170
-6588
-8061
-9630
-11215
-12683
-13757
-14268
-14123
-13187
-11558
-9622
-7429
-4951
-2181
799
3614
6085
8105
9515
10353
10733
10773
10594
10046
9072
7923
6844
5998
5463
5159
5109
5175
5174
5176
5124
5144
5022
4417
3439
2114
543
-1134
-2773
-4248
-5488
-6551
-7467
-7854
-7474
-6518
-5079
-3412
-1544
424
2300
4081
5720
7107
7883
8031
7762
7232
6447
5289
3967
2777
1608
480
-424
-940
-1114
-1152
-1195
-1145
-918
-721
-649
-694
-748
-984
-1434
-1939
-2296
-2489
-2606
-2626
-2469
-1954
-1281
-500
482
1562
2612
3469
4061
4581
5006
5065
4830
4327
3595
2705
1665
681
-122
-900
-1772
-2462
-2847
-2944
-2896
-2867
-2651
-2297
-1956
-1489
-957
-856
-1417
-2671
-4223
-5603
-7021
-8568
-10127
-11618
-12977
-13957
-14286
-13691
-12283
-10556
-8636
-6395
-3844
-1044
1777
4523
6972
8622
9579
10055
10308
10406
10139
9424
8437
7375
6419
5755
5489
5563
5748
5722
5562
5497
5495
5485
5103
4259
3028
1454
-350
-2051
-3472
-4798
-6027
-7092
-7673
-7546
-6835
-5634
-4033
-2236
-360
1415
3203
5005
6505
7424
7689
7583
7097
6295
5365
4297
3215
2123
971
32
-465
-683
-704
-643
-605
-529
-444
-426
-428
-494
-866
-1439
-2095
-2615
-2899
-3094
-3119
-2950
-2600
-2058
-1316
-284
910
2052
3016
3771
4364
4839
5066
4988
4706
4116
3207
2184
1185
304
-484
-1287
-2027
-2508
-2734
-2811
-2710
-2450
-2153
-1865
-1576
-1233
-815
-819
-1482
-2635
-4189
-5871
-7435
-8949
-10417
-11763
-13089
-14007
-14120
-13532
-12226
-10323
-8212
-5880
-3433
-905
1865
4449
6603
8196
9118
9543
9680
9625
9383
8893
8065
7128
6324
5828
5681
5759
5954
6012
5922
5807
5628
5345
4795
3862
2496
822
-993
-2700
-4115
-5340
-6285
-6932
-7312
-7042
-6184
-4831
-3041
-1308
383
2048
3588
5024
6223
6985
7208
6895
6216
5444
4636
3774
2870
1987
1154
446
-15
-115
-23
22
6
-155
-343
-540
-780
-1035
-1428
-1975
-2563
-3030
-3219
-3197
-2959
-2528
-2015
-1344
-507
463
1515
2577
3352
3923
4331
4470
4475
4322
3942
3362
2578
1629
788
127
-475
-970
-1465
-1923
-2120
-2256
-2249
-2017
-1765
-1552
-1389
-1226
-1197
-1599
-2517
-3929
-5580
-7134
-8639
-10144
-11546
-12801
-13705
-13940
-13620
-12641
-10947
-8878
-6576
-4143
-1599
1126
3723
5841
7488
8697
9400
9623
9549
9319
8936
8323
7514
6753
6259
5976
5891
6036
6158
6098
5829
5425
5003
4361
3390
2065
455
-1196
-2831
-4278
-5432
-6258
-6719
-6922
-6677
-5803
-4466
-2912
-1229
480
2133
3631
4780
5713
6448
6718
6465
5902
5205
4507
3666
2823
2162
1533
1027
579
287
287
246
87
-104
-397
-732
-1133
-1608
-2045
-2398
-2834
-3254
-3371
-3263
-2913
-2343
-1676
-845
54
958
1839
2700
3512
3985
4237
4268
4176
3998
3629
3102
2462
1781
1042
386
-180
-677
-1095
-1387
-1602
-1746
-1759
-1743
-1660
-1493
-1470
-1468
-1483
-1988
-2956
-4344
-6056
-7564
-8824
-10216
-11596
-12768
-13600
-13793
-13427
-12454
-10638
-8464
-6355
-4151
-1704
932
3357
5324
6895
8092
8792
8943
8869
8870
8694
8139
7494
6966
6612
6487
6447
6565
6663
6441
6025
5454
4817
4027
2873
1415
-249
-1942
-3551
-4884
-5765
-6319
-6569
-6506
-6054
-4970
-3504
-1908
-284
1239
2677
3886
4819
5486
5976
6092
5773
5209
4603
4144
3729
3190
2621
2093
1584
1182
902
760
519
78
-519
-1154
-1647
-2083
-2532
-2864
-3207
-3516
-3538
-3378
-2934
-2197
-1502
-792
51
855
1681
2461
3120
3639
3914
3929
3790
3726
3629
3400
3049
2522
1960
1351
753
269
-152
-553
-1045
-1516
-1884
-2128
-2150
-2104
-2098
-2106
-1986
-1864
-2144
-2864
-4005
-5479
-6916
-8391
-9809
-10998
-12049
-13022
-13569
-13317
-12317
-10699
-8734
-6553
-4203
-1792
567
2898
5100
6797
7858
8474
8698
8648
8472
8119
7750
7366
6816
6393
6308
6410
6644
6818
6629
6257
5664
4792
3862
2662
1179
-501
-2309
-4023
-5343
-6116
-6562
-6605
-6280
-5630
-4448
-2919
-1253
478
2067
3283
4202
4903
5351
5584
5451
5017
4369
3644
3102
2713
2531
2451
2249
2064
1965
1888
1857
1688
1267
615
-299
-1297
-2196
-2919
-3509
-4059
-4379
-4462
-4279
-3684
-2808
-1719
-554
460
1346
2191
2915
3528
3962
4084
3890
3546
3176
2826
2573
2249
1785
1282
773
399
197
45
-173
-355
-681
-1113
-1392
-1617
-1721
-1789
-1973
-2139
-2203
-2503
-3208
-4197
-5581
-7144
-8543
-9825
-10899
-11770
-12608
-13066
-12782
-11979
-10590
-8606
-6419
-4145
-1945
191
2418
4471
6069
7176
7909
8217
8148
8047
7970
7852
7700
7374
7055
6953
6908
6936
7039
6819
6233
5400
4255
3044
1749
321
-1240
-2876
-4421
-5596
-6153
-6284
-5992
-5351
-4525
-3384
-2055
-558
997
2311
3300
3965
4404
4568
4562
4532
4340
3985
3520
3011
2736
2748
2818
2894
2842
2509
2112
1700
1187
613
-86
-984
-1995
-2945
-3706
-4092
-4223
-4237
-3968
-3460
-2830
-1968
-903
205
1196
1957
2448
2848
3180
3354
3469
3473
3282
2924
2611
2399
2199
2089
1858
1375
892
441
50
-223
-507
-859
-1209
-1621
-2020
-2200
-2197
-2166
-2144
-2109
-2358
-3071
-4213
-5790
-7294
-8565
-9869
-11027
-11987
-12825
-13134
-12694
-11657
-9894
-7639
-5423
-3158
-848
1321
3489
5307
6517
7326
7695
7629
7344
7178
7119
7082
6965
6719
6719
6928
7083
7274
7385
7080
6322
5178
3777
2398
916
-758
-2468
-4046
-5346
-6213
-6416
-6091
-5410
-4393
-3325
-2104
-628
783
2015
3024
3672
3979
4028
3946
3839
3872
3813
3542
3251
3013
3036
3220
3369
3381
3149
2696
2016
1246
556
-139
-969
-2013
-2994
-3754
-4198
-4278
-4079
-3650
-3162
-2604
-1954
-1081
-38
857
1514
1983
2275
2471
2726
2991
3230
3346
3233
3037
2869
2739
2591
2356
1946
1349
629
-17
-555
-908
-1134
-1469
-1805
-2122
-2324
-2216
-1941
-1660
-1376
-1243
-1701
-2630
-3930
-5528
-7165
-8754
-10230
-11466
-12470
-13232
-13222
-12312
-10867
-8975
-6648
-4231
-1862
326
2220
4029
5491
6236
6515
6584
6432
6220
6193
6316
6527
6839
6971
7150
7649
7976
8036
7839
7029
5873
4438
2671
946
-675
-2322
-3888
-5089
-5846
-6065
-5726
-5047
-4086
-2956
-1843
-752
286
1241
2038
2563
2782
2833
2963
3159
3351
3647
3943
4196
4331
4325
4373
4445
4283
3748
2957
1975
850
-212
-1162
-1932
-2572
-3266
-3760
-3920
-3768
-3343
-2813
-2364
-1897
-1432
-1078
-661
-167
305
784
1130
1408
1863
2421
2983
3541
4010
4217
4216
3972
3609
3257
2714
1909
955
-10
-806
-1401
-1785
-1985
-2079
-2076
-2032
-1897
-1667
-1365
-1099
-900
-904
-1456
-2515
-4053
-6039
-8024
-9690
-10998
-11953
-12634
-12991
-12706
-11674
-10106
-8033
-5589
-3257
-1206
468
1837
3185
4299
4956
5291
5466
5534
5674
6032
6620
7377
8044
8385
8480
8549
8433
8027
7356
6195
4668
2876
950
-676
-1901
-2889
-3728
-4346
-4617
-4478
-3978
-3287
-2470
-1706
-1235
-911
-531
-64
511
1052
1485
1901
2440
3104
3909
4780
5583
6106
6064
5642
5080
4439
3747
2839
1666
414
-767
-1770
-2378
-2551
-2549
-2539
-2611
-2719
-2669
-2437
-2192
-1939
-1810
-1845
-1822
-1667
-1201
-444
423
1237
1886
2534
3178
3787
4271
4468
4409
4008
3286
2554
1907
1385
889
254
-341
-824
-1153
-1265
-1184
-1078
-1208
-1389
-1513
-1579
-1482
-1332
-1198
-1267
-1932
-3147
-4596
-6248
-8009
-9529
-10701
-11546
-12122
-12563
-12362
-11318
-9793
-7956
-5861
-3728
-1863
-311
1110
2520
3760
4585
5068
5448
5753
6134
6741
7436
8075
8548
8723
8589
8375
8051
7494
6633
5369
3892
2344
688
-731
-1718
-2474
-3082
-3539
-3761
-3678
-3371
-2917
-2403
-1993
-1696
-1435
-1125
-621
69
831
1553
2167
2908
3792
4662
5423
5994
6274
6088
5559
4861
4022
3084
1993
880
-131
-1046
-1713
-2158
-2367
-2438
-2514
-2596
-2660
-2616
-2490
-2406
-2411
-2350
-2182
-1922
-1456
-753
93
1002
1825
2536
3183
3621
3907
4084
4038
3779
3354
2805
2256
1767
1338
946
599
215
-200
-553
-843
-1079
-1246
-1435
-1600
-1707
-1878
-1932
-1840
-1609
-1363
-1696
-2726
-4107
-5819
-7736
-9428
-10673
-11431
-11948
-12354
-12234
-11302
-9839
-7965
-5710
-3450
-1586
-236
891
2021
3083
3899
4517
5048
5431
5818
6454
7339
8244
9011
9336
9115
8617
7925
7103
6133
4835
3319
1733
152
-1149
-1916
-2311
-2548
-2731
-2886
-2934
-2849
-2671
-2393
-2079
-1968
-1980
-1839
-1412
-583
499
1597
2669
3665
4501
5280
5973
6423
6493
6028
5162
4177
3163
2213
1424
712
67
-552
-1143
-1516
-1676
-1775
-1977
-2321
-2743
-3120
-3372
-3477
-3282
-2884
-2449
-1903
-1187
-309
668
1662
2515
3074
3324
3344
3311
3307
3243
3137
2954
2645
2344
2093
1891
1714
1504
1133
505
-333
-1134
-1626
-1946
-2191
-2265
-2197
-2092
-1920
-1584
-1097
-670
-856
-1805
-3249
-5205
-7521
-9594
-10940
-11621
-11989
-12222
-11911
-10808
-9229
-7352
-5162
-2965
-1331
-360
248
909
1708
2467
3189
3958
4702
5493
6480
7634
8797
9709
9961
9485
8574
7446
6238
5019
3763
2537
1281
31
-867
-1222
-1265
-1290
-1388
-1651
-2081
-2550
-2943
-3089
-3064
-3042
-2913
-2500
-1819
-760
665
2154
3520
4578
5212
5573
5734
5737
5558
5029
4178
3302
2577
1980
1529
1284
1053
653
59
-616
-1184
-1739
-2373
-2942
-3444
-3892
-4152
-4071
-3589
-2791
-1950
-1155
-361
400
1129
1751
2204
2497
2683
2726
2692
2744
2908
3097
3228
3224
3051
2728
2241
1741
1284
752
58
-741
-1522
-2094
-2323
-2300
-2114
-1789
-1478
-1313
-1156
-914
-653
-676
-1418
-2762
-4476
-6611
-8878
-10557
-11291
-11444
-11441
-11270
-10493
-9110
-7621
-6069
-4255
-2557
-1495
-1055
-696
57
1073
2128
3286
4496
5625
6643
7676
8742
9631
10000
9573
8527
7214
5935
4809
3821
3004
2276
1482
686
138
-108
-266
-602
-1162
-1896
-2729
-3477
-3938
-3952
-3625
-3148
-2502
-1674
-587
740
2116
3286
4122
4592
4651
4529
4414
4307
4221
4006
3681
3323
2949
2645
2418
2179
1697
880
-192
-1299
-2182
-2824
-3299
-3614
-3810
-3857
-3689
-3271
-2593
-1758
-1016
-481
-137
121
426
819
1298
1820
2259
2595
2879
3223
3564
3800
3835
3582
3046
2243
1390
732
268
-83
-447
-824
-1175
-1419
-1429
-1322
-1117
-940
-989
-1237
-1470
-1454
-1332
-1654
-2660
-4136
-5904
-7937
-9776
-10771
-10844
-10663
-10632
-10425
-9632
-8428
-7057
-5492
-3819
-2449
-1691
-1246
-551
487
1730
3095
4467
5623
6548
7339
8115
8820
9259
9167
8473
7327
6083
5058
4290
3730
3262
2703
1898
1001
268
-271
-730
-1339
-2065
-2846
-3606
-4092
-4091
-3600
-2821
-1977
-1195
-417
453
1406
2339
3060
3492
3715
3752
3734
3827
4097
4425
4564
4457
4137
3696
3162
2577
1887
1014
8
-1066
-1987
-2682
-3127
-3293
-3272
-3205
-3163
-3020
-2732
-2323
-1898
-1497
-1123
-802
-405
159
876
1670
2391
2948
3315
3507
3530
3475
3341
3077
2674
2124
1545
1032
668
448
283
66
-225
-550
-889
-1306
-1654
-1822
-1792
-1687
-1559
-1272
-897
-986
-1794
-3159
-4858
-6828
-8768
-10248
-10905
-11011
-10897
-10494
-9661
-8409
-7019
-5519
-3970
-2671
-1887
-1457
-965
-278
672
1895
3331
4798
6061
7115
8045
8750
9099
9021
8439
7421
6166
5051
4248
3716
3316
2985
2603
2021
1290
565
-140
-882
-1759
-2678
-3520
-4124
-4292
-4006
-3328
-2401
-1388
-407
390
1059
1680
2239
2666
2901
3027
3166
3381
3697
4123
4565
4811
4783
4468
3881
3092
2149
1169
215
-751
-1635
-2307
-2701
-2853
-2845
-2721
-2577
-2544
-2596
-2627
-2551
-2344
-1958
-1458
-920
-330
387
1222
2046
2759
3237
3448
3414
3176
2864
2576
2384
2222
2057
1784
1398
1031
783
570
235
-195
-685
-1174
-1642
-1975
-2007
-1823
-1549
-1247
-936
-804
-1246
-2341
-4014
-5966
-8047
-9726
-10742
-10980
-10655
-10017
-9128
-8022
-6814
-5607
-4422
-3281
-2430
-1930
-1588
-1164
-435
772
2353
4131
5769
7024
7881
8358
8484
8374
7956
7235
6269
5241
4437
3926
3705
3647
3568
3255
2560
1550
372
-785
-1813
-2675
-3333
-3797
-3971
-3816
-3346
-2525
-1529
-596
121
556
762
924
1112
1426
1935
2539
3133
3696
4220
4635
4910
4920
4659
4066
3191
2205
1225
390
-249
-746
-1085
-1286
-1389
-1557
-1806
-2099
-2412
-2683
-2967
-3137
-3049
-2768
-2234
-1491
-672
196
1019
1671
2161
2426
2509
2512
2383
2268
2223
2271
2404
2528
2587
2495
2216
1750
1176
466
-248
-930
-1409
-1675
-1803
-1799
-1639
-1422
-1143
-926
-690
-580
-979
-2217
-4313
-6711
-8866
-10296
-10758
-10300
-9346
-8267
-7435
-6796
-6192
-5555
-4792
-4003
-3359
-2904
-2534
-2092
-1257
180
2187
4403
6288
7488
7895
7763
7346
6915
6555
6256
5884
5488
5129
4951
4895
4969
4904
4509
3639
2246
605
-988
-2246
-2985
-3161
-3002
-2704
-2382
-2048
-1746
-1452
-1152
-902
-777
-776
-767
-598
-151
581
1600
2760
3803
4516
4798
4727
4329
3738
3142
2592
2122
1653
1296
982
765
545
325
46
-437
-1061
-1810
-2526
-3079
-3407
-3339
-2954
-2392
-1718
-1084
-506
-111
194
394
558
690
795
951
1201
1528
1942
2377
2788
3065
3119
2862
2250
1420
572
-134
-627
-904
-970
-856
-694
-662
-748
-871
-1081
-1237
-1384
-1371
-1441
-1955
-3264
-5188
-7202
-8698
-9336
-9050
-8099
-6904
-5912
-5483
-5548
-5852
-6027
-5866
-5222
-4211
-3071
-2055
-1224
-366
614
1840
3213
4636
5702
6251
6236
5846
5308
4890
4817
5107
5648
6161
6467
6398
5896
5005
3932
2820
1842
979
345
-68
-358
-578
-734
-798
-782
-733
-708
-805
-1068
-1411
-1705
-1805
-1600
-1079
-257
631
1456
2089
2456
2529
2353
2069
1793
1614
1517
1548
1610
1682
1659
1541
1327
1047
673
224
-295
-776
-1218
-1506
-1546
-1450
-1214
-933
-596
-353
-285
-380
-579
-775
-903
-859
-613
-252
96
417
656
778
706
526
259
-29
-348
-604
-760
-807
-764
-688
-626
-615
-667
-796
-1002
-1303
-1587
-1830
-1914
-1838
-1644
-1367
-1079
-809
-561
-327
-179
-148
-313
-678
-1193
-1741
-2171
-2376
-2325
-2021
-1525
-1010
-659
-591
-872
-1385
-2024
-2572
-2915
-2956
-2658
-2060
-1261
-459
208
586
725
597
299
-30
-260
-246
6
512
1141
1851
2488
2931
3115
3052
2799
2465
2114
1850
1706
1744
1939
2261
2588
2774
2824
2695
2459
2075
1639
1176
849
682
660
751
922
1126
1273
1315
1206
950
547
99
-319
-574
-743
-795
-685
-497
-242
-67
-3
-79
-246
-485
-767
-1024
-1158
-1109
-913
-640
-344
-59
130
185
105
-50
-223
-388
-486
-486
-402
-268
-121
47
208
296
263
151
-35
-270
-527
-747
-842
-848
-783
-683
-581
-490
-467
-476
-523
-587
-675
-774
-815
-788
-681
-501
-304
-69
111
221
252
212
179
138
140
135
112
-2
-188
-466
-777
-1096
-1388
-1594
-1676
-1654
-1567
-1452
-1423
-1484
-1688
-1947
-2223
-2421
-2459
-2303
-1987
-1554
-1105
-706
-431
-339
-368
-461
-557
-556
-425
-131
341
919
1482
1949
2324
2557
2706
2729
2699
2645
2616
2629
2654
2699
2743
2760
2718
2627
2479
2264
1967
1633
1286
981
760
652
659
692
716
681
574
422
209
-43
-273
-455
-596
-672
-647
-494
-283
-116
-29
3
-55
-193
-387
-540
-614
-603
-501
-327
-96
50
105
86
16
-112
-281
-453
-555
-589
-560
-525
-502
-503
-511
-512
-530
-530
-574
-605
-644
-675
-715
-725
-702
-618
-484
-348
-209
-158
-212
-292
-337
-334
-287
-230
-141
-114
-139
-184
-134
-11
89
129
115
28
-205
-556
-967
-1335
-1578
-1643
-1542
-1357
-1193
-1096
-1086
-1240
-1519
-1836
-2159
-2337
-2384
-2264
-2034
-1734
-1419
-1171
-1006
-913
-838
-747
-578
-314
66
520
1019
1496
1925
2270
2541
2750
2919
3039
3098
3102
3080
3001
2895
2739
2588
2438
2263
2078
1874
1657
1389
1084
777
509
312
241
230
291
358
374
300
166
-62
-332
-528
-578
-512
-364
-171
5
101
20
-123
-234
-278
-315
-292
-202
-78
-7
-22
-41
-79
-136
-200
-232
-212
-253
-390
-495
-518
-485
-449
-411
-305
-174
-181
-378
-607
-746
-738
-658
-542
-368
-225
-139
-115
-91
-86
-117
-249
-438
-552
-563
-459
-339
-230
-144
-88
-51
-66
-172
-331
-472
-485
-391
-267
-129
-32
-70
-300
-716
-1225
-1689
-2007
-2222
-2310
-2320
-2250
-2191
-2177
-2230
-2333
-2455
-2562
-2561
-2405
-2110
-1767
-1390
-1035
-643
-282
46
349
650
943
1234
1494
1733
2015
2307
2585
2861
3092
3330
3506
3523
3393
3154
2900
2682
2550
2459
2413
2333
2226
2049
1756
1415
1082
754
441
177
-39
-129
-171
-184
-181
-186
-214
-269
-317
-341
-362
-407
-416
-348
-209
-19
136
246
324
365
321
198
39
-65
-95
-69
0
61
94
84
-28
-197
-334
-476
-569
-614
-606
-572
-529
-499
-450
-400
-392
-449
-605
-800
-881
-783
-608
-490
-448
-346
-210
-222
-434
-594
-581
-522
-536
-543
-491
-452
-487
-507
-407
-262
-177
-135
-96
-99
-117
-89
53
154
4
-397
-979
-1640
-2304
-2832
-3126
-3166
-3013
-2724
-2384
-2175
-2211
-2463
-2805
-3071
-3154
-2959
-2504
-1869
-1188
-597
-133
193
452
684
945
1211
1506
1832
2204
2568
2912
3241
3560
3891
4146
4293
4245
4050
3709
3294
2946
2717
2625
2580
2553
2470
2229
1792
1243
659
143
-262
-467
-459
-341
-249
-217
-231
-290
-365
-451
-501
-531
-552
-535
-443
-299
-157
-11
170
324
390
341
253
123
-65
-215
-271
-214
-101
20
105
135
58
-153
-424
-664
-850
-968
-1006
-908
-715
-553
-502
-547
-583
-604
-645
-742
-805
-776
-730
-679
-583
-436
-238
-116
-115
-203
-348
-503
-618
-634
-580
-469
-365
-314
-311
-309
-367
-510
-648
-709
-687
-676
-743
-819
-774
-612
-427
-295
-246
-297
-467
-824
-1252
-1589
-1705
-1653
-1574
-1471
-1325
-1162
-1097
-1169
-1350
-1546
-1676
-1662
-1506
-1195
-824
-486
-195
46
240
412
571
752
964
1180
1400
1655
1925
2168
2361
2521
2681
2767
2765
2670
2557
2413
2287
2199
2189
2213
2225
2172
2048
1882
1613
1317
1012
752
531
365
257
230
245
209
85
-104
-293
-418
-487
-516
-514
-488
-434
-384
-295
-221
-120
-50
-8
-17
-74
-92
-70
-1
22
0
-34
-44
-41
-77
-147
-229
-295
-349
-418
-516
-630
-694
-679
-604
-556
-589
-681
-797
-902
-966
-968
-920
-815
-717
-659
-671
-715
-749
-781
-837
-927
-1012
-1039
-968
-792
-576
-391
-263
-159
-72
-48
-61
-59
-3
56
48
-82
-305
-587
-864
-1089
-1238
-1262
-1210
-1118
-1084
-1137
-1269
-1428
-1575
-1698
-1733
-1643
-1433
-1138
-821
-537
-310
-136
-30
61
172
341
595
902
1210
1469
1679
1872
2043
2187
2304
2381
2440
2470
2465
2439
2349
2217
2094
2005
1942
1858
1748
1596
1400
1151
864
617
415
276
214
213
241
244
200
96
-56
-227
-385
-473
-474
-406
-308
-218
-164
-141
-145
-179
-221
-259
-273
-251
-213
-197
-204
-210
-234
-287
-338
-385
-405
-407
-416
-452
-517
-592
-652
-650
-621
-561
-498
-468
-488
-550
-618
-688
-741
-772
-762
-722
-659
-612
-573
-570
-608
-631
-639
-610
-540
-434
-318
-242
-211
-230
-255
-268
-254
-185
-100
-26
8
14
-8
-55
-83
-100
-84
-61
-25
40
105
132
118
81
32
11
-27
-77
-129
-174
-195
-204
-215
-227
-261
-287
-336
-374
-394
-433
-446
-436
-403
-370
-343
-309
-244
-167
-90
-43
-21
-9
38
130
263
405
564
738
906
1034
1087
1097
1094
1122
1146
1188
1238
1316
1420
1470
1462
1374
1267
1163
1046
936
806
715
651
627
596
511
399
249
141
42
-57
-127
-161
-191
-265
-338
-364
-341
-315
-316
-308
-298
-288
-299
-328
-325
-301
-243
-191
-182
-194
-215
-240
-283
-346
-401
-450
-471
-472
-454
-421
-397
-417
-489
-573
-622
-606
-538
-466
-417
-396
-396
-432
-448
-436
-426
-411
-441
-470
-488
-486
-428
-356
-289
-251
-229
-208
-219
-214
-182
-107
-39
15
85
174
255
252
186
74
-68
-219
-346
-415
-420
-372
-323
-292
-319
-407
-513
-617
-726
-827
-877
-821
-683
-541
-436
-350
-266
-213
-210
-219
-197
-103
49
211
373
547
711
853
991
1112
1197
1243
1283
1335
1371
1383
1387
1401
1423
1415
1378
1343
1294
1221
1123
1001
847
693
554
442
360
308
278
232
146
22
-110
-223
-293
-296
-236
-155
-100
-90
-118
-163
-219
-278
-326
-364
-376
-362
-307
-231
-179
-187
-229
-272
-333
-397
-457
-478
-466
-446
-406
-350
-283
-234
-217
-236
-308
-413
-503
-523
-477
-421
-393
-383
-403
-432
-469
-524
-553
-530
-447
-361
-314
-313
-320
-286
-210
-135
-97
-86
-95
-71
-39
-19
-3
6
63
141
180
175
136
124
116
65
-10
-59
-38
19
64
66
7
-108
-253
-381
-442
-469
-507
-561
-612
-629
-622
-634
-659
-649
-628
-579
-542
-531
-518
-496
-405
-267
-123
-7
86
185
277
359
427
495
606
746
871
928
955
1005
1080
1152
1183
1196
1174
1130
1066
1019
1005
1001
988
996
1013
999
933
820
691
560
427
325
279
255
242
225
208
147
38
-66
-134
-152
-157
-173
-151
-92
-46
-50
-92
-137
-156
-151
-135
-116
-121
-180
-261
-293
-288
-268
-279
-338
-433
-488
-488
-462
-422
-403
-369
-353
-368
-415
-463
-481
-501
-517
-494
-445
-394
-351
-335
-324
-335
-357
-323
-270
-235
-266
-285
-237
-162
-130
-158
-195
-203
-210
-232
-221
-184
-155
-159
-183
-193
-189
-211
-268
-312
-292
-223
-195
-207
-219
-210
-193
-213
-256
-281
-290
-261
-240
-251
-284
-314
-304
-257
-211
-180
-150
-94
-42
-28
-62
-103
-62
22
125
216
286
311
287
264
281
326
383
471
563
650
687
703
714
700
677
664
690
724
751
746
702
641
605
632
683
698
620
525
458
405
360
329
340
368
374
306
191
96
56
76
77
40
-8
-30
-21
-54
-119
-181
-197
-169
-113
-65
-58
-72
-100
-117
-132
-176
-230
-256
-252
-227
-184
-105
-51
-71
-169
-291
-372
-373
-310
-218
-118
-47
2
-24
-157
-359
-488
-455
-312
-183
-143
-175
-248
-307
-343
-315
-253
-242
-309
-424
-511
-524
-449
-322
-197
-126
-149
-251
-346
-398
-405
-367
-304
-237
-194
-153
-73
5
23
-23
-89
-134
-187
-265
-293
-242
-163
-119
-132
-142
-131
-113
-110
-118
-126
-171
-247
-311
-274
-144
28
172
288
368
338
255
139
78
108
229
385
506
586
634
675
689
692
658
611
579
585
654
723
805
845
846
771
649
552
512
525
500
420
303
213
134
95
99
159
181
120
18
-89
-195
-301
-368
-348
-249
-144
-33
11
-27
-138
-274
-369
-404
-398
-328
-198
-59
25
24
-31
-64
-75
-145
-283
-400
-415
-317
-172
-93
-84
-73
-41
-11
-50
-188
-375
-540
-584
-495
-316
-108
50
115
70
-60
-234
-425
-594
-642
-547
-365
-176
-57
13
23
-66
-256
-450
-532
-473
-305
-144
-51
-7
24
62
40
-68
-197
-223
-169
-128
-116
-73
32
108
90
6
-9
26
48
24
-5
-1
46
109
149
166
169
187
193
170
133
98
104
166
251
316
349
347
339
308
252
236
273
328
354
380
411
437
397
339
292
269
274
310
353
358
317
226
141
78
104
196
273
255
140
15
-51
-65
-69
-41
16
92
116
81
11
-73
-143
-197
-225
-205
-129
-52
4
1
-39
-98
-169
-211
-207
-172
-105
-75
-81
-64
-52
-37
-45
-92
-150
-185
-184
-126
-47
54
75
-24
-134
-187
-127
-13
18
-4
-41
-88
-164
-211
-173
-74
-15
-40
-67
-96
-115
-172
-223
-243
-233
-214
-205
-218
-262
-224
-143
-83
-159
-298
-364
-278
-123
-47
-88
-186
-234
-247
-231
-175
-64
58
104
51
-71
-172
-211
-168
-53
95
210
300
339
288
201
112
62
56
86
132
205
275
298
298
278
292
307
264
140
8
-43
-2
67
166
289
381
394
288
141
26
-23
-61
-75
-60
36
166
242
261
226
140
1
-118
-161
-92
-18
9
-8
-24
-51
-92
-91
-78
-41
-31
-66
-123
-200
-275
-308
-252
-153
-25
105
193
187
50
-138
-266
-241
-76
130
270
309
271
186
75
-13
-26
40
101
101
50
3
16
85
195
280
284
201
92
-51
-213
-340
-367
-252
-97
37
115
168
125
1
-190
-387
-461
-427
-285
-123
26
85
78
2
-94
-164
-205
-200
-180
-162
-182
-183
-115
4
123
175
184
154
73
-88
-242
-283
-198
-9
197
346
359
284
146
50
-15
-82
-130
-137
-66
30
113
159
233
284
278
201
72
-34
-107
-130
-119
-56
53
204
322
316
218
89
-10
-108
-204
-247
-192
-1
256
461
481
311
49
-215
-371
-446
-390
-183
45
175
214
194
101
-36
-238
-412
-449
-361
-233
-111
-46
-14
15
51
111
113
54
-68
-200
-307
-347
-229
-5
246
395
409
307
114
-80
-181
-136
11
153
228
239
174
58
-49
-104
-58
27
51
36
20
12
1
-14
16
79
86
34
-30
-104
-160
-158
-85
2
27
-15
-56
-61
-83
-134
-158
-175
-171
-138
-74
-5
70
108
82
15
-93
-187
-221
-149
-20
104
194
213
136
-6
-130
-129
-34
94
181
202
186
102
24
-14
12
57
121
158
150
103
6
-18
10
53
92
140
165
116
16
-58
-64
-13
58
116
145
114
62
18
-3
-23
-31
-22
-6
10
-12
-52
-50
-23
-9
-36
-49
-32
-10
-14
-85
-172
-204
-204
-177
-125
-58
4
26
-12
-63
-80
-61
-44
-50
-50
-27
21
86
128
113
68
17
4
39
79
101
71
19
-23
-28
20
99
194
246
216
83
-70
-165
-189
-130
-11
108
185
202
135
12
-115
-200
-217
-190
-125
-46
27
95
130
113
59
-3
-50
-87
-136
-172
-168
-139
-95
-58
-19
22
41
13
-62
-155
-233
-261
-241
-177
-101
-32
31
99
146
119
29
-70
-142
-160
-129
-60
50
151
208
211
172
123
75
43
33
49
71
85
96
96
109
120
123
124
112
81
33
-36
-82
-67
2
99
185
227
187
94
-12
-101
-142
-130
-87
-33
10
14
11
13
4
-19
-44
-66
-105
-148
-156
-100
-32
15
39
38
19
-26
-80
-117
-113
-84
-24
38
79
101
79
42
4
-40
-93
-138
-153
-130
-81
-26
20
57
75
82
72
33
-38
-132
-189
-165
-64
48
137
198
202
148
64
-15
-60
-71
-48
3
66
118
143
141
114
77
32
-3
-18
-34
-60
-82
-59
-5
46
72
66
42
-5
-53
-94
-120
-127
-120
-85
-28
33
64
50
3
-73
-140
-168
-159
-130
-84
-49
-18
27
82
135
156
148
114
60
-1
-47
-60
-34
28
110
200
257
265
207
115
19
-54
-100
-121
-113
-63
21
87
109
78
1
-87
-162
-202
-187
-126
-51
8
44
54
58
53
38
-6
-64
-101
-98
-63
-12
24
42
54
59
61
48
43
38
26
35
66
100
127
132
111
85
57
41
31
29
32
28
29
17
-2
-30
-61
-83
-75
-54
-37
-17
-15
-28
-51
-71
-74
-72
-84
-106
-121
-126
-99
-60
-19
27
66
79
50
-15
-89
-142
-163
-134
-71
4
67
83
55
-5
-76
-133
-174
-179
-147
-97
-32
20
40
26
-11
-45
-62
-66
-72
-64
-45
-17
31
81
119
137
125
85
38
-10
-47
-49
-30
3
39
73
103
123
122
107
88
68
51
40
28
23
20
53
103
145
165
158
126
73
20
-24
-41
-31
2
48
88
102
89
63
22
-19
-55
-94
-114
-110
-84
-55
-18
14
33
36
11
-36
-87
-118
-131
-123
-93
-55
-12
27
62
76
74
43
-6
-45
-70
-69
-52
-20
17
66
100
112
99
60
15
-38
-77
-100
-98
-62
-15
33
64
69
56
18
-29
-60
-66
-60
-40
-8
14
23
16
9
5
-4
-16
-31
-44
-36
-21
9
47
75
85
81
63
43
19
-15
-32
-39
-34
-23
-17
-19
-19
-18
-17
-14
-13
-16
-21
-32
-38
-41
-29
-14
-4
5
2
-4
-19
-24
-28
-29
-16
-3
11
12
3
-8
-26
-36
-25
-3
18
31
38
36
21
12
6
-2
-13
-23
-24
-25
-27
-31
-31
-30
-33
-40
-48
-53
-60
-59
-55
-47
-34
-24
-12
-10
-12
-15
-18
-10
-1
9
32
51
61
63
67
71
80
88
94
93
77
65
55
48
43
40
38
35
33
29
23
20
16
13
15
18
14
15
15
9
9
6
5
1
-3
-9
-12
-16
-16
-13
-9
-5
3
6
15
18
20
22
15
18
11
9
15
15
25
30
34
31
25
11
-4
-14
-23
-25
-27
-26
-29
-33
-36
-39
-40
-42
-42
-45
-53
-60
-61
-49
-39
-25
-17
-10
-14
-27
-39
-48
-46
-31
-15
-7
3
1
-1
1
5
8
-2
-18
-32
-35
-31
-26
-21
-25
-27
-25
-21
-13
-21
-32
-37
-40
-36
-31
-20
-8
-2
4
-1
-7
-13
-16
-20
-18
-7
4
23
34
46
53
57
54
52
49
46
39
32
35
39
47
55
63
71
70
55
38
20
4
0
-1
8
21
29
32
20
9
-2
-11
-7
-4
1
3
-1
-6
-12
-15
-9
-3
4
0
-7
-10
-12
-10
2
19
32
43
42
35
26
12
4
10
14
16
10
3
3
9
17
21
27
30
24
23
17
8
6
5
7
2
-9
-22
-30
-42
-50
-50
-39
-36
-37
-38
-44
-50
-51
-55
-51
-49
-50
-49
-50
-45
-40
-35
-32
-28
-29
-25
-23
-22
-16
-12
-11
-7
-2
-2
-8
-7
-11
-16
-14
-8
-6
-4
-1
2
3
3
7
13
13
10
11
11
1
-3
-1
2
6
10
19
20
20
15
1
-2
2
6
12
20
20
22
23
22
24
28
28
29
35
35
29
24
18
16
15
18
17
13
8
4
4
4
8
15
17
25
32
37
41
40
40
32
25
19
14
10
10
11
10
7
-1
-5
-7
-14
-17
-18
-17
-15
-18
-15
-13
-15
-14
-22
-29
-35
-43
-45
-46
-37
-31
-25
-19
-16
-15
-20
-21
-22
-20
-15
-9
-7
-3
-2
-4
2
-3
-2
-1
1
0
2
-3
-2
-2
-1
8
13
20
15
15
12
7
2
4
7
13
18
16
17
6
-7
-11
-14
-9
-6
-5
0
2
-2
-5
-4
-9
-10
-7
-6
1
-3
1
6
4
6
6
5
6
0
0
1
1
6
13
18
17
16
21
21
15
13
17
11
9
8
6
1
-4
-7
-6
-4
-2
-1
0
1
3
4
1
-1
-5
-9
-8
-3
-3
-4
-3
-3
-2
0
3
10
14
13
8
1
-4
-4
0
0
-1
0
-1
-7
-14
-18
-22
-20
-17
-10
-4
-4
-9
-9
-9
-12
-10
-12
-10
-11
-16
-19
-17
-15
-9
-7
0
-1
-2
3
8
4
0
-2
-5
-1
0
3
6
10
13
11
11
4
-1
5
1
-3
-5
-4
1
4
4
2
5
0
-4
-7
-7
-5
-1
1
6
10
9
6
8
9
6
5
2
-3
-6
-1
3
1
6
8
7
5
5
6
3
2
1
1
-1
2
11
11
16
20
23
20
16
12
11
13
13
11
11
8
4
4
1
0
1
-2
-3
0
-2
-4
-7
-5
-6
-5
-1
-2
-5
-5
-3
-8
-6
-11
-13
-12
-14
-11
-6
-5
-4
-3
-2
0
-1
-4
-2
-3
-9
-10
-11
-7
-7
-6
0
-7
-12
-9
-14
-14
-15
-12
-6
-5
-4
-3
-3
1
1
2
6
3
1
0
-1
1
4
5
11
12
10
10
9
9
3
-1
-3
-4
-3
-1
-2
-3
-4
-1
0
1
2
2
4
9
9
4
4
4
-1
-2
4
7
7
8
6
7
2
7
8
3
4
0
-2
-5
-3
-3
-2
-2
-3
-1
-4
-4
-3
-8
-6
-6
-5
-5
-3
-4
-5
-6
-6
-4
-5
-5
0
1
0
4
0
1
3
0
-2
5
3
1
1
1
-2
-4
-1
0
3
4
1
1
2
-1
0
-3
-2
1
5
7
6
6
6
5
6
9
8
6
7
8
4
1
0
-1
2
-1
-1
0
0
-3
-7
-8
-9
-12
-10
-10
-8
-5
-4
-1
-3
2
3
1
4
3
7
2
3
3
3
3
3
4
3
3
4
5
1
1
1
0
-2
-3
-2
0
-1
1
-3
-3
-1
-4
-5
-3
-4
-2
-1
-4
-6
-3
-3
0
0
0
1
1
6
4
7
7
10
11
6
7
3
-1
-6
-5
-4
-6
-3
-4
1
0
0
0
1
2
1
2
1
-1
-2
0
2
4
4
5
6
10
8
7
4
7
5
2
-1
-3
-4
-6
-5
-10
-12
-10
-12
-10
-9
-9
-9
-12
-7
-7
-6
-3
1
2
-3
2
3
3
-3
4
1
0
0
1
2
1
4
3
6
5
8
6
3
1
1
-1
-2
-1
-2
-1
-1
-2
-2
0
-4
-5
-2
0
1
5
5
4
8
7
6
8
9
3
4
1
-4
-5
-4
-7
-1
-1
-6
-3
-5
-2
-2
-4
-3
-3
0
-1
1
-1
-2
1
0
2
0
1
1
2
9
10
10
12
12
15
11
13
15
12
9
5
3
2
3
-3
-7
-5
-7
-11
-5
-5
-10
-8
-6
-7
-6
-5
-4
0
-1
1
-1
-3
-3
-4
-2
-3
4
1
-1
-3
-2
0
1
3
4
2
0
0
0
2
2
2
-1
-6
-9
-11
-12
-12
-10
-3
-1
-2
-1
0
0
-1
-1
-4
-2
3
2
-1
-4
-7
-6
-5
-5
-7
-2
-1
-3
0
1
5
5
4
6
8
9
13
11
7
4
-1
2
1
0
1
3
2
1
1
0
5
4
8
7
8
11
12
9
5
5
5
5
0
-3
-6
-10
-10
-13
-16
-17
-18
-16
-14
-12
-11
-6
-1
3
3
4
6
0
-1
1
1
5
3
2
3
4
3
3
2
3
3
3
5
4
3
5
4
0
2
4
5
0
1
2
4
-2
-3
1
2
1
2
7
7
2
4
0
-1
-1
-3
-8
-13
-9
-7
-6
-6
-2
0
0
10
8
5
5
2
0
0
0
-1
-5
-5
-4
-4
-2
-4
-2
0
0
1
1
0
3
3
4
10
7
5
8
7
5
2
5
3
3
1
1
0
-2
1
3
2
-2
3
0
0
1
-1
-3
-1
-1
-2
2
1
2
1
0
2
2
-4
-4
-1
-1
-1
0
-2
0
0
-3
2
-3
-3
-1
-1
4
0
0
-2
-6
-4
-3
-5
-4
-5
-4
-4
-2
0
2
3
2
4
2
2
-6
-6
-8
-11
-10
-8
-11
-10
-11
-8
-3
-4
-5
-4
-6
-5
-3
-4
-1
-3
1
-2
0
1
-1
2
1
2
2
2
-2
5
6
7
7
8
10
9
6
3
6
3
3
5
2
5
5
5
6
3
9
8
7
6
9
7
5
8
6
3
0
0
-3
-6
-8
-9
-9
-8
-8
-5
-5
-4
-9
-9
-7
-9
-6
-6
-6
-5
-5
-4
-4
0
3
1
2
7
4
4
4
5
5
6
6
6
7
3
3
5
3
2
4
2
3
3
0
-2
0
-6
-6
-6
-4
-3
-7
-10
-11
-8
-10
-7
-5
-3
-1
-1
3
2
3
5
6
6
3
3
0
0
1
2
3
5
4
6
6
8
7
8
8
7
12
9
9
11
9
13
12
12
11
14
16
15
15
17
15
11
10
10
6
5
3
-6
-5
-6
-7
-5
-7
-8
-10
-11
-14
-17
-17
-16
-15
-18
-14
-17
-17
-17
-16
-10
-11
-4
-7
-3
-4
-3
-5
-7
-6
-8
-4
-5
-9
-3
-6
-2
-2
-4
-1
-2
-1
-3
-4
-4
-2
-5
-7
-4
-5
-8
-6
-6
-8
-5
-7
-3
-4
-2
-1
-1
0
-1
4
3
1
2
1
2
0
-3
-4
-5
-6
-2
1
-2
3
6
2
3
6
8
6
5
9
9
10
5
8
10
13
14
17
18
18
17
16
13
12
10
9
8
8
9
5
9
3
0
-1
-2
-4
-6
-7
-7
-7
-7
-5
-5
-7
-7
-6
-9
-10
-8
-4
-3
1
4
3
7
8
6
4
3
2
5
2
1
-1
0
-1
-1
1
1
4
3
5
2
2
2
-2
-1
-2
-1
0
-1
-2
-2
-1
-3
-1
3
5
4
6
9
5
3
1
-1
-6
-1
-4
-6
-10
-11
-13
-17
-14
-10
-10
-9
-4
-6
-7
-4
-1
3
5
5
8
6
5
3
3
9
6
7
8
5
5
3
4
6
2
0
1
0
-2
-2
-4
-3
-3
-3
-1
2
2
-2
-5
-8
-9
-8
-9
-6
-4
-3
-3
1
2
2
8
10
13
14
14
11
4
1
-3
-4
-8
-9
-13
-14
-12
-16
-13
-11
-8
-7
-7
-5
0
2
2
4
3
3
3
4
4
3
5
6
6
7
4
6
8
11
8
9
8
3
4
3
6
1
-2
-3
-8
-11
-17
-13
-12
-15
-9
-8
-3
-2
-3
1
5
7
11
6
4
8
4
1
1
0
-3
1
1
1
0
-1
1
0
-2
-2
-3
-6
-4
-9
-9
-5
-3
-4
-4
-4
-4
0
-4
-4
-4
-2
-1
1
5
6
6
7
9
13
14
12
13
13
6
6
2
4
3
-2
-2
-4
-6
-9
-7
-7
-7
-7
-3
-2
-2
-3
-4
-3
2
3
0
2
5
7
9
11
10
15
12
13
13
10
9
9
7
3
4
-1
-4
-5
-9
-12
-13
-18
-19
-19
-19
-18
-13
-10
-3
3
5
4
3
8
5
7
1
6
6
4
1
1
3
5
7
9
8
7
5
3
3
1
4
0
-3
-2
-3
-7
-8
-4
-5
-2
1
-3
-3
-1
-1
0
0
0
2
4
5
6
2
2
2
2
2
2
1
1
-3
-7
-8
-11
-10
-8
-8
-6
-7
-7
-9
-13
-11
-9
-10
-8
-5
-12
-9
-12
-14
-7
-6
-2
3
6
9
10
8
3
4
2
3
2
-2
-3
0
2
0
1
5
4
5
4
1
-1
-3
0
2
7
9
10
13
14
13
12
11
12
13
10
14
20
15
17
14
13
13
9
7
7
5
-3
-4
-7
-5
-9
-9
-6
-4
-1
-4
-3
-3
-5
-6
-5
-5
-7
-5
-8
-11
-10
-9
-8
-9
-6
-2
-6
-4
1
1
2
-2
1
5
5
7
5
7
5
4
4
1
3
2
1
-4
-7
-3
-5
0
4
6
3
2
6
7
3
3
3
2
2
0
1
-4
-3
-4
-8
-10
-7
-7
-6
-3
-1
-2
-2
-3
-1
-2
-4
-3
-8
-9
-8
-11
-6
-5
-6
-4
-5
-7
-5
-9
-10
-8
-6
-4
2
9
8
12
12
9
10
8
5
5
3
-2
-2
-3
-7
-4
-1
5
5
3
5
3
4
0
-2
-1
-3
-1
-3
-2
-5
-8
-8
-9
-11
-10
-8
-8
-1
2
-1
2
3
2
0
3
4
1
1
0
0
3
5
9
12
12
16
15
14
15
12
14
11
8
6
6
1
-1
-5
-10
-7
-7
-2
-2
-3
1
1
1
1
1
-2
-1
0
0
-3
-4
-4
-1
-5
-7
-8
-9
-8
-11
-8
-3
-1
4
7
11
14
14
13
11
10
7
7
3
1
1
-3
0
-3
-4
-2
-4
-3
-2
-4
-6
-2
1
-3
-1
-1
-2
-2
-7
-5
-6
-10
-9
-9
-8
-9
-5
-5
-6
-8
-7
-5
-2
0
1
3
3
5
4
5
6
8
9
10
9
11
7
6
5
1
3
-2
-2
-2
-6
-7
-5
-8
-7
-5
-2
-4
-8
-5
-6
-3
-4
-2
1
-4
1
3
-1
0
2
1
-1
-1
0
-3
-5
-5
-1
-2
-3
0
4
9
7
12
8
10
10
10
7
4
3
-2
1
1
-1
0
-1
-5
-6
-5
-7
-3
-4
-5
-5
-1
0
0
0
0
-1
-3
3
3
1
4
-2
1
-1
-5
-2
-4
-2
-1
-1
2
3
3
6
8
6
7
10
10
7
3
2
-2
0
2
2
3
2
4
1
-2
0
-1
0
-2
1
1
-2
0
-1
-4
-5
-1
0
0
-1
-3
1
1
5
1
2
4
3
4
2
2
5
0
3
3
4
4
6
9
6
3
2
1
-5
-4
-7
-7
-8
-11
-11
-11
-7
-6
-6
-4
-4
0
0
-4
-6
-4
-5
-8
-5
-5
-7
-4
-4
-1
0
1
3
2
-2
-5
2
-5
-5
1
0
4
2
4
0
1
4
3
5
6
3
6
5
2
6
4
6
4
4
4
-1
-2
-2
-1
-3
0
2
2
1
4
7
3
3
1
5
4
-2
-4
-1
-4
-6
-4
-1
0
0
-1
-2
-1
-1
2
-6
-5
-1
0
4
3
3
2
3
3
2
7
1
-1
3
4
3
1
7
4
1
2
2
1
-1
0
-5
-7
-8
-8
-7
-3
-7
-8
-5
-9
-9
-10
-9
-7
-3
-4
-6
-5
-5
-4
-3
2
1
3
5
6
5
3
3
-1
1
-1
-6
-6
-4
-4
-3
-1
-2
4
9
6
7
8
6
5
6
10
7
9
9
8
6
6
3
5
4
3
6
4
0
2
4
2
1
2
-3
0
-1
-8
-6
-9
-8
-4
-6
-7
-2
-5
-3
1
0
0
1
-1
-2
-2
-3
-5
-4
0
-4
-1
0
-3
2
2
1
0
1
1
0
1
2
2
4
5
5
5
2
4
2
0
0
2
5
1
-1
2
2
1
-3
-2
-4
-2
-4
-3
-1
-4
1
-3
-1
-2
-4
-3
-8
-7
-8
-9
-8
-7
-6
-5
-3
-6
-3
-2
0
2
0
3
1
4
6
6
4
3
6
7
6
3
9
11
7
9
10
9
10
12
12
8
6
7
8
5
2
3
-1
1
-2
-1
-3
1
2
1
0
-2
-1
1
-2
-4
-4
-4
-7
-6
-8
-7
-7
-8
-9
-10
-10
-10
-9
-7
-8
-9
-5
-3
-4
-4
0
-1
-3
-4
-3
-1
-4
-1
1
3
5
1
3
0
0
2
3
6
8
7
5
8
4
2
1
1
-1
-1
1
-3
2
2
-1
-2
-1
1
2
3
1
2
-1
-3
-2
1
-2
-3
0
0
-1
0
3
3
2
3
5
3
6
0
-2
-3
-3
-1
2
0
4
0
-1
0
-4
-1
-2
1
3
5
5
7
7
9
11
7
10
8
6
6
3
4
1
3
1
1
-4
-7
-9
-10
-9
-11
-8
-6
-6
-3
-1
0
1
2
-3
-4
-4
-3
-4
-5
-7
-6
-8
-10
-8
-7
-5
-6
-2
-3
-1
-2
1
0
2
-2
-7
-5
-8
-6
-8
-10
-7
-5
-8
-7
-4
-1
0
3
5
5
7
7
5
5
3
4
0
-2
1
0
-4
-3
0
-1
4
6
9
8
8
9
13
9
8
10
6
11
9
7
8
7
6
6
4
6
5
4
4
7
8
8
6
2
7
8
4
6
2
4
4
2
3
3
3
3
4
4
3
1
-1
-3
2
-1
-4
-7
-7
-6
-7
-10
-10
-12
-12
-9
-11
-6
-7
-7
-6
-7
-5
-3
-4
-5
-5
-6
-3
-6
-6
-5
-4
0
0
-3
-3
-5
-9
-8
-7
-7
-8
-10
-7
-8
-8
-9
-9
-8
-10
-6
-3
-4
1
-2
-4
0
-1
3
6
6
5
6
5
8
8
6
7
5
3
2
2
2
2
5
9
11
7
7
8
8
12
12
9
11
14
14
17
16
13
14
15
11
6
6
3
0
-2
-5
-5
-1
0
-1
1
-3
-5
-9
-6
-4
-5
-2
-2
-4
-3
-3
-4
-2
-5
-6
-7
-7
-7
-8
-7
-5
-7
-8
-5
-2
-4
0
1
0
-2
-4
-4
-10
-9
-7
-6
-4
-3
-4
1
5
7
7
11
14
16
12
11
11
7
8
5
-1
-2
-4
-6
-8
-10
-11
-9
-8
-5
-4
-2
-2
0
5
5
-2
-2
-3
-7
-6
-7
-5
-6
-6
-6
-5
-5
-2
0
-1
-3
-2
-3
-4
-3
-3
-5
-10
-8
-5
-7
-6
-1
2
3
4
3
5
6
10
11
12
14
11
11
8
6
2
0
-2
-2
0
-1
4
7
5
4
7
8
5
4
0
0
-1
-3
-3
-1
-2
5
6
5
6
2
1
-2
1
2
0
3
8
4
1
3
4
0
1
1
1
3
5
3
-2
0
-4
-5
-5
-2
-5
-6
-4
-9
-5
-4
-7
-6
-2
-5
-1
-2
-4
-1
-4
-2
-2
-3
-1
-2
-4
-6
-4
-2
1
4
2
3
7
5
4
5
-2
-5
-8
-12
-12
-12
-8
-8
-8
-9
-12
-6
-4
-3
0
-1
-7
-5
-1
-1
0
2
3
4
2
3
2
2
3
4
8
7
7
12
11
10
9
11
13
12
10
9
8
7
7
8
7
6
8
5
6
8
11
6
5
3
0
-1
-1
-4
-5
-6
-9
-8
-7
-9
-4
-2
0
-2
-2
-2
-2
1
0
-3
-5
-5
-4
-5
-5
0
2
3
5
4
4
2
3
5
2
3
0
-1
-2
-5
-3
-4
-5
-7
-4
-6
-4
-1
-2
-3
-7
-4
-7
-5
-2
-7
-8
-7
-5
-7
-4
-5
-4
-2
2
0
1
2
6
5
4
7
7
7
6
9
8
5
1
5
4
6
6
4
7
2
2
0
1
1
0
-4
-3
-3
-4
-2
-5
-2
-3
-3
-3
-3
-4
-6
-9
-10
-7
-6
-5
-4
-6
-5
-8
-9
-9
-10
-5
-3
0
2
3
1
3
-2
-1
0
-5
-9
-11
-12
-13
-12
-8
-8
-6
-2
-4
0
3
2
2
2
7
9
11
9
12
14
8
8
8
10
14
14
15
16
16
12
9
9
10
6
5
5
3
4
2
2
3
3
0
3
4
5
4
4
7
11
11
11
12
11
12
6
6
6
3
6
1
3
2
-2
-4
-5
-9
-13
-13
-14
-15
-11
-13
-14
-11
-10
-5
-11
-6
-2
-6
-4
-2
-4
-3
-5
-1
1
2
-2
-3
-2
-4
-3
-5
-5
-2
-1
-5
-6
-6
-5
-4
-3
-4
-5
-7
-5
-9
-7
-6
-5
-2
-3
-2
-2
0
0
0
-1
-1
1
5
-1
-1
-5
-7
-5
-9
-9
-9
-9
-10
-11
-11
-11
-10
-6
-4
-2
3
-1
0
2
1
2
3
2
5
6
3
6
3
6
6
6
10
6
9
9
7
7
8
7
7
11
11
11
16
16
16
18
17
15
14
14
12
13
9
10
11
10
11
9
4
3
1
2
1
0
1
0
-1
0
-1
-2
-2
-2
-5
-9
-3
-2
-5
-3
-4
-2
-3
-3
-2
-1
0
-5
-4
-7
-12
-10
-8
-8
-9
-11
-11
-9
-10
-8
-7
-6
-6
-5
-3
-2
-2
-1
1
-1
3
2
4
7
1
2
0
-2
-3
-3
-2
-1
-4
-1
0
-5
-3
-6
-9
-6
-6
-6
-2
-1
-2
-3
4
5
6
2
3
3
-1
-1
-2
3
3
6
6
6
6
4
1
4
6
4
1
1
-1
0
0
-1
-7
-10
-9
-6
-8
-9
-7
-8
-9
-9
-9
-9
-9
-11
-7
-6
-8
-4
-4
-5
-2
-3
2
0
0
2
2
4
5
6
5
7
5
1
2
0
3
0
-1
0
3
4
5
6
9
13
12
11
12
14
13
18
15
16
18
15
16
13
12
8
7
6
8
7
7
8
7
8
5
4
3
-3
-3
-5
-6
-8
-7
-4
-8
-7
-5
-7
-8
-4
-5
-5
-4
-7
-5
-9
-9
-5
-6
-6
-8
-8
-10
-9
-9
-6
-3
-4
-4
-3
-6
-7
-7
-9
-10
-8
-7
-4
-5
-4
-3
-4
-5
-3
-1
2
5
5
0
2
2
4
2
-2
5
5
4
2
3
0
-1
-2
-1
-1
1
8
6
6
9
8
5
8
10
9
11
11
11
4
4
3
3
2
1
0
1
2
1
1
3
2
0
2
-1
-2
-4
-6
-7
-6
-8
-6
-8
-10
-11
-10
-10
-12
-8
-3
0
-1
-1
2
-1
1
3
5
4
4
4
1
2
4
5
3
10
5
2
4
2
3
-2
1
0
-1
-2
-6
-4
-6
-8
-7
-6
-1
-3
-4
-7
-4
0
-3
1
4
6
6
4
5
4
1
0
3
7
6
8
8
6
3
-2
-1
-3
-2
-2
0
-4
-5
0
-4
-2
-2
-2
-2
-4
-5
-4
-5
-9
-5
-1
-1
0
0
0
-3
-6
-6
-4
-1
0
4
6
1
-2
-5
-5
-5
-4
0
-1
-2
-1
-1
1
1
5
8
8
10
11
8
2
5
4
2
2
3
-1
-2
-1
-2
-4
-3
0
0
-4
-1
-4
-3
-3
-3
0
1
5
4
1
-1
-2
0
0
0
3
9
5
6
3
4
1
-3
2
2
0
-1
1
-3
-3
-3
-3
1
2
3
5
3
2
1
-1
-4
-2
-4
-5
-1
1
0
-5
-6
-4
-2
1
-2
1
0
1
2
0
0
4
6
5
2
4
6
2
2
0
1
3
3
3
2
-1
-2
1
-5
-6
-6
-9
-6
-7
-6
-2
-3
-2
3
2
1
2
2
-1
0
1
-1
1
-1
3
4
2
0
2
0
-1
0
-1
1
2
0
-1
0
4
5
4
2
3
2
-3
-4
-3
-2
1
2
3
2
2
-2
-1
1
-1
1
2
-1
0
1
1
3
2
-2
-2
0
2
2
1
2
0
-5
-6
-5
-6
-1
1
0
0
-3
-3
-3
-4
-1
-2
-1
0
-3
0
-2
-3
-2
1
3
0
-4
-6
-6
-5
-3
-5
-4
-1
-3
2
1
-2
-1
-1
0
-1
0
1
5
8
9
8
6
4
6
5
4
3
5
6
5
5
0
5
6
2
2
-3
-2
-5
-10
-10
-6
-7
-7
-4
-2
-1
-6
-5
-4
-7
-3
-7
-5
-3
-1
1
-1
-2
3
0
1
3
5
2
0
-2
-8
-7
-4
-4
-2
-2
-6
-3
-5
-2
-3
0
2
2
5
6
8
8
14
12
9
10
9
5
6
6
7
10
8
7
6
5
3
0
-2
-2
-6
-7
-5
-5
-4
-7
-2
-1
-2
-2
0
4
1
3
4
2
1
3
0
0
2
3
3
2
6
3
3
7
4
-2
-3
-2
-5
-6
-5
-4
-4
0
0
1
0
3
1
-3
-4
-2
2
0
0
1
-3
-3
-2
-3
-4
-5
-3
-5
-5
-4
-6
-7
-6
-4
-4
-4
-4
-8
-6
-2
-6
-2
-2
-2
-1
-3
0
0
2
3
6
4
5
4
4
5
6
4
4
1
-1
0
-3
0
4
2
2
3
1
-1
2
2
2
0
4
5
2
4
4
6
3
6
3
2
1
-2
2
-1
1
-1
-1
2
0
-4
-4
-6
-8
-7
-9
-9
-6
-4
-7
-6
-5
-4
-3
-3
0
-5
-2
-4
-5
-1
3
-2
-1
4
-2
2
1
3
3
1
2
3
4
3
2
4
3
1
3
1
3
0
2
3
-1
-1
2
4
7
6
6
6
5
5
4
8
4
2
3
3
2
2
1
0
-2
1
-1
-1
0
-1
2
2
-1
-1
1
1
3
3
-2
-1
-4
-6
-5
-3
-6
-4
-2
-3
1
0
-1
-3
-4
-2
1
-1
0
-3
3
4
0
2
-4
-6
-3
-2
-6
-2
-3
1
3
3
5
8
9
8
7
4
5
5
-1
0
0
0
-2
-2
-1
-3
1
-1
0
0
0
1
0
-1
-2
-1
-2
-2
-5
-6
-7
-11
-11
-11
-8
-8
-10
-9
-7
-5
-4
-1
5
5
2
3
-4
-2
-3
-5
-6
-6
-5
-6
-4
-2
4
3
1
3
7
7
5
8
7
6
6
5
2
1
1
0
-4
-4
-6
-5
3
2
2
3
4
4
8
9
7
7
5
0
-1
-1
-4
-5
-7
-5
-8
-4
-3
-2
-2
-3
0
1
4
3
5
4
5
6
2
-1
-1
-3
-6
-5
-8
-6
-3
0
2
1
6
6
8
8
6
