SAMPLES:	15914
BITSPERSAMPLE:	16
CHANNELS:	1
SAMPLERATE:	16000
NORMALIZED:	FALSE
-29
-27
-25
-27
-23
-16
-13
-7
1
2
3
2
-1
-4
-5
-1
-1
3
1
0
6
7
8
6
8
2
-2
-10
-14
-19
-23
-20
-16
-18
-16
-11
-5
0
7
12
14
16
14
13
14
9
4
4
7
9
14
8
10
13
15
15
13
16
11
12
14
19
21
19
23
27
30
33
31
28
20
15
14
11
7
-1
-2
-2
1
6
3
3
1
4
4
1
-4
-9
-15
-21
-22
-22
-19
-17
-16
-10
0
7
9
11
13
13
12
8
14
14
11
6
6
4
0
-3
-5
-10
-13
-11
-13
-10
-8
-2
-3
-1
0
-4
-4
-7
-7
-5
-3
-2
-3
1
2
-1
4
5
2
0
-2
-5
0
2
2
2
1
6
6
8
9
13
15
16
16
10
11
11
10
7
2
-1
2
0
-1
1
-3
-8
-19
-21
-26
-26
-28
-34
-38
-31
-24
-24
-20
-15
-10
-14
-9
-4
-8
-9
-12
-12
-13
-11
-11
-13
-4
-5
-7
-7
-7
-4
-12
-11
-10
-4
-5
-10
-10
-10
-4
-8
-6
-3
-2
2
2
4
7
7
0
-8
-13
-13
-16
-15
-10
-5
-3
-4
2
10
7
3
4
3
7
0
-6
-4
-5
-7
-10
-2
1
5
5
10
20
21
28
23
21
20
17
13
10
7
4
2
0
3
5
6
11
16
18
19
16
18
21
19
20
21
22
24
27
26
21
19
19
13
11
8
8
5
6
6
6
9
8
9
10
12
9
6
3
-2
-7
-5
-7
-8
-7
-10
-8
-5
-4
1
3
5
8
6
10
9
10
9
4
2
0
1
-2
-6
-3
-4
-6
-6
-3
-4
-3
-4
-4
-4
1
-2
-3
-3
-4
-1
-2
-2
-1
-2
-1
-8
-9
-12
-13
-18
-22
-17
-17
-13
-11
-5
-4
-4
1
-1
-2
0
-5
2
2
1
0
-8
-9
-10
-14
-11
-7
-7
-2
-5
-9
-16
-18
-21
-25
-26
-29
-26
-23
-17
-16
-11
-7
-4
2
5
6
6
6
4
2
6
2
5
3
-4
-9
-13
-13
-17
-15
-8
-4
5
16
15
17
15
18
14
11
12
4
6
9
6
7
2
0
3
3
6
4
3
4
6
10
8
9
11
4
-2
-5
0
-2
-2
-3
2
3
4
4
5
5
-2
-3
-5
-5
-5
-4
-2
1
3
3
5
7
5
9
6
6
8
8
7
2
-1
-3
-4
-7
-7
-11
-12
-13
-15
-11
-7
-5
-3
2
2
3
5
4
7
12
11
8
5
8
5
2
-4
-1
-1
-5
-3
-4
-5
-1
2
7
6
7
8
7
12
12
12
14
12
12
9
8
8
7
6
2
2
0
2
4
2
6
9
8
8
10
12
9
6
2
3
1
-5
-7
-11
-15
-15
-13
-15
-18
-20
-20
-19
-15
-14
-11
-3
1
7
10
14
13
11
10
7
9
6
5
5
2
-1
0
0
-5
-3
-2
-2
-4
-7
-7
-4
-2
0
-5
-6
-9
-9
-10
-14
-17
-18
-11
-13
-10
-7
-7
-5
-5
-2
4
7
6
9
12
9
9
9
13
12
7
7
3
5
2
1
4
4
3
0
-3
-3
-9
-14
-16
-14
-10
-7
-7
-8
-3
-3
-3
-5
-5
-9
-10
-6
-7
-4
-3
-4
-4
-1
2
3
-2
2
0
1
5
6
11
16
14
17
17
11
4
4
5
4
9
11
10
12
7
8
6
4
1
1
7
4
7
4
5
5
1
4
-1
0
-5
-6
-10
-11
-8
-6
-6
-8
-7
-7
-13
-15
-14
-12
-12
-12
-9
-7
-9
-9
-6
-12
-5
-4
-5
-5
-5
-1
0
-3
-6
-4
-8
-8
1
-3
-2
2
-1
3
6
11
14
13
13
12
10
10
12
11
10
16
13
11
7
7
8
7
7
11
9
7
5
5
4
2
0
-2
-1
-6
-4
-7
-4
-5
-6
-1
-5
-6
-4
-4
-5
1
1
5
6
8
13
13
10
6
9
7
8
9
3
4
-1
-6
-6
-7
-12
-10
-7
-7
-2
-4
0
0
1
2
2
0
1
-4
-5
-9
-12
-12
-14
-16
-19
-15
-18
-17
-15
-11
-8
-4
-1
4
4
7
8
8
5
-3
1
5
10
10
12
11
9
6
2
-1
0
4
0
5
7
5
1
-1
-1
0
0
-5
-5
-9
-10
-13
-10
-9
-6
-10
-9
-9
-3
-3
-6
2
2
7
8
8
13
9
8
13
11
10
7
12
10
11
8
6
6
0
-3
-11
-8
-8
-7
-2
1
4
4
0
-2
-4
-6
-12
-10
-12
-11
-6
-10
-6
-6
-6
-2
-3
0
2
4
7
10
11
12
17
15
13
13
15
12
9
7
6
6
10
8
6
7
1
-1
-7
-11
-13
-13
-12
-17
-18
-18
-16
-15
-14
-11
-11
-6
0
-1
-1
1
5
6
5
9
6
5
6
-1
-5
-5
-4
-4
-6
0
3
0
0
0
-1
6
8
10
13
10
10
13
6
7
7
3
3
2
3
-3
-4
-7
-7
-2
-3
-1
0
-2
-4
-3
-3
-4
-1
0
3
5
1
-1
-4
-3
-2
-2
4
5
2
4
3
4
4
2
1
4
9
7
4
-1
-1
-4
-9
-8
-9
-13
-15
-18
-17
-19
-14
-9
-3
8
13
16
14
10
5
7
6
1
-1
-7
-4
0
-2
-1
-2
0
-4
3
5
10
7
6
6
2
4
0
0
0
-6
-10
-12
-16
-17
-17
-9
-5
-3
3
6
13
15
15
13
13
6
5
3
3
1
-5
-8
-9
-8
-4
0
7
10
10
12
11
7
8
2
-1
-6
-8
-10
-14
-13
-13
-11
-8
-8
-2
1
1
3
6
10
15
15
15
14
3
-1
-5
-8
-9
-10
-10
-8
-7
-4
-4
-3
0
-2
-6
-5
-1
0
1
1
3
-4
-6
0
0
7
8
11
14
10
6
7
8
3
6
3
0
-1
-7
-7
-10
-8
-6
-8
-2
-6
-5
-6
-5
0
-1
0
-4
-3
-1
-3
-6
-7
-6
-1
-1
4
11
14
12
10
11
9
4
2
-2
-5
-6
-10
-9
-9
-9
-6
-5
-4
3
3
4
5
5
8
11
7
5
1
0
-5
-12
-10
-7
-2
5
11
18
15
15
20
19
15
14
15
14
7
4
3
-2
-11
-10
-13
-18
-11
-12
-10
-7
-4
-3
2
1
-1
-3
-6
-5
-8
-11
-10
-3
-6
-3
-1
-1
-4
-2
4
5
8
10
11
5
-1
-3
-8
-11
-14
-19
-19
-22
-22
-12
-9
-6
-4
5
8
12
17
11
8
7
5
8
6
7
4
3
1
-4
-5
-4
-1
-1
-2
-3
4
6
5
3
3
2
-2
-2
-5
-1
-6
-3
-3
-6
-2
-3
0
5
7
4
8
7
5
3
4
0
3
3
-3
-3
-6
-3
-3
-2
2
5
5
8
9
8
10
8
8
10
12
7
3
1
-2
-4
-9
-9
-6
-4
-4
0
3
5
6
4
6
7
6
1
2
-3
-5
-6
-6
-10
-5
-4
-2
2
-3
-2
-1
1
0
1
-1
-5
-9
-11
-13
-16
-16
-11
-11
-12
-11
-9
-2
0
5
10
16
16
16
15
11
8
3
1
-3
-7
-4
-5
-3
-1
-3
-3
-2
2
5
6
7
5
7
-1
-2
-3
-1
-5
-5
-4
-6
0
-2
1
5
4
4
3
4
6
4
3
1
-1
-6
-5
-5
-9
-6
-7
-8
-5
-6
-4
4
5
1
1
-4
-4
-7
-5
-4
-6
2
4
7
7
7
6
4
7
5
7
7
3
1
-3
2
-1
-1
0
-2
2
1
-3
-3
-3
2
1
6
3
0
-2
-8
-10
-12
-11
-12
-7
-4
0
5
3
8
8
9
15
14
12
12
8
0
1
-1
-4
-3
-4
-2
-3
-4
1
4
7
9
7
7
4
2
1
-4
-8
-11
-12
-8
-9
-11
-8
-3
-2
3
4
5
11
14
15
13
14
4
0
-4
-8
-9
-14
-13
-15
-14
-5
-3
-1
-3
0
2
6
8
6
8
5
1
0
-2
-5
-10
-9
-10
-12
-9
-9
0
3
6
8
9
7
10
10
8
8
2
1
0
1
-6
-8
-7
-12
-12
-9
-5
1
0
-1
1
3
4
2
2
3
3
3
6
7
10
9
9
11
13
17
14
13
10
4
2
1
2
3
1
-3
-4
0
-3
-5
-4
-3
-4
-2
-2
-8
-9
-12
-12
-9
-10
-6
-7
-6
-8
-5
-2
-7
-2
-5
-1
-1
1
8
4
3
5
5
0
4
1
-3
-8
-3
3
3
12
16
18
14
4
-3
-5
-5
-9
-9
-12
-12
-11
-13
-15
-5
-2
2
7
6
11
9
10
6
7
3
-2
-3
-7
-7
-10
-8
-2
-2
2
1
2
-4
-7
-8
-3
2
-6
-8
-6
-14
-19
-22
-26
-26
-30
-26
-15
-17
-12
-6
-4
6
16
19
21
22
18
17
14
13
8
6
0
-8
-13
-17
-15
-8
-6
-2
9
13
18
18
19
14
14
12
7
14
15
16
18
25
28
31
27
21
17
12
9
7
8
4
5
1
-4
-3
-6
-12
-11
-18
-16
-15
-11
-6
-3
1
3
3
-2
1
2
5
8
4
-1
-9
-18
-23
-22
-18
-9
-1
11
18
24
27
20
20
14
6
-9
-20
-18
-16
-9
-2
2
12
13
13
9
2
-9
-24
-28
-27
-19
-14
-14
-9
-6
0
0
4
14
6
4
6
8
5
-2
-3
-4
-5
-5
-14
-10
-7
-6
-7
-10
-15
-15
-19
-26
-26
-29
-29
-21
-15
-4
-4
-7
-5
-5
-8
-8
5
11
26
34
32
41
43
47
40
28
19
5
-2
-3
2
1
-3
-3
-6
-11
-15
-20
-19
-22
-24
-16
-12
-5
-7
-5
-2
-6
-4
-1
12
19
22
25
25
24
25
22
14
5
-6
-14
-14
-7
-3
4
11
7
3
5
4
-4
-6
-6
-8
0
8
7
10
11
13
12
13
6
-5
-17
-22
-26
-30
-29
-24
-18
-13
-7
-8
1
8
13
16
9
14
8
-1
-3
-10
-14
-13
-3
3
4
14
16
14
11
-3
-8
-13
-11
-6
-3
5
-2
-9
-9
-10
-3
-5
-3
-3
-3
9
11
22
27
27
23
17
14
5
-1
-4
-10
-11
-8
3
9
9
11
8
5
3
-5
0
-1
-2
3
-4
-4
-3
5
7
2
0
-8
-2
-1
-8
-2
0
-7
-10
-10
-6
-5
-4
-7
-4
-4
-3
-6
-3
-3
-8
-3
3
11
16
20
27
34
31
22
20
18
10
2
0
4
9
8
5
-5
-15
-22
-27
-27
-26
-16
-8
-3
1
5
2
-1
-3
-6
-6
-19
-21
-21
-24
-21
-20
-13
-12
-12
-8
-4
-4
-11
-11
-10
-7
-3
-4
-7
-6
-5
-6
-3
5
8
9
3
5
7
4
4
7
3
5
3
3
11
4
6
1
-1
0
-7
-9
-11
-8
-6
-10
-7
-8
-3
0
1
2
7
10
6
11
10
6
8
7
5
7
3
3
5
4
4
-2
-1
0
3
5
7
12
4
4
10
12
16
18
20
23
24
19
22
23
22
30
31
25
23
15
6
0
-3
-5
-6
1
3
2
2
-7
-11
-11
-15
-12
-11
-12
-7
-8
-2
-2
-9
-9
-14
-15
-17
-18
-22
-29
-23
-24
-23
-15
-19
-9
-11
-16
-11
-8
3
0
-1
3
0
-3
-8
-2
2
3
12
15
16
19
10
3
-2
-11
-11
-5
-5
-8
-13
-5
-5
4
2
6
7
-1
1
-2
6
7
11
19
29
34
31
33
28
19
13
5
-4
-10
-12
-13
-16
-14
-22
-28
-31
-37
-38
-36
-27
-17
-7
-1
0
3
11
20
28
25
21
23
15
7
2
10
9
5
4
5
10
6
3
-1
-10
-19
-36
-41
-41
-49
-49
-48
-37
-36
-36
-23
-20
-14
-21
-17
-5
0
12
14
23
21
24
24
22
12
-3
-1
5
12
13
12
18
24
15
16
10
16
22
20
31
39
43
41
34
22
9
11
7
1
3
3
10
8
3
14
19
23
16
3
4
2
5
5
11
2
-2
-4
-3
6
0
4
10
24
33
33
27
10
4
-9
-16
-9
-15
-16
-19
-5
16
-3
-29
-49
-58
-54
-43
-17
-9
10
12
18
24
22
31
23
8
-10
-20
-24
-28
-11
-2
13
23
21
12
-3
-3
-11
-25
-37
-45
-45
-41
-30
-22
-17
-7
-6
-4
-12
-12
-10
-7
-5
-15
-17
-13
-3
14
28
41
44
43
35
21
21
26
23
5
-8
-11
-13
1
11
19
37
34
35
10
-9
-22
-32
-29
-33
-16
4
32
53
53
54
42
31
10
-3
-29
-55
-44
-28
-6
-16
-45
-68
-79
-96
-96
-67
-23
-1
15
27
46
62
52
27
2
-17
-24
-30
-33
-6
5
18
35
45
36
1
-12
-16
-13
-6
9
40
40
22
9
13
29
44
38
32
35
35
22
16
34
12
-42
-96
-119
-106
-108
-89
-63
-49
-65
-78
-53
-28
-20
-24
6
38
23
3
0
14
31
51
71
79
68
33
8
1
1
1
-19
-34
-29
-11
14
31
17
-13
-21
0
55
90
93
65
30
19
17
10
0
20
42
57
65
46
23
-8
-38
-54
-63
-52
-41
-30
-25
-29
-14
0
12
-4
-43
-72
-96
-90
-48
3
32
38
43
50
47
38
42
43
27
3
-4
5
3
-32
-28
-10
12
34
30
18
3
-32
-56
-56
-43
-25
8
66
130
176
158
127
58
15
-2
-20
-28
-32
-11
20
57
68
69
54
17
-32
-66
-99
-121
-115
-97
-70
-33
-28
-16
2
19
20
11
9
3
-11
-10
-23
-39
-62
-60
-33
0
6
-14
-25
-44
-30
-15
11
14
38
71
76
80
62
39
23
-8
-36
-83
-119
-143
-109
-54
-12
16
21
23
46
58
49
42
13
-46
-94
-96
-44
33
78
100
103
106
93
44
0
-49
-52
-61
-62
-32
-10
33
52
70
69
46
11
-53
-73
-72
-59
-39
-13
63
128
130
92
50
35
24
-7
-28
-39
-46
-55
-46
-14
10
7
6
-10
-8
8
18
27
-2
-30
-55
-73
-36
-3
4
-21
-57
-79
-94
-102
-90
-48
6
14
25
12
-2
7
-20
-13
-26
-47
-46
-52
-58
-61
-53
-57
-36
-8
31
56
43
11
-33
-68
-84
-62
-10
53
82
72
72
97
131
121
102
82
69
73
100
130
131
85
40
32
21
-7
-24
-59
-84
-103
-68
10
49
80
73
73
56
20
22
16
22
-3
-36
-53
-64
-78
-93
-77
-42
-13
26
46
27
18
-14
-45
-64
-73
-61
-27
-14
-18
-8
-11
-5
19
8
-12
-37
-57
-49
-39
-43
-40
-22
22
57
74
102
119
103
82
49
3
-33
-65
-51
3
41
39
12
-52
-88
-77
-41
-2
34
60
82
81
51
24
-29
-58
-87
-70
-17
27
40
2
-34
-70
-58
-10
8
-3
-40
-62
-47
-11
21
37
10
-40
-78
-89
-43
6
54
47
37
23
17
39
29
-5
-20
-25
10
63
77
62
-2
-78
-129
-104
-33
21
71
95
109
116
86
42
-28
-58
-37
-19
-8
17
18
25
30
23
29
55
99
120
129
53
-55
-118
-92
-47
-55
-61
-62
-9
39
51
26
-49
-109
-141
-104
-18
69
113
91
51
5
-14
0
29
57
60
84
68
16
-96
-197
-219
-193
-109
-14
96
142
136
80
-43
-102
-148
-168
-152
-149
-91
-42
26
89
131
117
67
43
30
28
26
18
10
-1
1
29
39
11
-43
-74
-28
58
115
145
125
74
24
-9
-26
-6
61
142
186
167
123
81
36
20
1
-23
-27
-28
-35
-57
-81
-120
-176
-174
-166
-132
-75
-57
-16
-4
41
77
41
16
-37
-37
-44
-38
-3
-11
-1
-36
-9
28
10
18
5
21
8
-14
-83
-124
-132
-137
-80
-24
22
-32
-99
-116
-83
20
89
134
102
58
63
98
124
63
-3
-46
-42
8
33
104
163
153
103
16
-37
-70
-70
-12
26
74
30
15
9
23
57
88
79
76
38
-39
-78
-131
-101
-70
-6
84
123
122
9
-90
-107
-120
-91
-77
-7
62
69
84
71
76
35
-22
-54
-86
-64
-43
-20
30
-5
-31
-47
-28
10
-33
-90
-141
-149
-125
-66
34
104
99
34
-42
-55
-3
43
60
2
-22
-22
4
-2
-25
-13
15
39
17
-28
-72
-49
-18
13
67
112
160
124
31
-89
-193
-188
-136
-51
36
102
152
120
72
13
-70
-57
-43
6
80
127
160
163
133
24
-60
-102
-31
26
7
-30
-52
-61
-77
-47
-11
103
124
76
-81
-207
-129
-49
48
24
20
57
52
17
-45
-19
13
62
29
-2
38
15
1
-29
-2
98
121
126
62
-30
-45
-31
3
-29
-22
-20
-16
50
65
86
93
71
71
50
86
63
31
-8
-5
-16
-24
-25
-9
38
58
75
9
-119
-198
-186
-162
-110
-64
-31
-51
-57
-84
-89
-54
-66
-74
-94
-52
-22
46
60
30
-3
-65
8
13
-6
-49
-71
-23
3
-6
-21
-49
-11
-11
32
97
161
224
142
74
2
-8
-14
-55
-100
-105
-57
33
76
65
-64
-170
-151
-59
80
167
99
-62
-176
-229
-205
-180
-121
-37
42
104
140
137
100
61
32
85
144
168
160
103
53
-4
-36
-69
-8
-2
-2
37
-1
47
-20
-72
-50
-8
130
182
192
89
-7
-107
-214
-158
-59
94
89
-5
-40
-34
10
-6
-97
-136
-190
-72
41
129
142
84
61
-14
-2
-42
-57
-106
-148
-107
-21
136
161
144
50
6
-88
-122
-10
-37
22
-40
-58
-43
-174
-179
-242
-97
-34
-32
106
139
393
266
100
-109
-242
-2
78
198
162
-16
-45
-131
-59
-9
-68
-106
-191
2
156
270
220
41
-12
-100
-24
-125
-235
-213
-179
104
196
351
284
189
141
55
128
60
61
-43
-3
69
73
112
29
50
35
16
-48
-155
-184
-236
-131
-37
101
181
245
75
-36
-133
-132
-23
36
171
81
84
-19
-16
22
99
72
30
-2
-172
-19
-36
149
-12
-207
-273
-320
-93
-114
-51
-88
-100
-37
56
69
40
-40
-148
-176
-152
-35
-36
25
48
33
-25
-96
32
49
163
-25
-92
-166
-58
163
213
239
-10
-45
-59
98
53
-52
-135
-229
-21
95
269
262
32
-17
-127
-4
57
-69
47
-135
-31
-67
-8
193
26
121
-60
27
40
-122
40
-22
161
31
-74
-196
-286
-61
-145
47
-119
22
108
125
214
-112
-44
-195
-20
-71
-67
36
-102
51
-117
-76
-179
-128
-37
63
239
246
209
35
-128
-119
-15
40
39
-201
-231
-214
-5
194
222
187
72
66
80
39
-88
-135
-99
101
217
277
266
5
-90
-191
-88
-21
112
65
92
34
88
154
101
184
37
32
-48
-78
-107
-23
11
105
90
185
165
80
11
-122
-139
-133
-84
109
213
208
187
60
-10
-149
-37
-31
-7
10
-150
-53
-38
30
-9
-125
-189
-208
-136
56
167
170
34
-82
-250
-373
-329
-177
43
98
106
67
65
129
150
44
-135
-236
-102
-23
210
189
258
156
56
165
163
206
-32
-133
-177
-142
-132
-133
-94
-65
-33
-48
-30
-68
-22
-68
-70
-155
-126
-69
81
163
-14
-34
-171
-54
31
96
144
100
48
-2
-57
-112
-75
-93
-27
-9
115
5
-53
-115
-102
5
-59
40
-49
8
-22
-19
-18
-23
122
39
-16
-122
-58
-23
113
126
145
157
-68
72
-85
133
-57
-14
79
-22
0
-246
-56
107
360
359
166
37
-109
-185
-51
-140
37
-40
-11
129
-45
95
-199
-78
-31
76
149
-12
86
42
116
61
-5
-15
-4
-92
-197
-236
-160
19
108
189
131
59
-100
-113
-71
-70
-30
63
194
259
166
81
-92
-211
-297
-212
49
149
143
10
96
28
69
-15
106
42
10
-96
-133
-42
-20
107
49
70
11
-18
-177
-201
-143
-10
21
36
-1
-24
29
-39
-61
-97
25
136
135
61
8
-52
-11
60
-39
65
76
264
90
2
-174
-231
-94
-118
112
75
170
103
-79
-58
-252
-231
-172
-89
191
250
337
222
115
-55
-152
-142
-74
-12
38
82
0
-146
-199
-79
65
232
145
86
11
-42
-39
-106
-32
-107
-89
-136
-57
80
45
62
-95
-26
67
130
196
79
14
-198
-151
-51
105
123
11
-47
-101
-24
18
-46
-81
-144
-87
-23
13
69
25
156
72
-150
-348
-321
-27
170
179
32
-63
10
74
174
67
121
67
54
-52
-205
-196
-187
11
42
104
75
59
130
159
65
-113
-281
-38
143
350
126
-33
-128
-77
110
159
155
-61
-129
-157
-42
69
138
80
-31
-96
-21
-15
-20
-14
-45
-35
53
133
65
9
-71
21
47
145
216
196
177
84
58
-102
-70
-126
-21
28
7
1
-113
-74
-107
-48
-5
-4
106
87
-40
-126
-71
94
39
-54
-224
-315
-202
-192
44
88
192
111
-38
117
124
209
-40
-95
-144
-178
-85
31
8
-47
-152
-108
53
101
240
17
138
94
-58
-181
-233
-102
-102
-188
-127
-91
311
367
211
-100
-157
2
117
203
-12
-170
-203
-160
-43
34
-59
20
-60
190
78
118
3
-36
3
-165
-155
-286
-94
-38
11
-103
-104
68
73
230
247
366
253
-69
-235
-227
-12
108
-73
-151
-120
256
478
391
218
-36
-142
-129
-104
-130
-82
-75
137
248
226
149
136
-71
-286
-571
-407
-229
-35
169
-17
212
109
426
108
63
-135
-182
-61
-236
156
-105
99
-275
287
228
247
26
-357
78
-103
319
-109
12
-151
-251
-188
-160
38
-10
53
118
302
173
-58
-336
-239
-208
-101
-212
-132
-26
29
300
240
363
136
29
34
212
370
380
34
-61
-205
-96
-109
-200
-223
-318
-92
164
590
787
303
-7
-454
-356
-267
-299
60
-13
318
182
89
22
-51
243
-176
-197
-512
-317
88
383
555
118
-167
-366
-122
116
134
-95
-292
-431
-171
199
344
-47
-228
-303
-53
70
90
11
-97
124
16
-5
-134
-82
-57
-225
-219
66
87
283
-73
26
-182
-111
-85
88
470
48
118
-390
95
5
-25
253
47
536
76
133
-84
-18
-35
-118
-168
-198
52
37
-27
-236
-182
-216
95
-39
113
10
122
264
-67
-32
-236
149
230
34
-112
-102
194
206
25
-103
-174
-1
-30
-43
177
4
241
70
215
-4
164
263
156
81
-377
-329
-361
52
9
69
101
183
225
1
83
27
58
82
103
-79
-111
-507
-171
-172
114
194
31
229
-23
251
-47
21
-171
-28
-111
-178
-120
-139
13
-26
-15
-46
-15
-9
-15
-71
-119
-288
-288
-139
113
320
401
291
153
-8
-172
-395
-426
-351
34
150
83
48
76
213
15
-105
-153
23
153
123
-114
-297
-180
106
244
191
77
209
173
121
-10
-215
-120
-129
180
-89
-267
-392
-411
46
310
470
53
-45
67
148
398
339
-26
-180
-252
42
4
-127
-107
-186
-113
-240
29
59
341
377
333
95
28
-92
51
31
108
161
-41
112
-261
-137
-449
-146
171
254
493
331
406
229
117
197
-23
-179
-551
-372
-84
108
284
270
493
255
98
-280
-290
-190
69
184
162
98
-72
-52
-259
-110
-141
-243
-497
-792
-729
-294
42
243
343
467
492
115
-72
-286
-228
-227
-238
-126
29
141
128
93
85
53
36
103
160
-139
-625
-794
-819
-390
-87
228
403
302
265
2
-161
-378
-334
116
249
358
42
-241
-478
-447
36
188
508
247
247
226
88
22
-89
-44
-161
-133
-231
-103
-66
-25
-95
-200
-54
235
469
330
246
-152
3
-40
73
169
38
353
227
331
197
105
158
67
335
302
47
59
84
354
241
149
-77
-136
210
-4
184
-24
40
29
-16
210
75
86
-128
-256
-289
-71
166
321
87
42
39
-131
-177
-444
-369
-220
-93
-214
-270
-209
63
115
140
103
-119
-139
-197
58
73
-128
-236
-275
-79
209
211
300
-32
27
-92
-51
-79
-302
-291
-423
-204
-324
-267
-166
42
205
-37
-343
-542
-266
157
273
156
-91
-5
258
365
-44
-344
-145
189
585
605
506
357
324
-28
-470
-606
-467
64
295
395
261
-77
-235
-386
-243
-195
-82
-21
37
62
206
375
310
92
-251
-179
149
371
433
289
133
184
244
219
30
-206
-151
-180
-69
-56
94
180
-4
-162
-570
-306
-100
214
191
45
11
22
278
201
403
514
609
375
-122
-432
-531
-452
-310
-333
-267
-141
1
94
-184
-462
-812
-937
-729
-472
188
378
388
195
26
194
334
537
429
326
110
58
22
127
230
160
109
-96
-72
13
16
-51
-156
-115
29
151
232
130
-5
-368
-628
-597
-391
-33
275
524
475
352
130
13
-50
-155
-118
-224
-164
-57
-31
87
230
207
122
43
18
-6
4
182
299
188
20
11
142
353
436
316
-30
-316
-407
-442
-312
-268
-368
-441
-507
-338
-196
-57
-6
112
200
70
77
179
328
257
103
89
45
92
169
288
346
242
70
-210
-369
-336
-288
-342
-380
-339
-139
130
416
552
554
347
172
54
82
117
139
100
92
165
176
163
111
133
10
-179
-315
-155
-12
-98
-253
-422
-355
-216
-125
-33
55
208
348
362
287
104
31
-32
-28
44
20
81
188
251
234
-25
-353
-526
-548
-315
-339
-389
-387
-367
-244
-326
-333
-355
-336
-220
-131
43
159
243
409
517
571
450
299
261
330
376
332
230
143
94
-41
-160
-280
-280
-297
-348
-382
-402
-365
-291
-226
-114
-29
66
119
27
33
113
223
320
264
170
8
-180
-315
-503
-474
-430
-331
-250
-208
-50
-35
-30
-11
75
78
-96
-273
-352
-286
-277
-342
-333
-222
-41
45
108
185
203
102
-37
-93
-52
5
16
124
253
330
303
230
311
354
358
260
95
40
9
65
149
226
339
378
378
429
518
573
516
480
491
498
591
661
830
984
1030
1011
855
797
795
797
677
406
214
121
78
149
202
305
315
219
201
208
322
341
418
400
378
369
303
318
280
248
49
-295
-424
-290
-93
-156
-425
-571
-456
-87
194
336
357
304
283
239
384
633
766
830
934
1524
1947
1608
178
-1806
-3775
-5833
-7886
-9868
-11173
-11792
-11786
-11013
-9475
-7029
-4412
-2072
-196
1424
2946
3957
4531
4834
5236
5585
5734
6122
6865
7928
8589
8580
8123
7316
6230
4663
2863
1236
-273
-1622
-2807
-3412
-3188
-2548
-1772
-1121
-401
352
854
1133
1356
1735
1996
2093
2309
2963
3962
4803
5203
5289
5175
4674
3676
2357
1108
-14
-1115
-2119
-2706
-2833
-2615
-2421
-2303
-2115
-1969
-1957
-2240
-2429
-2359
-2137
-1904
-1509
-672
400
1468
2287
2900
3263
3243
2872
2165
1382
587
-216
-973
-1552
-1781
-1826
-1814
-1873
-1911
-1988
-2277
-2701
-3077
-3277
-3272
-3145
-2762
-2052
-1170
-224
611
1368
1962
2157
2009
1591
1125
831
661
520
497
445
443
594
800
1182
1479
1758
1694
854
-807
-3185
-5917
-8782
-11408
-13334
-14362
-14397
-13491
-11756
-9335
-6387
-3126
-73
2430
4320
5718
6629
7029
7294
7531
7708
7839
8006
8347
8713
8838
8517
7600
6082
4181
2017
-154
-2133
-3613
-4646
-5208
-5020
-4186
-2686
-1025
700
2290
3489
4389
4945
5455
5861
6244
6522
6639
6781
6855
6902
6689
6195
5407
4065
2469
750
-842
-2289
-3562
-4411
-4941
-5064
-4891
-4412
-3664
-2861
-2141
-1804
-1645
-1403
-867
-39
844
1820
2664
3404
3952
4351
4499
4189
3519
2337
919
-481
-1657
-2453
-3163
-3669
-3987
-4047
-3797
-3418
-2904
-2456
-2111
-1813
-1522
-1158
-504
263
1006
1590
1928
2159
2215
2062
1766
1220
544
-396
-1402
-2112
-2440
-2425
-2375
-2162
-1902
-1707
-1507
-1339
-955
-637
-359
-228
-221
-19
477
1339
2302
3007
2879
1557
-808
-3742
-6913
-10149
-12819
-14493
-14988
-14555
-13142
-10528
-7039
-3170
288
3086
5103
6441
7238
7368
7308
7182
7157
6942
6742
7209
7862
8409
8093
7118
5533
3257
862
-1634
-3515
-5011
-5939
-6149
-5680
-4044
-1750
842
3123
4815
6061
6597
6803
6823
6866
6815
6520
6242
6021
6141
6202
6070
5298
3818
2122
166
-1615
-3213
-4546
-5402
-6006
-6010
-5451
-4252
-2737
-1332
-223
296
752
982
1121
1243
1326
1659
1886
2266
2777
3249
3498
3185
2449
1275
-78
-1409
-2569
-3377
-3853
-4026
-3983
-3574
-2886
-2094
-1416
-993
-709
-591
-572
-461
-298
112
668
1091
1526
1963
2372
2595
2371
1716
845
-202
-1198
-1978
-2522
-2700
-2735
-2555
-2163
-1724
-1312
-1034
-740
-295
265
822
1285
1517
1737
2051
2561
3393
4237
4072
1904
-2349
-7221
-11386
-14328
-15940
-16532
-16028
-14643
-12279
-8697
-4234
621
4666
7174
7995
7863
7880
7979
8125
7978
7576
7024
6344
6426
7127
7793
7232
4930
1645
-1882
-4632
-6397
-7240
-7454
-7279
-6347
-4730
-1852
1919
5586
8278
9155
9111
8571
8107
7928
7654
7322
6393
5276
4257
3803
3849
3425
2177
-123
-2518
-4676
-6099
-6558
-6483
-5957
-5493
-4631
-3207
-1248
1066
2785
3608
3417
2852
2441
2357
2531
2544
2209
1483
909
717
860
968
523
-615
-2168
-3630
-4425
-4551
-4087
-3410
-2997
-2576
-1985
-999
199
1121
1570
1515
1062
673
873
1345
2076
2526
2418
2019
1371
969
630
4
-1067
-2366
-3585
-4343
-4335
-3726
-2895
-2166
-1733
-1320
-693
4
824
1379
1542
1417
1368
1739
2449
3188
3434
3409
3367
3756
3786
2215
-1614
-7031
-11997
-15856
-17568
-17774
-16644
-14396
-11722
-7818
-3351
1681
6255
9098
10323
9578
8747
8056
7672
7761
7319
6925
5830
5054
5008
5120
5009
2825
-358
-4239
-7355
-8806
-9127
-7846
-6411
-4436
-2265
655
4614
8151
10899
11540
10822
9301
7702
6798
6090
5667
4745
3511
2292
1312
1057
582
-376
-2419
-4944
-6819
-7882
-7428
-6116
-4240
-2391
-928
687
2339
4201
5429
5712
5018
3514
2366
1627
1579
1805
1597
900
-352
-1411
-2038
-2412
-2653
-3455
-4503
-5380
-5440
-4605
-3181
-1409
-29
774
1010
1371
1992
2447
2466
1823
907
114
-112
478
1172
1884
1994
1456
537
-418
-1061
-1627
-2327
-3273
-4060
-4279
-3829
-2763
-1660
-701
-286
-274
-94
413
1264
1905
2142
2179
2087
2205
2474
2636
2733
2432
2112
1867
2330
3011
2142
-1234
-7062
-12491
-16435
-18083
-17876
-16564
-13793
-10808
-6702
-1885
3261
8357
11297
12241
10806
8901
7692
6658
6325
5459
4873
3633
2333
2094
2212
2586
935
-1915
-5328
-8097
-8810
-8331
-6167
-3567
-913
1799
4298
7701
10690
12823
12905
11064
8704
6023
4401
3300
2742
2124
768
-438
-1660
-1939
-1974
-2416
-3484
-5525
-6971
-7458
-6279
-3782
-816
2112
3866
5176
6092
6991
7416
6486
4684
1988
-260
-1755
-2143
-1656
-1285
-1201
-1870
-2780
-3505
-3858
-3734
-3887
-4221
-4682
-4449
-3294
-1365
875
2513
3370
3221
2803
2432
2287
2137
1667
899
-122
-686
-543
80
867
1034
509
-652
-1858
-2662
-3078
-3212
-3206
-3221
-3020
-2480
-1288
216
1462
2091
1839
1312
824
833
988
959
925
1001
1316
1756
2199
2429
2392
1987
1476
1097
1290
2003
1361
-1934
-7893
-13674
-17182
-18196
-17147
-15092
-11796
-8346
-4482
184
5001
9698
12190
12320
10324
7693
6397
5570
5408
4819
4075
2967
1223
688
781
1082
-302
-3376
-6398
-8534
-8333
-6633
-3525
5
2898
5396
7304
9902
12125
13143
12270
9455
6298
3278
1565
783
521
352
-512
-1490
-2531
-2659
-2376
-2748
-3811
-5580
-6359
-5883
-3719
-121
3349
6112
7045
7068
6837
6398
5772
4003
1631
-1125
-3267
-4002
-3535
-2160
-1245
-1189
-2107
-3429
-4067
-4004
-3341
-2962
-2941
-2896
-2280
-638
1506
3466
4294
3916
2657
1268
536
282
287
-133
-754
-1074
-1003
-179
761
1401
1179
9
-1512
-2871
-3355
-3185
-2672
-2342
-2164
-1816
-1180
49
1300
2189
2165
1346
507
207
645
1337
1605
1347
838
602
874
1182
1167
746
305
135
321
1548
2851
2386
-1473
-8004
-13906
-17609
-18184
-16681
-14036
-10658
-7393
-3166
1680
6838
11265
12989
12221
9079
6232
4720
4145
4296
3797
3252
1814
577
535
1053
1310
-821
-4158
-7467
-9080
-7968
-5069
-775
2957
5762
7728
9495
11622
12913
12790
10367
6722
3035
297
-629
-452
334
387
-443
-1507
-2315
-2209
-2143
-2556
-3913
-5442
-5728
-4345
-880
3225
6797
8379
7975
6856
5512
4455
2938
953
-1483
-3707
-4698
-4248
-2436
-717
-67
-906
-2655
-3981
-4419
-3838
-2951
-2243
-1826
-1321
-170
1613
3650
4736
4457
2835
875
-381
-881
-604
-306
-309
-558
-769
-388
432
1249
1246
82
-1693
-3311
-4058
-3795
-2848
-1799
-1250
-1016
-515
468
1577
2199
2061
1184
45
-403
26
957
1855
1921
1475
561
29
-135
-38
376
327
230
178
1024
2387
2140
-543
-6104
-12064
-16494
-18403
-17313
-14931
-11116
-7242
-3119
1523
5987
10419
12469
12223
9828
6641
4632
3221
3381
3502
3415
2782
1304
926
597
500
-1034
-3961
-6681
-8707
-8098
-5596
-1380
3166
6556
9120
10397
11825
12556
12027
10078
6380
2965
-12
-1222
-961
-192
648
110
-774
-2005
-2713
-2805
-3270
-3786
-4761
-4718
-3340
-455
3405
6589
8448
8164
6778
4960
3290
1840
195
-1392
-2990
-3767
-3513
-2260
-865
-253
-667
-2171
-3505
-4299
-3867
-2853
-1946
-1080
-598
296
1360
2672
3748
3649
2693
1011
-301
-832
-581
81
470
667
494
431
497
597
371
-626
-2078
-3538
-4254
-4042
-3066
-1894
-1020
-442
33
660
1369
1842
1813
1382
953
756
1022
1557
1977
1892
1226
231
-582
-1163
-1522
-1392
-1067
-216
843
2194
3316
2613
-538
-6207
-12308
-16825
-18645
-17458
-14561
-10607
-6381
-1929
2856
7150
10626
11926
10904
8211
5088
3298
2709
3245
3940
3994
3444
2362
1792
1330
270
-1888
-5156
-7952
-9275
-8019
-4422
163
4677
7828
9915
11221
11942
12034
10785
8334
4976
1846
-45
-469
400
1264
1612
819
-712
-2093
-3205
-3807
-4592
-5167
-5145
-4244
-1902
1324
4949
7478
8206
7447
5814
4051
2251
778
-562
-1726
-2490
-2581
-1747
-747
-130
-428
-1655
-3307
-4613
-4876
-4252
-2954
-1488
-203
883
1840
2754
3349
3249
2252
714
-654
-1259
-964
-23
996
1646
1701
1206
766
368
-127
-906
-2073
-3149
-3812
-3694
-2804
-1651
-782
-403
-374
-334
-37
463
871
997
787
785
1119
1735
2262
2274
1910
1013
122
-670
-1177
-1206
-918
-148
572
1527
2408
2142
-224
-5135
-10561
-15282
-18091
-18243
-16203
-12171
-7740
-3100
1689
5957
9564
11148
10806
8695
6039
4245
3137
3269
3866
4485
4382
3297
2436
1402
10
-2328
-5232
-7583
-8886
-8027
-5189
-742
3964
7535
9878
11046
11671
11459
10243
8295
5788
3376
1605
992
1244
1648
1691
907
-496
-2187
-3619
-4625
-5272
-5353
-4882
-3654
-1527
1330
4377
6585
7475
7098
5829
4196
2470
1017
-91
-922
-1318
-1319
-935
-477
-451
-1249
-2572
-3929
-4713
-4720
-3905
-2569
-1030
458
1585
2428
2810
2701
2104
1095
-4
-690
-857
-515
137
826
1291
1345
1029
600
93
-460
-1196
-1952
-2480
-2777
-2582
-2082
-1409
-852
-726
-795
-857
-764
-414
7
558
889
1126
1508
2060
2619
2392
1765
903
166
-177
-544
-680
-610
-303
291
1162
2232
2417
352
-4477
-10305
-15303
-18212
-18345
-16274
-12308
-7875
-3438
1134
5299
8894
10698
10429
8428
5690
3984
3337
3973
5015
5696
5408
3773
2233
813
-695
-2994
-6009
-8405
-9418
-8181
-4740
122
5021
8428
10071
10555
10660
10466
9650
8146
6042
4022
2761
2642
3379
3827
3322
1544
-1092
-3558
-5305
-6043
-6142
-5700
-4685
-3140
-792
2172
5040
6747
6814
5670
4094
2710
1699
1269
1022
681
270
7
52
116
-300
-1541
-3411
-5228
-6091
-5610
-4011
-1867
-82
1056
1650
1944
2150
2062
1538
619
-427
-989
-706
266
1493
2406
2420
1656
631
-320
-1016
-1589
-2101
-2444
-2655
-2439
-1725
-816
-156
-157
-725
-1484
-1939
-1831
-1187
-195
683
1479
2103
2665
3067
3028
2410
1308
79
-830
-1052
-716
-218
132
282
633
1295
2082
2088
118
-4112
-9780
-15045
-18446
-18587
-15889
-11605
-6964
-3046
923
4525
7365
9197
8942
7430
5134
3486
3650
5110
7430
8556
7867
5612
2699
320
-2161
-4385
-6785
-8872
-9553
-8367
-4460
714
5669
8712
9473
9086
8236
7938
7749
7581
7060
5984
5382
5327
5941
6193
4943
2273
-1447
-4916
-7221
-7754
-6819
-5209
-3574
-1984
-110
2041
4138
5457
5358
4094
2348
1015
797
1743
2930
3486
3053
1810
617
-480
-1360
-2453
-3812
-5075
-5727
-5245
-3697
-1802
-361
127
54
-57
-181
99
512
748
927
1084
1554
2502
3315
3731
3174
1534
-345
-1920
-2820
-2895
-2614
-2127
-1759
-1505
-1066
-625
-372
-609
-1185
-1728
-1873
-1423
-436
775
1704
2251
2442
2375
2260
1701
876
-1
-624
-639
-145
685
1270
1156
632
197
348
992
668
-1557
-6297
-11802
-16105
-18445
-17783
-15018
-10747
-6076
-2346
1361
4456
6980
8416
8008
6848
5208
4752
5690
7517
9485
9681
8025
4581
1022
-1518
-3909
-5792
-7722
-8716
-8220
-6293
-2352
2143
5920
7601
7365
6635
6234
6733
7443
8164
8508
8247
8074
7838
7676
6699
4056
315
-3700
-6497
-7564
-7105
-5671
-4150
-2705
-1646
-405
1199
2517
3178
2720
1949
1612
1958
3065
4255
5117
4953
3675
1780
-60
-1366
-2509
-3540
-4605
-5308
-5391
-4627
-3155
-1510
-340
-210
-558
-1001
-985
-456
155
866
1419
1898
2439
2892
3273
3133
2218
725
-869
-1835
-2052
-1682
-1100
-670
-655
-993
-1262
-1416
-1501
-1777
-2218
-2464
-2200
-1293
14
1299
2054
2213
1909
1515
1482
1637
1781
1679
1442
1123
741
394
-44
-102
-314
-306
66
457
610
-1224
-5208
-10635
-15752
-18509
-18137
-14851
-10182
-5448
-1632
1305
3807
5525
6588
6449
5300
4380
4239
5760
8367
10723
11584
9856
6292
1999
-1664
-4290
-6055
-7132
-7847
-7173
-5255
-1982
1867
4514
5680
4953
3780
3364
4022
5953
8002
9664
10434
10293
9696
8500
6720
3854
207
-3335
-5894
-6650
-5887
-4198
-2459
-1646
-1505
-1749
-1659
-1194
-708
-59
534
1514
2792
4461
6018
6658
6031
4268
1995
-110
-1518
-2425
-3035
-3544
-3816
-3673
-3072
-2270
-1751
-1737
-2423
-3131
-3287
-2676
-1278
218
1550
2510
2959
3193
3176
2899
2266
1310
376
-320
-423
-124
271
485
214
-501
-1398
-2202
-2687
-2916
-3078
-3003
-2676
-1922
-784
302
1142
1446
1376
1389
1644
2007
2313
2243
1989
1712
1238
710
72
-475
-540
-265
310
871
1145
378
-2182
-6814
-12413
-16688
-18569
-16991
-13293
-8788
-4164
-1062
1395
2903
3664
4220
3867
3658
4043
5541
8359
10985
12624
12102
9251
5085
619
-2537
-4647
-5556
-5659
-5345
-4154
-2612
-699
911
1444
1220
279
-29
1137
3586
6884
9562
11381
11769
11021
9492
7354
5109
2407
-112
-2086
-2983
-2696
-1962
-1306
-1573
-2504
-3732
-4791
-4929
-4292
-2794
-1077
535
2217
3674
4869
5412
5121
4241
2986
1789
1093
742
568
223
-474
-1282
-2073
-2685
-3279
-3745
-4237
-4533
-4290
-3629
-2385
-963
279
1163
1490
1583
1718
1917
2049
2224
2217
2116
2050
1941
1870
1562
935
-107
-1176
-2152
-2603
-2763
-2867
-2655
-2578
-2329
-2038
-1703
-1246
-913
-380
118
772
1638
2343
3128
3246
3145
2871
2202
1701
760
88
-361
-685
-233
265
358
-1326
-5448
-10673
-15514
-18118
-17639
-14583
-10107
-5855
-2677
-596
795
1902
2552
2861
3014
3639
5542
8278
11310
13379
13084
10595
6198
1878
-1223
-2938
-3213
-3226
-2858
-2582
-2108
-1525
-1060
-986
-1716
-2514
-2658
-1099
2040
5842
9214
11180
11467
10399
8715
7140
5774
4359
2959
1692
1031
780
708
265
-995
-2934
-5181
-6688
-6897
-5741
-3833
-1899
-194
775
1283
1662
2169
2873
3246
3373
3234
3102
3036
2827
2373
1552
433
-827
-1970
-2832
-3217
-3455
-3638
-3761
-3668
-3205
-2556
-1674
-1031
-490
-244
-48
529
1335
2279
2913
3182
2937
2491
2002
1548
1155
626
96
-517
-976
-1183
-1487
-1780
-2282
-2765
-3011
-3017
-2640
-1974
-1302
-577
-33
506
1223
1746
2244
2467
2429
2369
2099
1764
1297
828
739
858
936
-33
-2825
-7304
-12291
-16349
-17785
-16504
-12946
-8773
-5607
-3430
-2496
-1560
-769
231
1495
2889
5104
7817
10987
13336
13956
12237
8686
4657
1475
-3
-169
434
624
232
-800
-2020
-2924
-3828
-4591
-5203
-5060
-3547
-734
3038
6535
8802
9357
8400
7068
6269
6436
6965
7306
7034
6226
5143
3833
2406
494
-1888
-4372
-6172
-6546
-5579
-3895
-2486
-1995
-2454
-3116
-3216
-2358
-733
932
2297
3097
3630
4141
4241
4021
3186
1949
805
-17
-194
-4
164
-334
-1346
-2771
-3851
-4344
-4222
-3644
-3162
-2483
-1922
-1123
-197
672
1327
1481
1400
1411
1773
2486
3119
3350
3067
2224
1210
272
-268
-663
-1134
-1672
-2241
-2595
-2762
-2591
-2408
-2262
-1993
-1626
-912
-179
651
1256
1636
1718
1727
1884
2071
2467
2448
2385
1794
152
-2563
-6942
-11171
-14821
-16490
-15863
-13511
-10152
-7773
-6268
-5930
-5351
-4456
-2935
-524
2123
5386
8288
10977
12665
12937
11668
8971
6327
4246
3719
3961
4456
4380
3039
951
-1702
-3803
-5283
-5871
-5736
-4871
-3259
-1252
1004
2705
3833
4114
3860
3961
4796
6447
8376
9725
9994
9167
7422
5349
3325
1557
42
-1027
-1760
-2029
-2020
-2239
-2833
-3987
-5351
-6396
-6614
-5537
-3538
-1276
644
1701
2080
1931
1689
1675
1967
2421
2968
3388
3766
3811
3276
2073
358
-1349
-2772
-3414
-3326
-2789
-2417
-2419
-2817
-3271
-3355
-3124
-2259
-1298
-271
830
1736
2511
2974
3098
2788
2339
1902
1696
1638
1609
1418
897
42
-883
-1660
-2348
-2605
-2800
-2595
-2320
-1857
-1333
-996
-513
-137
300
678
852
1029
1146
1241
1654
2219
2224
350
-3593
-8661
-12972
-15558
-15594
-13330
-10157
-7244
-6203
-6275
-6643
-6561
-5568
-3738
-875
2503
6036
9099
11294
12165
11262
9104
6576
5173
5228
6272
7473
7728
6509
3833
615
-2277
-4006
-4694
-4603
-3826
-2793
-1462
-429
213
450
304
211
574
2177
4582
7163
8897
9330
8739
7208
5703
4507
3820
3420
2833
2197
1496
801
-225
-1633
-3399
-4906
-5936
-6221
-5528
-4319
-2802
-1931
-1613
-1764
-2026
-1793
-1027
519
2101
3256
3692
3636
3379
3009
2658
2047
1401
754
241
-64
-345
-838
-1694
-2794
-3752
-3977
-3714
-2925
-2123
-1503
-1064
-968
-622
-98
671
1258
1701
1875
1987
2158
2220
2371
2151
1683
1082
484
179
-51
-265
-648
-971
-1298
-1413
-1487
-1662
-1352
-1152
-801
-789
-940
-715
-326
448
1053
1231
56
-2825
-7057
-11034
-13562
-14289
-12977
-10607
-8032
-6531
-6511
-7148
-7564
-6875
-5130
-2446
959
4394
7277
9082
9881
9519
8300
6860
6079
6542
7764
8920
9061
7902
5437
2342
-414
-2119
-2452
-2107
-1513
-1110
-1005
-972
-1247
-1443
-1549
-1257
-457
1003
3099
5187
6673
7057
6512
5540
4650
4431
4763
5271
5346
4777
3689
2205
770
-609
-1663
-2494
-3072
-3422
-3544
-3456
-3305
-3417
-3766
-3972
-3967
-3195
-2032
-457
870
1446
1514
1209
1327
1626
2223
2672
2797
2583
2143
1730
1207
638
-204
-1043
-1738
-2124
-2058
-1940
-1786
-1917
-2208
-2359
-2238
-1675
-929
-237
260
490
525
563
811
1221
1604
1731
1619
1422
1111
988
761
429
-11
-464
-587
-549
-393
-262
-326
-617
-996
-1402
-1199
-643
55
540
731
358
-1583
-5139
-9276
-12515
-14261
-13769
-11662
-8636
-6492
-6580
-7918
-9232
-9111
-7443
-4508
-682
3138
6151
7769
8466
8426
7836
7050
6555
7349
8938
10439
10837
9800
7414
4109
1006
-874
-1070
-382
150
76
-671
-1810
-2910
-3573
-3454
-2504
-1195
361
2065
3543
4460
4475
4209
4089
4387
5126
6071
7005
7040
6123
4581
2960
1930
1130
593
118
-381
-1150
-2237
-3197
-3878
-4243
-4450
-4562
-4466
-4063
-3472
-2550
-1560
-750
-424
-395
-208
448
1569
2569
3217
3304
2880
2431
1892
1615
1447
1011
522
-196
-703
-1106
-1501
-1853
-2235
-2461
-2533
-2325
-1891
-1324
-1138
-1152
-1213
-1137
-608
66
960
1627
1767
1530
1139
1014
1256
1465
1471
1341
1119
777
546
463
468
156
-697
-1510
-1907
-1340
-434
113
322
-470
-2192
-5158
-8875
-11598
-13264
-13093
-11864
-9922
-8010
-7560
-8192
-9609
-9831
-8619
-5900
-1977
1876
5299
6900
7244
6992
6617
6877
7325
8554
9973
11136
11330
10023
8049
5462
3198
1523
897
1188
1256
856
-487
-1998
-3352
-4214
-4089
-3203
-1662
-429
479
1116
1627
2213
2698
3503
4399
5348
6061
6465
6695
6287
5595
4529
3653
3119
2717
2354
1500
324
-1179
-2659
-3637
-4013
-3899
-3791
-3983
-4182
-4498
-4767
-4659
-3893
-2469
-1160
-266
132
343
674
1060
1693
2322
2870
3120
3057
2924
2545
2070
1332
564
-8
-329
-488
-637
-772
-1201
-1838
-2473
-2745
-2524
-2194
-1815
-1522
-1363
-1199
-973
-476
54
497
638
708
969
1340
1698
1728
1700
1611
1468
1331
1179
1257
1193
833
200
-384
-418
-169
298
750
103
-2271
-6566
-10910
-13467
-13942
-12332
-9975
-7936
-7510
-9074
-11302
-12391
-11149
-7993
-3886
-81
2905
4649
5221
5388
5744
6536
7573
8869
10537
12136
12739
11811
9739
7292
5148
3892
3618
3947
3736
2373
40
-2373
-4075
-4748
-4603
-3717
-2758
-2290
-2247
-2241
-1633
-728
275
1314
2604
3929
5071
5760
6052
6105
5743
5434
5315
5568
5802
5263
4050
2434
846
-462
-1427
-1869
-2103
-2466
-3247
-4155
-5010
-5567
-5685
-5596
-4998
-4373
-3535
-2752
-1953
-1069
-660
-116
334
1249
2367
3206
3898
3985
3701
3056
2437
2116
2075
2025
1601
1096
277
-563
-1384
-1950
-2144
-2344
-2375
-2534
-2600
-2507
-2440
-2256
-2030
-1580
-1037
-597
-132
224
597
828
1157
1587
2114
2530
2468
2411
1923
1694
1502
1741
2011
1906
1541
865
564
-678
-3108
-6973
-10424
-12246
-12348
-10918
-9378
-8554
-9476
-11784
-13836
-13676
-11071
-7074
-3267
-576
899
1443
1836
3075
5115
7277
9067
10259
11415
12221
12331
11501
10191
8812
7749
7144
6809
6604
5373
2915
-76
-2397
-3434
-3467
-3048
-2905
-3160
-4222
-5157
-5200
-4141
-2457
-1117
-29
723
1539
2312
3066
4014
4803
5436
5862
6433
6990
6995
6267
4914
3685
2710
2206
1873
1364
493
-961
-2585
-4063
-4806
-5110
-5154
-5318
-5623
-5606
-5553
-4953
-4297
-3533
-2872
-2195
-1150
-71
1218
2075
2648
2915
3123
3471
3746
4069
4062
3762
3166
2473
1961
1451
1028
386
-377
-1112
-1794
-2150
-2469
-2703
-2916
-3060
-3091
-2993
-2714
-2448
-2222
-2007
-1731
-1250
-585
207
992
1587
1993
2145
2142
2277
2517
2901
2912
2719
2656
2724
3089
2193
-420
-4980
-9105
-10985
-10404
-8223
-6790
-6788
-9115
-12359
-14617
-14324
-11564
-7914
-4664
-2923
-2126
-1883
-1300
215
2389
4820
6996
8739
10368
11549
11925
11356
10298
9533
9411
9854
10207
9866
8121
5301
2352
210
-511
-571
-590
-1303
-2724
-4471
-5877
-6208
-5583
-4410
-3506
-2955
-2482
-1916
-1101
-241
723
1755
2868
4056
5196
6133
6455
6146
5432
4968
4955
5101
4988
4330
3165
1611
74
-1058
-1723
-2255
-2881
-3896
-4880
-5453
-5643
-5541
-5469
-5239
-5012
-4500
-3851
-2808
-1669
-825
-125
347
1103
1967
2855
3531
3947
4059
3952
3786
3683
3613
3367
2845
2086
1311
705
190
-379
-936
-1568
-2215
-2729
-3163
-3288
-3370
-3406
-3456
-3487
-3361
-2903
-2107
-1160
-319
144
344
467
872
1355
2098
2695
3218
3600
3615
4007
3546
1573
-2632
-7220
-9106
-8100
-5397
-4070
-4970
-7836
-11524
-14212
-14401
-11700
-7855
-4965
-4204
-4634
-5036
-4542
-2909
-301
2766
5279
6856
7861
8907
9881
10217
9990
9889
10496
11402
11868
11520
10129
7876
5247
3262
2683
2914
2842
1546
-646
-2875
-4675
-5426
-5177
-4290
-3717
-3966
-4494
-4736
-4247
-3410
-2384
-1210
-17
1134
2001
2815
3578
4136
4414
4641
5140
5732
5975
5567
4671
3719
2879
2202
1754
1266
411
-1108
-2699
-3730
-3986
-3919
-4072
-4482
-5003
-5442
-5508
-5045
-4140
-3161
-2601
-2234
-1709
-802
203
1036
1645
2122
2632
3078
3610
4072
4220
3962
3375
2897
2714
2710
2502
2011
1180
159
-785
-1512
-1775
-1858
-2173
-2791
-3565
-4057
-4001
-3618
-3096
-2596
-2275
-1959
-1743
-1315
-723
-15
850
1640
2551
3150
3509
2378
-628
-4801
-7554
-7268
-4596
-1748
-1470
-3767
-8240
-12164
-13489
-11594
-7435
-4123
-2985
-4230
-6074
-6762
-5681
-2911
334
3008
4371
4875
5381
6370
7438
8198
8610
9174
10129
11069
11493
10966
9468
7370
5597
4968
5480
6039
5351
3223
367
-2073
-3215
-3029
-2137
-1586
-2166
-3646
-5078
-5560
-4957
-3803
-2702
-1970
-1539
-1167
-612
276
1130
1848
2265
2742
3521
4328
4759
4540
3937
3276
2867
2787
2857
2639
1913
627
-642
-1505
-1817
-1865
-2081
-2554
-3277
-3878
-4240
-4183
-3753
-3318
-2989
-2820
-2542
-2056
-1398
-743
-178
388
845
1380
1924
2430
2818
2865
2780
2708
2757
2915
2941
2713
2205
1522
855
319
6
-228
-591
-1355
-2149
-2786
-2969
-2773
-2572
-2248
-2340
-2343
-2410
-2283
-1635
-817
203
669
966
1118
617
-1274
-5019
-8020
-8347
-5637
-2137
-1071
-2882
-6944
-10951
-12632
-11024
-6825
-2839
-1408
-2796
-5237
-6563
-5584
-2944
386
3062
4239
4157
3957
4692
6165
7411
8001
8421
8995
9839
10277
10137
9224
7603
5994
5220
5613
6476
6321
4591
1958
-468
-1657
-1744
-965
-312
-692
-2252
-4120
-4971
-4558
-3455
-2466
-1946
-1946
-2056
-1991
-1311
-121
933
1545
1567
1764
2305
2976
3305
3259
3062
2807
2650
2442
2396
2087
1549
651
-198
-590
-847
-913
-1282
-1813
-2405
-3036
-3285
-3035
-2591
-2283
-2402
-2635
-2629
-2289
-1646
-928
-307
110
298
423
788
1335
1834
2096
2119
2185
2219
2242
2284
2209
2071
1692
1304
988
668
348
-205
-740
-1242
-1489
-1626
-1706
-1830
-1930
-1966
-1905
-1903
-1779
-1444
-1014
-301
121
703
-372
-2820
-6790
-9270
-8457
-5502
-2097
-2009
-4178
-8201
-11390
-11845
-9590
-5287
-2362
-1818
-3623
-5529
-5846
-4264
-1487
1232
3194
3730
3687
3822
4957
6432
7290
7690
7972
8713
9601
10000
9700
8686
7158
5916
5619
6277
6915
6253
4259
1773
-102
-751
-465
190
295
-702
-2429
-4010
-4446
-3765
-2782
-2112
-1967
-2139
-2411
-2344
-1708
-722
156
609
979
1437
2044
2416
2436
2332
2212
2287
2467
2699
2717
2132
1236
343
-38
53
127
-54
-641
-1456
-2198
-2655
-2575
-2175
-1849
-1874
-2185
-2418
-2492
-2210
-1763
-1136
-688
-463
-232
53
458
825
1030
1172
1348
1528
1704
1867
1964
1967
1821
1559
1405
1273
1168
899
466
-151
-667
-888
-899
-871
-1126
-1343
-1688
-1744
-1718
-1378
-923
-542
-333
-285
-363
-1630
-4293
-7876
-9380
-8076
-4734
-2230
-2710
-5373
-9467
-11964
-11691
-8434
-3968
-1523
-1853
-4255
-6042
-5840
-3560
-347
2510
3951
3801
3278
3431
4932
6634
7641
8001
8186
8686
9258
9531
9408
8519
7099
6010
5792
6565
6897
6005
3823
1433
-97
-470
96
769
713
-718
-2824
-4254
-4317
-3282
-2234
-1753
-1943
-2618
-3062
-2873
-1863
-592
216
395
238
427
920
1540
2071
2221
2221
2074
2023
2216
2310
2134
1503
777
389
403
477
297
-265
-1156
-1938
-2360
-2093
-1538
-1233
-1455
-2108
-2556
-2642
-2290
-1571
-926
-558
-557
-562
-367
85
620
977
1056
1047
1102
1393
1660
1866
1867
1659
1399
1153
1110
1116
1064
761
378
-74
-359
-444
-528
-533
-785
-899
-1169
-1229
-1252
-962
-639
-120
230
-1080
-4373
-8915
-10572
-8636
-4164
-1337
-2257
-5736
-10347
-12676
-11994
-8011
-3282
-971
-1960
-5068
-6987
-6478
-3581
-177
2569
3725
3318
2683
2986
4841
6710
7558
7563
7712
8557
9441
9839
9574
8560
7138
6093
6216
7366
7912
6742
4123
1479
58
-28
749
1469
1241
-485
-2849
-4503
-4486
-3358
-2282
-1942
-2452
-3161
-3670
-3319
-2288
-1104
-445
-527
-624
-220
665
1527
1895
1818
1667
1599
1919
2445
2815
2629
1813
963
564
762
1061
1035
456
-503
-1427
-1953
-1786
-1292
-893
-1183
-1903
-2522
-2624
-2195
-1657
-1237
-1078
-1053
-1063
-776
-221
333
662
553
476
629
1067
1572
1826
1764
1438
1119
1021
1259
1480
1470
1097
453
-37
-243
-96
144
206
-44
-659
-1294
-1531
-1277
-781
-318
7
392
-607
-3312
-7496
-9880
-8662
-5223
-1983
-2191
-4695
-8680
-11804
-12080
-9598
-5056
-2095
-1941
-4189
-6384
-6669
-5017
-2136
623
2632
2918
2563
2557
3777
5591
6442
6823
7164
8053
9157
9695
9774
9098
7755
6567
6406
7437
8445
7964
5971
3454
1502
725
995
1769
2099
993
-1140
-3150
-3925
-3472
-2791
-2415
-2481
-2889
-3364
-3613
-3312
-2581
-2005
-1808
-1654
-1142
-246
558
854
834
750
885
1306
1971
2633
2836
2398
1575
1101
1090
1373
1616
1421
899
33
-718
-1103
-979
-709
-808
-1199
-1759
-2021
-2077
-1904
-1664
-1522
-1447
-1431
-1272
-894
-397
-108
-88
-157
-7
432
934
1364
1568
1466
1177
967
1043
1381
1606
1483
991
486
259
283
422
456
254
-63
-392
-644
-652
-660
-518
-428
-55
316
-720
-3620
-7769
-9589
-8106
-4476
-1892
-2458
-5217
-9138
-11718
-11782
-8905
-4758
-2255
-2531
-4896
-6646
-6693
-4799
-2103
352
1870
1959
1779
2285
3943
5682
6301
6270
6422
7452
8807
9869
10191
9489
7951
6500
6406
7571
8882
8682
6850
4462
2349
1452
1513
2279
2634
1623
-441
-2435
-3282
-3093
-2600
-2439
-2658
-3244
-3801
-3996
-3587
-2923
-2612
-2642
-2742
-2246
-1416
-540
106
371
377
251
440
1131
2020
2532
2393
1860
1410
1320
1443
1714
1840
1535
862
37
-338
-288
-182
-260
-705
-1165
-1566
-1740
-1667
-1449
-1288
-1399
-1643
-1740
-1421
-947
-556
-476
-511
-458
-287
118
638
1081
1217
1018
815
921
1147
1381
1369
1184
1010
803
843
860
832
641
266
62
-104
-1
-47
-80
-138
49
405
-568
-3095
-6931
-8869
-7957
-4966
-2492
-2621
-4736
-8213
-10870
-11463
-9464
-5969
-3608
-3304
-4898
-6257
-6415
-5137
-3071
-1133
335
797
1190
2055
3791
5417
5829
5587
5501
6531
8074
9643
10562
10217
8780
6940
6332
7149
8536
9064
8083
6138
4012
2560
2036
2394
2757
2214
681
-1082
-2064
-2267
-2224
-2345
-2760
-3362
-3892
-4075
-3624
-2966
-2759
-3160
-3737
-3649
-2802
-1512
-418
130
45
-406
-597
-206
841
1824
2285
2178
1726
1554
1556
1793
1968
1774
1338
719
487
573
756
611
-17
-798
-1441
-1558
-1283
-886
-712
-998
-1541
-1967
-1925
-1473
-929
-661
-632
-802
-911
-612
-161
423
685
666
604
594
872
1125
1214
1143
900
813
789
932
1072
932
582
132
-119
-156
-177
-116
-164
-148
-139
47
-72
-1233
-3775
-6723
-7799
-6770
-4448
-3004
-3451
-5158
-7693
-9458
-9874
-8513
-6153
-4613
-4257
-4828
-5191
-4940
-4176
-3138
-1953
-845
-3
1169
2675
4488
5543
5413
4937
4886
6007
7686
9397
10463
10262
8970
7419
6749
7212
8068
8308
7625
6331
4903
3802
3190
2997
2720
1847
520
-634
-1044
-1065
-1271
-2040
-3003
-3819
-4168
-3902
-3240
-2691
-2825
-3491
-4118
-4011
-3161
-2015
-1054
-694
-758
-994
-949
-463
415
1165
1456
1298
1148
1311
1601
1893
1911
1667
1177
784
790
1060
1129
784
126
-539
-895
-860
-540
-365
-522
-1007
-1521
-1771
-1618
-1249
-918
-849
-1016
-1096
-1003
-695
-246
110
353
292
185
224
428
734
884
885
799
721
731
769
812
697
447
57
-218
-232
-16
94
-72
-446
-624
-624
-304
-6
-607
-2368
-5087
-6733
-6724
-5139
-3544
-3102
-3783
-5649
-7427
-8466
-8064
-6541
-5127
-4337
-4416
-4403
-4078
-3326
-2511
-1772
-1068
-622
264
1659
3579
5159
5603
5428
5027
5291
6172
7470
8738
9293
8977
8005
7343
7207
7474
7450
6892
6081
5097
4422
3899
3618
3205
2280
1031
-217
-963
-1210
-1250
-1471
-1978
-2640
-3334
-3639
-3674
-3340
-3114
-3202
-3316
-3341
-2875
-2291
-1745
-1416
-1296
-1261
-1096
-626
31
716
1005
948
768
683
911
1230
1580
1639
1449
1017
624
547
631
686
436
51
-303
-463
-507
-466
-433
-648
-1047
-1425
-1481
-1217
-938
-783
-822
-914
-991
-875
-618
-293
-100
-163
-196
-103
208
518
670
593
297
-14
-149
17
293
492
422
125
-174
-395
-348
-259
-167
-256
-398
-514
-425
-56
410
351
-773
-2861
-4864
-5682
-5246
-4030
-3093
-2832
-3534
-4905
-6152
-6706
-6244
-5481
-4911
-4613
-4276
-3595
-2699
-1858
-1318
-1115
-1259
-1112
-224
1534
3579
4900
5333
5113
4897
5060
5715
6718
7560
7809
7499
7109
7081
7373
7492
7101
6191
5111
4154
3650
3562
3607
3238
2174
866
-257
-778
-999
-1217
-1561
-2119
-2718
-3121
-3054
-2707
-2435
-2645
-3161
-3513
-3394
-2719
-1915
-1245
-1020
-1200
-1377
-1300
-762
-31
474
618
450
336
459
819
1212
1377
1155
678
304
292
657
1030
1027
626
68
-325
-419
-294
-117
-142
-416
-847
-1097
-984
-701
-492
-618
-927
-1176
-1145
-826
-356
-22
11
-272
-559
-651
-388
-57
147
114
-119
-339
-406
-240
-75
-43
-202
-415
-603
-612
-441
-164
6
-26
-219
-324
-283
-145
25
125
-143
-976
-2386
-3564
-4083
-3845
-3311
-3103
-3123
-3525
-4005
-4441
-4582
-4392
-4216
-4202
-4166
-3763
-3001
-2061
-1294
-833
-643
-642
-462
101
1228
2583
3618
4186
4404
4607
4921
5301
5790
6170
6272
6146
6041
6204
6437
6418
5937
5160
4356
3702
3274
3021
2787
2349
1618
779
108
-282
-521
-869
-1257
-1684
-2034
-2164
-2082
-1822
-1736
-1891
-2190
-2458
-2331
-1974
-1561
-1203
-1060
-980
-939
-771
-438
-165
-9
-17
16
159
370
625
733
684
483
219
116
186
336
418
349
111
-128
-289
-369
-339
-324
-372
-507
-758
-890
-902
-782
-676
-664
-719
-865
-909
-897
-755
-612
-557
-647
-764
-745
-613
-367
-169
-104
-167
-251
-354
-419
-423
-432
-433
-455
-367
-120
51
19
-227
-560
-769
-840
-795
-544
-287
-60
70
236
412
296
-238
-1204
-2051
-2660
-2826
-2715
-2449
-2107
-2011
-2171
-2535
-2800
-2895
-2948
-2946
-2910
-2683
-2313
-1810
-1157
-549
-113
50
80
231
670
1304
1960
2631
3155
3565
3860
4216
4560
4765
4732
4490
4248
4161
4248
4366
4382
4200
3816
3274
2752
2322
2022
1725
1356
918
530
234
41
-61
-245
-430
-724
-1052
-1230
-1244
-1119
-1017
-1057
-1149
-1162
-1075
-919
-775
-670
-618
-704
-722
-604
-361
-64
41
39
-49
-80
-24
87
236
287
188
-6
-166
-250
-214
-146
-170
-267
-447
-583
-613
-596
-628
-738
-920
-1024
-1020
-913
-773
-735
-799
-924
-986
-975
-919
-825
-707
-594
-523
-481
-440
-312
-242
-281
-461
-648
-638
-465
-289
-165
-126
-209
-376
-540
-541
-401
-273
-232
-325
-381
-346
-238
-94
-21
-12
-126
-207
-72
200
435
346
-93
-691
-1229
-1543
-1595
-1525
-1478
-1533
-1699
-1770
-1717
-1555
-1440
-1478
-1601
-1727
-1765
-1604
-1278
-828
-426
-177
36
226
537
879
1168
1494
1762
1981
2193
2443
2758
3042
3146
3125
3123
3169
3274
3279
3193
2984
2659
2371
2135
2000
1916
1839
1645
1323
1016
771
594
463
293
89
-89
-189
-228
-206
-188
-199
-260
-362
-380
-377
-384
-398
-405
-407
-398
-327
-291
-280
-289
-333
-343
-366
-417
-422
-429
-378
-354
-426
-600
-734
-770
-717
-680
-691
-767
-900
-1016
-1146
-1166
-1115
-1021
-947
-906
-879
-872
-777
-656
-537
-537
-635
-658
-614
-377
-138
-95
-241
-385
-408
-309
-164
-120
-161
-231
-246
-209
-183
-196
-251
-279
-212
-133
-149
-232
-290
-245
-107
-33
-29
-65
-90
-59
-22
-22
-27
-15
63
236
345
346
223
71
-114
-276
-446
-605
-804
-989
-1085
-1126
-1135
-1119
-1079
-1055
-1079
-1159
-1235
-1269
-1220
-1162
-1046
-861
-622
-394
-166
106
349
528
616
745
933
1200
1491
1738
1937
2031
2095
2113
2115
2131
2151
2154
2115
2111
2080
2049
1956
1856
1701
1527
1368
1243
1220
1135
1081
932
753
608
464
388
343
308
242
120
10
-107
-157
-198
-251
-290
-319
-327
-371
-425
-480
-503
-511
-572
-663
-733
-780
-783
-840
-889
-942
-917
-867
-777
-728
-689
-739
-786
-838
-821
-726
-671
-566
-509
-387
-336
-348
-368
-379
-329
-260
-253
-249
-286
-290
-230
-176
-169
-256
-300
-299
-260
-210
-245
-285
-351
-303
-214
-122
-76
-39
-53
-127
-199
-273
-272
-280
-201
-176
-149
-123
-48
-10
-60
-140
-242
-258
-209
-104
-30
-19
-43
-41
43
87
116
43
-178
-371
-535
-646
-731
-773
-766
-754
-793
-827
-796
-681
-577
-526
-499
-541
-577
-582
-555
-437
-301
-170
-42
84
214
380
506
600
685
776
922
1022
1149
1282
1414
1547
1618
1670
1680
1688
1668
1638
1600
1596
1548
1503
1470
1379
1277
1140
1038
946
834
708
574
431
337
211
96
-14
-122
-246
-370
-457
-525
-564
-604
-610
-627
-683
-737
-714
-657
-585
-520
-473
-464
-460
-479
-435
-365
-279
-270
-262
-248
-259
-185
-173
-87
-88
-73
-45
-53
14
-58
-96
-143
-136
-88
-157
-167
-197
-138
-93
-127
-202
-307
-282
-213
-152
-174
-231
-265
-308
-263
-253
-204
-189
-238
-232
-263
-171
-153
-220
-283
-348
-336
-336
-336
-348
-305
-281
-319
-356
-371
-311
-215
-201
-316
-482
-560
-526
-386
-235
-96
6
7
-16
-25
-40
-78
-183
-304
-409
-474
-452
-374
-322
-330
-359
-380
-342
-304
-289
-286
-280
-280
-330
-339
-260
-141
-51
41
153
241
353
446
521
596
642
676
708
773
867
990
1111
1174
1128
1102
1075
1072
1072
1033
965
826
717
654
610
552
464
382
283
207
133
92
104
97
59
-60
-178
-197
-152
-42
30
44
77
56
57
46
71
130
109
58
1
5
83
177
235
209
140
63
48
118
209
243
179
96
29
-44
-72
-65
-39
-27
-31
-72
-141
-231
-290
-310
-319
-336
-419
-429
-384
-285
-232
-258
-335
-427
-425
-447
-416
-403
-374
-356
-383
-417
-493
-493
-453
-425
-432
-452
-424
-365
-321
-311
-345
-359
-288
-205
-112
-148
-215
-227
-275
-246
-275
-243
-199
-190
-163
-196
-190
-166
-156
-134
-119
-123
-181
-226
-220
-193
-129
-72
-64
-81
-116
-105
-50
27
28
0
-15
-7
13
14
73
105
107
96
64
121
197
286
328
308
238
128
127
170
237
248
200
155
167
207
238
233
214
199
175
195
221
284
315
319
326
295
255
231
295
357
413
395
333
317
325
384
363
340
316
300
334
370
395
399
363
356
370
321
311
302
303
359
350
401
412
410
359
292
242
143
105
29
33
117
201
205
100
-22
-105
-157
-213
-260
-348
-399
-382
-287
-210
-224
-327
-452
-506
-471
-376
-351
-354
-409
-397
-333
-221
-157
-234
-377
-475
-415
-253
-22
26
-143
-471
-673
-564
-334
-143
-155
-297
-412
-436
-389
-269
-181
-157
-198
-308
-315
-261
-132
-31
16
12
-40
-59
-135
-83
-74
-46
-37
-73
-93
-98
-26
55
122
123
-29
-189
-267
-161
93
226
204
1
-181
-207
-93
37
57
19
-45
-65
-65
-72
-77
-102
-133
-84
1
26
44
-11
-69
-74
-95
-89
-56
4
36
93
115
174
217
175
120
108
168
281
336
308
288
301
371
461
509
476
420
347
323
245
244
328
457
582
562
521
403
299
233
279
442
531
556
450
299
236
238
240
254
270
224
216
132
116
103
24
-41
-88
-21
42
74
56
9
5
-54
-178
-308
-362
-319
-256
-131
-29
-83
-224
-403
-418
-296
-179
-196
-356
-399
-434
-285
-237
-166
-56
-97
-153
-312
-399
-374
-332
-234
-76
29
43
-71
-229
-377
-363
-197
33
192
146
0
-143
-279
-289
-167
-57
-6
-63
-154
-255
-283
-164
-60
-19
-157
-339
-362
-298
-82
-18
-112
-240
-319
-256
-230
-188
-141
-76
-72
-158
-171
-80
18
42
-39
-43
-30
-8
-3
-6
18
15
-5
11
23
17
-22
-22
37
88
127
109
66
32
-17
40
42
81
115
195
239
196
99
29
67
133
204
174
162
91
179
299
446
380
163
66
98
138
205
221
288
366
354
360
393
505
501
359
209
82
191
362
416
361
196
138
144
179
179
138
120
89
154
102
-52
-112
12
101
115
-9
-63
36
45
25
-74
-108
-100
-139
-178
-168
-149
-127
-109
-78
-30
-72
-184
-232
-224
-72
-17
32
-37
-110
-137
-130
11
-48
-74
-104
-41
128
98
9
-148
-173
-227
-368
-388
-377
-212
-101
108
183
123
-72
-300
-493
-534
-474
-373
-200
-16
130
40
-137
-408
-439
-354
-149
137
194
85
-78
-169
-78
-59
-168
-239
-170
86
218
163
-62
-241
-201
-93
92
82
-39
-202
-281
-204
-131
34
67
51
-68
-200
-225
-153
-77
1
14
23
32
-20
-57
5
56
91
167
190
293
322
217
31
-55
-36
79
210
202
246
295
267
334
344
330
269
129
21
-105
-95
52
171
241
207
128
163
221
303
121
-143
-294
-165
212
414
407
164
80
102
32
-75
-266
-131
170
411
393
73
-178
-291
-96
196
362
331
84
-181
-367
-282
-5
181
255
197
213
147
6
-180
-349
-299
-161
40
210
202
109
1
-134
-252
-328
-210
44
141
74
48
72
196
71
-278
-577
-527
-33
335
452
205
14
-19
-44
-69
-263
-263
-295
-205
-127
32
201
216
183
-46
-185
-307
-323
-344
-303
-235
-173
-63
-55
29
-63
-160
-251
-216
-81
-13
-60
-122
-29
173
267
113
-30
-196
-210
-117
30
226
207
184
66
-69
-189
-191
-141
-193
-133
-168
-13
33
43
33
-110
-155
-201
-51
65
141
203
87
36
0
83
93
83
-29
-121
-138
6
260
362
251
70
60
33
-40
-141
-170
-74
139
303
333
235
-18
-248
-208
38
310
338
223
74
24
-27
-110
-25
43
152
73
44
-15
-84
-46
-12
216
274
221
-30
-232
-301
-202
9
120
174
116
170
157
75
-110
-201
-97
150
364
423
371
137
-30
-170
-178
-181
-58
77
176
152
94
12
-75
-90
-125
-62
-74
-112
-119
41
223
254
135
-29
-131
-229
-282
-234
-138
3
181
242
164
-45
-197
-238
-150
-84
-169
-291
-194
138
393
362
91
-177
-303
-207
-80
-48
-118
-77
109
193
196
31
-30
-86
-91
-99
-142
-103
-85
88
51
44
-47
-57
10
-22
-21
-91
-152
-156
-152
-78
4
-5
-3
2
44
-32
-105
-234
-213
-172
-100
-40
18
157
148
112
-9
-25
40
56
4
-125
-145
-30
173
252
277
150
56
-107
-180
-177
-58
-12
-66
-16
-9
97
33
-30
-118
-162
-112
-70
32
58
90
61
103
105
-5
-68
-113
42
45
-7
-81
-35
220
315
372
134
-60
-62
10
98
42
-17
-41
63
129
154
106
-4
10
99
159
121
79
39
33
-14
-14
-29
-53
-25
10
93
65
-10
-65
4
46
72
-93
-206
-229
-132
90
156
210
129
50
-135
-205
-187
-30
203
246
177
52
125
227
233
127
-75
-90
-70
32
54
-80
-120
-105
96
154
158
-19
-166
-149
-74
94
82
81
-59
-173
-194
-143
18
127
134
-17
-163
-224
-188
-95
48
168
117
29
-66
-24
-4
-61
-138
-137
-97
-63
-81
-193
-211
-201
-68
-44
-93
-51
-20
29
29
-8
-83
-179
-149
-63
24
-16
-123
-183
-117
-28
-53
-107
-156
-89
-37
31
9
-54
-32
-32
-30
9
67
77
7
-3
30
122
262
228
108
-97
-174
-114
85
281
358
289
74
-41
-123
-168
-142
-45
72
169
238
258
194
72
-26
-153
-214
-195
-80
93
192
151
129
109
66
-7
-36
62
146
130
-25
-106
-11
126
165
72
-7
8
51
76
46
-45
-136
-190
-102
42
195
294
188
116
25
62
50
-43
-103
-95
43
98
138
70
54
12
-61
-124
-201
-145
-97
9
54
34
58
102
65
-81
-178
-116
143
291
196
-66
-166
-97
9
13
-76
-64
10
121
13
-155
-356
-304
-113
88
208
149
28
-145
-230
-167
3
124
94
-14
-151
-180
-120
-5
27
58
38
-75
-214
-273
-135
80
114
61
-81
-126
-97
-62
-41
-36
-74
-182
-238
-202
-20
151
215
190
79
2
-103
-113
16
173
217
133
-21
-60
14
133
256
178
74
-92
-164
-203
-223
-212
-117
21
121
140
34
-17
-61
-52
-37
-2
-1
-85
-66
-19
142
169
139
17
0
57
70
51
-46
-55
-70
-14
62
89
117
136
196
212
138
4
-113
-115
-12
114
150
163
129
133
94
-31
-130
-94
26
76
-6
-102
-34
163
217
44
-217
-280
-76
169
297
209
-14
-199
-171
-29
158
299
271
101
-198
-295
-217
-30
144
148
98
-17
-83
-75
-101
-84
-127
-116
-84
-42
58
89
89
-53
-87
-67
-32
-23
-99
-116
-110
-93
-13
68
94
78
-52
-153
-182
-78
42
130
98
20
-11
23
125
78
-51
-152
-108
-1
90
100
48
68
69
72
-16
-46
5
41
8
-76
13
136
154
91
-61
-138
-183
-156
-108
-49
-26
-131
-161
-135
-52
-49
-152
-171
-98
-73
-99
-12
39
89
6
-133
-124
-85
-32
-73
-74
98
274
287
105
-90
-104
46
180
169
90
14
10
74
142
141
29
-92
-117
-48
34
94
103
86
92
38
-66
-169
-236
-168
-18
123
167
98
19
18
52
-18
-179
-290
-207
7
144
154
164
113
31
-83
-178
-22
136
277
225
55
-92
-148
-6
58
124
70
104
184
189
152
-11
-75
-133
-87
3
73
130
67
-11
-103
-114
-89
-86
-59
24
98
87
54
-35
-54
-41
84
140
98
-14
-97
-23
79
133
122
45
-28
-91
-162
-162
-109
-31
9
24
8
-9
-53
-54
0
10
-3
-121
-189
-182
-118
-24
77
177
200
151
25
-72
-83
-33
49
38
-30
-41
2
81
39
-110
-230
-248
-91
85
203
102
-76
-198
-232
-132
-29
103
157
162
49
-52
-64
-12
52
-11
-67
-47
-13
-40
-111
-158
-142
9
139
221
177
15
-107
-157
-118
-109
-48
31
134
151
75
-6
-46
1
18
8
-60
-121
-160
-125
-49
50
148
140
59
-2
85
175
151
104
-24
-65
-47
19
115
120
53
-57
-63
-51
-21
-35
-28
19
31
-53
-213
-251
-153
39
141
124
64
41
43
37
26
-72
-143
-189
-104
42
159
222
160
113
87
91
86
46
14
-15
-68
-143
-144
-20
182
315
277
155
31
-61
-49
-50
3
75
107
94
11
-44
-45
1
70
92
95
60
-1
-89
-177
-174
-74
3
-5
-57
-45
53
124
81
-46
-202
-225
-145
-52
1
-51
-27
55
140
103
4
-51
-70
-68
-67
-45
22
69
30
-38
-57
-24
8
23
-21
-89
-181
-258
-222
-158
-46
-22
-39
-58
-64
-96
-131
-106
-102
-52
-9
64
143
156
104
90
65
49
19
-16
22
31
19
-20
-30
2
22
41
15
25
33
61
82
75
82
29
41
45
65
103
97
80
0
-98
-146
-56
93
213
173
68
27
-12
-47
-118
-139
-111
-67
-14
42
85
58
-1
-87
-121
-61
-8
88
144
141
122
81
112
103
-13
-100
-122
-37
69
97
87
36
6
9
13
-40
-82
-118
-97
-31
43
88
115
116
74
7
-87
-141
-223
-245
-185
-48
89
123
98
96
101
80
-10
-121
-190
-176
-107
-33
66
124
112
87
48
82
73
23
-40
-60
-17
-20
0
17
45
66
10
-42
-68
-76
-58
-46
-33
-32
-32
-21
-5
34
72
92
92
33
-46
-89
-79
-37
5
56
114
183
220
160
55
-107
-215
-184
-67
70
127
123
103
72
32
-73
-208
-297
-288
-189
-71
-7
-24
-72
-73
-49
-27
-36
-64
-95
-90
-31
2
12
-6
34
119
150
95
-13
-107
-131
-89
-25
32
61
55
72
73
79
44
-49
-120
-154
-93
-21
21
66
72
107
157
171
134
26
-65
-93
-65
-5
52
80
101
123
140
128
82
22
-63
-121
-149
-102
-28
39
110
176
199
186
143
58
-38
-117
-147
-88
-16
33
59
54
44
27
18
0
-1
-2
-21
-58
-72
-39
4
5
-28
-40
-29
17
16
-9
-41
-66
-67
-44
12
23
23
21
39
79
44
-10
-14
40
115
132
75
-26
-107
-120
-91
-31
-11
-36
-71
-69
-35
-24
-32
-64
-94
-119
-106
-58
3
47
69
66
81
54
29
-28
-75
-48
4
73
61
17
-11
-24
-19
-72
-143
-176
-113
14
65
47
-8
-49
-64
-71
-66
-28
6
50
62
60
49
50
60
58
26
-58
-105
-102
-64
-7
48
83
115
119
106
62
-8
-64
-107
-98
-34
45
74
80
90
121
175
192
155
90
16
-1
4
29
37
12
-3
-40
-38
-6
28
67
38
-28
-81
-101
-85
-43
-14
5
27
76
93
74
28
-64
-120
-157
-154
-124
-64
5
62
108
111
83
26
-54
-131
-172
-168
-120
-30
50
105
124
112
61
-19
-91
-122
-107
-90
-50
-6
47
78
85
100
113
113
82
47
-12
-55
-50
-14
16
21
-2
-55
-72
-51
-36
-37
-71
-94
-75
-45
-5
11
1
-4
-12
9
42
59
36
-16
-27
-20
-11
-17
-8
26
46
57
36
34
21
-1
3
-39
-71
-90
-78
-20
19
51
49
39
11
-12
-31
-51
-56
-56
-29
7
22
15
-5
-6
6
1
-11
-27
-43
-52
-38
3
18
13
23
38
69
81
85
85
51
13
-18
-10
2
10
8
0
21
30
29
17
1
-29
-55
-68
-60
-36
3
29
39
51
45
58
72
63
15
-35
-40
-12
9
3
-9
-1
10
21
16
3
3
-3
-30
-49
-46
-29
-4
22
34
43
63
64
64
50
17
-20
-32
-50
-46
-12
4
25
19
7
3
11
43
55
38
22
7
-7
-22
-37
-40
-27
-13
3
9
-13
-27
-33
-17
-4
-3
15
20
23
41
44
59
56
35
32
21
12
-2
-14
-5
-7
-6
0
0
8
7
1
-13
-41
-48
-42
-34
-59
-95
-97
-67
-28
-18
-24
-34
-45
-68
-94
-104
-76
-37
-9
-4
-3
9
12
9
1
15
21
44
43
39
29
2
-12
-23
-12
-14
-8
-3
6
6
-8
-1
-8
-1
-1
20
52
49
50
28
24
21
20
19
44
74
73
63
29
-6
-37
-56
-61
-53
-37
-21
-2
17
13
-8
-35
-56
-62
-62
-60
-33
-14
3
13
37
60
74
80
72
53
18
-11
-41
-55
-43
-12
23
51
78
93
80
39
-19
-73
-124
-132
-90
-30
33
69
81
75
58
35
-2
-34
-44
-32
-21
-8
19
34
45
61
59
56
43
31
10
-3
-19
-51
-56
-36
-3
16
8
-9
-30
-40
-62
-77
-79
-69
-61
-45
-33
-33
-29
-31
-23
-10
-9
-7
-14
-13
-3
14
40
52
74
80
75
74
61
41
9
-16
-21
-9
6
5
11
2
1
3
3
11
16
17
14
13
17
12
10
9
10
22
29
36
55
52
41
29
24
32
31
20
14
13
3
2
1
3
4
-3
-9
-20
-13
-14
-26
-20
-14
-7
-14
-27
-44
-38
-36
-37
-29
-37
-35
-24
-5
12
29
40
42
37
40
30
15
24
11
-10
-22
-26
-19
-9
-17
-22
-23
-26
-25
-32
-25
-24
-38
-57
-66
-68
-61
-55
-51
-37
-41
-50
-50
-38
-34
-35
-40
-29
-21
-12
-7
-6
2
-7
-7
0
3
6
-8
-15
-27
-23
-16
-7
5
8
27
32
40
37
40
43
27
29
32
47
55
64
74
79
76
66
60
32
6
-14
-28
-16
-4
9
30
41
50
27
1
-11
-21
-30
-30
-16
-3
2
9
22
45
58
51
41
42
34
27
23
19
26
18
19
20
18
13
3
-7
-27
-42
-60
-68
-63
-62
-50
-36
-24
-3
3
13
14
4
1
-11
-17
-21
-16
-10
6
18
26
18
-6
-12
-12
-9
-6
0
6
12
18
15
18
12
-4
-32
-44
-43
-34
-24
-9
8
8
5
-13
-33
-46
-61
-60
-53
-40
-16
-1
14
20
20
10
2
-6
-4
0
14
34
52
63
67
70
62
44
14
-10
-25
-31
-31
-30
-24
-11
-8
-9
-27
-33
-54
-71
-75
-74
-52
-29
-2
16
31
40
50
45
34
25
6
5
9
3
9
17
24
25
17
13
-1
-5
-13
-23
-26
-32
-16
-3
4
17
20
20
11
-6
-21
-24
-21
-9
3
13
30
44
49
50
34
12
0
-7
-12
-13
-8
12
25
22
25
27
26
6
-5
3
1
6
7
8
13
8
8
3
1
-6
-5
-5
-7
-9
-16
-22
-28
-21
-12
1
16
29
32
25
13
4
12
19
19
20
21
28
24
20
16
9
0
-7
1
9
10
1
2
19
25
21
14
9
3
-10
-20
-29
-38
-35
-42
-39
-31
-27
-28
-25
-30
-38
-43
-46
-32
-21
-7
0
-3
-1
-2
-16
-25
-30
-41
-46
-36
-29
-23
-18
-18
-18
-13
-14
-16
-15
-15
-4
2
16
20
14
6
-5
-8
-6
-10
-3
10
21
33
30
24
23
17
14
5
-5
-6
-5
-1
1
15
13
16
17
19
26
13
2
1
2
5
3
9
16
15
9
2
-5
-13
-19
-16
5
10
10
13
8
11
6
0
3
1
2
1
0
4
5
6
3
-1
-6
-14
-18
-24
-27
-22
-19
-10
-9
-9
-3
-7
-9
-12
-9
-7
-2
8
12
14
13
20
20
11
6
9
22
26
29
22
19
17
6
1
-8
-17
-19
-16
-9
2
9
13
17
18
13
11
17
17
14
18
17
20
13
6
13
21
22
25
24
24
26
29
29
23
14
3
-3
-13
-15
-11
-5
2
-1
-1
-2
-6
-9
0
-1
1
5
2
2
-3
-7
-8
-7
-5
-15
-15
-16
-18
-17
-17
-12
-16
-17
-22
-24
-22
-29
-38
-32
-20
-17
-16
-20
-23
-27
-26
-29
-22
-24
-29
-23
-17
-5
-6
-10
-14
-14
-13
-3
10
20
28
26
35
32
32
24
11
12
11
12
13
10
15
16
7
1
-6
-19
-25
-35
-31
-24
-21
-10
1
16
28
30
31
39
36
27
15
10
16
8
10
12
12
8
-9
-19
-22
-20
-15
-8
0
14
15
16
14
11
4
-9
-13
-19
-17
-13
-10
-1
4
-1
-7
-14
-17
-28
-42
-36
-25
-21
-21
-14
-7
4
4
2
10
13
15
23
27
37
37
27
21
15
15
6
-13
-18
-23
-31
-35
-35
-26
-26
-22
-15
-9
1
5
10
22
30
37
41
42
49
41
32
29
23
8
-6
-22
-26
-33
-34
-32
-28
-21
-23
-16
-18
-16
-17
-17
-8
-3
-3
-5
-6
-8
-6
-7
-4
2
3
-2
2
11
17
16
12
7
4
3
1
1
-1
5
1
-3
-4
-7
-5
6
16
25
31
35
40
36
30
22
23
22
21
20
21
17
12
4
3
6
1
-10
-15
-11
-10
-17
-17
-9
-1
-1
-1
2
4
-3
-9
-8
1
-5
-12
-16
-5
7
10
14
11
5
-2
-9
-13
-13
-18
-17
-12
4
12
6
9
6
3
3
3
7
12
13
3
2
4
0
-5
-20
-26
-24
-21
-12
0
11
14
8
5
3
-2
-10
-16
-13
-8
0
3
12
13
16
20
16
19
16
4
-1
-1
0
-9
-9
-13
-17
-19
-30
-38
-42
-46
-43
-35
-18
-7
2
3
10
14
16
5
-5
5
5
10
10
12
9
-5
-6
-12
-15
-20
-22
-22
-13
-9
-6
-3
-2
3
1
2
3
1
-1
-2
7
11
10
4
1
0
-3
-5
-4
2
3
5
6
15
21
16
13
8
9
10
12
16
15
17
8
0
-5
-15
-19
-24
-23
-21
-11
-5
-1
6
7
14
15
20
27
20
14
11
14
13
10
3
2
4
0
-1
-1
3
4
6
8
-5
-11
-23
-28
-27
-29
-25
-16
-5
-3
4
14
21
26
22
16
13
3
-2
-9
-14
-10
-3
2
1
6
2
4
9
10
14
18
20
29
32
31
26
18
18
12
16
14
16
22
18
12
15
13
1
-8
-16
-17
-18
-20
-15
-11
-9
-7
-7
-7
-11
-9
-10
-18
-22
-29
-29
-27
-25
-24
-24
-19
-21
-22
-26
-28
-21
-21
-6
1
1
-2
-9
-5
-5
-4
2
2
-3
-5
-2
1
4
8
6
10
10
12
7
3
6
-7
0
0
-1
-1
-3
3
1
3
2
1
2
3
6
14
16
17
17
13
7
-1
-4
-4
-2
0
4
6
-3
3
6
8
16
14
9
8
8
2
5
5
0
-4
-13
-12
-11
-18
-21
-17
-16
-17
-19
-15
-11
-10
-6
-7
-7
0
5
12
19
19
20
22
24
29
19
18
18
15
10
8
-1
-4
1
8
18
14
10
8
11
5
5
0
-4
-5
-9
-4
-8
-13
-19
-25
-26
-25
-25
-21
-14
-8
-7
-2
5
2
-1
4
-1
1
2
1
0
-4
-7
-10
-9
-8
1
6
5
4
2
0
5
11
12
19
17
13
13
6
6
6
1
4
4
-4
-1
8
7
7
4
2
1
-4
-9
-7
-9
-7
-4
-6
-1
3
0
5
3
3
4
2
6
3
8
6
2
0
-12
-15
-18
-20
-12
-12
-9
-5
3
7
4
8
12
8
10
8
4
0
-5
-13
-12
-10
-11
-4
-8
-6
0
-3
3
2
11
11
8
7
8
10
7
13
11
7
5
3
5
4
2
-1
-4
-5
-6
-12
-8
-5
-10
-13
-12
-15
-10
-6
-1
0
5
8
10
20
17
22
18
11
8
0
1
-6
-10
-6
-5
0
-2
-7
-10
-10
-8
-13
-5
-4
-6
-7
-7
-2
1
-3
-2
-6
-4
-11
-11
-8
-5
0
5
12
8
11
7
-1
-1
-10
-7
-12
-6
1
-6
2
-2
-3
-2
-10
-4
-7
2
3
3
1
-8
-6
-13
-3
0
4
4
1
8
5
2
12
12
15
10
6
12
6
7
2
1
3
3
4
4
2
-6
-9
-11
-6
1
2
5
6
7
1
-1
-2
-5
3
4
7
3
0
-4
-6
-8
-4
-6
-11
-11
-12
-18
-16
-10
-3
7
4
3
5
5
0
3
6
11
15
10
5
0
1
-7
-5
-3
0
-4
-10
-10
-9
-9
-8
-4
8
15
25
30
29
31
20
13
14
11
15
11
11
17
15
8
3
5
10
8
2
-4
-9
-13
-21
-15
-6
7
12
6
3
-4
-5
-20
-19
-13
-12
-9
-7
4
2
-4
-12
-14
-12
-18
-22
-22
-22
-26
-27
-27
-19
0
2
5
14
12
3
1
2
2
2
8
8
9
5
-4
-12
-12
-11
-12
-6
-10
-10
-10
-17
-17
-16
-10
-4
-3
0
-1
4
3
10
12
13
22
16
24
25
13
16
13
16
15
13
15
7
2
-2
2
0
3
3
9
13
15
7
1
-5
-11
-6
-8
-3
1
2
-1
5
11
13
17
11
14
13
13
9
10
11
10
15
20
23
14
6
-1
-12
-12
-8
-9
-3
0
-5
-7
-11
-8
-12
-17
-12
-12
-12
-10
-13
-15
-17
-16
-15
-14
-12
-9
-12
-13
-13
-15
-19
-14
-10
-5
-3
4
7
1
1
2
12
12
13
8
9
6
3
12
11
15
14
11
12
4
-4
-9
-13
-13
-7
-12
-6
-6
-7
-4
1
-3
7
6
1
7
-3
-1
2
0
3
3
2
5
5
0
-7
-13
-17
-25
-24
-23
-21
-5
-4
1
13
14
19
15
22
30
17
17
13
10
-1
-11
-1
-6
-10
-18
-24
-29
-33
-27
-21
-11
-8
-6
-2
-1
1
2
-1
-2
-1
-9
-15
-15
-16
-20
-18
-15
-8
-6
-1
1
1
8
12
20
22
33
35
31
28
35
31
32
31
36
35
27
24
21
16
12
3
-6
-6
-4
0
10
17
25
26
15
25
27
21
19
14
19
12
8
7
7
9
10
9
11
-3
-14
-32
-37
-28
-33
-32
-31
-29
-29
-25
-34
-35
-35
-40
-39
-31
-18
-14
-13
-15
-9
-6
-15
-10
-4
4
4
8
6
8
18
16
29
26
25
22
14
12
8
4
-3
-16
-20
-31
-36
-47
-48
-42
-42
-33
-34
-22
-12
-8
2
9
25
25
26
26
17
15
4
2
14
19
21
24
27
33
32
27
31
30
25
15
8
8
-2
-4
-3
-11
-13
-26
-28
-20
-14
-16
-13
-8
-7
5
16
26
37
31
27
19
7
2
-12
-15
-12
-9
-2
-4
-1
0
0
5
3
10
9
8
2
0
-8
-14
-21
-29
-29
-33
-36
-32
-20
-12
-10
-10
-11
-14
-18
-15
-5
1
7
13
12
13
14
16
21
18
18
9
1
-1
-4
8
6
11
19
8
18
8
11
10
0
2
-6
0
-4
-5
-8
-17
-25
-38
-44
-49
-50
-41
-37
-31
-19
-6
6
5
11
11
10
9
4
4
1
1
-2
-5
-1
1
7
-3
-4
1
9
21
32
47
49
46
45
35
29
16
11
4
-2
-6
-6
-8
-4
4
3
9
16
27
29
37
39
41
40
30
30
21
21
7
-1
-11
-13
-6
-6
5
15
21
18
13
13
5
-6
-8
-12
-10
-8
-14
-21
-22
-34
-40
-44
-51
-51
-55
-45
-35
-26
-16
-1
5
9
12
12
18
-1
-3
-5
-15
-7
-2
-4
-6
-6
-6
-5
-6
-8
-7
-1
1
11
16
13
15
7
8
10
7
10
8
8
-4
-4
-2
-2
8
12
16
18
15
11
12
16
7
2
-7
-9
-15
-18
-16
-16
-11
-6
4
1
4
6
3
8
5
6
5
3
4
-4
-8
-9
-16
-26
-35
-37
-29
-27
-21
-12
-14
-5
7
8
16
16
6
0
-10
-16
-16
-19
-22
-16
-14
-14
-8
-6
-1
-1
0
-1
4
9
10
5
-3
1
1
4
10
11
16
12
16
22
16
16
11
10
12
11
13
11
6
-1
-6
-12
-8
-8
-11
-9
-8
-7
-5
7
13
19
23
18
15
6
1
1
4
7
12
12
15
18
17
19
15
7
7
5
4
-3
-6
-8
-10
-17
-21
-18
-19
-12
-6
2
13
21
24
31
32
29
25
22
17
12
2
-5
-6
-8
-3
1
5
4
3
10
10
9
5
7
5
-1
-3
-11
-10
-12
-13
-11
-12
-14
-14
-16
-17
-19
-18
-19
-12
-9
-5
-2
-3
-3
-16
-22
-23
-20
-18
-14
-8
-4
-3
4
10
20
22
18
10
5
-5
-15
-18
-24
-27
-29
-38
-37
-34
-23
-17
-17
-10
-9
-4
-3
4
10
9
9
7
3
1
-7
-9
-7
0
9
14
21
24
30
31
23
28
24
15
6
-1
1
-5
3
5
7
12
14
21
22
26
22
20
16
13
5
-1
-2
0
1
2
1
7
4
6
8
9
14
3
2
-1
-1
1
-1
2
-3
-10
-12
-16
-17
-19
-17
-18
-14
-7
-2
-3
-5
1
0
2
-1
-2
-6
-11
-10
-17
-17
-20
-26
-23
-21
-18
-19
-16
-6
-3
4
8
14
18
13
11
2
2
-1
-4
-10
-11
-8
-6
-6
-4
4
8
13
16
21
23
18
10
5
6
1
-5
-11
-9
-9
-13
-11
-9
-11
-16
-17
-17
-14
-6
-3
2
9
11
18
23
28
27
24
18
15
11
6
10
8
7
8
5
7
7
12
13
18
16
13
13
5
3
-1
-2
-1
-2
-3
-9
-11
-13
-12
-10
-14
-17
-11
-9
-6
-6
-1
5
7
14
18
16
15
12
4
0
-2
-1
-3
0
5
7
8
5
3
1
-2
-5
-8
-10
-6
-6
-7
-15
-15
-16
-18
-22
-25
-20
-16
-14
-14
-9
-7
-3
-3
4
9
7
8
11
9
7
2
3
4
1
5
7
2
-1
-5
-10
-9
0
8
13
15
11
14
12
14
11
13
12
10
8
3
2
-3
-9
-9
-9
-11
-13
-10
-14
-14
-13
-11
-8
-8
-3
-3
-3
-3
-3
-7
-4
2
1
2
5
6
4
2
3
-1
-5
-9
-3
-4
-2
6
6
9
15
20
22
22
21
13
6
0
-1
0
0
1
-1
6
1
4
3
1
1
-4
-4
-6
-9
-13
-18
-23
-19
-13
-7
-1
7
14
19
18
17
17
16
19
14
4
-9
-18
-25
-31
-33
-33
-29
-27
-26
-19
-21
-23
-24
-30
-31
-26
-17
-12
-10
-5
6
18
24
29
33
31
28
23
17
14
13
10
9
11
11
12
17
18
17
14
12
14
13
13
10
8
7
-4
