SAMPLES:	16178
BITSPERSAMPLE:	16
CHANNELS:	1
SAMPLERATE:	16000
NORMALIZED:	FALSE
-6
-4
4
5
9
14
11
15
12
16
17
3
3
-11
-13
-18
-21
-16
-7
5
0
4
3
-2
0
-1
4
3
1
4
-3
-1
1
5
8
6
7
6
3
6
8
10
11
15
24
19
17
14
10
3
4
4
-5
-6
-13
-13
-9
-11
-15
-14
-11
-10
-8
-10
-11
-15
-22
-26
-26
-20
-20
-24
-19
-15
-17
-7
-5
-1
4
2
5
2
0
-2
-2
-5
-6
-5
-1
4
9
9
8
6
9
6
4
4
6
8
13
20
19
17
17
10
10
8
4
4
3
6
3
4
14
14
15
18
14
10
2
0
0
-4
3
2
3
-1
-5
-7
-10
-7
-9
-7
-6
-4
-5
-2
1
10
10
8
10
6
6
1
-1
-1
-1
-3
-3
-9
-13
-15
-16
-18
-20
-18
-23
-17
-14
-8
-2
-7
-1
-2
-3
1
0
7
12
9
12
13
5
2
6
5
2
7
2
-3
-5
-11
-13
-15
-13
-10
-5
5
5
8
13
9
4
2
10
1
-1
6
7
13
11
12
5
4
2
-4
-1
-5
-1
-1
-6
0
-3
-1
-6
-12
-12
-8
-6
-5
4
7
8
5
4
6
7
6
10
13
15
13
12
7
7
9
6
11
8
3
1
2
7
5
8
6
-1
0
-2
-1
-4
-3
-7
-10
-7
-4
6
3
2
0
-4
-6
-10
-12
-19
-22
-20
-20
-15
-18
-12
-11
-14
-5
-5
-3
1
1
-1
-4
-4
-5
-3
1
1
5
7
14
14
21
20
16
14
5
3
2
2
8
10
4
-2
-6
-11
-16
-16
-12
-7
-4
1
8
8
2
3
-4
-4
-1
-4
4
8
4
0
-3
-11
-16
-23
-21
-7
-8
-10
-9
-6
-6
-7
-3
-1
0
1
-2
-5
-7
-4
-11
-2
4
13
27
25
28
23
15
4
2
4
-3
-2
1
11
19
20
22
17
14
7
1
-3
-5
-1
-2
3
8
8
4
-4
-1
-4
-6
-10
-11
-10
-13
-19
-23
-28
-30
-37
-30
-22
-14
-11
-14
-12
-11
-9
-3
-1
3
12
16
16
21
21
11
10
7
8
7
9
10
10
10
8
14
23
27
27
29
23
19
15
7
2
-4
-8
-7
-7
-4
-3
-5
-5
-6
-2
-7
-11
-22
-27
-27
-31
-27
-29
-30
-24
-19
-15
-11
-10
-11
-12
-6
-7
-5
2
5
17
16
17
18
22
21
20
20
15
13
4
5
-3
-4
5
2
12
15
16
20
19
23
24
23
26
24
21
21
22
12
8
-4
-5
-5
-1
7
11
17
14
14
15
9
2
-1
-9
-17
-21
-24
-23
-19
-19
-16
-21
-26
-25
-26
-24
-24
-8
-6
-4
2
2
-3
-7
-11
-17
-8
-3
-3
-3
-5
-9
-15
-26
-22
-18
-16
-8
5
17
18
24
22
13
12
5
-3
-7
-13
-22
-28
-33
-35
-27
-23
-11
-4
-11
-15
-19
-25
-14
-10
-4
4
1
2
6
4
6
15
26
34
41
42
52
60
60
61
54
51
37
28
21
8
1
-3
-7
-3
-2
-5
-2
-10
-16
-17
-22
-17
-14
-6
4
7
17
18
18
21
16
17
17
14
9
5
-3
-12
-17
-28
-27
-25
-25
-21
-31
-30
-30
-21
-9
-5
-5
-13
-17
-23
-21
-26
-18
-11
-2
10
17
21
21
23
26
20
26
31
26
24
8
-2
-15
-25
-26
-32
-24
-19
-17
-15
-14
-4
-4
8
9
12
8
-8
-14
-25
-32
-32
-24
-21
-16
-10
-3
2
4
6
6
6
7
2
2
0
-3
-5
-7
-3
3
7
5
5
-1
-1
-1
2
7
11
12
14
15
13
15
13
6
3
1
9
12
15
11
3
-9
-8
-10
-9
-8
-11
-16
-18
-15
-10
-9
-6
-2
0
-1
-8
-2
0
-4
0
3
5
9
13
22
23
26
22
25
25
19
18
14
13
4
1
0
5
4
1
6
4
7
6
6
5
7
8
5
4
-1
2
1
-1
2
3
2
6
5
2
2
2
2
-2
2
-3
-12
-13
-18
-20
-17
-24
-20
-16
-13
-14
-16
-18
-13
-7
-1
-1
-2
-5
0
-1
-4
1
-8
-13
-12
-8
-3
-6
7
8
13
14
16
18
19
24
20
19
20
21
21
10
11
11
7
3
6
12
6
3
-2
-2
1
-1
-3
-12
-12
-17
-17
-18
-14
-13
-14
-8
2
7
6
6
-3
2
-3
-11
-10
-9
-2
-5
-2
1
0
-4
-4
-4
-4
-2
-7
-4
-1
1
-1
-3
-3
-1
0
-1
4
10
8
8
7
8
6
1
-3
-9
-16
-25
-23
-22
-19
-11
-10
-3
-3
-3
0
-1
0
-1
-2
-8
-12
-11
-7
-4
-7
-4
-1
4
10
13
16
16
14
16
18
13
14
11
5
-2
3
2
2
5
-1
-1
-4
-3
-3
-6
-7
-2
-4
3
6
14
21
24
26
27
25
17
17
15
6
0
-5
-9
-15
-15
-11
-10
-8
-8
-5
-3
-7
-6
-10
-14
-15
-17
-15
-18
-17
-16
-14
-7
-5
-2
0
3
2
-2
-3
-6
-7
-12
-17
-18
-19
-24
-24
-18
-14
-7
-1
6
13
15
17
13
10
5
1
-4
0
0
0
5
6
9
14
16
21
16
17
14
8
6
1
1
-1
7
3
-2
2
-1
1
-3
-7
-1
2
4
-3
3
2
-1
4
5
9
12
14
15
14
13
19
18
15
15
9
9
9
3
5
4
2
3
-2
-3
-7
-11
-14
-8
-11
-9
-8
-6
4
4
6
9
13
8
4
6
-2
-3
-11
-11
-9
-14
-10
-11
-9
-10
-5
-2
0
5
1
3
3
3
8
2
0
-7
-9
-12
-13
-7
-10
-3
-1
1
4
9
10
9
7
3
3
1
-2
-2
0
6
8
12
13
11
11
1
6
-5
-9
-10
-11
-9
-14
-11
-8
-9
-5
-1
5
1
-1
-2
-5
-2
-5
0
-3
-5
-3
-6
-1
-2
2
5
6
11
10
12
7
5
3
-2
-6
-9
-11
-9
-9
-11
-8
-8
-6
-3
0
3
1
1
1
4
3
0
1
-1
-1
-1
0
7
7
9
8
4
2
4
3
2
5
-1
-1
-2
-2
-7
-9
-13
-16
-14
-17
-14
-10
-12
-8
-7
-3
-2
4
9
10
12
10
12
14
7
5
-1
-6
-9
-11
-15
-18
-14
-13
-14
-12
-11
-5
-2
1
3
3
8
9
11
12
13
13
10
7
0
-1
-3
-5
-4
-9
-5
1
6
15
17
18
20
12
14
9
8
12
6
7
3
-4
-5
-6
-4
-4
-6
-3
-1
5
2
4
8
9
13
8
12
9
5
3
-3
0
-1
-7
-7
-9
-8
-7
-7
-10
-11
-9
-4
2
2
3
1
-5
-3
-2
1
4
4
6
-2
-1
-2
-8
-3
-10
-5
-3
1
4
2
5
4
6
-1
4
7
3
9
6
2
-1
-1
4
10
9
8
6
4
-2
-5
-5
-1
1
-1
-2
-4
-3
-6
-7
-4
2
4
10
8
6
-1
-8
-9
-9
-8
-9
-12
-14
-12
-7
-6
-6
-1
5
6
3
-2
-7
-9
-9
-5
3
-1
-3
-3
-3
-3
-1
11
11
18
23
24
23
18
12
4
-2
1
0
0
3
1
-3
-4
2
2
5
5
5
1
-4
-5
-11
-15
-14
-13
-13
-15
-16
-18
-14
-14
-6
-2
-5
-3
-2
-3
-8
-10
-17
-15
-20
-17
-7
-6
2
4
7
5
6
5
1
0
-8
-13
-11
-9
-3
0
2
9
14
17
18
18
20
22
23
23
18
14
10
1
-4
-9
-7
-5
-1
3
9
4
-1
1
-1
3
-1
-1
-8
-15
-17
-20
-14
-11
-6
-2
-4
3
3
9
10
12
22
26
30
29
24
20
13
11
9
11
7
0
1
1
-1
-3
-3
-5
-1
0
-1
0
2
0
-1
-1
-3
-2
-3
-3
-6
-7
-8
-7
-6
-2
1
4
3
2
4
4
-5
-2
3
5
6
2
4
0
-1
-7
-9
-11
-9
-10
-7
-4
-10
-15
-19
-19
-13
-5
-2
3
6
5
5
8
12
13
13
14
14
11
6
-2
-5
-7
-11
-13
-8
-7
-10
-10
-14
-14
-16
-18
-17
-15
-16
-17
-19
-21
-22
-18
-17
-7
2
4
10
14
17
19
18
17
15
17
16
11
11
8
2
0
-3
-2
-6
-10
-14
-14
-15
-11
-7
-7
-9
-17
-11
-12
-13
-11
-7
1
3
3
4
8
9
10
15
18
16
14
16
13
13
8
3
1
-1
-1
2
0
2
0
-11
-10
-9
1
2
7
1
3
7
-2
4
9
17
21
15
15
15
15
15
9
17
14
13
17
14
9
4
-6
-12
-14
-16
-11
-11
-3
0
1
1
-2
-5
-11
-12
-11
-12
-14
-21
-26
-23
-22
-18
-14
-3
2
6
5
4
7
10
14
11
13
12
12
8
9
13
7
2
2
0
1
1
-4
-5
-11
-7
-7
-2
0
1
11
15
17
15
17
10
6
7
5
8
5
4
4
14
16
13
11
3
-3
-5
-5
-9
-10
-16
-17
-15
-20
-21
-20
-20
-17
-15
-13
-19
-19
-19
-12
-8
-6
0
2
4
0
1
5
6
12
13
16
15
13
11
11
8
1
-3
-7
-5
-5
0
4
1
4
-1
-3
-4
-4
3
3
6
3
3
4
8
7
5
8
11
12
9
5
6
6
3
3
-3
-6
-3
-5
-12
-14
-11
-15
-17
-19
-11
-10
-12
-12
-11
-8
-13
-14
-12
-10
-4
-7
-4
-6
-6
-4
-5
-4
1
-1
0
4
1
5
6
9
14
11
17
14
14
14
12
14
11
14
14
10
8
2
0
-13
-17
-21
-21
-18
-20
-11
-10
-4
2
6
7
7
8
6
7
6
10
9
11
12
10
10
8
3
-1
2
0
-1
1
-3
-4
-9
-15
-15
-18
-16
-16
-17
-15
-15
-7
-7
-6
-6
-1
1
1
6
5
9
11
14
14
10
9
8
6
0
0
0
-1
2
3
7
9
13
13
12
11
15
10
13
9
7
6
3
5
-3
-2
-5
-7
-8
-11
-9
-9
-10
-5
1
5
8
10
12
13
10
9
8
7
2
0
0
-2
0
-1
-4
-6
-5
-6
-7
-1
1
-3
-2
-1
-4
-5
-5
-4
-9
-9
-8
-7
-9
-11
-5
-5
-3
0
-2
3
2
2
5
4
3
-1
-2
-7
-10
-10
-13
-9
-12
-11
-6
-3
-4
-5
-2
6
10
13
12
12
12
9
7
5
1
2
3
0
0
-1
2
-3
3
3
1
8
1
7
4
6
11
8
11
10
8
11
5
2
0
0
-4
-8
-7
-8
-6
-4
-6
-4
-6
-7
-5
-1
0
-5
-4
-5
-10
-11
-19
-15
-13
-12
-10
-8
-2
-4
2
9
12
12
9
8
5
3
1
-1
1
-2
-3
-1
-3
-6
-5
-7
-8
-4
-3
2
1
3
3
4
3
3
-1
-3
-2
-5
-6
-4
0
-1
0
3
8
9
10
13
16
16
15
16
14
17
12
12
8
7
1
0
2
0
5
2
2
2
-6
-8
-9
-7
-9
-11
-13
-18
-19
-27
-24
-24
-19
-19
-17
-4
0
2
4
12
11
6
9
11
15
10
9
9
8
9
12
12
8
9
3
0
-1
-2
-11
-11
-11
-9
-6
-13
-9
-7
1
0
0
10
7
9
7
0
-2
-7
-5
-11
-5
-4
-7
-2
1
6
10
10
14
11
12
13
6
6
1
1
-3
0
-2
-2
-3
-13
-10
-4
-3
-4
1
-4
-7
-8
-17
-13
-16
-21
-15
-12
-3
-2
3
6
6
8
7
15
13
17
15
14
16
16
16
7
3
1
2
2
-2
-1
-6
-11
-17
-16
-8
-9
-7
-13
-11
-5
-3
-2
2
6
10
11
13
12
3
-4
-3
-2
3
6
1
2
3
-3
-3
-5
0
1
-3
3
1
0
3
1
5
5
6
14
14
9
11
7
3
0
4
4
1
4
-6
-11
-6
-3
3
7
10
8
5
-1
-8
-13
-11
1
4
11
10
11
2
-5
-5
-6
1
0
1
-2
-2
-4
-4
-5
-4
-6
-10
-6
-5
-12
-16
-15
-12
-8
-7
-4
0
0
-4
-12
-14
-14
-12
-9
-4
2
5
8
2
1
3
4
9
16
19
16
5
3
-2
1
-2
4
9
11
10
1
-2
-8
-10
-10
-11
-3
-6
-10
-10
-7
3
0
3
6
8
3
0
-1
-1
-4
-12
-13
-7
-8
-6
-6
-1
-4
-8
-7
-6
0
5
6
10
7
4
0
0
3
2
7
6
11
5
3
7
2
4
8
4
5
2
4
5
1
1
1
4
4
3
-2
-1
-5
-4
9
9
14
9
5
0
-4
-9
-14
-11
-9
-2
0
5
7
1
-6
-6
-3
-2
-1
1
1
-1
-7
-6
-4
-4
6
9
3
5
3
-1
-2
-4
5
9
13
16
16
14
13
9
9
13
11
12
7
2
-3
-8
-12
-12
-13
-12
-11
-13
-15
-10
-16
-12
-8
-9
-4
-9
-2
2
4
11
15
17
15
13
12
9
9
11
15
15
14
9
9
7
8
-2
-1
-4
-7
-8
-8
-1
0
4
0
2
2
3
5
2
1
-2
-6
-8
-14
-17
-16
-16
-16
-16
-12
-9
-11
-9
-4
-8
-9
-11
-8
-10
-7
-7
-5
-3
1
5
-2
0
-1
-2
-4
-8
-8
-5
-2
0
0
1
-2
-5
-6
-6
-3
-1
1
3
6
8
12
16
14
21
21
24
21
21
11
6
1
1
-1
-4
-8
-13
-10
-12
-2
2
0
0
-4
-10
-11
-13
-17
-15
-15
-13
-7
-8
-6
-2
-3
-1
-6
-5
0
-2
3
2
6
6
6
8
2
0
-3
-5
-2
2
3
7
6
5
3
5
5
11
15
13
15
12
12
9
11
4
2
-1
-7
-4
-6
-5
-5
0
3
4
3
0
1
-1
-4
-7
-12
-14
-15
-10
-6
-4
-1
1
1
0
2
-1
1
-4
-1
-3
-4
-2
-6
-9
-13
-13
-11
-9
-5
0
5
5
5
4
7
10
14
15
20
21
23
25
25
18
9
6
0
-4
1
-1
-1
7
5
10
14
14
7
0
-5
-10
-11
-8
0
3
-2
-7
-8
-15
-14
-19
-20
-17
-21
-19
-18
-3
4
8
13
3
5
3
4
7
5
9
12
18
18
18
18
16
12
12
10
13
13
11
11
2
-3
-7
-10
-8
-6
-9
-12
-11
-11
-12
-16
-17
-20
-16
-14
-11
-8
-9
0
3
2
5
2
-2
-5
-10
-9
-9
-10
-6
-6
-3
0
-3
0
2
1
1
2
0
-3
-7
-10
-6
-8
-7
-6
-9
-6
-10
-6
-1
0
11
17
22
20
17
16
16
10
6
0
0
-2
1
2
1
1
-1
-5
-2
0
-2
2
-1
3
1
-1
-5
-9
-7
-9
-9
-13
-10
-15
-19
-16
-15
-12
-9
3
5
12
12
8
10
8
10
6
1
0
-1
3
2
5
6
10
14
14
17
16
12
8
4
8
11
10
14
14
16
15
11
6
1
1
-4
-7
-6
-6
-4
0
1
3
6
1
-4
-9
-13
-15
-17
-15
-10
-4
-4
0
7
2
7
5
9
14
9
7
1
2
0
-5
-2
-1
0
-3
-8
-5
-6
-11
-11
-14
-15
-17
-16
-17
-16
-18
-19
-23
-23
-21
-18
-13
-9
-4
1
7
6
15
21
21
24
21
19
14
10
8
8
8
10
11
17
18
13
8
2
3
-4
-3
-2
-6
-5
-5
-5
-4
0
1
2
4
9
11
11
12
11
16
21
19
20
16
11
5
-3
-7
-12
-16
-20
-19
-19
-19
-15
-12
-13
-8
-12
-8
-8
-11
-13
-11
-6
-7
4
5
5
8
5
6
7
8
5
0
0
-5
-3
-1
-1
-5
-8
-7
-8
-5
-10
-10
-7
-9
-8
-7
-10
-9
-10
-10
-12
-11
-9
-11
-9
-7
-3
-2
-1
1
6
13
16
15
16
21
20
18
16
16
13
8
7
4
4
1
4
5
7
2
1
-2
-10
-10
-11
-12
-14
-15
-15
-13
-15
-11
-11
-8
-9
-8
-8
-7
-1
3
9
9
14
17
16
16
13
12
9
7
4
-2
-4
-6
-6
0
8
15
13
12
11
10
9
18
23
22
22
16
19
17
20
16
13
9
8
4
-1
4
-3
-9
-12
-16
-15
-24
-21
-24
-28
-31
-33
-28
-21
-14
-7
-6
-3
-4
-4
-5
-6
-7
-5
3
15
18
19
20
16
14
11
4
0
-3
0
-10
-14
-17
-17
-16
-24
-19
-13
-2
4
15
20
21
21
18
26
22
20
14
7
10
-1
0
-7
-8
-2
-4
-1
-3
-6
-13
-22
-23
-21
-20
-25
-19
-13
-7
-5
-1
-2
-4
-2
-3
-1
-4
-12
-8
-5
-3
6
17
28
27
20
9
1
-7
-14
-19
-19
-14
-9
-2
-5
-6
-3
-7
1
11
24
39
45
44
41
29
16
5
-9
-22
-37
-52
-51
-45
-41
-33
-14
18
43
55
49
40
28
5
-13
-35
-39
-36
-19
9
20
26
13
-5
-11
-11
-3
0
0
2
1
3
-4
4
6
3
-3
-9
-8
4
17
29
33
34
34
33
31
26
11
-12
-32
-54
-56
-51
-39
-28
-21
-18
-9
-5
-16
-17
-17
-8
2
13
16
25
31
35
35
16
13
1
9
22
20
33
29
27
20
10
0
-12
-12
-18
-8
7
8
-1
-6
-14
-11
-9
-15
-7
3
17
37
44
48
34
27
24
15
13
13
13
2
-14
-29
-49
-65
-66
-53
-32
-19
-11
-13
-10
-11
-6
1
8
11
14
12
3
-7
-5
-4
-5
-7
-5
12
23
30
24
14
0
-12
-16
-7
7
0
-19
-48
-65
-79
-78
-59
-39
-4
14
35
40
25
7
-6
-9
-2
7
7
7
2
-15
-37
-50
-61
-53
-39
-18
2
14
26
21
10
-11
-24
-25
-15
13
38
55
59
57
46
29
21
11
9
5
4
3
-2
-9
-8
-3
7
15
22
7
-8
-4
11
22
20
25
27
34
24
24
20
16
11
2
13
16
15
15
3
17
10
8
-1
-30
-61
-101
-112
-100
-64
-19
14
29
34
25
9
-5
-13
-8
-1
6
20
32
47
43
41
35
32
38
38
34
15
-2
-34
-41
-60
-62
-57
-31
-2
2
15
18
40
58
60
52
38
32
40
38
40
42
36
31
11
-7
-26
-45
-55
-55
-21
29
64
61
43
-6
-48
-68
-65
-33
7
36
59
52
30
10
-15
-26
-45
-33
-12
-2
-5
-8
9
15
23
20
-3
-21
-50
-53
-61
-61
-58
-57
-21
5
35
35
-5
-61
-93
-77
-36
-3
5
-13
-26
-28
-10
10
13
8
-3
1
4
5
-4
-43
-84
-124
-125
-103
-73
-68
-68
-54
-31
29
80
128
140
117
81
46
41
43
36
44
41
41
40
50
60
42
31
10
-8
-17
-6
21
35
36
28
8
-8
-22
-8
19
39
39
11
-23
-47
-37
-26
-20
-36
-49
-16
26
60
56
14
-35
-68
-65
-45
-32
-33
-30
-21
-13
-5
-5
-18
-32
-37
-13
16
52
43
-11
-63
-100
-93
-53
24
80
112
90
43
19
8
34
52
55
50
48
55
40
24
-5
-36
-82
-114
-87
-52
-27
-22
-29
-29
-22
-13
19
49
63
49
36
37
49
71
71
58
36
-7
-30
-31
-20
4
10
28
41
43
29
-32
-92
-138
-133
-83
-1
72
98
64
-6
-29
-43
-17
22
41
50
38
28
9
5
16
23
35
40
48
46
39
44
21
10
-9
-12
12
26
32
11
-11
-43
-60
-49
-41
-18
-11
-8
-9
-19
-3
13
37
56
60
56
13
-40
-72
-85
-88
-106
-125
-110
-70
-24
5
0
6
5
17
46
42
4
-47
-67
-43
-15
3
-18
-30
-26
-4
31
39
24
-24
-59
-54
-6
72
114
127
97
54
10
-42
-64
-56
-29
-17
-13
6
31
45
25
-2
-39
-34
-4
51
85
75
49
1
-7
-27
-37
-48
-31
-3
-4
15
21
6
-15
-26
-21
0
25
34
42
16
-11
-15
8
32
45
46
12
-35
-76
-98
-91
-59
-42
-38
-43
-17
30
84
121
97
72
54
48
30
12
-44
-109
-151
-141
-73
-2
42
49
63
65
31
0
-39
-67
-69
-56
-34
-13
-1
-21
-27
-34
-41
-32
-35
-29
-19
3
59
109
122
69
15
-2
-16
-30
-47
-18
11
34
32
38
40
23
14
-25
-31
-45
-66
-87
-86
-40
3
53
82
81
45
-20
-63
-64
-13
70
117
93
29
-35
-62
-39
6
38
45
19
0
17
50
89
68
14
-25
-29
0
28
34
21
-19
-20
39
120
144
128
69
5
-44
-85
-72
-52
-28
-41
-41
-26
-14
9
21
-7
-54
-62
-32
18
3
-20
-37
-11
58
110
123
115
114
97
83
46
-41
-68
-92
-35
-3
-23
-69
-154
-153
-149
-86
-57
-83
-116
-158
-167
-141
-111
-45
-4
11
43
30
23
13
9
61
106
166
191
149
87
6
-22
-37
-19
48
128
173
130
65
5
-40
-68
-87
-123
-171
-139
-65
48
124
92
20
-12
-8
3
-9
-33
-58
-83
-79
-45
58
151
168
132
41
-35
-38
-12
-6
-21
-44
-39
7
29
58
45
1
-28
-56
-31
-23
-22
-24
-13
15
41
53
50
34
14
-5
-23
-8
15
91
96
50
-30
-68
-18
23
51
-12
-42
-29
3
18
-58
-128
-189
-176
-103
15
98
106
70
31
8
-58
-86
-95
-97
-72
-41
17
88
86
26
-73
-150
-108
-45
-31
-81
-125
-96
-47
124
241
270
205
23
-118
-213
-160
-54
23
78
57
112
167
219
229
122
50
-34
-65
-35
38
54
19
-31
-96
-144
-98
42
210
247
148
-28
-156
-193
-127
-73
-89
-138
-187
-167
-77
53
62
17
-79
-134
-58
6
64
33
23
-15
-15
20
67
145
54
-53
-82
-52
143
260
236
134
-8
-20
77
144
136
57
-25
28
71
123
77
-22
-190
-283
-184
-82
63
127
257
149
12
-73
-107
-83
-45
-47
-86
-140
-185
-134
-1
93
95
22
-104
-93
-72
28
112
45
-147
-273
-159
70
188
246
95
22
-101
-42
-48
-151
-113
-133
25
18
48
90
72
25
-54
-32
81
261
320
217
82
59
-8
-51
-156
-237
-60
118
298
203
22
-141
-264
-214
-234
-216
-158
1
227
297
253
19
-114
-105
4
139
58
-33
-78
-59
-51
11
-15
-16
37
166
136
-22
9
-35
-73
-92
-140
-187
-168
-69
63
149
205
18
-97
-101
-1
157
172
72
-96
-203
-250
-178
-72
225
365
361
239
-26
-49
-173
-175
-313
-259
-136
43
310
267
81
-92
-185
-82
-52
-42
-45
-236
-267
-105
273
363
238
-26
-263
-274
-329
-104
-42
158
325
268
319
-49
-76
-118
36
201
125
67
-76
-74
-266
-382
-443
-319
16
272
507
483
490
222
-168
-415
-337
35
212
589
504
303
124
-9
33
-106
-350
-617
-510
-4
367
476
266
23
-49
-242
-246
-153
117
145
9
-121
-296
-186
-226
-202
-359
-318
-190
-102
152
264
382
235
179
120
52
-242
-653
-602
-329
-37
200
330
568
494
340
183
42
-134
-289
-161
20
264
346
218
101
10
148
106
77
-150
-333
-306
-220
-13
21
222
105
-7
-245
-288
-101
-4
147
-15
113
131
102
-6
-146
-21
61
166
47
-222
-269
-53
223
275
-61
-338
-162
39
436
430
496
320
-92
-440
-885
-879
-638
-291
87
410
699
594
420
112
71
24
-206
-191
-390
-269
-178
130
240
229
121
-91
-135
-227
-140
-107
33
196
231
161
3
-43
37
-27
-171
-550
-677
-410
136
446
365
232
189
475
525
79
-510
-861
-436
63
367
542
306
305
121
140
82
-8
-250
-451
-297
123
549
342
49
-158
0
162
-82
-174
-222
-105
-28
-265
-238
-76
200
371
468
363
190
69
102
265
296
145
-259
-441
-343
-9
160
52
-134
-379
-383
-373
-281
-61
-109
-205
-333
-193
38
210
237
-15
-210
-260
-157
-33
147
106
193
223
205
228
110
21
-99
-125
47
187
269
149
-28
-54
-143
-138
-389
-390
-13
437
825
692
347
11
-26
9
-60
-80
-126
-123
91
266
265
-47
-511
-561
-510
-138
332
378
256
37
-69
-105
-193
-192
-248
-237
-126
-202
-188
-130
-164
-73
-86
5
30
25
100
79
-36
-248
-389
-184
-68
69
57
107
156
110
49
-128
-134
52
190
45
-95
-210
40
369
340
294
97
-75
-37
-181
-44
-59
142
241
235
516
442
301
98
-29
176
239
153
-31
-388
-421
-375
-67
160
202
58
-296
-444
-566
-342
-106
48
270
270
445
513
557
305
-91
-184
-195
-84
19
81
111
141
-68
-118
-189
-51
107
37
-73
-142
-40
134
125
-184
-449
-398
-203
60
32
44
127
84
112
111
176
116
-38
-161
-134
-72
-143
-127
-80
65
191
12
16
-22
112
87
-261
-252
-85
134
120
-144
-174
-48
100
86
70
43
53
101
-50
-365
-494
-285
-63
63
21
9
71
181
276
239
169
-21
-264
-322
-324
-45
234
361
188
-135
-230
-311
-355
-214
-205
59
195
487
661
507
449
178
187
83
-61
-312
-615
-517
-229
252
189
127
219
391
623
242
50
-372
-513
-439
-459
-76
128
327
479
312
136
-206
-435
-482
-444
-82
236
432
300
-20
-226
-473
-450
-404
-224
62
174
351
304
233
103
49
70
17
16
49
122
118
3
-62
-122
71
172
313
230
106
-17
-49
-37
-75
-186
-268
-98
79
192
-24
-134
-64
138
235
152
99
11
153
169
292
338
318
216
-86
-200
-420
-294
-219
-134
-76
-88
-52
-12
-93
-180
-154
-57
60
-122
-400
-576
-557
-280
-59
221
155
111
103
53
61
58
121
249
275
238
230
89
-17
-179
-161
-101
-57
-140
-174
-25
259
304
221
10
-192
-195
-110
59
102
75
68
8
-24
-35
41
84
50
-49
-18
93
299
437
172
2
-133
-221
-282
-446
-442
-361
-325
-231
-190
-87
102
162
198
16
-88
-73
27
86
89
-52
-229
-263
-321
-154
-199
-139
-42
145
521
649
669
394
37
-157
-272
-150
-74
124
299
313
283
125
-19
23
146
75
-159
-495
-562
-379
7
289
423
343
264
163
145
214
-18
-307
-749
-778
-476
35
378
405
263
45
-58
-15
211
315
184
-64
-204
-13
208
383
306
184
76
32
177
352
386
232
-64
-267
-258
-13
323
490
458
291
282
164
131
-46
-201
-362
-473
-433
-320
-96
132
250
164
53
-3
31
119
50
-94
-177
-366
-320
-245
77
298
353
254
66
150
136
209
4
-281
-493
-611
-492
-254
5
70
-167
-324
-470
-421
-337
-196
-114
-141
-52
49
326
501
722
857
745
559
384
443
599
663
571
358
346
509
725
786
591
323
-29
-343
-687
-957
-1118
-1087
-895
-697
-455
-219
80
427
702
888
592
-213
-1337
-2394
-3025
-3566
-3943
-4296
-4388
-4201
-3996
-3517
-2890
-2206
-1758
-1672
-1615
-1551
-1353
-1134
-843
-473
-4
419
954
1700
2543
3277
3575
3708
3717
3633
3509
3308
3080
2896
2707
2625
2664
2848
3102
3202
3035
2740
2493
2202
1966
1697
1561
1491
1372
1404
1551
1998
2292
2412
2334
2129
2019
1792
1653
1389
1202
1014
783
715
821
966
809
371
-253
-782
-1152
-1376
-1527
-1676
-1842
-1845
-1787
-1460
-1099
-862
-879
-1117
-1359
-1509
-1611
-1640
-1781
-2105
-2458
-2556
-2118
-1460
-811
-488
-490
-746
-982
-1182
-1148
-1028
-915
-710
-515
-95
477
1060
1709
2115
1883
536
-1949
-4735
-7446
-9793
-11780
-12982
-13281
-12765
-11601
-9784
-7191
-4364
-1886
-151
921
1717
2271
2701
3028
3649
4526
5441
6475
7726
9333
10622
11101
10692
9605
8122
6281
4433
2660
1222
-5
-1052
-1640
-1595
-880
-211
63
8
-151
-301
-463
-452
-180
304
863
1604
2798
4408
6002
7030
7261
6950
6301
5312
4157
2929
1799
560
-543
-1366
-1693
-1698
-1731
-1933
-2456
-3097
-3681
-4173
-4374
-4236
-3781
-3298
-2679
-1657
-92
1532
2789
3539
3712
3538
3032
2499
2004
1511
993
356
-33
-125
48
91
-236
-785
-1556
-2347
-3079
-3506
-3566
-3511
-3311
-3076
-2470
-1541
-534
375
862
995
848
570
362
193
58
-160
-292
-321
-191
129
371
512
397
221
140
47
105
257
377
0
-1190
-3083
-5227
-7450
-9690
-11859
-13388
-14067
-13825
-12751
-10948
-8441
-5755
-3132
-904
979
2556
3721
4565
5041
5554
6089
6646
7405
8279
9336
10012
10106
9710
8755
7509
5821
3978
2090
317
-986
-1983
-2319
-2209
-1648
-947
-342
341
935
1504
1794
2033
2405
2819
3519
4283
5290
6332
7187
7647
7584
7191
6587
5500
4041
2469
955
-572
-1977
-2877
-3458
-3603
-3771
-3812
-3825
-3775
-3611
-3409
-3086
-2702
-2165
-1550
-694
420
1733
2925
3682
4014
3957
3614
3039
2251
1418
540
-222
-834
-1298
-1510
-1696
-1704
-1868
-2104
-2376
-2698
-2890
-3033
-2877
-2588
-2262
-1780
-1216
-472
215
710
846
639
487
401
401
448
605
896
966
761
372
93
75
81
-156
-447
-437
-91
249
493
585
340
-810
-3115
-5852
-8603
-10899
-13154
-15078
-15947
-15382
-13389
-10705
-7461
-4026
-796
1764
3394
4628
5524
6126
6191
6036
6288
6892
7798
8737
9739
10474
10239
9151
7295
5380
3319
994
-1312
-3346
-4323
-4505
-3889
-2593
-969
845
1952
2695
3069
3466
3829
3891
4004
4187
4862
5834
6913
8034
8784
9030
8338
6980
5363
3520
1670
-391
-2119
-3401
-4395
-4891
-5012
-4613
-4023
-3664
-3422
-3373
-3085
-2673
-2179
-1419
-375
958
2145
3319
4338
5158
5358
4838
3920
2633
1418
130
-832
-1582
-2038
-2328
-2535
-2501
-2408
-2388
-2571
-2901
-3169
-3330
-3118
-2579
-1694
-662
322
1316
2025
2526
2705
2532
1931
1103
221
-338
-633
-770
-688
-512
-216
-99
-124
-104
76
129
-72
-443
-591
-333
193
850
1502
1602
675
-1677
-4773
-8048
-11052
-13645
-15692
-16620
-16320
-14587
-11810
-8166
-4208
-601
2233
4025
5219
6051
6476
6644
6580
6764
7125
7820
8684
9671
10433
10284
9004
6705
4039
1305
-1225
-3469
-5007
-5671
-5499
-4569
-2863
-595
1644
3283
4275
4749
4908
4930
4937
5235
5733
6480
7310
8153
8911
9309
8983
7729
5797
3495
1116
-1137
-2921
-4151
-4777
-4999
-4806
-4255
-3554
-3088
-2944
-2938
-2854
-2632
-2302
-1742
-697
772
2409
3837
4949
5585
5704
5083
3928
2377
752
-757
-1998
-2745
-3069
-2982
-2788
-2459
-2176
-2049
-2078
-2226
-2346
-2373
-2229
-1863
-1179
-167
945
1959
2647
2985
2889
2326
1459
491
-397
-1224
-1877
-2107
-1852
-1251
-749
-572
-441
-166
-18
-351
-983
-1436
-1330
-672
275
1211
1976
2418
2668
2698
2108
483
-2406
-5833
-9767
-13630
-16521
-17816
-17154
-15129
-12362
-9210
-5575
-1731
1713
4262
5712
6382
6416
6162
6155
6896
8263
9514
10164
10511
10569
10113
8777
6469
3573
96
-3269
-5972
-7244
-6974
-5636
-3814
-1925
146
2215
3859
5046
5660
5920
5668
5366
5560
6454
7843
9122
9935
9979
9212
7824
5952
3781
1413
-1126
-3530
-5236
-5839
-5474
-4516
-3558
-2691
-2069
-1795
-1825
-1995
-2168
-2131
-1804
-999
292
1954
3787
5342
6217
6224
5447
3926
2028
58
-1582
-2848
-3828
-4175
-4040
-3400
-2587
-1976
-1636
-1732
-2098
-2459
-2524
-2211
-1434
-377
832
2110
3229
3968
4219
3797
2869
1488
-112
-1464
-2409
-2878
-3065
-2913
-2548
-1968
-1282
-837
-627
-745
-984
-1190
-1201
-814
-65
1040
2014
2698
2972
3045
3173
3364
3377
2363
-151
-4189
-8547
-12488
-15500
-17507
-18227
-17390
-15296
-12189
-8340
-4072
216
3538
5706
6634
7086
7489
7858
8463
9035
9778
10024
9911
9739
9356
8362
5927
2550
-1196
-4577
-6931
-8136
-7801
-6590
-4788
-2581
-192
2675
5263
7122
7896
7820
7475
7100
7194
7909
9043
9863
9895
9291
8241
6886
5022
2579
-210
-3058
-5285
-6550
-6542
-5540
-4155
-2921
-2108
-1357
-505
205
602
666
577
315
403
1007
2224
3538
4238
4216
3597
2533
1304
-96
-1542
-2879
-4016
-4838
-5054
-4340
-3073
-1750
-1005
-808
-835
-972
-1053
-934
-650
-237
280
999
2086
3337
4280
4402
3632
2180
524
-1029
-2302
-3152
-3736
-4069
-4072
-3659
-2900
-1989
-1282
-921
-734
-736
-551
-209
473
1331
2067
2787
3118
3318
3263
3162
3140
2768
2441
1600
123
-2700
-6859
-11072
-14823
-17162
-18510
-18372
-16669
-13681
-9582
-5191
-535
3595
6577
8256
8647
8912
8965
9052
8934
8804
8883
8568
7987
7147
6071
4331
1282
-2308
-5823
-8138
-9125
-8768
-7056
-4549
-1395
1634
4676
7572
9644
10670
10352
9582
8789
8192
8189
8259
8596
8325
7441
5977
3988
1954
-505
-2974
-5173
-6762
-7349
-6943
-5216
-2904
-664
882
1760
2518
2868
2969
2558
2060
1733
1584
1850
2306
2948
3094
2501
1334
-159
-1566
-3060
-4311
-5196
-5577
-5301
-4561
-3152
-1503
-109
626
570
252
-192
-455
-547
-334
219
957
1907
2857
3659
3945
3411
2168
485
-1299
-2853
-3957
-4462
-4433
-4049
-3459
-2755
-1996
-1202
-643
-393
-513
-547
-147
659
1664
2620
3392
3821
3602
3009
2409
1985
1620
1047
490
348
213
-872
-3654
-7646
-11757
-15439
-18013
-18956
-17677
-14653
-10768
-6383
-1803
2802
6547
8864
9808
9614
8925
7818
6988
6874
7361
7679
7120
6127
4957
3424
1157
-1786
-4762
-7425
-9207
-9468
-7737
-4258
-248
3507
6574
8947
10610
11135
10959
10082
8976
7690
6649
6422
6860
7316
6896
5556
3426
799
-1883
-4340
-6040
-6960
-7133
-6462
-4789
-2002
949
3278
4366
4483
4094
3316
2729
2299
2143
2015
1735
1680
1620
1501
782
-503
-2017
-3643
-4946
-5833
-5703
-4798
-3592
-2344
-1277
-130
740
1265
1258
857
373
-242
-435
-182
631
1679
2418
2891
2939
2712
1977
783
-596
-2002
-3157
-3937
-4128
-3740
-3145
-2481
-1885
-1407
-1068
-862
-765
-548
-152
586
1680
2963
3943
4114
3526
2818
2467
2074
1341
373
-289
-139
588
1551
1227
-1083
-5581
-10797
-15236
-18114
-19064
-18335
-15868
-12195
-7648
-2486
2486
6835
9423
10073
9149
7623
6655
6305
6636
7232
7576
7233
6071
4837
3397
1332
-1788
-5621
-8877
-10727
-10100
-7342
-3035
1527
5177
7856
9535
10877
11563
11119
9840
7973
6444
5530
5820
6850
7517
7066
5051
2313
-629
-3260
-5216
-6588
-7129
-6895
-5552
-3138
-102
2999
4861
5445
4658
3510
2521
1830
1806
1848
1998
1856
1638
1449
909
38
-1681
-3748
-5622
-6691
-6392
-5215
-3337
-1596
-313
483
828
1184
1118
872
160
-497
-737
-444
482
1584
2604
2963
2698
2002
1290
638
-150
-953
-1927
-2622
-2941
-2786
-2119
-1596
-1318
-1490
-1964
-2300
-2424
-2031
-1136
-38
1271
2449
3576
4427
4911
4687
3450
1854
341
-549
-904
-846
-388
136
658
1259
1172
-392
-4345
-9624
-14664
-18256
-19444
-18372
-14925
-10313
-5506
-794
3415
7047
9212
9599
8528
6703
5428
4940
5726
7012
8340
8574
7158
4935
2450
-357
-3399
-6799
-9070
-10151
-9125
-6092
-1355
3985
8100
10526
11121
10835
10143
8976
7962
6972
6419
6181
6314
6992
7353
6893
4698
1528
-2046
-5129
-7075
-7715
-6852
-5266
-3126
-779
1752
4136
5509
5662
4579
3056
1717
934
971
1590
2375
2660
2225
1283
-79
-1639
-3614
-5437
-6686
-7133
-6462
-4930
-2574
-239
1306
1895
1532
1016
376
20
-65
91
559
965
1636
2352
2820
2639
1608
292
-1089
-1861
-2262
-2136
-1664
-1267
-1017
-1010
-942
-816
-960
-1248
-1757
-1990
-1755
-1059
177
1434
2375
2792
2729
2531
2214
1907
1392
917
513
388
311
237
146
151
552
1135
1321
-174
-3722
-8788
-13474
-16810
-18339
-18214
-16453
-13076
-8696
-4034
665
4590
7404
8309
7945
7097
6657
6823
7391
8192
8621
8270
6852
4706
2484
11
-2806
-6103
-8593
-9359
-8146
-5255
-1531
2615
5912
8056
9096
9673
10191
9992
9283
8335
7680
7427
7411
7631
7427
6137
3543
428
-2391
-4576
-5827
-6161
-5601
-4362
-2880
-853
1295
3308
4441
4429
3646
2822
2430
2538
2810
2976
2845
2354
1377
294
-1095
-2645
-4239
-5693
-6301
-6138
-5219
-3882
-2233
-694
470
1008
1147
1188
1040
850
748
677
952
1172
1583
1807
1865
1437
655
-207
-923
-1312
-1523
-1363
-1135
-835
-646
-612
-580
-819
-1233
-1771
-2309
-2267
-1776
-788
284
1077
1588
1765
1864
1812
1679
1455
1142
836
605
646
785
849
715
318
191
110
713
1180
605
-1821
-6483
-11619
-16245
-18970
-19001
-16595
-12225
-7548
-3107
967
4333
7013
8230
8288
7181
5986
5474
6003
7574
9141
9793
8580
5629
2232
-1180
-3954
-6536
-8213
-8831
-7958
-5362
-1439
3268
7117
9217
9549
8895
8196
7716
7684
7953
8379
8459
8231
7951
7214
5810
3271
-43
-3281
-6009
-7418
-7209
-5715
-3506
-1306
492
1862
2868
3558
3680
3425
2887
2621
2747
3072
3646
3803
3352
2016
133
-1922
-4022
-5659
-6674
-6787
-6042
-4771
-3189
-1581
-77
944
1237
988
550
218
188
524
1194
1899
2423
2506
2161
1588
802
-6
-790
-1290
-1508
-1307
-923
-432
-58
-80
-476
-1197
-1940
-2453
-2445
-2065
-1443
-657
103
566
1028
1425
1705
1695
1189
767
597
629
767
779
848
943
909
506
-240
-824
-801
-216
1086
1595
585
-3149
-8796
-14379
-18403
-19202
-17443
-13668
-8955
-4665
-587
2593
5441
7422
7829
7135
5514
4893
5346
7251
9602
10781
10241
7213
3207
-617
-3652
-5491
-7130
-7917
-7738
-5853
-2547
1684
5800
8255
8793
7730
6673
6433
6939
8175
9181
9759
9499
8481
7252
5505
3370
302
-3070
-5913
-7453
-7279
-5746
-3195
-709
876
1494
1665
1964
2299
2606
2660
2713
2913
3314
4058
4563
4386
3077
704
-2118
-4555
-6058
-6533
-6160
-5066
-3870
-2605
-1607
-697
181
458
235
-367
-605
-238
744
2012
3156
3607
3199
2152
1043
289
-226
-670
-1156
-1435
-1437
-1070
-506
33
211
-371
-1246
-2249
-2662
-2399
-1718
-818
-117
507
857
1059
1131
999
679
-4
-294
-88
591
1324
1627
1685
1050
333
-313
-492
-326
-450
-313
354
1760
2659
1428
-2457
-8527
-14612
-18958
-20010
-17371
-12546
-7000
-2657
591
3104
4993
6331
6303
5621
4571
4316
5564
8151
11270
12726
11423
7378
2095
-2467
-5707
-7246
-7739
-7323
-6188
-4220
-1100
2512
5820
7357
6985
5556
4391
4626
6097
8612
10738
11662
10808
8834
6617
4044
1255
-1898
-4626
-6549
-7086
-5936
-3733
-1069
710
1108
627
-262
-423
58
1281
2831
4231
5346
5850
6070
5501
4104
1643
-1452
-4166
-5888
-6307
-5656
-4387
-2964
-2160
-1879
-2129
-2238
-2328
-2182
-1682
-885
302
1627
3013
4058
4605
4142
2928
1350
-12
-902
-1106
-933
-571
-408
-378
-465
-717
-955
-1427
-1926
-2486
-2749
-2484
-1753
-765
243
831
1100
1039
755
418
28
-18
126
570
1003
1224
1408
1055
669
90
-319
-244
-338
-49
118
733
1307
2171
2508
896
-3151
-9414
-14976
-18935
-19570
-16970
-12305
-6509
-2198
889
2660
3486
4301
4037
4116
3936
4809
6989
9699
12469
13166
11616
7306
1620
-3122
-6399
-7196
-6957
-5697
-3861
-1961
301
2077
3773
4327
3823
3020
2723
4271
6663
9701
11984
12625
11576
8624
5482
2236
-393
-2427
-4147
-4725
-4659
-3520
-2004
-694
18
-481
-1450
-2304
-1925
-380
1823
4020
5454
6280
6161
5629
4476
2752
830
-1525
-3398
-4469
-4328
-3402
-2485
-2070
-2622
-3468
-4316
-4529
-3974
-3133
-1998
-737
710
2216
3643
4424
4417
3640
2251
987
75
-215
104
422
645
378
-81
-637
-1275
-1860
-2474
-3093
-3469
-3398
-2642
-1369
-238
518
833
774
682
614
794
857
958
1162
1274
1623
1831
1906
1611
552
-325
-860
-853
-534
-586
-562
-426
90
1376
2483
2407
-71
-5684
-11862
-17342
-19588
-18208
-14150
-8362
-3817
-705
810
1547
2385
2614
3059
3211
4037
6067
8761
12088
13608
13020
9413
3920
-1290
-5086
-5998
-5421
-3923
-2455
-1435
-429
131
1100
1563
1588
1375
1224
2699
5229
8753
11665
12810
11885
8914
5533
2450
489
-563
-1217
-1442
-1780
-1575
-1338
-1114
-1291
-2191
-3103
-3928
-3544
-1776
846
3757
5581
6352
5915
4810
3642
2271
1113
-296
-1381
-2208
-2189
-1669
-1256
-1216
-2384
-3824
-5470
-6136
-5398
-3777
-1363
449
1770
2420
2623
2738
2610
2412
1834
1253
877
896
1380
1629
1489
650
-671
-1799
-2668
-2844
-2644
-2170
-1817
-1617
-1562
-1453
-1192
-891
-679
-611
-398
83
703
1214
1625
1746
1799
1783
1772
1619
1235
566
-154
-559
-641
-440
-258
-133
-19
186
778
1569
1140
-1517
-6932
-12869
-17421
-19024
-16970
-12598
-7085
-2741
-621
204
-45
167
608
1596
3289
5130
7875
10576
12907
13453
11545
7658
2428
-1872
-4279
-4230
-2623
-1001
112
-63
-649
-1335
-1878
-1698
-1521
-567
961
3460
6967
9888
11912
11639
9739
6937
4075
2488
1843
2246
2524
2343
1643
284
-1092
-2654
-3903
-4791
-5285
-4671
-3234
-831
1654
3463
4385
4048
3181
2231
1719
1784
1857
1977
1776
1342
675
-136
-970
-2174
-3484
-4729
-5388
-5104
-4253
-2865
-1659
-729
-198
55
350
716
1301
1819
2285
2447
2486
2530
2267
1836
1012
212
-615
-1157
-1264
-1301
-1281
-1532
-1969
-2492
-2905
-2847
-2379
-1694
-945
-403
3
259
484
802
1050
1415
1585
1848
2056
2010
1793
1238
640
6
-406
-649
-760
-747
-410
220
932
1839
1862
217
-4298
-10583
-15920
-18803
-17780
-14067
-8762
-3772
-1270
-693
-1521
-2068
-1707
-475
2070
4928
8152
11078
13170
13814
11968
8396
3635
-390
-2553
-2414
-518
1226
1947
1006
-1056
-3187
-4857
-5105
-4238
-2447
47
2858
6098
8702
10233
10263
8680
6412
4394
3684
4314
5549
6504
6098
4511
1915
-907
-3288
-5070
-5806
-5899
-4975
-3542
-1619
126
1208
1572
903
283
-71
611
2053
3584
4773
4765
3985
2404
710
-664
-1861
-2599
-3246
-3404
-3155
-2627
-2141
-2107
-2459
-3067
-3286
-2860
-1578
90
1685
2712
2919
2685
2135
1658
1302
1091
972
937
1028
1042
957
357
-646
-1915
-3080
-3531
-3319
-2471
-1515
-1052
-1039
-1334
-1528
-1361
-748
48
999
1792
2513
3038
3184
2895
2058
881
-46
-264
204
875
1003
526
-31
-349
329
468
-1025
-5032
-11073
-16089
-18801
-17249
-12690
-7314
-3037
-1908
-2440
-3718
-4069
-2709
-203
3336
6442
9329
11567
12807
12946
10753
7399
3284
244
-432
722
3039
4065
3138
212
-3605
-6519
-7557
-6470
-4044
-1319
1293
3351
5081
6300
6885
6794
5902
5276
5272
6497
8253
9613
9515
7517
4279
715
-1776
-3065
-3276
-2930
-2862
-2820
-3113
-3313
-3269
-3230
-2889
-2643
-1725
-326
1643
3533
4552
4660
3612
2543
1628
1543
1834
1778
1340
-22
-1358
-2609
-3274
-3371
-3568
-3592
-3648
-3415
-2635
-1640
-689
-104
-55
-11
249
904
1932
2834
3207
2933
2207
1413
857
500
306
-69
-700
-1352
-1869
-2173
-2215
-2288
-2412
-2589
-2537
-1944
-1132
-300
262
494
776
1171
1614
2087
2299
2054
1858
1480
1431
1335
1016
802
220
369
645
1369
568
-2510
-7659
-13499
-16934
-17842
-15233
-11012
-7074
-4413
-4626
-5416
-6201
-5602
-3118
-5
4087
7554
10334
12085
12293
11413
8958
6238
4103
3488
4592
5954
6631
5351
2059
-2061
-5747
-7326
-6900
-5156
-2811
-1148
271
878
1329
1887
2365
3353
4227
5822
7684
9405
10608
10289
8935
6486
4065
2267
1411
1397
1255
718
-609
-2352
-4114
-5468
-5993
-5743
-4794
-3557
-2186
-869
89
775
899
1005
1146
1487
2364
3291
4146
4316
3522
2164
462
-919
-1809
-2101
-1961
-1760
-1776
-2046
-2572
-3106
-3421
-3429
-3041
-2282
-1138
-56
993
1613
1681
1447
1056
1049
1320
1833
2289
2332
1790
823
-260
-1134
-1517
-1626
-1474
-1359
-1345
-1367
-1567
-1696
-1817
-1600
-1033
-316
459
768
1007
909
812
767
601
977
1420
2125
2426
2264
2239
2299
1375
-1519
-6516
-11825
-15754
-17224
-15364
-11395
-7391
-5573
-6556
-8613
-9911
-9290
-6334
-1783
3146
7182
9525
10561
10610
9929
8736
7631
7304
8092
9472
10432
10136
7886
3866
-760
-4450
-5862
-4990
-3153
-1558
-1211
-1994
-3427
-4407
-4123
-2436
39
2503
4806
6666
7995
8553
8297
7647
6848
6236
6245
6653
7035
6478
4606
1879
-975
-3188
-4363
-4428
-3982
-3553
-3839
-4503
-4886
-4897
-4344
-3660
-2745
-1578
-324
1060
2419
3360
3450
2867
2031
1561
1696
2096
2590
2550
1746
481
-981
-1957
-2317
-2360
-2183
-2176
-2250
-2346
-2472
-2423
-2343
-2176
-1952
-1503
-739
287
1191
1677
1765
1470
1190
1184
1349
1803
2043
1819
1408
805
258
-354
-1072
-1449
-1607
-1377
-1072
-945
-953
-1181
-1340
-1134
-603
-64
532
611
1037
1788
2576
3747
2899
400
-4595
-10400
-13712
-15072
-12958
-10326
-8015
-7017
-8751
-10792
-12660
-11809
-8893
-4498
180
3594
6045
6631
6852
6657
6785
7482
8610
10480
11992
12889
11779
9374
5924
2708
760
-86
803
1248
1089
-538
-2991
-4805
-6190
-5748
-4405
-2290
-252
883
1889
2244
2876
3353
3975
5196
6414
7994
8788
8854
7936
6113
4308
2776
2121
1912
1758
1015
-348
-2177
-4149
-5371
-5903
-5531
-4975
-4448
-4099
-3847
-3553
-3189
-2484
-1709
-522
639
1894
2979
3418
3414
2811
2454
2367
2651
3077
3041
2450
1090
-371
-1620
-2204
-2338
-2294
-2242
-2585
-2828
-3278
-3377
-3067
-2489
-1686
-1036
-411
134
581
882
1162
1408
1630
1887
2143
2482
2458
1942
1221
518
285
367
459
581
84
-859
-1827
-2343
-1884
-1198
-633
-682
-957
-920
-228
1252
1801
230
-4543
-10317
-14126
-14794
-11638
-7591
-4457
-4513
-7805
-11375
-13237
-11166
-6919
-2031
1618
3273
3774
3239
3563
4318
5667
7091
8205
9862
11031
11635
10555
8212
5606
3423
2931
3443
4699
4915
3186
237
-3099
-4769
-4759
-3276
-1400
-508
-480
-1366
-1853
-1508
-326
1375
2824
4162
5089
5811
6182
6175
5871
5221
4866
4794
5107
5143
4424
2941
871
-876
-2035
-2313
-2246
-2390
-3118
-4297
-5139
-5525
-5114
-4526
-3835
-3170
-2773
-2097
-1391
-358
496
1033
1498
1902
2682
3307
3766
3774
3286
2533
1748
1362
1102
897
291
-652
-1618
-2434
-2855
-2983
-2967
-2964
-2903
-2889
-2765
-2451
-2071
-1531
-1116
-560
110
883
1609
2015
2301
2132
1903
1833
2074
2515
2478
2156
1399
649
155
-47
-42
-121
-475
-890
-857
-801
-64
312
-919
-4039
-9253
-12611
-13856
-12819
-10441
-8702
-7167
-8490
-10874
-12963
-12534
-8836
-4869
-591
1474
2701
2901
2524
3744
5174
7808
9541
10662
11563
11277
10725
8800
7337
6360
5897
6081
5701
5361
3585
986
-1588
-3298
-3143
-2652
-1813
-1560
-1927
-2698
-3655
-3351
-2101
-84
1550
2611
3370
3735
4191
4516
5215
5852
6207
6331
6165
6001
5299
4198
2857
1731
1019
421
-43
-889
-2192
-3677
-5032
-5565
-5315
-4758
-4329
-4271
-4398
-4453
-4218
-3412
-2029
-524
753
1484
1779
1968
2231
2771
3375
3839
4006
3776
3100
2389
1697
1003
496
-108
-533
-1100
-1658
-2260
-2839
-3124
-3327
-3302
-3268
-3213
-2992
-2755
-2187
-1447
-520
311
740
879
867
1218
1866
2641
3107
2944
2689
2200
1863
1691
1420
1363
1011
547
-27
-472
-501
170
337
-1406
-5294
-10462
-13373
-13743
-11795
-9293
-8373
-8650
-10993
-13240
-13793
-11774
-7552
-3739
-903
321
848
1306
2073
4006
6339
8810
10408
11273
11651
11274
10594
9426
8651
8463
8386
8049
6985
5363
3011
572
-1204
-1913
-1648
-1661
-2058
-3141
-4215
-4897
-4901
-3821
-2384
-836
-31
412
1035
1751
3007
4211
5467
6360
6563
6559
6256
6138
5859
5380
4852
4060
3190
1976
787
-299
-1529
-2572
-3634
-4232
-4626
-5060
-5426
-5829
-5848
-5683
-5084
-4180
-3012
-1885
-1201
-698
-189
674
1673
2651
3473
3810
3991
3829
3570
3428
3101
2782
2219
1510
842
108
-544
-1208
-1835
-2340
-2885
-3335
-3749
-3944
-3948
-3723
-3255
-2655
-1971
-1427
-985
-713
-359
218
1058
1870
2525
2978
3038
2845
2295
1981
2180
2765
3268
2596
1480
604
834
1811
1260
-1398
-6431
-10871
-12805
-12066
-9422
-7615
-7477
-9929
-13372
-15234
-14214
-10372
-6187
-3130
-1952
-2061
-2082
-1266
1097
4259
7221
9287
10200
10722
10877
10758
10607
10539
10824
10940
10559
9517
7831
5769
3578
1844
905
476
-129
-1420
-3084
-4697
-5780
-6085
-5513
-4357
-3312
-2874
-2858
-2662
-1807
-293
1499
3333
4657
5340
5469
5567
5991
6528
6969
7066
6702
5950
4629
3265
2021
1159
486
-323
-1327
-2657
-4077
-5408
-6152
-6308
-5932
-5525
-5385
-5382
-5302
-4885
-4003
-2776
-1371
-115
657
1255
1833
2554
3379
3984
4432
4655
4581
4153
3553
2909
2348
1811
1222
666
-96
-990
-1950
-2947
-3591
-3949
-3965
-3849
-3710
-3568
-3366
-3164
-2825
-2389
-1736
-939
-123
536
935
1437
1911
2374
2709
2832
3030
3131
3216
3012
2781
2692
3088
3075
1088
-3150
-7848
-10059
-9399
-7579
-7050
-8179
-10322
-12766
-14260
-14148
-11988
-8894
-6682
-5745
-5738
-5273
-3915
-1771
1027
3913
6463
7920
8664
9272
10003
10919
11552
12222
12748
12682
11769
10111
8493
7282
6299
5220
4087
2551
677
-1297
-3005
-3903
-4387
-4658
-5000
-5298
-5472
-5464
-5208
-4554
-3381
-2002
-613
531
1468
2343
3237
4242
5252
6149
6806
6914
6719
6251
5765
5256
4506
3767
2908
1939
707
-692
-2073
-3247
-3969
-4558
-4948
-5413
-5959
-6332
-6358
-5860
-5168
-4309
-3674
-2992
-2187
-1299
-164
848
1977
2797
3407
3816
4039
4319
4303
4273
4036
3629
3203
2616
1895
1006
5
-881
-1588
-2054
-2410
-2704
-3063
-3436
-3724
-3894
-3784
-3500
-2851
-2267
-1713
-1374
-1077
-514
129
933
1562
2136
2345
2530
2514
2696
3139
3749
4251
2863
-806
-5729
-8667
-8228
-5582
-3511
-4164
-7368
-11694
-14603
-14314
-11183
-7179
-5104
-5616
-7456
-8454
-7244
-4336
-792
2235
4079
4782
4982
5632
7138
8988
10529
11678
12346
12460
11855
10712
9674
9079
8771
8295
7380
5868
3755
1397
-513
-1454
-1615
-1815
-2569
-4001
-5607
-6657
-6685
-5786
-4491
-3422
-2922
-2789
-2640
-1934
-705
1039
2835
4174
4721
4524
4346
4515
5307
6225
6713
6350
5059
3524
2288
1766
1579
1014
2
-1373
-2587
-3548
-4380
-4880
-5227
-5425
-5563
-5465
-5107
-4584
-4113
-3766
-3166
-2263
-937
303
1188
1793
2130
2515
2965
3561
4118
4377
4289
3915
3426
2926
2481
1994
1375
695
-39
-650
-1123
-1533
-1988
-2548
-3084
-3313
-3261
-3169
-2984
-2859
-2651
-2240
-1743
-1201
-718
-511
-159
515
1569
2782
3343
3490
2935
924
-2615
-6378
-7429
-5225
-2081
-1231
-4097
-8892
-12714
-13341
-10799
-7126
-4655
-4871
-7186
-9479
-9556
-7042
-3280
-238
1310
1598
1521
1920
3370
5829
8340
10084
10733
10683
10484
10267
10164
10367
10675
10833
10263
8830
6864
4913
3521
2655
2300
1839
778
-1008
-3085
-4584
-5062
-4712
-4121
-3909
-4225
-4669
-4927
-4588
-3630
-2121
-628
262
577
640
1150
2236
3463
4492
4961
5021
4733
4323
4036
3982
3825
3426
2702
1684
814
-60
-793
-1508
-2201
-2717
-3319
-3843
-4457
-4875
-5035
-4847
-4219
-3547
-2994
-2807
-2600
-2106
-1148
35
1129
1844
2022
2082
2188
2756
3327
3703
3673
3145
2585
2067
1860
1675
1546
1216
698
55
-670
-1256
-1738
-2023
-2022
-1744
-1664
-1963
-2701
-2950
-2476
-1445
-781
-623
-469
-79
604
1003
1544
1204
-711
-4756
-8579
-8605
-4789
-223
-11
-4760
-10789
-13815
-11863
-7181
-2895
-1725
-4028
-7874
-10028
-8335
-3982
270
1966
1394
228
-145
1037
3371
6305
8474
9164
8585
7930
8010
8565
9257
9726
10236
10153
9173
7432
5686
4707
4354
4317
3982
3043
1455
-587
-2263
-3024
-2705
-2103
-2033
-2835
-4138
-5041
-5010
-3880
-2371
-1191
-928
-1378
-1848
-1621
-425
1153
2646
3284
3195
2620
2122
2244
2897
3854
4257
3842
2636
1301
497
380
789
984
474
-726
-2156
-3191
-3539
-3188
-2643
-2460
-2786
-3391
-3796
-3728
-3088
-2109
-1089
-444
-237
-363
-384
98
1034
2036
2597
2632
2226
1782
1508
1695
2033
2332
2225
1661
923
109
-208
-123
105
171
-296
-901
-1529
-1856
-1723
-1373
-975
-925
-1052
-913
-503
108
286
340
-223
-1839
-4960
-8015
-8501
-5871
-2326
-1752
-4946
-9800
-12743
-11838
-7949
-3780
-2197
-3839
-7273
-9227
-7846
-3997
22
1804
1357
130
-385
751
3344
6351
8400
8821
7951
7244
7424
8342
9594
10469
10662
9941
8617
7162
6249
5912
5917
5692
4847
3493
1702
159
-857
-1097
-934
-975
-1560
-2804
-3998
-4731
-4482
-3535
-2547
-2045
-2385
-2872
-3222
-2733
-1531
-33
1123
1375
1037
551
728
1430
2463
3255
3369
2858
1873
1244
1246
1757
2140
1856
972
-149
-996
-1413
-1310
-1070
-1053
-1485
-2315
-2960
-3135
-2830
-2211
-1646
-1453
-1518
-1755
-1688
-1170
-339
435
850
947
869
832
1013
1404
1888
2176
2120
1830
1365
1117
954
1029
1086
1016
689
57
-488
-861
-736
-330
-109
-287
-1031
-1442
-1363
-731
174
638
852
-844
-3806
-7712
-9247
-7025
-3149
-663
-3195
-8259
-12801
-13092
-9187
-4447
-1663
-3169
-6791
-9765
-9255
-5399
-919
1727
1315
-499
-1891
-1188
1549
4999
7625
8241
7369
6086
5949
7108
8999
10609
10962
10262
8631
7211
6491
6703
7241
7322
6536
4729
2777
1117
506
674
1019
878
-268
-1992
-3490
-3978
-3572
-2630
-1974
-2047
-2722
-3620
-4009
-3433
-2145
-749
-41
-143
-627
-969
-596
405
1741
2520
2439
1689
1026
928
1435
2203
2527
2305
1481
496
-71
-188
164
369
98
-501
-1314
-1953
-2203
-1954
-1525
-1228
-1371
-1885
-2280
-2283
-1758
-1003
-450
-286
-440
-765
-691
-172
514
1140
1245
1127
864
750
837
1057
1338
1367
1163
753
400
324
355
586
768
716
308
-448
-721
-489
328
952
991
870
-854
-3778
-7774
-9119
-6414
-2106
-163
-3660
-9412
-13508
-12823
-8479
-3924
-1773
-3759
-7735
-10775
-9725
-5164
-382
1860
704
-1523
-2822
-1759
1359
5168
7941
8067
6498
4814
5116
7081
9490
11105
11147
10027
8082
6625
6370
7406
8436
8258
6819
4595
2644
1411
1260
1887
2310
1729
-144
-2294
-3618
-3559
-2634
-1867
-1702
-2430
-3574
-4529
-4581
-3536
-2142
-1192
-1241
-1851
-2335
-2115
-1135
186
1177
1331
795
204
253
970
1878
2477
2409
1872
1129
619
634
998
1438
1370
809
31
-546
-802
-701
-456
-325
-526
-1089
-1625
-1864
-1650
-1211
-739
-556
-690
-1012
-1196
-939
-378
306
619
558
318
254
370
739
1127
1205
1093
745
684
773
868
980
951
983
784
327
54
226
842
1252
1145
913
-162
-2353
-5790
-7826
-6594
-3149
-999
-3246
-8176
-12297
-12680
-9515
-5638
-3394
-4573
-7967
-10971
-10764
-7008
-2412
7
-600
-2591
-3781
-2890
-112
3649
6466
6955
5738
4296
4722
6801
9205
10925
11165
10312
8688
7436
7384
8417
9365
9184
7766
5737
3996
2934
2830
3235
3436
2604
760
-1189
-2464
-2561
-1983
-1390
-1506
-2387
-3704
-4692
-4689
-3792
-2554
-1977
-2227
-3045
-3611
-3366
-2275
-799
173
337
-284
-887
-825
85
1371
2271
2306
1621
811
499
910
1751
2314
2202
1433
426
-92
-74
403
808
740
167
-694
-1293
-1337
-834
-350
-219
-552
-1049
-1402
-1482
-1079
-495
37
123
-218
-516
-528
-130
406
767
807
542
258
201
587
990
1225
1085
799
548
354
570
922
1404
1388
1080
1110
891
-336
-3598
-6639
-6868
-3906
-637
-1165
-5316
-10414
-12548
-10782
-6741
-3411
-3328
-6462
-10503
-11904
-9320
-4513
-987
-707
-2722
-4857
-4966
-2593
1375
4932
6144
5058
3226
3022
4967
7916
10277
11039
10363
8783
7562
7512
8648
10006
10155
9009
7005
5236
4234
4149
4553
4745
4019
2293
306
-1099
-1391
-1021
-616
-712
-1635
-2985
-4240
-4690
-4062
-3027
-2341
-2619
-3555
-4388
-4478
-3577
-2170
-1081
-803
-1377
-1965
-1976
-1135
172
1207
1645
1184
502
165
589
1531
2262
2362
1840
1046
583
503
937
1352
1371
890
57
-567
-710
-359
63
163
-192
-841
-1365
-1461
-1093
-525
-250
-309
-705
-947
-893
-488
13
242
248
4
-156
-123
237
746
1107
1078
759
434
294
581
1072
1443
1541
1202
1125
997
299
-1529
-4067
-5164
-4288
-2277
-1783
-3780
-7033
-9570
-9720
-7960
-5582
-4408
-5545
-8061
-10032
-9477
-6828
-3811
-2448
-2880
-4234
-4934
-3900
-1296
1880
3855
4037
3156
2762
3833
5916
8123
9473
9712
8973
8056
7846
8568
9683
10058
9543
8196
6883
5889
5439
5511
5558
5118
3798
2144
830
167
35
24
-148
-837
-1926
-3172
-3825
-3716
-3021
-2526
-2876
-3750
-4579
-4611
-3852
-2780
-2041
-2062
-2610
-2953
-2637
-1662
-549
67
169
-127
-313
-60
646
1446
1855
1712
1321
985
1035
1295
1596
1673
1391
876
401
189
338
541
505
250
-202
-503
-721
-687
-534
-479
-535
-741
-827
-859
-696
-521
-270
-95
-130
-231
-327
-221
13
298
435
525
483
429
441
528
695
825
797
787
797
1148
1503
960
-738
-3389
-4873
-4409
-2583
-1348
-2343
-5089
-8199
-9561
-8519
-6112
-4168
-4475
-6587
-8918
-9535
-7874
-5113
-2938
-2475
-3485
-4714
-4723
-2859
99
2663
3576
3111
2377
2615
4124
6300
8317
9159
8834
7887
7379
7795
8811
9648
9700
8889
7545
6356
5707
5832
6106
5831
4883
3342
1994
1122
800
864
677
75
-1064
-2323
-3140
-3309
-2834
-2455
-2589
-3338
-4184
-4488
-4129
-3348
-2655
-2366
-2597
-2946
-3067
-2567
-1691
-871
-412
-456
-536
-488
-114
445
995
1345
1341
1172
1029
1098
1301
1446
1462
1279
992
687
564
522
540
518
356
53
-266
-491
-563
-526
-499
-466
-583
-753
-851
-754
-495
-254
-247
-325
-499
-519
-358
14
372
419
274
3
43
313
660
906
867
682
583
737
1236
1430
624
-1328
-3422
-4218
-3309
-1674
-1144
-2557
-5294
-7762
-8497
-7259
-5159
-3864
-4488
-6510
-8408
-8665
-7029
-4596
-2840
-2602
-3573
-4627
-4445
-2629
117
2238
2991
2502
1932
2260
3713
5922
7753
8466
7995
7109
6761
7321
8422
9214
9206
8253
6972
6021
5704
5949
6131
5695
4594
3128
2040
1553
1409
1230
732
-46
-1076
-1993
-2490
-2515
-2345
-2470
-2997
-3558
-3971
-3893
-3575
-3255
-2995
-3013
-3030
-2906
-2610
-2155
-1799
-1424
-1123
-719
-390
-220
-82
93
465
859
1276
1434
1404
1244
1148
1214
1442
1603
1626
1409
1015
715
505
614
634
569
230
-253
-544
-606
-398
-279
-320
-508
-783
-877
-780
-515
-345
-395
-517
-573
-366
-166
75
127
62
52
107
343
495
576
624
569
652
730
1120
1063
54
-1887
-3768
-4046
-2934
-1363
-1274
-2934
-5595
-7777
-8154
-6757
-4558
-3470
-4275
-6520
-8385
-8369
-6572
-4050
-2396
-2245
-3349
-4517
-4377
-2425
480
2668
3249
2503
1791
2102
3672
6045
7922
8485
7773
6692
6446
7235
8445
9190
8990
7961
6761
5988
5894
6202
6184
5519
4252
3010
2280
1923
1709
1218
507
-304
-1135
-1688
-2000
-2139
-2426
-2930
-3439
-3643
-3580
-3390
-3226
-3279
-3389
-3487
-3361
-2927
-2397
-1981
-1885
-1835
-1705
-1230
-661
-175
148
186
293
349
671
1041
1298
1385
1152
945
903
1062
1270
1314
1111
744
463
308
348
309
229
0
-303
-490
-583
-493
-424
-383
-509
-622
-782
-758
-646
-459
-261
-159
-110
-183
-223
-236
-112
114
411
584
584
450
311
368
654
971
1337
1004
-192
-2135
-3674
-3721
-2682
-1459
-1574
-3073
-5288
-7212
-7618
-6572
-4815
-3818
-4308
-5913
-7440
-7694
-6595
-4525
-2901
-2319
-2833
-3644
-3525
-2183
39
1890
2780
2714
2506
2897
4048
5711
7045
7653
7441
7023
6995
7445
8127
8405
8209
7612
6925
6455
6246
6141
5732
4930
3914
3061
2574
2258
1825
1147
185
-658
-1283
-1538
-1616
-1819
-2388
-3142
-3734
-3831
-3501
-3096
-2905
-3162
-3529
-3736
-3471
-2768
-2092
-1616
-1535
-1643
-1618
-1308
-696
-41
433
538
484
419
512
846
1180
1369
1419
1242
1132
1040
1052
1110
1080
1000
720
465
302
255
224
59
-163
-395
-530
-571
-501
-453
-460
-621
-790
-820
-672
-367
-260
-244
-330
-385
-305
-113
182
228
180
143
283
446
559
595
700
863
1019
888
48
-1599
-3308
-4020
-3450
-2170
-1565
-2425
-4422
-6646
-7729
-7348
-5721
-4171
-3753
-4755
-6485
-7494
-7105
-5411
-3443
-2215
-2054
-2595
-2962
-2379
-794
1117
2515
3028
3161
3424
4128
5233
6344
7151
7401
7251
7260
7566
8044
8218
7862
7245
6670
6393
6313
6188
5704
4784
3716
2801
2320
2153
1900
1362
385
-611
-1432
-1866
-1887
-1893
-2085
-2726
-3453
-3810
-3743
-3413
-3170
-3071
-3095
-3174
-3135
-2885
-2353
-1891
-1571
-1515
-1357
-1033
-536
28
366
455
373
284
548
1017
1423
1512
1254
960
848
980
1179
1284
1138
802
415
224
189
257
236
14
-290
-604
-794
-760
-602
-466
-528
-778
-1013
-1030
-879
-626
-438
-389
-365
-360
-301
-177
-90
-16
88
170
351
496
533
548
511
639
1033
1165
639
-1042
-3006
-4139
-3968
-2706
-1790
-1989
-3491
-5667
-7273
-7680
-6634
-5045
-4028
-4233
-5383
-6486
-6726
-5894
-4410
-2954
-2144
-1978
-2018
-1622
-567
816
1985
2741
3244
3804
4624
5661
6606
7163
7265
7047
7050
7487
8138
8520
8313
7500
6568
5818
5640
5830
5920
5419
4240
2902
1876
1387
1294
1198
756
-89
-1084
-1871
-2219
-2261
-2270
-2582
-3064
-3491
-3639
-3409
-3108
-2902
-2920
-3089
-3133
-2830
-2232
-1570
-1133
-1054
-1195
-1145
-788
-144
474
783
769
563
430
567
977
1312
1426
1174
851
625
669
851
963
840
464
75
-168
-181
-82
-90
-235
-556
-828
-924
-796
-636
-546
-664
-803
-870
-832
-608
-454
-320
-368
-481
-516
-465
-208
95
220
174
-49
-114
14
257
421
497
610
749
513
-384
-1979
-3298
-3936
-3557
-2829
-2411
-2706
-3828
-5289
-6492
-6797
-6087
-5078
-4311
-4254
-4627
-5059
-5180
-4797
-3956
-2967
-2115
-1475
-874
-80
850
1645
2235
2655
3239
4044
5141
6285
7076
7332
7046
6688
6644
7030
7596
7862
7664
7072
6214
5584
5193
5021
4763
4139
3303
2404
1720
1254
899
448
-176
-880
-1482
-1861
-2065
-2165
-2348
-2655
-3017
-3203
-3130
-2874
-2661
-2586
-2602
-2642
-2564
-2294
-1788
-1265
-968
-871
-846
-648
-330
94
396
584
571
462
504
654
888
990
870
704
528
490
473
454
411
264
65
-187
-304
-275
-185
-212
-368
-576
-723
-845
-805
-685
-524
-476
-596
-664
-615
-397
-256
-256
-313
-460
-534
-516
-343
-93
23
6
-83
-141
-98
-59
-25
38
161
457
596
203
-986
-2644
-3720
-4015
-3471
-2805
-2500
-2812
-3846
-4988
-5868
-5902
-5427
-4741
-4228
-4082
-4029
-4040
-3778
-3393
-2914
-2421
-1914
-1200
-326
785
1919
2705
3115
3236
3454
4035
4909
5949
6723
7077
7021
6792
6695
6747
6843
6804
6486
6026
5526
5125
4783
4433
3891
3179
2357
1615
1140
790
475
26
-491
-980
-1550
-1914
-2145
-2177
-2178
-2342
-2596
-2784
-2737
-2598
-2310
-2036
-1874
-1691
-1704
-1611
-1383
-1054
-647
-436
-299
-188
-129
28
231
448
565
570
487
441
420
487
569
520
381
196
77
34
38
-27
-151
-296
-316
-392
-439
-535
-578
-628
-692
-741
-742
-745
-813
-817
-822
-744
-632
-544
-500
-511
-552
-685
-809
-798
-605
-227
-28
10
-211
-523
-663
-543
-204
101
293
321
201
-166
-897
-1899
-2694
-3157
-3204
-3072
-2879
-2768
-3036
-3519
-4094
-4397
-4381
-4193
-3941
-3739
-3471
-3171
-2793
-2358
-1954
-1502
-1137
-701
-129
662
1536
2284
2807
3237
3654
4078
4538
5135
5654
5966
6103
6061
5997
5954
5830
5685
5499
5268
4935
4493
4082
3719
3255
2659
2007
1441
936
572
298
21
-345
-747
-1169
-1472
-1681
-1790
-1876
-2067
-2205
-2257
-2145
-1956
-1805
-1667
-1666
-1626
-1546
-1344
-915
-570
-363
-412
-446
-399
-177
101
339
483
481
366
246
217
267
335
299
208
88
-46
-144
-141
-135
-143
-304
-456
-604
-700
-685
-758
-873
-914
-838
-715
-593
-619
-711
-778
-746
-775
-734
-684
-501
-377
-412
-503
-642
-541
-424
-203
-67
-101
-333
-676
-809
-680
-352
-125
-112
-161
-127
83
158
-96
-943
-1943
-2484
-2667
-2392
-2178
-2088
-2167
-2571
-3010
-3343
-3277
-3120
-2956
-2953
-2981
-2854
-2578
-2092
-1593
-1095
-854
-754
-601
-113
694
1535
2155
2499
2786
3045
3470
4026
4566
4871
4888
4808
4817
4994
5223
5293
5129
4663
4126
3614
3302
3154
3088
2825
2284
1605
1006
730
551
367
-28
-481
-910
-1178
-1286
-1188
-1045
-1226
-1426
-1657
-1683
-1579
-1388
-1058
-928
-872
-1022
-1000
-812
-481
-90
19
6
-114
-207
-67
83
215
246
148
-1
-136
-198
-75
124
118
-22
-248
-502
-743
-822
-745
-544
-465
-516
-669
-720
-667
-537
-658
-959
-1293
-1264
-866
-483
-319
-506
-860
-1100
-1042
-776
-581
-647
-707
-659
-423
-256
-293
-510
-600
-708
-740
-612
-478
-188
-54
-103
-332
-552
-549
-388
-21
271
412
126
-514
-1161
-1703
-1829
-1872
-1710
-1648
-1771
-1924
-2173
-2155
-2086
-2109
-2098
-2141
-2112
-1952
-1627
-1201
-789
-482
-337
-240
-8
431
922
1408
1794
2061
2378
2711
3044
3469
3763
3899
3857
3796
3787
3880
3987
3928
3759
3408
3050
2713
2541
2389
2182
1929
1463
1006
609
320
131
-28
-259
-446
-665
-751
-734
-801
-772
-846
-987
-1131
-1134
-1022
-747
-454
-295
-169
-158
-240
-298
-253
-132
-26
16
59
115
97
48
49
40
19
-94
-306
-481
-671
-710
-665
-506
-290
-202
-311
-437
-593
-830
-982
-1101
-1033
-893
-796
-647
-620
-656
-883
-1197
-1238
-1120
-816
-742
-834
-795
-688
-466
-525
-757
-844
-817
-657
-625
-565
-271
180
371
158
-286
-623
-585
-499
-397
-338
-199
-38
71
168
373
528
483
77
-603
-1148
-1443
-1406
-1286
-1122
-1135
-1178
-1336
-1358
-1274
-1158
-1162
-1285
-1469
-1542
-1451
-1184
-816
-508
-301
-220
-97
176
510
839
1061
1275
1404
1616
1872
2230
2647
2900
2931
2818
2807
2783
2941
2951
2853
2667
2471
2257
2057
1892
1753
1549
1268
985
690
534
452
352
276
165
-137
-344
-439
-355
-213
-206
-297
-374
-418
-344
-100
62
91
60
-33
-43
-61
30
67
140
77
-95
-206
-202
-11
29
-109
-370
-466
-397
-225
-328
-515
-698
-758
-710
-659
-587
-585
-590
-902
-1150
-1233
-1092
-921
-999
-1091
-1015
-880
-589
-607
-841
-904
-940
-577
-501
-537
-702
-837
-680
-486
-319
-306
-421
-588
-672
-638
-438
-362
-364
-443
-519
-448
-287
-62
22
81
44
27
-32
-23
151
266
482
503
415
193
-18
-225
-541
-860
-1100
-964
-903
-908
-963
-1018
-962
-935
-965
-1086
-1223
-1173
-1070
-915
-852
-647
-445
-240
77
335
528
670
762
928
1168
1401
1686
1894
2013
2108
2144
2180
2276
2275
2333
2238
2155
2002
1848
1686
1586
1445
1300
1125
873
664
515
577
556
459
304
139
22
72
52
32
32
51
61
112
267
274
199
-3
-107
-89
65
242
409
415
227
122
4
-84
-49
-201
-350
-412
-319
-139
-186
-195
-372
-497
-705
-926
-1086
-1200
-960
-623
-457
-586
-871
-1067
-1230
-1318
-1359
-1257
-1063
-693
-246
-80
-242
-725
-1155
-1284
-1109
-767
-592
-561
-439
-466
-301
-328
-415
-258
-201
-16
-155
-394
-432
-353
-167
-126
-74
171
356
516
430
111
-102
-256
-113
71
184
208
190
196
178
110
-106
-332
-529
-636
-697
-628
-666
-717
-806
-937
-878
-759
-710
-672
-641
-582
-507
-605
-613
-591
-471
-324
-171
64
366
591
678
723
862
1063
1070
1078
1145
1285
1438
1582
1649
1618
1650
1674
1625
1431
1271
1147
1073
1021
1037
1119
1102
1014
899
720
640
537
401
417
507
578
629
545
468
511
436
378
221
169
308
271
350
265
177
149
79
-3
-157
-191
-342
-435
-425
-382
-462
-613
-662
-533
-489
-713
-1073
-1176
-1091
-891
-745
-785
-842
-731
-561
-496
-517
-615
-726
-808
-804
-659
-490
-279
-202
-245
-288
-526
-502
-622
-726
-630
-482
-122
23
-55
-189
-365
-389
-487
-343
-58
78
58
-58
-31
-49
-186
-345
-392
-236
-5
104
87
26
-45
-48
132
174
271
127
11
18
47
-24
-236
-341
-464
-405
-361
-388
-476
-537
-592
-599
-770
-781
-682
-511
-423
-500
-509
-548
-405
-194
-103
-153
-127
-130
-57
48
206
470
663
716
730
755
865
1029
1109
1186
1234
1221
1142
1087
1078
1228
1397
1403
1322
1265
1174
1074
919
844
783
705
746
748
781
704
747
726
744
638
380
269
180
118
-75
-92
-28
171
367
231
12
-251
-493
-523
-540
-615
-503
-416
-322
-380
-581
-715
-822
-642
-543
-427
-462
-600
-644
-781
-659
-545
-334
-296
-329
-261
-54
45
-100
-386
-632
-595
-379
-126
-170
-355
-604
-535
-283
27
41
-135
-312
-528
-701
-753
-485
-232
147
177
51
-107
-303
-151
-79
-36
-116
-315
-439
-420
-215
43
233
111
-192
-439
-415
-163
-4
55
-40
-74
66
28
-38
-145
-43
74
92
-30
-259
-311
-375
-314
-325
-380
-443
-480
-456
-530
-453
-408
-340
-212
-267
-274
-282
-172
-53
4
62
76
174
285
339
443
506
481
494
631
812
1007
980
890
846
749
800
801
928
989
940
955
961
919
910
780
537
509
370
406
399
312
316
164
182
199
202
187
104
116
112
68
-25
-95
-156
-106
82
191
182
10
-239
-154
-82
-67
-226
-517
-495
-336
-8
58
-59
-229
-280
-108
-19
-36
-230
-293
-326
-259
-200
-113
-69
-112
-90
-88
-75
-163
-262
-333
-214
-112
-161
-334
-466
-360
-149
9
6
-75
-237
-362
-488
-550
-624
-580
-329
-97
-21
-271
-428
-318
-156
-132
-441
-761
-669
-332
-12
-36
-80
-10
87
-22
-340
-495
-403
-110
74
147
42
-99
-156
-105
-6
-1
-71
-87
-85
-147
-239
-342
-364
-334
-197
-10
71
87
-87
-279
-383
-377
-328
-267
-204
-53
331
629
721
535
104
-160
-242
-6
382
506
539
485
525
546
527
397
308
241
285
379
384
521
572
611
562
409
326
353
427
459
353
247
252
362
433
458
431
412
321
51
-143
-162
31
242
284
278
162
-79
-148
-142
35
270
246
228
286
345
302
69
-8
21
-11
-152
-184
86
325
442
412
228
98
-43
-229
-447
-520
-465
-275
-25
63
121
-25
-272
-436
-443
-318
-311
-249
-147
-44
-168
-448
-549
-479
-319
-254
-305
-246
-213
-218
-303
-365
-334
-414
-451
-325
-112
-26
-132
-297
-438
-420
-291
-217
-133
-248
-259
-124
-42
-81
-216
-315
-399
-501
-594
-553
-318
-58
298
352
110
-185
-339
-270
-272
-245
-273
-203
-78
70
164
187
104
-15
-82
-56
9
-9
-53
-54
190
355
375
291
144
170
158
160
138
46
-14
-36
-10
75
174
221
308
317
401
370
249
162
-35
-133
-85
58
274
516
664
638
507
325
190
202
264
288
260
173
322
564
703
578
357
228
223
293
296
232
290
309
337
271
144
48
-107
-178
-18
213
337
352
245
243
97
6
-55
58
137
75
-30
-41
38
-15
-39
-2
40
26
-57
-201
-267
-397
-392
-384
-335
-212
-217
-199
-141
-77
-72
-147
-273
-331
-364
-366
-363
-387
-532
-606
-554
-428
-272
-249
-269
-259
-21
92
18
-303
-547
-498
-454
-352
-362
-242
-109
118
110
-60
-245
-362
-238
-143
-123
-174
-84
103
232
138
-20
-86
-36
-29
-102
-82
83
130
108
25
-3
-33
-49
33
-3
23
-181
-299
-338
-207
22
105
133
-4
-91
-199
-124
-6
35
79
71
124
161
187
208
166
288
321
357
346
241
355
270
222
76
-1
114
309
405
304
169
-7
-116
-45
59
216
240
233
359
451
480
244
-65
-86
248
560
548
284
136
204
298
312
110
0
75
380
442
267
-14
-192
-149
-76
145
229
281
300
176
-27
-192
-64
186
298
263
107
-70
-171
-212
-263
-252
-222
-111
-20
11
-48
-110
-100
-154
-250
-445
-443
-350
-175
-38
-137
-222
-277
-170
-169
-280
-449
-507
-424
-342
-248
-196
-218
-268
-242
-233
-243
-313
-392
-374
-319
-263
-241
-119
95
236
131
-24
-211
-329
-315
-271
-83
72
92
37
-36
-68
-5
-66
-155
-231
-162
-15
106
178
154
170
121
178
273
278
179
130
164
199
188
103
59
8
24
143
250
265
137
52
42
45
76
59
10
-53
-19
186
365
386
176
-96
-94
54
166
151
77
132
216
235
127
-42
-157
-76
116
217
186
109
67
115
82
112
51
-100
-149
-166
8
191
215
144
113
82
60
48
28
124
135
192
237
161
99
-54
-153
-114
30
157
214
70
-57
-55
-105
-168
-285
-235
-46
28
22
-56
-73
-135
-312
-398
-274
37
277
250
32
-253
-321
-118
91
105
-83
-195
-88
125
176
-18
-268
-312
-108
80
88
-102
-311
-309
-57
174
152
-39
-146
-90
28
40
-98
-160
-11
135
110
-111
-217
-142
-13
-12
-218
-439
-470
-199
134
337
322
49
-239
-352
-258
-87
-29
-108
-234
-155
28
144
144
59
111
220
187
55
28
65
139
111
27
-21
-6
120
265
270
177
66
-20
-12
5
71
163
199
127
33
18
69
86
-56
-149
-89
47
135
74
-65
-128
-91
-48
-45
-18
-49
-104
-191
-229
-136
79
273
363
333
184
61
-119
-248
-290
-181
93
278
377
283
146
56
-5
17
-28
-54
-71
-29
63
104
109
24
-74
-124
-61
8
32
16
-60
-102
-105
26
175
217
239
214
147
59
-18
68
111
73
40
70
159
144
42
-72
-194
-281
-240
-112
55
48
-175
-360
-426
-283
-113
5
51
-9
30
50
99
96
-21
-127
-143
64
254
320
256
122
70
-53
-131
-185
-223
-128
-83
-89
-145
-226
-203
-170
-74
-6
-36
-73
-98
-10
12
59
156
202
237
170
105
-82
-309
-440
-313
53
308
275
-16
-264
-272
-141
-97
-103
-196
-237
-156
-36
121
206
188
40
-59
-9
84
116
29
-24
32
167
263
287
143
19
-38
25
136
198
293
227
81
-126
-208
-92
70
152
127
104
154
103
-12
-104
-132
-82
-100
-171
-231
-106
48
123
54
-106
-178
-113
52
138
149
56
-11
-39
-76
-103
-125
-49
40
62
66
133
216
128
4
-135
-189
-191
-241
-129
55
180
171
14
-135
-199
-169
-89
-26
37
59
66
35
-6
57
60
49
-7
-32
36
83
145
54
22
51
74
0
-116
-77
55
219
188
47
-105
-124
-24
18
54
-3
-76
-57
-25
75
159
152
63
-93
-146
-85
39
86
-20
-167
-157
32
204
209
45
-116
-112
-4
109
126
28
-96
-208
-212
-110
43
200
282
294
259
87
-93
-137
-69
5
-29
-28
43
116
168
101
4
-87
-142
-179
-240
-176
-145
-102
-133
-163
-3
166
299
229
71
-47
-100
-71
-95
-114
-75
28
103
65
-19
-89
-131
-186
-195
-153
-48
46
138
207
173
99
30
14
34
-25
-121
-225
-198
-46
30
12
-36
33
147
151
27
-145
-289
-296
-166
-37
5
46
86
178
184
77
-23
-71
-63
-73
-44
-63
-41
84
197
246
179
57
3
-16
-36
-103
-164
-165
-159
-162
-143
-73
-15
41
51
40
13
1
-7
-42
-43
42
219
291
285
182
70
2
-32
19
45
76
72
71
31
-82
-104
-43
23
20
-78
-143
-54
109
175
116
-27
-111
-130
-155
-174
-79
52
128
196
259
312
225
81
-42
-81
-99
-128
-165
-163
-15
193
317
266
54
-119
-134
-56
-16
-66
-107
-60
32
104
109
62
-55
-155
-141
-68
30
110
99
20
-118
-185
-146
-55
42
95
102
84
80
53
-1
-114
-179
-132
-51
36
42
18
18
-4
53
79
41
-37
-169
-181
-214
-234
-208
-151
-19
41
32
10
22
34
15
-23
-69
-44
10
67
67
41
43
70
93
97
106
137
187
207
115
-44
-153
-114
5
28
-86
-163
-120
12
158
171
35
-87
-78
1
65
-1
-82
-131
-110
-54
-11
22
21
60
131
196
172
23
-140
-223
-197
-84
-6
10
17
86
194
282
185
1
-99
-141
-62
-25
3
25
26
61
72
94
71
36
13
-51
-114
-124
-44
96
163
166
132
112
81
-5
-88
-118
-87
-27
6
28
12
-34
-47
-42
-21
-14
-41
-68
-118
-167
-181
-166
-91
-2
91
125
97
75
21
-31
-67
-85
-53
11
80
105
80
32
42
84
120
92
12
-48
-39
2
12
-22
-74
-73
-52
-24
-15
-25
-23
-53
-66
-40
-38
-99
-171
-190
-92
41
108
80
12
-19
-14
26
41
15
-27
-45
-42
-26
-24
-43
-45
-17
38
102
127
106
98
109
137
122
18
-81
-132
-56
17
45
58
46
105
159
159
81
-73
-168
-189
-120
-18
60
109
84
39
-22
-103
-129
-65
52
113
21
-98
-170
-124
-18
75
128
96
35
-22
-59
-78
-112
-157
-156
-84
18
82
79
34
12
12
16
13
-29
-68
-99
-95
-44
53
165
230
235
156
60
-2
-8
26
89
99
52
-14
-43
-25
26
84
129
117
81
-9
-144
-223
-206
-114
-28
-7
-28
-27
33
123
158
100
-54
-210
-271
-201
-23
128
158
107
53
48
43
-5
-57
-82
-77
-52
15
91
160
161
104
42
-33
-73
-77
-54
-9
2
-25
-61
-75
-38
28
42
22
-41
-69
-65
-38
21
62
74
0
-64
-87
-74
-60
-69
-53
13
105
180
235
219
145
5
-115
-175
-182
-144
-76
33
106
132
88
-8
-110
-187
-217
-194
-165
-123
-43
36
116
115
87
59
5
-75
-161
-171
-122
4
118
178
165
82
39
20
41
72
41
12
-22
-4
38
27
-26
-119
-153
-115
-41
46
98
94
65
16
-28
-55
-112
-164
-214
-185
-78
78
199
203
123
12
-64
-88
-46
54
98
84
30
17
91
188
223
151
45
-29
-3
67
131
135
79
18
13
39
18
-47
-141
-159
-76
30
85
51
-31
-90
-130
-150
-166
-171
-120
-38
67
146
159
105
5
-54
-83
-95
-91
-67
-16
35
55
45
45
42
36
42
34
14
-3
-16
-10
-27
-70
-89
-57
39
119
147
145
115
84
38
-26
-86
-117
-115
-54
29
111
144
110
35
-37
-106
-172
-202
-178
-91
-3
61
71
34
4
-23
-34
-52
-90
-78
-21
45
64
18
-23
-9
51
123
132
57
-20
-53
-17
31
28
-7
-43
-58
-47
-32
-25
-47
-65
-82
-82
-88
-64
-13
55
110
96
77
44
4
-22
-38
-23
-6
-19
-34
-25
19
52
64
47
28
39
36
13
-15
-40
-19
39
97
105
84
68
65
70
78
96
83
59
18
-6
-25
-34
-19
14
34
29
-18
-90
-131
-145
-137
-126
-90
-38
7
38
41
27
-3
-37
-63
-87
-76
-56
-17
36
77
82
50
15
-22
-34
-34
-29
-48
-81
-89
-46
10
56
77
50
8
-15
-18
-6
-5
-6
3
32
46
51
67
75
84
53
-10
-53
-60
-31
12
37
50
41
28
26
32
24
13
-1
19
24
11
-5
-25
-50
-82
-95
-92
-78
-53
-22
0
6
-7
-23
-53
-61
-43
-8
39
70
96
94
64
29
-3
-32
-64
-85
-77
-55
-22
-2
0
-5
-30
-56
-88
-119
-128
-101
-61
-7
37
57
83
94
79
62
56
62
44
15
14
36
84
84
67
44
27
40
48
54
43
27
15
11
-3
-25
-38
-33
-6
20
40
67
82
88
68
20
-5
-15
-11
-16
-25
-25
-27
-22
-17
-7
12
18
26
48
38
18
-27
-60
-49
-13
18
29
14
17
16
-5
-37
-89
-139
-167
-157
-116
-59
-15
18
39
62
70
55
16
-35
-68
-81
-67
-20
34
81
108
110
96
74
54
20
-17
-55
-86
-81
-35
22
73
87
79
48
1
-44
-89
-135
-165
-152
-102
-20
61
111
111
78
28
-20
-60
-88
-84
-60
-17
19
41
69
78
74
50
17
-14
-39
-44
-35
-13
-3
6
10
20
33
35
41
40
36
28
18
22
18
28
38
34
42
29
-4
-24
-39
-36
-34
-40
-34
-22
-14
-31
-52
-60
-57
-47
-37
-37
-44
-54
-58
-45
-29
-9
4
9
9
2
-5
-7
-3
9
12
14
20
24
12
-1
-4
-7
2
18
36
52
67
76
65
41
14
-13
-32
-47
-59
-63
-51
-29
5
46
69
74
68
58
44
23
1
-14
-8
12
38
48
59
46
25
16
-3
-12
-32
-52
-49
-30
-2
26
51
66
72
72
60
33
1
-18
-30
-30
-9
7
20
43
59
51
23
-23
-64
-86
-98
-97
-93
-67
-47
-22
-5
-15
-25
-44
-49
-39
-30
-17
-4
13
39
65
81
79
64
32
4
-26
-42
-42
-43
-27
-15
-12
-18
-33
-39
-37
-31
-28
-41
-44
-38
-21
-16
-13
5
21
52
58
56
52
48
55
57
52
37
27
24
34
38
19
-1
-21
-28
-28
-30
-24
-21
-16
-5
-3
-1
0
6
1
-11
-28
-35
-37
-22
-4
8
15
26
35
37
26
9
2
-14
-9
1
8
13
12
16
6
-2
-5
-18
-21
-21
-13
-5
4
14
9
1
-26
-39
-46
-50
-37
-22
7
26
32
32
23
28
7
-21
-42
-49
-39
-31
-19
-11
-9
-3
-2
5
5
1
2
10
21
25
27
15
4
-1
-2
3
-5
-11
-12
-13
-5
1
12
24
31
53
61
48
29
7
2
-10
-17
-19
-7
16
15
10
-18
-26
-27
-33
-29
-27
-19
-1
11
28
34
36
30
18
19
12
20
25
26
39
42
42
40
26
-1
-21
-37
-49
-51
-43
-22
7
28
28
14
1
-4
-10
-16
-23
-23
-12
-7
0
6
-6
-14
-26
-27
-26
-29
-28
-23
-13
8
30
48
51
45
34
23
15
10
5
-2
-5
-2
8
12
8
4
11
-3
-22
-33
-36
-32
-29
-27
-24
-13
-18
-11
-5
-12
-20
-31
-31
-23
-15
-8
2
14
16
8
-1
-16
-26
-32
-37
-38
-37
-33
-30
-27
-25
-17
-10
-14
-9
-8
-1
4
5
-1
-12
-16
-17
-11
0
11
19
23
38
44
41
37
38
49
53
51
45
48
52
48
37
20
9
-11
-24
-29
-36
-36
-38
-28
-11
3
6
10
8
9
12
6
6
4
-13
-16
-3
10
14
4
8
20
32
28
18
20
15
14
21
19
21
20
9
3
-4
-7
-17
-34
-47
-50
-47
-46
-42
-28
-14
-8
3
8
11
3
-4
-4
0
4
4
12
13
6
0
4
10
19
13
6
5
11
14
10
14
6
9
6
3
4
-4
-7
-8
-2
12
26
31
27
27
28
28
31
22
20
2
-3
0
1
12
7
18
27
26
18
3
2
-6
-6
-13
-19
-14
-23
-28
-34
-37
-38
-44
-51
-43
-28
-34
-38
-38
-39
-34
-31
-26
-17
-11
-8
-8
1
-2
-3
-2
-1
10
16
25
34
38
32
23
18
5
-5
-20
-29
-35
-40
-32
-29
-20
-15
-10
-5
9
20
33
38
35
37
32
38
30
19
16
13
14
14
11
8
12
13
12
13
12
15
14
12
12
17
14
16
11
10
8
3
-2
-19
-28
-35
-30
-24
-12
0
10
19
23
18
6
-6
-18
-14
-15
-15
-17
-9
-5
-2
-5
-12
-6
-11
-17
-27
-32
-34
-37
-26
-15
-7
-4
-10
-10
-12
-18
-22
-19
-19
-23
-24
-19
-17
-22
-23
-26
-24
-23
-27
-17
-4
9
22
30
36
30
27
19
9
3
1
7
18
26
32
35
38
40
40
35
30
23
18
16
7
8
12
18
22
16
10
7
-3
-10
-1
10
7
8
5
7
15
6
2
-5
-15
-19
-23
-16
-7
-10
-15
-17
-7
-6
-5
-3
0
9
15
21
32
47
50
43
38
32
23
14
6
6
0
-3
-7
-4
0
-2
-6
-9
-7
-16
-18
-23
-21
-12
-7
-1
2
2
-7
-8
-17
-24
-34
-51
-49
-48
-40
-33
-21
-10
0
-10
-23
-26
-30
-28
-22
-12
-4
-4
-12
-13
-14
-24
-31
-37
-38
-23
-19
-9
1
15
23
33
41
35
24
2
-6
-13
-19
-23
-19
-12
0
5
14
28
31
33
29
29
32
32
23
12
0
-12
-22
-32
-28
-17
-9
0
12
17
18
22
28
31
38
35
33
34
22
15
12
19
25
18
11
6
-3
-8
-16
-16
-17
-16
-12
-6
1
-1
-2
4
11
20
30
41
45
44
42
21
15
1
-10
-9
-18
-17
-27
-31
-27
-18
-7
-10
-8
-10
-10
-8
-19
-24
-35
-43
-46
-39
-23
-19
-21
-18
-11
0
2
1
4
3
-2
-5
-3
-1
-1
-7
-5
-4
-17
-30
-41
-48
-49
-49
-41
-31
-20
-4
3
15
28
38
44
47
56
54
52
52
50
54
46
37
34
33
32
29
26
24
16
18
17
19
21
19
17
11
11
-1
-12
-20
-17
-11
-8
-8
-24
-29
-34
-34
-24
-18
-17
-18
-18
-8
3
5
8
9
4
-7
-3
1
10
12
20
44
50
52
50
41
35
22
13
13
7
1
-6
-7
-5
-12
-24
-31
-33
-36
-42
-32
-13
-1
8
5
5
4
1
3
-9
-17
-18
-16
-7
5
13
15
16
5
-1
-12
-25
-28
-26
-17
-13
-11
-15
-26
-35
-40
-41
-43
-45
-42
-44
-33
-35
-33
-33
-35
-34
-32
-27
-27
-30
-28
-26
-23
-27
-25
-17
-20
-16
-14
-11
-7
-1
6
24
39
44
49
40
36
32
24
26
27
28
30
27
19
12
3
0
0
-4
-5
-12
-15
-9
-5
3
11
25
27
28
26
20
15
18
20
33
40
32
30
28
22
17
1
-3
-6
1
8
9
16
16
13
7
3
6
1
3
1
1
9
5
3
5
4
2
-6
-5
-11
-15
-9
-14
-1
2
2
5
7
20
13
17
22
23
26
14
12
4
3
1
-9
-3
-2
0
6
10
11
-1
-1
-7
-12
-13
-19
-18
-26
-24
-17
-12
2
0
0
3
7
11
7
6
0
2
6
10
20
25
25
27
20
10
0
-6
-10
-15
-17
-22
-28
-23
-17
-21
-19
-16
-7
-1
-5
-5
-13
-28
-39
-37
-39
-37
-36
-37
-37
-39
-25
-20
-16
-2
12
19
22
21
14
8
5
-1
-4
-5
-5
-2
1
8
11
14
16
20
25
23
17
8
-8
-15
-23
-15
-4
-1
1
7
4
2
2
0
2
2
-2
3
1
0
5
2
5
2
0
3
2
-2
-9
-15
-21
-27
-30
-38
-27
-23
-21
-5
0
13
14
20
23
19
23
20
17
8
6
7
4
11
4
10
9
8
13
14
23
35
45
53
49
44
31
21
21
17
8
-5
-8
-13
-15
-1
6
16
18
19
25
19
20
10
-2
-6
-9
-6
-8
-8
-14
-20
-26
-30
-26
-26
-25
-27
-21
-13
-8
-2
1
8
8
3
-3
-2
-7
-17
-21
-22
-21
-22
-18
-17
-17
-15
-13
-7
-2
-3
-6
-11
-12
-18
-18
-17
-16
-6
-2
3
7
13
8
12
21
20
18
3
4
3
4
5
-9
-14
-21
-28
-33
-23
-10
-4
5
8
8
10
5
4
0
-6
-18
-21
-12
-11
-7
1
9
16
16
16
22
27
21
18
13
6
2
4
3
5
2
0
1
5
9
16
19
14
14
10
1
-3
-8
-16
-13
-14
-3
5
6
7
1
1
3
5
11
12
16
10
2
4
3
6
-2
0
-4
-8
-6
-10
-1
10
14
22
25
23
16
12
1
-6
-10
-17
-9
-4
7
12
15
15
22
23
20
28
27
23
18
14
8
7
3
-3
-8
-9
-11
-18
-21
-24
-19
-13
-5
-4
-2
-13
-22
-23
-27
-32
-33
-28
-28
-19
-15
-15
-11
-8
-4
-13
-8
-7
-11
-24
-31
-29
-29
-25
-23
-13
-3
2
5
11
7
12
13
14
22
17
11
-3
-5
-8
-14
-6
2
8
16
16
20
19
21
14
7
-2
-9
-10
-17
-14
-16
-21
-17
-14
-4
4
6
4
5
12
14
19
18
16
23
15
9
7
3
-6
-3
6
10
19
19
26
27
29
27
21
30
31
30
21
14
7
4
9
12
15
15
15
10
2
2
-8
-9
-4
-4
-1
-4
-16
-17
-21
-23
-30
-28
-25
-25
-21
-24
-23
-18
-17
-15
-13
-4
-8
-19
-28
-27
-24
-20
-18
-17
-10
-14
-19
-25
-19
-19
-14
-6
5
16
14
18
19
19
28
27
28
32
28
34
29
27
32
33
38
35
27
23
10
3
-7
-12
-21
-23
-20
-15
-11
-23
-21
-29
-30
-32
-35
-23
-15
-6
-1
6
4
1
2
0
11
7
3
-4
-7
-11
-18
-17
-21
-15
-13
-11
-12
-2
-6
-6
6
17
22
15
12
5
1
-3
-2
1
3
2
-3
-4
-2
-4
2
5
15
20
17
16
16
25
26
27
25
18
7
-2
2
-1
-5
-8
-13
-8
-7
-8
-9
-9
-6
-11
-16
-22
-16
-16
-17
-4
2
10
10
9
16
20
18
20
30
32
27
16
11
5
-2
-4
-4
1
1
4
7
13
23
23
20
18
16
8
-3
-3
-5
-11
-19
-26
-22
-11
-2
10
17
21
21
18
12
6
0
-6
-9
-3
-2
-2
0
0
6
11
14
11
7
6
1
-1
-4
-7
-19
-29
-31
-20
-15
-10
-9
-8
-7
-4
0
3
6
1
-2
-7
-11
-16
-24
-31
-37
-39
-37
-40
-43
-43
-39
-31
-23
-16
-12
-16
-18
-28
-30
-24
-25
-27
-26
-21
-25
-19
-11
-4
2
10
11
10
6
-4
-4
-4
3
7
4
5
1
3
6
15
20
28
33
32
33
35
35
36
36
39
34
33
26
22
23
21
25
22
22
21
21
19
23
30
29
26
22
13
10
5
0
-5
-7
-8
-12
-15
-16
-17
-12
-5
2
12
19
22
15
5
0
0
-4
-7
-8
-12
-19
-19
-20
-14
-7
1
-2
-1
-4
-7
-4
-4
0
-7
-13
-15
-10
-8
-3
2
5
6
13
15
20
14
2
0
-17
-11
-14
-16
-23
-26
-18
-19
-12
-4
1
1
1
7
7
10
13
15
20
18
19
15
15
15
10
12
18
22
19
20
18
15
7
-9
-19
-33
-41
-44
-46
-38
-31
-30
-23
-17
-11
-8
-10
-11
-16
-19
-15
-12
-12
-15
-16
-10
-8
3
9
11
16
15
19
21
30
35
27
21
12
8
6
4
-3
-1
2
5
3
-4
-6
-13
-18
-22
-22
-13
-8
-6
