SAMPLES:	16003
BITSPERSAMPLE:	16
CHANNELS:	1
SAMPLERATE:	16000
NORMALIZED:	FALSE
35
32
38
37
34
29
20
16
9
-2
-13
-22
-29
-27
-29
-28
-25
-31
-32
-28
-17
-8
-3
0
-8
-13
-21
-28
-23
-12
-4
4
10
20
18
21
18
15
13
9
11
3
10
11
8
1
-4
-4
-10
-18
-22
-23
-22
-21
-16
-14
-7
5
3
6
9
7
1
2
4
8
13
10
9
8
4
4
-5
0
-7
-15
-20
-27
-22
-24
-19
-6
-6
0
-1
3
6
8
9
13
29
36
37
28
17
7
-3
-4
0
3
5
7
10
19
31
29
30
33
28
30
27
23
15
10
0
-1
3
0
-1
-6
-1
-5
-15
-14
-17
-15
-12
-8
-1
8
12
8
5
1
4
4
-1
-2
0
-2
-5
-6
-2
1
-2
-5
-5
-1
4
3
11
11
8
1
-6
-13
-21
-29
-38
-41
-35
-34
-26
-17
-12
4
12
21
32
34
32
26
24
16
9
10
11
9
7
10
12
9
9
3
5
3
6
13
9
6
-3
-12
-12
-13
-9
-16
-16
-11
-13
-10
-14
-16
-15
-20
-20
-15
-14
-8
-4
5
7
13
21
18
16
4
-6
-12
-16
-15
-17
-22
-19
-17
-18
-13
-8
-9
-13
-14
-18
-15
-16
-17
-15
-11
-5
-5
1
2
-6
-12
-14
-11
-1
8
16
25
25
32
35
30
28
26
22
18
14
14
8
6
8
8
9
8
2
2
-5
-12
-12
-10
-7
-8
0
-2
-4
-3
-5
-5
-11
-9
-10
-3
-2
-9
-8
-16
-14
-15
-8
-5
-5
-4
-6
-3
-2
1
-4
-9
-10
-11
-14
-20
-22
-27
-24
-13
-7
10
17
19
21
13
12
14
14
15
19
21
17
18
19
22
24
21
25
23
16
11
2
-6
-11
-17
-20
-16
-15
-21
-25
-26
-20
-14
-10
3
10
10
8
9
5
0
2
5
5
7
8
9
10
15
20
22
22
17
8
3
-7
-8
-8
-3
-3
-1
-3
-5
-3
-2
-2
-1
-3
-8
-5
0
0
0
0
-3
-12
-18
-19
-16
-18
-18
-14
-9
-3
1
12
11
18
21
16
18
11
13
7
9
3
-3
0
-2
-2
-5
-5
-3
3
4
7
13
13
14
7
6
3
-6
-5
-11
-7
-6
0
4
5
10
10
10
7
9
5
4
-1
-6
-3
-4
-4
-2
2
2
5
4
3
0
0
-2
-1
4
-4
-5
-6
-9
-5
-9
-10
-10
-6
-9
-7
0
0
3
-1
-2
-5
-11
-9
-12
-14
-11
-11
-7
-1
5
4
5
1
-2
-2
-3
0
4
7
8
10
6
10
11
10
11
6
10
10
9
6
4
7
14
17
17
18
12
14
12
5
5
7
6
4
2
-3
-7
-10
-9
-6
-1
-1
0
0
-4
-10
-13
-19
-22
-25
-27
-25
-23
-21
-17
-5
-1
3
5
6
3
-2
-2
-5
-11
-9
-12
-9
-10
-16
-14
-17
-18
-15
-13
-12
-4
-3
-7
-7
-10
-12
-13
-13
-8
-7
-10
-3
0
1
7
11
16
15
14
6
7
3
1
1
2
6
9
9
6
11
9
10
12
14
16
18
17
11
7
3
-5
-8
-9
-6
-3
-3
1
3
4
6
9
13
11
8
4
-4
-8
-9
-5
-3
2
5
1
1
1
-3
-5
-6
-3
2
3
6
6
7
9
13
16
22
23
25
24
27
26
27
27
20
17
8
1
0
-1
-5
-4
-2
-2
-7
-11
-11
-15
-17
-14
-11
-12
-12
-12
-8
-4
1
2
-2
4
4
1
-3
-9
-10
-16
-21
-25
-23
-22
-20
-19
-13
-6
-5
-3
3
5
8
7
0
5
1
1
-2
-5
-15
-14
-11
-8
-3
-5
-4
-6
2
3
4
9
6
2
7
9
9
10
9
11
11
7
8
6
6
6
5
7
2
0
-7
-6
-11
-10
-13
-11
-6
-7
-7
-9
-2
3
12
16
14
20
19
16
14
11
5
1
-3
1
0
-4
-6
-13
-14
-13
-13
-13
-17
-15
-17
-9
-1
2
9
7
8
7
7
8
10
11
9
10
12
7
2
-1
-5
-14
-16
-17
-17
-13
-14
-7
-6
-6
-3
-3
1
0
-3
-8
-12
-9
-12
-20
-27
-30
-27
-27
-23
-13
-6
-7
-6
-6
-3
-2
2
6
8
15
6
13
20
22
23
20
27
28
26
21
23
30
27
27
33
35
31
28
27
21
15
12
1
-5
-8
-5
-7
-2
8
9
9
10
17
20
20
20
19
18
13
13
10
5
8
9
10
18
24
25
21
18
11
9
-3
-9
-15
-23
-20
-21
-22
-20
-17
-14
-16
-12
-6
1
4
2
2
-3
-13
-15
-24
-28
-34
-40
-35
-34
-32
-23
-20
-23
-21
-25
-28
-21
-21
-22
-20
-24
-23
-24
-25
-19
-23
-18
-22
-25
-21
-24
-20
-14
-11
-13
-6
-3
-3
0
-5
1
-3
-6
-2
-7
-9
-12
-14
-12
-13
-12
-12
-11
-9
-4
-2
-1
4
3
6
11
17
20
25
28
29
34
36
31
27
18
18
20
19
17
14
13
12
10
17
22
25
31
30
37
33
35
33
33
33
24
23
20
12
13
10
9
8
14
19
18
19
19
13
6
9
13
12
16
12
12
8
-3
-5
-6
-5
-7
-1
2
1
3
0
-4
-5
-12
-15
-15
-15
-14
-20
-27
-27
-29
-29
-26
-25
-26
-29
-29
-28
-30
-28
-32
-29
-24
-18
-10
-7
-6
-9
-2
-2
1
4
-2
-3
-3
-2
3
-1
6
10
7
15
10
7
1
-4
-4
-2
0
-5
-4
-6
-5
2
4
7
3
1
0
-3
0
-3
-10
-8
-4
-1
0
-5
-11
-12
-14
-15
-14
-14
-8
-8
-5
-4
-3
-4
-2
7
13
16
19
22
17
16
15
13
19
17
19
22
19
21
16
16
22
19
16
15
14
11
10
9
8
3
-1
-1
0
0
-3
0
1
-3
-2
-9
-17
-16
-18
-19
-25
-33
-37
-39
-43
-40
-37
-32
-26
-21
-7
-2
6
6
9
12
7
7
3
7
4
3
4
4
0
-1
1
5
6
6
9
10
11
12
17
17
21
20
22
21
20
20
17
13
14
11
8
5
2
5
8
12
7
10
9
12
11
7
9
5
7
8
11
13
13
15
11
13
12
6
7
3
1
-3
-8
-5
-6
-4
-7
-9
-8
-12
-14
-16
-17
-22
-23
-24
-17
-17
-14
-9
-10
-9
-8
-10
-12
-16
-17
-23
-25
-32
-30
-25
-22
-13
-10
-6
-6
-9
-13
-11
-9
-6
0
4
7
12
18
20
17
14
13
6
7
2
1
-1
-11
-13
-14
-9
-12
-12
-7
-4
-8
-14
-9
-6
-5
-3
1
7
9
9
6
7
6
1
-4
-6
-10
-11
-11
-7
-8
-2
0
-1
3
3
7
5
9
7
4
8
6
9
13
12
18
21
22
21
12
12
6
3
4
3
7
11
18
24
27
26
28
30
27
28
27
18
18
17
14
10
8
5
2
8
9
13
14
10
7
4
-1
-1
2
4
-5
-9
-16
-17
-14
-9
-7
-8
-9
-8
-10
-6
-4
-9
-5
-4
-8
-4
-6
-4
-5
-8
-11
-14
-17
-20
-17
-17
-19
-19
-17
-13
-17
-19
-15
-13
-12
-8
-1
-1
1
7
8
12
11
12
10
9
6
11
13
14
10
5
1
-6
-6
-10
-6
-13
-11
-7
-11
-6
-7
1
7
8
8
2
1
1
-2
0
-2
-4
-8
-12
-16
-20
-26
-26
-21
-20
-17
-15
-6
-8
-8
-6
-11
-18
-17
-24
-22
-21
-23
-25
-26
-11
-6
8
13
13
15
8
7
0
0
-2
-3
1
10
17
15
14
9
8
13
13
17
17
13
7
4
3
6
10
13
12
14
14
17
13
16
21
14
13
15
8
4
-4
-2
4
5
9
13
14
13
11
11
7
1
0
-3
1
1
6
5
9
19
21
19
18
18
9
5
1
-4
-11
-18
-15
-13
-11
-11
-9
-14
-19
-16
-8
-7
4
15
11
10
5
4
-1
4
7
8
11
5
3
-3
1
5
5
8
10
8
11
15
13
10
9
14
16
14
19
10
4
-4
-14
-8
-7
-7
-2
-5
-3
-6
-9
-12
-13
-15
-20
-12
-5
-8
-10
-17
-20
-22
-22
-15
-16
-14
-19
-17
-20
-19
-12
-8
-1
6
4
-4
-9
-16
-20
-25
-23
-24
-28
-25
-25
-19
-7
-4
3
6
12
14
18
20
18
18
9
10
9
10
15
7
11
9
10
15
14
20
23
22
19
13
8
5
-1
-8
-7
-7
-9
-9
-15
-13
-16
-15
-3
2
8
7
10
5
4
9
10
11
9
8
-2
-1
-6
-8
-10
-11
-3
-10
-6
-1
2
-2
-7
-8
-9
-2
-1
3
4
4
4
0
2
-2
-2
-1
-4
-2
-5
-9
-11
-1
3
6
10
9
11
9
9
13
14
15
16
15
24
16
11
4
-1
2
-2
-6
-22
-24
-26
-21
-12
-16
-9
-10
-10
-3
1
3
7
10
8
9
6
-1
-1
-4
-1
4
6
6
11
11
16
24
25
14
9
4
-4
-7
-11
-17
-21
-24
-27
-23
-19
-11
-2
2
4
4
0
-4
-1
-2
-1
1
1
2
-2
-8
-10
-11
-2
5
6
7
6
3
-4
-6
-6
-8
-10
-16
-21
-24
-23
-21
-17
-1
13
26
29
34
33
30
28
20
13
5
5
6
5
1
4
0
3
8
14
12
8
4
-3
-3
0
10
20
24
23
24
25
26
27
26
35
42
39
36
28
16
7
-5
-15
-22
-28
-32
-32
-34
-35
-33
-35
-24
-17
-15
-10
-12
-12
-12
-11
-14
-13
-17
-23
-21
-16
-12
-12
-15
-12
-13
-15
-10
-13
-17
-20
-28
-33
-30
-24
-18
-15
-14
-8
-6
-9
-5
-5
0
8
10
9
13
14
14
19
21
26
27
26
20
18
21
15
7
5
-1
0
6
13
16
10
3
-7
-7
-4
-4
-5
-12
-22
-25
-14
-7
-4
-7
-13
-15
-16
-13
-13
-14
-13
-5
3
9
7
3
-3
-2
-1
2
-2
-1
6
9
19
21
29
28
24
24
13
13
6
4
-5
-6
2
0
2
-1
6
11
11
8
-5
-10
-14
-14
-9
-1
-3
-3
-2
3
2
4
4
6
5
2
3
3
7
-3
-5
-7
-1
5
1
-3
-3
4
7
9
13
22
27
28
26
16
10
1
-2
-1
0
3
5
8
8
6
11
12
13
10
4
-6
-11
-14
-18
-14
-11
-8
-2
-5
-1
1
7
16
20
32
30
17
10
4
-4
-2
-3
-1
3
2
8
8
10
7
5
1
-6
-8
-8
-7
-12
-12
-20
-20
-19
-23
-20
-25
-30
-26
-28
-27
-26
-22
-8
0
4
6
2
5
-3
-7
-15
-20
-15
-5
1
7
1
-10
-14
-15
-14
-8
-13
-14
-12
-7
3
5
8
12
11
7
8
9
6
8
7
8
12
16
15
8
1
-3
-9
-16
-20
-27
-22
-22
-19
-6
-1
5
13
18
18
21
21
23
19
14
16
8
8
5
4
7
5
17
19
15
13
14
24
22
15
9
1
-6
-20
-19
-18
-21
-14
-15
-10
-3
3
8
3
14
7
6
-1
-11
-20
-29
-29
-27
-21
-17
-10
-8
-7
-6
-13
-13
-9
-5
-6
-3
-5
-9
-4
-1
7
12
22
20
18
21
17
18
8
4
4
0
0
4
2
-4
-9
-15
-16
-14
-10
-11
-10
-9
-3
-6
-6
0
-5
-2
-3
-4
-2
1
-1
-4
-1
-4
3
0
3
5
5
3
-3
-9
-15
-10
2
18
37
40
42
44
38
37
26
22
17
13
5
-5
-2
-3
3
2
10
11
4
-6
-19
-19
-26
-28
-21
-16
-13
-9
-11
-7
-8
-10
-17
-18
-20
-29
-27
-32
-23
-12
1
16
27
31
31
28
22
13
11
9
6
12
6
7
14
20
27
27
23
19
6
3
-12
-18
-19
-16
-15
-9
-5
-10
-9
-11
-11
-8
-2
3
5
2
1
8
14
21
27
21
13
7
0
-5
-5
-5
-8
-20
-23
-14
-10
2
4
3
-1
-2
-1
7
18
27
28
29
32
23
9
-6
-18
-31
-28
-21
-14
-1
10
25
25
28
22
15
15
5
5
2
-8
-17
-25
-30
-32
-32
-26
-20
-19
-27
-35
-37
-54
-54
-53
-53
-40
-32
-12
2
22
29
31
38
33
33
21
3
-11
-23
-13
-2
19
38
39
35
18
14
-2
-16
-15
-13
-10
-9
-13
-3
1
5
9
-7
-13
-16
-13
1
3
1
-3
-10
-7
-2
8
9
6
1
2
-1
-10
-18
-22
-9
-7
2
7
10
10
20
28
19
0
-14
-13
2
21
24
28
17
12
3
0
5
-10
-17
-20
-23
-27
-27
-17
-9
-5
-5
-11
-10
-3
8
14
23
27
23
21
14
10
-4
-5
3
12
24
21
-3
-32
-57
-58
-47
-24
-3
8
24
27
31
32
23
17
23
35
44
47
37
25
16
0
-20
-42
-47
-45
-32
-29
-38
-38
-35
-10
21
47
53
42
35
25
19
17
16
19
24
31
39
41
37
34
26
29
35
31
16
-8
-32
-41
-50
-66
-74
-73
-54
-35
-25
-24
-32
-38
-40
-26
-11
7
22
31
37
28
17
7
15
28
28
20
4
-5
-8
4
19
32
35
24
14
1
-2
-22
-43
-71
-79
-73
-72
-63
-61
-49
-25
6
41
53
49
30
13
-3
-20
-17
-1
27
44
50
48
50
56
46
28
11
3
13
12
10
-2
-23
-24
-15
5
6
-8
-23
-40
-37
-30
-15
-16
-14
2
10
19
8
9
13
8
-4
-19
-24
-32
-12
-4
11
25
30
34
27
21
21
22
29
32
28
19
8
-2
-13
-19
-22
-13
-5
-21
-22
-14
7
9
-3
-15
-24
-20
-6
22
31
28
17
-5
-17
-14
-2
3
-3
-11
-21
-24
-33
-37
-53
-71
-81
-95
-100
-100
-90
-73
-48
-2
44
72
84
72
37
20
-1
-2
-3
0
12
21
29
31
42
37
47
50
58
71
56
44
23
7
-6
-12
-27
-37
-51
-49
-44
-40
-23
-32
-18
0
20
50
70
85
93
85
61
25
1
-4
-5
-3
-2
-3
2
7
6
2
13
7
4
14
-2
-2
-25
-37
-50
-60
-47
-35
-13
-18
-10
2
10
34
34
21
0
-29
-48
-33
7
53
76
69
49
30
-2
-32
-40
-52
-39
-26
-10
10
12
-4
-23
-25
-31
-19
-33
-43
-44
-59
-39
-18
26
41
30
24
9
18
-12
-35
-39
-38
-13
-12
-13
-6
-13
7
-1
21
29
38
44
23
32
12
-1
-13
-28
-2
-19
-23
-38
-8
17
30
60
42
88
90
82
74
32
7
-28
-32
-33
-52
-57
-66
-29
-29
-37
-46
-41
-12
29
39
43
22
9
10
11
33
8
-14
-41
-20
13
25
15
-7
-18
12
34
52
62
39
33
0
-6
-11
-34
-22
-37
-19
-23
-37
-53
-60
-43
-35
-1
19
30
27
0
-29
-65
-57
-21
42
68
82
70
27
44
34
29
4
-16
-22
-20
-21
3
14
-8
3
8
30
31
33
6
-25
-36
-56
-85
-91
-87
-66
-32
9
39
75
87
100
87
48
19
-37
-42
-54
-51
-24
2
41
14
18
-12
-9
-42
-59
-86
-111
-72
-83
-30
-30
4
10
-7
5
16
39
20
11
-20
-12
-21
13
2
19
31
0
16
-34
19
9
42
72
41
25
-19
11
1
25
29
38
40
-28
-39
-65
-30
8
30
67
141
170
179
117
50
-25
-87
-107
-103
-91
-106
-68
-51
13
25
35
16
11
4
27
10
27
-15
-42
-22
-34
26
8
24
-14
0
-60
1
28
65
61
37
-2
-25
-16
18
75
83
79
9
-25
-103
-114
-170
-161
-126
27
112
122
68
-2
-51
-72
-74
-87
-5
2
119
98
79
11
-23
-65
-4
5
7
45
14
51
-5
-5
-35
35
69
93
30
-26
-75
-64
-15
30
20
-12
-70
-42
1
51
57
39
77
41
0
-26
-104
-52
-60
-2
4
-12
39
9
-10
14
7
3
-15
-1
32
56
3
24
22
90
70
35
19
-14
-1
-23
-72
-72
-94
-59
11
47
105
38
-33
-71
-42
-16
-57
-102
-107
-49
-19
54
62
28
-32
-56
-10
14
7
-78
-53
-17
9
-7
-71
-133
-115
-22
103
181
136
56
-56
-62
-32
63
103
66
89
46
-36
-103
-140
-163
-88
-70
14
44
25
12
-30
42
64
76
66
33
-30
-74
-105
-72
-37
72
95
83
32
103
100
142
139
60
98
109
100
-1
-50
-34
-60
-32
-56
-26
61
102
102
134
79
65
91
-64
-29
-152
-15
-44
26
18
-74
-20
-127
-34
-36
29
21
-21
-44
-107
-90
-94
-85
-36
-18
0
-11
3
-15
26
31
70
-8
-3
-107
-131
-166
-92
-78
-89
0
69
80
94
8
-4
-107
-152
-13
8
152
58
-32
27
-36
117
-58
-68
-52
27
144
189
272
116
100
13
117
74
53
-63
-114
-108
-61
77
70
121
52
-31
-30
-120
42
-38
60
47
100
53
-34
72
-60
24
-100
-142
-134
-72
-65
-80
-67
-155
-148
-50
-35
192
120
149
-7
-82
-37
-89
18
-126
-32
89
197
206
-69
-166
-267
-244
45
34
211
75
154
167
62
7
-137
-176
-195
-135
-29
36
91
-10
-140
-125
-92
11
16
-120
-154
-130
24
67
0
-101
-119
25
165
268
231
25
-33
-47
75
-1
-68
-178
-126
-23
-24
90
6
241
204
146
7
-179
-100
-57
-19
-166
-277
-184
-13
158
235
168
90
-41
37
187
235
243
-39
-90
-55
4
165
-21
29
-56
120
201
140
18
-160
-314
-315
-177
55
113
172
127
71
74
6
123
66
-30
-44
-65
93
96
118
-11
31
15
6
-85
-86
-43
30
155
93
-36
-263
-174
-114
38
51
98
51
75
141
259
370
191
40
-241
-195
-108
194
341
298
282
38
42
-222
-230
-333
-297
-161
-109
-55
-21
57
26
47
-6
-86
-132
-303
-146
-40
332
491
396
219
-44
-184
-255
-229
-80
-152
-185
-186
-9
186
235
197
-2
-106
-221
-177
-109
-83
-53
-171
67
65
69
10
107
92
-60
-257
-190
-113
34
-36
-60
-186
-182
-276
-217
-181
-58
193
258
329
201
113
-35
-116
-309
-260
-270
-102
140
220
248
9
-7
36
75
-173
-315
-208
-26
-24
-38
-118
-71
27
-73
-68
-111
102
262
433
278
147
-35
-12
10
-28
-132
-133
192
204
175
-127
-187
-116
44
54
154
114
357
428
460
227
-41
-241
-435
-351
-209
179
367
514
545
240
66
-163
-261
-97
61
261
313
357
93
168
193
238
130
-244
-401
-437
-47
175
233
-24
-206
-371
-433
-415
-240
1
167
347
292
120
-42
-187
-93
-80
-49
-72
-85
-238
-262
-214
-152
-14
129
276
6
-189
-116
65
206
-137
-434
-553
-349
-40
80
226
165
301
344
133
-25
-318
-279
-206
84
291
195
332
297
225
-90
-326
-392
-343
-294
-141
35
165
127
-81
-95
-38
124
88
64
-224
-152
-62
89
292
7
-253
-537
-59
334
777
329
-93
-313
-68
38
14
-44
18
-9
-93
101
195
314
217
2
-312
-523
-128
113
382
3
-103
16
293
397
92
-181
-164
74
199
101
19
-337
-198
-192
-34
-76
-91
72
331
610
429
143
-179
-271
-165
-96
-84
-209
-73
194
353
268
-32
-104
-422
-463
-343
222
467
402
8
-296
-299
-165
90
-94
-67
-232
-24
165
171
-4
-304
-350
-237
110
417
359
284
167
354
541
315
37
-355
-132
-10
310
149
-83
-214
-192
-52
-250
-472
-566
-283
99
137
158
215
293
458
339
342
70
-180
-276
-363
-230
33
215
271
141
146
38
-72
-70
-47
-107
-325
-466
-260
130
274
171
-132
-238
-2
76
-40
-475
-787
-679
-256
347
770
655
127
-557
-483
-183
11
-5
-179
143
297
358
203
187
237
126
-54
-329
-561
-387
-204
266
303
198
67
212
705
635
136
-717
-790
-598
-243
157
162
4
-394
-280
278
754
847
452
251
-1
70
56
-70
-58
-196
-189
-215
8
350
467
312
-310
-656
-576
-159
343
450
162
-147
-95
43
250
165
57
9
14
-13
-40
7
316
306
203
55
-137
56
70
-71
-352
-659
-476
-138
251
593
373
123
-236
-197
-122
-30
22
-168
-135
-187
80
264
89
42
-173
351
483
291
-239
-700
-693
-573
-32
336
633
531
179
7
-198
-266
-415
-600
-561
-547
-215
231
320
31
-274
-161
-44
-97
-324
-605
-469
-137
40
-122
-450
-570
-209
180
458
485
407
225
45
-227
-345
-251
-58
276
368
298
170
79
228
318
109
-165
-286
-122
311
455
607
526
575
437
4
-162
-222
-25
114
147
190
389
541
505
200
-165
-374
-331
-89
286
375
259
-100
-298
-406
-346
-247
-91
-184
-296
-306
-321
-54
140
250
14
-130
-319
-469
-543
-273
128
428
563
379
216
29
28
123
83
86
-71
-144
-27
29
144
79
100
-9
-159
-55
-160
50
129
98
207
34
168
252
316
428
238
119
-133
-399
-465
-331
29
194
184
44
-87
72
216
370
310
94
-1
-14
-42
-43
-43
-227
-283
-261
-138
-198
-154
-99
-94
20
-195
-268
-229
-99
-77
-44
28
87
120
-49
-730
-1242
-1582
-942
-48
507
605
207
352
675
1016
1007
626
216
44
329
855
1034
786
415
272
291
335
152
-262
-788
-1082
-1156
-827
-641
-473
-368
-374
-176
-252
-255
-281
-181
-52
-76
-203
-255
-127
31
261
233
298
463
651
785
605
418
110
-53
-203
-243
-150
-46
120
190
192
-13
-245
-322
-435
-566
-769
-799
-629
-279
217
575
671
361
-21
-191
-167
-217
-525
-899
-1127
-1221
-1056
-810
-585
-614
-807
-885
-927
-680
-566
-617
-804
-960
-815
-605
-256
12
296
271
248
338
518
769
1018
1059
1141
1318
1437
1655
1918
2015
1980
1771
1694
1839
1913
1875
1805
1636
1489
1246
1095
1075
1106
1060
869
869
749
783
799
771
745
515
492
499
532
430
347
228
101
137
118
83
28
-73
-67
-108
-262
-589
-805
-876
-992
-1236
-1535
-1633
-1477
-1280
-1071
-762
-388
-20
139
60
-10
33
-75
-163
-243
-18
434
939
1560
2181
2949
3647
3305
1277
-2780
-7180
-10671
-12816
-13859
-14495
-14184
-13104
-11000
-7930
-4470
-874
1380
2422
2366
2100
2532
3185
4204
4994
5978
7089
8237
9911
11388
12363
11567
9354
6638
4025
2200
617
-589
-1761
-2695
-3020
-2651
-1280
144
985
549
-656
-1491
-1843
-1252
-532
326
1246
2201
3656
5348
7163
8221
8006
6603
4616
3109
1863
1066
340
-489
-1301
-2014
-2132
-1917
-1669
-2056
-3062
-4321
-5357
-5708
-5204
-4248
-3108
-2115
-1063
158
1643
3221
4052
3979
3008
1981
1170
782
687
646
583
172
-163
-244
-17
32
-686
-1938
-3312
-4210
-4411
-4125
-3304
-2498
-1979
-1591
-1163
-358
374
689
425
-104
-499
-476
-26
816
1702
2287
2322
1813
1377
1068
931
486
-206
-714
-903
-409
688
1923
2523
1693
-541
-3847
-7723
-11377
-14310
-15926
-16411
-16024
-14685
-12221
-8567
-4372
-443
2525
4335
5310
5650
5894
6281
6885
7551
7946
8527
9552
10946
12064
12222
11140
8929
5929
2719
-191
-2392
-4053
-5266
-6005
-5967
-4770
-2933
-823
834
1845
2143
2058
2198
2755
3815
4891
5844
6713
7720
8858
9690
9872
9153
7616
5318
2837
711
-694
-1626
-2624
-3700
-4603
-4883
-4812
-4644
-4614
-4830
-5181
-5583
-5470
-4495
-2851
-1181
216
1480
2872
4311
5453
6130
6092
5267
3932
2371
1165
445
-67
-647
-1350
-1951
-2313
-2550
-2752
-3048
-3519
-4104
-4745
-4622
-3941
-2625
-1205
-41
1003
1633
2120
2333
2473
2348
1862
1061
180
-195
-176
99
331
323
158
-205
-693
-1062
-1253
-1117
-818
-712
-678
-503
234
1564
2731
3110
1941
-727
-4320
-8451
-12262
-15308
-17043
-17420
-16730
-14649
-11482
-7350
-3014
769
3757
5397
6266
6436
6431
6665
7034
7773
8349
9125
10071
11017
11592
10908
9237
6283
2738
-754
-3899
-5923
-7202
-7452
-6957
-5745
-3544
-1040
1598
3469
4628
5059
5012
5120
5392
6161
6931
7724
8497
9037
9595
9570
8847
7253
4881
2182
-579
-2691
-4197
-4973
-5419
-5584
-5158
-4541
-3568
-2866
-2512
-2532
-2936
-2997
-2641
-1475
77
1810
3483
4606
5425
5739
5755
5271
4171
2580
700
-809
-1786
-2057
-2056
-2030
-2124
-2411
-2676
-2928
-2965
-3028
-3158
-3437
-3571
-3035
-1756
-43
1708
3115
3988
4341
4169
3693
2929
1941
712
-496
-1559
-2114
-2191
-1792
-1206
-830
-630
-875
-1009
-1089
-953
-756
-701
-320
268
1236
2391
3757
4969
5113
3342
-710
-6150
-11909
-16459
-18892
-19382
-18136
-15923
-12671
-8518
-3818
1275
5405
7997
8562
7724
6820
6201
7075
8286
9535
10498
10884
11463
11677
11610
9996
6551
1582
-4093
-8466
-11103
-11418
-10158
-8232
-5759
-3238
2
3400
6494
8525
8771
7918
6457
5843
6284
7640
9406
10437
10770
10152
9122
7728
5580
2801
-826
-4523
-7614
-9167
-8892
-7566
-5655
-4120
-2909
-2001
-1140
-144
394
446
-100
-478
-146
1246
3363
5287
6370
6146
5300
4013
2666
1346
-359
-2094
-3976
-5203
-5378
-4430
-2740
-1345
-548
-622
-1064
-1665
-1945
-1912
-1897
-1787
-1569
-513
1228
3241
5048
5826
5468
4194
2538
1051
-119
-1153
-2117
-2877
-3422
-3395
-2871
-2112
-1368
-1201
-1463
-1837
-1949
-1581
-881
-25
886
1856
2746
3650
4617
5761
6545
5821
2538
-3305
-9993
-15822
-19309
-20409
-19713
-17614
-14716
-10807
-5992
-582
4598
8182
9677
9041
7690
6866
7094
8418
9866
11007
11157
10571
9932
9274
8112
5152
381
-5370
-10414
-13146
-13341
-11232
-8075
-4862
-1920
888
4071
7344
9886
10888
10114
8403
6996
6777
7879
9493
10649
10496
9087
6964
4776
2553
-136
-3254
-6747
-9551
-10934
-10237
-7718
-4608
-1860
-160
747
1207
1775
2260
2375
1929
1257
1115
1696
3327
5126
6297
5858
3864
1467
-898
-2313
-3394
-4213
-4890
-5359
-4970
-3876
-2074
-256
885
861
-40
-939
-1425
-1272
-815
-207
420
1058
2031
3231
4494
5032
4396
2715
434
-1512
-2735
-3161
-3085
-3006
-3008
-2985
-2723
-2007
-1264
-776
-766
-1238
-1554
-1476
-726
459
1529
2378
3053
3578
3939
4273
4693
5109
4514
1824
-3307
-9868
-15815
-19805
-20958
-19863
-17168
-13475
-9462
-4594
523
5648
9655
11378
11194
9399
7968
7334
7856
9126
9796
9804
8351
6699
5149
3478
1187
-2827
-7461
-11872
-14227
-13709
-10710
-5976
-1491
2297
5115
7594
10202
12138
13042
12143
10198
7997
6469
6429
7148
8021
7609
5733
2982
-99
-2694
-4945
-6843
-8676
-10080
-10291
-8796
-5351
-1028
2908
5196
5608
5013
4085
3531
3265
3050
2554
1888
1476
1633
2458
3143
2848
1169
-1803
-5021
-7357
-8048
-6929
-5402
-3645
-2116
-568
1288
2817
4098
4066
2800
729
-1351
-2375
-2185
-980
373
1501
2065
2283
2532
2613
2454
1472
-158
-2060
-3618
-4047
-3474
-2376
-1626
-1519
-1939
-2379
-2501
-2037
-1314
-799
-486
-355
-44
678
1800
2949
3770
4039
3783
3325
3216
3517
3461
1657
-2600
-8704
-15051
-19538
-21090
-19858
-16904
-13265
-9204
-4767
173
5279
9721
12371
12569
10964
8833
7563
7528
8282
8856
8175
6262
3694
1405
-247
-1927
-4368
-7900
-11429
-13313
-12400
-8680
-3387
2003
6120
8803
10578
12077
13467
13948
13092
10726
7757
5484
4401
4688
5088
4707
3003
54
-2969
-5516
-6957
-7740
-8153
-8172
-7536
-5441
-1937
2421
6259
8490
8749
7368
5470
3817
2848
2258
1379
403
-594
-1125
-855
-466
-611
-1854
-4001
-6049
-7104
-6560
-4698
-2507
-627
798
1620
2348
2936
3301
3022
1761
110
-1455
-2049
-1628
-446
788
1539
1724
1544
1347
1275
1130
470
-716
-2045
-3068
-3389
-3103
-2365
-1573
-1376
-1658
-1932
-1786
-1122
-335
378
972
1317
1656
1763
1989
2299
2356
2260
1897
1768
2098
2722
3661
3561
1393
-3617
-10579
-16918
-21100
-21537
-19435
-15503
-10637
-5801
-283
4727
9574
12968
13936
12629
9231
6444
4696
4791
5793
6244
5883
3764
1505
-748
-2438
-4142
-7042
-10251
-13094
-13163
-10093
-4320
2646
8473
12479
14040
14429
14377
13879
12698
10043
6680
3442
1381
1201
2015
3061
2711
682
-2409
-5671
-7605
-8407
-7980
-7010
-5468
-2959
439
4754
8625
11041
10961
8570
5087
1823
-223
-1283
-1543
-1497
-1491
-1514
-1455
-1093
-855
-1590
-3289
-5421
-6780
-6466
-4582
-1522
1487
3709
4567
4361
3706
2765
1654
52
-1612
-2996
-3454
-2812
-1280
682
2322
2944
2496
1596
773
239
-407
-1342
-2085
-2547
-2526
-2102
-1446
-735
-686
-1356
-2356
-2898
-2290
-966
677
1964
2702
2747
2216
1928
1969
2351
2439
2208
2000
1941
2407
2958
2331
-488
-6097
-12811
-18606
-21623
-21020
-17748
-12780
-7621
-2532
2395
6931
10885
13214
13460
11250
7951
5257
4001
4608
5555
6177
5088
2323
-736
-3473
-5307
-7148
-9170
-11162
-11917
-10108
-5597
959
7539
12462
14723
14689
13696
12292
11045
9649
7411
4769
2318
971
924
1739
2099
1083
-1396
-4731
-7386
-8583
-7997
-6103
-3946
-1283
1527
4718
7997
10257
10981
9429
6293
2475
-658
-2440
-2773
-2158
-1683
-1454
-1893
-2316
-2573
-2826
-3285
-4515
-5601
-6135
-5014
-2406
939
3873
5145
5190
3908
2447
1038
-132
-1000
-1998
-2525
-2647
-1639
-26
1564
2571
2295
1417
230
-487
-641
-398
-153
-298
-624
-1093
-1251
-1283
-1296
-1587
-2162
-2634
-2586
-1824
-328
1359
2754
3418
3280
2617
1847
1355
892
783
759
795
1037
1296
2272
3446
3436
1042
-5087
-12672
-19464
-22627
-20927
-16733
-10771
-5412
-532
4086
7803
11638
13348
12982
9964
5655
2964
1996
4023
6327
7567
6613
2888
-996
-4854
-6906
-8359
-10250
-11603
-12188
-9300
-3733
3702
10911
15082
16261
14141
11560
9355
7885
7156
5488
3928
2073
1226
1698
2340
2715
757
-2652
-7020
-10124
-10535
-8798
-4932
-1307
2250
4772
6884
8989
9880
9708
7221
3811
137
-2373
-2776
-2039
-519
-16
-579
-1805
-3255
-3998
-4403
-4609
-4932
-5157
-4710
-3294
-590
2447
4704
5407
4207
2019
-93
-1422
-1451
-1060
-464
-88
126
611
1267
1957
1891
990
-466
-1707
-2077
-1446
-218
794
1195
699
-309
-1215
-1764
-1949
-2208
-2253
-2089
-1314
-3
1549
2947
3595
3364
2437
1378
542
42
-96
-234
-102
347
1094
2189
3071
4091
3773
1487
-3765
-11163
-17811
-22054
-21528
-17863
-12221
-5948
-772
4050
7383
10103
11524
10846
8701
5294
3268
3184
5280
8236
9677
9070
5231
-7
-5095
-8904
-10783
-12190
-12324
-11140
-7897
-2184
4370
10746
14487
15071
12975
9768
7647
6546
6764
6881
6617
5926
4756
4072
3001
1623
-1132
-5054
-8682
-11027
-10495
-7804
-3487
874
4093
5890
6296
6408
6149
5627
4414
2708
1099
283
474
1465
2285
1945
186
-2773
-5447
-7224
-7649
-6857
-5709
-4119
-2578
-727
1586
3399
4515
3979
2236
240
-1238
-1337
-544
801
1693
1900
1358
581
95
-452
-788
-1329
-1668
-1462
-641
769
2170
2869
2384
892
-1052
-2716
-3506
-3542
-2703
-1674
-530
570
1466
2385
2969
2855
1943
608
-376
-530
-264
514
1072
1330
1420
1153
1459
1667
2545
3029
1370
-3286
-11349
-18441
-22409
-20984
-15719
-9654
-3538
223
3319
5558
7648
9669
9398
7867
4765
3247
4489
7708
11771
12880
10812
4610
-3053
-8923
-12100
-11900
-11318
-10409
-8713
-5670
-247
5657
11082
13685
12547
9152
5581
4790
6384
9241
11345
11324
9620
6650
3985
1760
-516
-3420
-7186
-10197
-11306
-9368
-4927
-41
3706
4716
3844
2465
1947
2954
4268
5004
4401
3459
2939
3137
3823
3687
2025
-1489
-5545
-8196
-8636
-7039
-4592
-2469
-1292
-1074
-1097
-823
-26
640
588
-76
-702
-298
1401
3380
4885
4634
2787
328
-1859
-2550
-2165
-1124
-472
-184
75
585
1518
1967
1865
560
-1478
-3203
-3948
-2972
-1471
177
1206
1357
1142
887
966
1301
1351
1063
658
506
1004
1526
1917
1751
1248
821
572
786
1409
2320
1710
-1925
-9294
-17222
-21827
-21413
-16405
-10438
-4426
-190
2189
4021
5363
7250
7700
6662
4672
3678
5673
9300
13207
14272
11610
5521
-2603
-8939
-12012
-11600
-9877
-8437
-6352
-3788
-100
3839
7064
8641
7235
4514
2510
3497
7217
11274
14219
14257
11954
7976
3864
903
-1502
-3486
-6006
-7607
-7516
-5647
-2305
292
1755
1008
-922
-2389
-2379
-79
2808
5203
6335
6588
6380
5844
4967
3491
1043
-2287
-5372
-6733
-6094
-4391
-2617
-2046
-2339
-3454
-4327
-4248
-3346
-1879
-722
188
1020
2331
3817
4923
4887
3425
1285
-840
-1834
-1576
-339
884
1252
960
486
244
112
-63
-614
-1421
-2141
-2323
-1579
-403
540
717
177
-491
-784
-314
831
1918
2390
1983
1195
642
648
1221
1616
1525
804
138
-133
241
1185
2284
3513
2193
-2353
-10619
-18729
-22163
-20607
-14339
-8124
-2764
420
1340
2409
2935
4390
4620
3722
3323
4145
8285
12656
15865
15497
10695
3432
-4870
-9609
-10522
-8538
-5853
-4467
-2909
-1772
17
1882
2851
2889
873
-519
175
4030
9821
14198
16167
14357
10432
5813
1922
237
-851
-1511
-2586
-3208
-2537
-1556
-398
-720
-2365
-4938
-7053
-6714
-3937
817
4920
7140
7391
6122
4820
3602
2954
2143
839
-592
-1648
-1373
-533
18
-739
-2731
-5221
-7089
-7298
-6064
-3683
-1752
-359
326
829
1759
2360
2881
2571
1679
1017
588
1329
2372
2949
2488
947
-627
-1653
-1765
-1196
-536
-389
-722
-1218
-1376
-1036
-575
-385
-692
-1175
-1346
-996
90
1074
1977
2090
1565
1136
598
989
1539
2091
2387
1762
1111
350
172
550
1027
2348
2247
-670
-7660
-16443
-21460
-21425
-15697
-8777
-3174
177
102
-164
-441
825
2563
3017
3784
4925
8547
12978
16028
16192
11671
4556
-3583
-8492
-8598
-5441
-1398
184
14
-1362
-2801
-3009
-2900
-2239
-2350
-2388
-391
3771
9923
14433
15894
13681
8982
4293
1209
1201
2780
4216
4083
2514
880
-558
-1755
-3302
-5351
-7406
-8719
-7943
-4745
-101
3778
5277
4453
2421
808
524
1610
3184
4128
4111
3480
2915
2563
1517
-189
-2876
-5479
-6951
-7112
-5118
-2688
-789
-410
-1604
-2542
-2864
-2027
-470
900
1933
2351
2654
3188
3763
3673
2768
1044
-549
-1009
-458
981
2088
2152
1011
-993
-2613
-3313
-3167
-2707
-2415
-2034
-1613
-741
138
824
1070
736
536
339
785
1463
2163
2921
3011
2730
2080
1317
769
334
420
1124
1438
-624
-5863
-13540
-19399
-21077
-17981
-11774
-6218
-2211
-1542
-2365
-2816
-2349
-178
1881
4127
6580
9373
12739
14847
14930
11901
6431
525
-3560
-3939
-1549
1613
3093
1827
-1202
-4761
-7023
-7360
-6386
-4465
-2539
31
3454
7210
10382
11292
9938
7113
4575
3840
5412
8276
10294
10192
7522
3756
-39
-2918
-4504
-5526
-5987
-6267
-5870
-4519
-2688
-1096
-826
-1695
-3050
-3445
-1832
1129
4602
6764
7080
5898
3775
2201
1218
792
399
-369
-1047
-1720
-1972
-2155
-2597
-3450
-4839
-5564
-5397
-3798
-1442
289
1480
1179
642
262
360
1271
2029
2721
2863
3016
3214
3436
3300
2344
959
-716
-1847
-2158
-2035
-1669
-1702
-2141
-2530
-2641
-2444
-2041
-1482
-897
-185
470
1050
1607
1968
2195
2278
2118
2408
2393
2571
2592
2408
2861
1410
-1899
-8503
-15686
-19674
-19770
-14624
-9087
-4905
-3794
-6071
-7660
-8329
-5960
-1962
1770
5696
8345
11105
13133
13720
12655
9143
5119
1990
1411
3581
6259
7660
5718
1059
-4265
-8634
-9630
-8428
-5539
-2827
-1332
60
732
2077
2877
3211
3380
3376
5057
7523
10828
13037
12782
10579
6500
3109
858
343
837
799
88
-1858
-3758
-5209
-5909
-5940
-6040
-6031
-5690
-4333
-1876
749
2494
2895
2020
1231
1219
2359
4207
5243
5286
3979
2130
685
-397
-913
-1439
-2267
-2859
-3276
-3147
-2608
-2343
-2490
-3129
-3765
-3391
-2175
-277
1449
2217
2231
1628
1474
1868
2857
3779
3958
3411
2369
1365
700
156
-379
-946
-1485
-1738
-1764
-1588
-1543
-1797
-2480
-2957
-2851
-1792
34
1630
2524
2132
868
246
340
1624
3064
3810
4206
1463
-3788
-11391
-17487
-18589
-15792
-9994
-5869
-4387
-6048
-9481
-11200
-10513
-6801
-2115
2070
5786
8442
10276
10933
10204
8572
6435
5052
5735
8030
10775
11593
9354
4729
-977
-4852
-6364
-5033
-2642
-1003
-628
-1868
-2997
-3844
-3705
-2871
-1566
422
2650
5420
7862
9410
9450
7977
6299
5066
5152
6089
7038
7040
5394
2637
-412
-2635
-3749
-3973
-3894
-3838
-4191
-4580
-4835
-4763
-4534
-4413
-3939
-3083
-1311
613
2366
3311
3122
2392
1355
1232
2074
3096
3871
3495
2292
722
-766
-1483
-1694
-1725
-1821
-2100
-2308
-2284
-2324
-2435
-2733
-2795
-2343
-1285
354
1917
2870
2759
1893
854
334
642
1403
2271
2591
2509
2048
1325
589
-132
-817
-1306
-1542
-1455
-841
-390
19
-282
-840
-1014
-1308
-860
-305
409
1833
2337
1233
-2774
-9735
-15356
-17611
-14679
-8474
-4032
-2604
-5550
-10233
-12877
-12169
-7612
-1885
2640
5113
5860
5853
5949
6143
6170
6303
6483
7629
9608
11392
11598
9286
5065
524
-1969
-1840
344
2662
3018
1206
-2254
-5135
-6122
-5304
-2994
-900
757
1734
2127
2782
3257
3780
4131
4484
5508
6857
8004
8255
7153
5107
2884
1377
987
1332
1627
1087
-427
-2430
-4111
-5035
-5040
-4466
-3997
-3681
-3653
-3508
-3014
-2466
-1661
-1050
-568
113
802
1698
2564
2729
2532
1910
1352
1470
1654
1995
2029
1378
481
-514
-1238
-1476
-1683
-1795
-1931
-2040
-1841
-1407
-878
-558
-585
-856
-931
-719
-171
475
954
1157
1225
1255
1466
1720
1649
1427
841
441
455
841
1389
1589
1137
318
-681
-1221
-943
-423
466
678
657
-707
-4039
-9409
-14854
-16695
-14485
-9006
-5155
-4558
-7422
-11969
-14109
-13077
-7807
-1563
2980
4693
3935
3206
3020
4401
6229
8224
9744
10258
10930
10814
10234
8298
5494
3395
2342
3031
3954
4203
2682
-571
-3951
-6180
-5798
-3800
-1517
-291
-624
-1537
-2311
-1834
-192
2084
4126
5351
6101
6411
6580
6237
5700
5163
4882
5046
5135
5071
4042
2152
-179
-2006
-2852
-2790
-2565
-2799
-3444
-4525
-5258
-5525
-4969
-3985
-3197
-2571
-2271
-1599
-809
-25
637
928
1176
1424
1908
2511
2973
2908
2557
2090
1730
1663
1396
1005
343
-615
-1275
-1566
-1422
-997
-925
-1094
-1615
-2124
-2334
-2312
-1934
-1550
-1140
-719
-190
381
831
1153
1079
1118
1290
1495
1709
1571
1685
1953
2201
2150
1325
502
-117
-114
243
471
745
578
-738
-4085
-9094
-13552
-15295
-13727
-9923
-6921
-6804
-9679
-13639
-15363
-13394
-8355
-2936
638
1365
617
42
851
3609
6699
9396
10835
11054
11060
10665
10205
9492
8577
7913
7585
7478
6884
5385
2728
-274
-2468
-3176
-2429
-1562
-1528
-2563
-4215
-5300
-5138
-3514
-1344
572
1687
2080
2437
2762
3571
4594
5535
6365
6657
6685
6352
5655
4786
3784
2929
2288
1665
743
-301
-1659
-2829
-3632
-4255
-4216
-4292
-4381
-4583
-4874
-4648
-4244
-3518
-2643
-1976
-1398
-957
-554
153
869
1669
2452
2879
3320
3338
3013
2634
2159
1846
1705
1606
1481
1169
509
-71
-689
-1193
-1568
-2065
-2490
-2854
-2937
-2761
-2438
-2092
-1793
-1593
-1418
-1065
-679
-125
435
1008
1518
2069
2482
2690
2616
2217
2155
1865
1834
1584
1436
1660
1477
1375
-174
-3088
-7437
-11614
-12948
-11982
-9076
-7286
-8095
-10675
-14132
-15388
-13569
-9339
-4803
-2309
-2071
-2941
-2780
-1010
2285
5891
8330
9636
9689
9705
10106
10716
11296
11317
11105
10605
9944
8690
6867
4863
2873
1476
672
321
-183
-1409
-3257
-4956
-5760
-5474
-4308
-3002
-2103
-1895
-2078
-1885
-911
689
2453
3712
4395
4682
4774
5047
5337
5648
5640
5277
4625
3862
3227
2465
1708
626
-345
-1153
-1736
-2131
-2795
-3529
-4496
-5126
-5210
-4738
-4131
-3970
-3971
-4107
-3648
-2765
-1598
-361
428
1036
1295
1590
2003
2528
3099
3495
3724
3679
3515
3187
2688
2121
1509
900
211
-408
-1003
-1675
-2299
-2790
-2888
-2896
-2814
-2921
-3069
-3056
-2946
-2261
-1473
-507
18
170
302
452
1027
1374
1800
1902
1919
2296
2520
2819
2696
2432
1866
-15
-3165
-6957
-9431
-9671
-8221
-6367
-6329
-8392
-11940
-14824
-14635
-11720
-7563
-4671
-4237
-5184
-5995
-5052
-2080
1845
5289
7031
7345
7215
7856
9377
11012
12347
12644
12311
11527
10453
9493
8293
7103
5862
4789
3959
2880
1316
-717
-2551
-3705
-4001
-3655
-3319
-3275
-3848
-4645
-4805
-4133
-2566
-944
113
642
734
954
1566
2626
3923
4939
5318
4901
4292
3806
3759
3983
4011
3794
2920
1785
525
-540
-1187
-1715
-2157
-2772
-3462
-4099
-4706
-5048
-5091
-4819
-4349
-3781
-3183
-2747
-2339
-1976
-1348
-531
421
1432
2192
2838
3134
3281
3454
3563
3579
3512
3220
2767
2256
1617
1118
541
-90
-618
-1270
-1844
-2285
-2698
-2922
-3014
-3020
-2813
-2585
-2436
-2374
-2332
-2069
-1514
-795
-80
224
441
564
1157
1904
2493
2862
2960
2822
1456
-1272
-4510
-6334
-6203
-5339
-4866
-5843
-8105
-10621
-12798
-12883
-11048
-8739
-7000
-6860
-7307
-7304
-6516
-4354
-1527
1448
3578
4545
5188
6055
7664
9341
10775
11800
12122
12011
11418
10819
10487
10025
9342
8325
7115
5751
4016
2428
1125
366
-209
-1050
-1910
-2997
-3966
-4654
-4801
-4229
-3602
-3182
-3064
-2998
-2653
-2121
-1256
-118
972
1826
2196
2479
2869
3325
3875
4373
4919
4930
4275
3398
2593
2330
2153
1699
922
-274
-1499
-2418
-2965
-3073
-3175
-3580
-4071
-4513
-4677
-4522
-4250
-3842
-3210
-2589
-1829
-1101
-497
68
521
1044
1777
2497
2954
3183
3147
3083
3078
3019
2861
2583
2110
1561
1051
555
237
-177
-709
-1216
-1719
-2256
-2705
-2940
-2931
-2850
-3070
-3173
-3071
-2706
-2182
-1729
-1158
-815
-439
131
1095
2151
2599
3001
2567
826
-2259
-5618
-6609
-5120
-2817
-2096
-4569
-8673
-12070
-13052
-10943
-7476
-4985
-4861
-7100
-9175
-9025
-6317
-2291
1033
2653
2552
1919
2117
3920
6871
9402
10766
10854
10307
9921
9806
10039
10355
10285
9865
9013
7893
6704
5234
3899
2960
2366
1834
938
-472
-1937
-3109
-3760
-3581
-3156
-2879
-3301
-4296
-4902
-4614
-3513
-2108
-938
-362
-348
-477
-65
1182
2614
3584
3881
3628
3298
3109
3097
3350
3425
3051
2316
1385
702
202
-182
-688
-1416
-2132
-2843
-3345
-3544
-3488
-3398
-3358
-3330
-3183
-2900
-2670
-2310
-1847
-1162
-408
161
591
879
1020
1265
1726
2324
2856
2975
2793
2493
2234
2026
1927
1855
1658
1228
573
-135
-876
-1495
-1732
-1729
-1751
-2027
-2670
-3121
-3292
-3066
-2518
-1977
-1334
-1027
-985
-1016
-755
147
1616
2693
1769
-1529
-5851
-7829
-6408
-3136
-995
-2189
-5962
-10172
-12313
-10983
-7330
-3963
-3124
-4948
-7463
-8366
-6787
-3453
-112
1813
1955
1104
802
2078
4723
7286
8738
8938
8522
8263
8325
8862
9651
10177
10062
9326
8343
7389
6318
5256
4523
4039
3533
2716
1431
11
-1368
-2314
-2627
-2383
-2207
-2640
-3622
-4607
-4867
-4361
-3231
-1922
-1076
-942
-1346
-1493
-872
529
1949
2685
2680
2172
1796
1911
2514
3277
3540
3078
2115
1175
732
556
491
182
-299
-888
-1499
-1896
-2159
-2297
-2471
-2601
-2557
-2416
-2239
-2237
-2232
-2109
-1789
-1239
-676
-194
146
283
477
833
1361
1895
2092
2005
1821
1702
1706
1859
1905
1617
1097
437
-13
-240
-428
-647
-914
-1278
-1684
-2093
-2355
-2212
-1849
-1546
-1451
-1442
-1460
-1368
-1147
-649
345
1395
1788
266
-3114
-6737
-7815
-5839
-2635
-982
-2604
-6534
-10438
-11914
-9870
-5809
-2648
-2328
-4904
-7956
-8808
-6754
-2795
733
2276
1577
-67
-648
887
3989
6916
8398
8354
7600
7108
7417
8464
9674
10284
9943
8978
7949
7228
6660
6105
5555
4935
4118
2988
1690
417
-693
-1466
-1807
-1858
-1958
-2479
-3438
-4233
-4535
-3967
-2992
-2091
-1606
-1732
-2024
-2192
-1608
-378
892
1742
1819
1588
1347
1509
1980
2758
3250
2967
2237
1401
1142
1266
1402
1301
909
197
-696
-1291
-1576
-1507
-1469
-1641
-1897
-2283
-2548
-2635
-2499
-2270
-1934
-1612
-1330
-1090
-823
-540
-245
155
608
1085
1292
1258
1253
1292
1498
1729
1793
1741
1388
915
542
254
163
151
65
-167
-724
-1427
-1862
-1728
-1226
-882
-1013
-1526
-1917
-1873
-1281
-471
68
144
20
-665
-2185
-4823
-6849
-6636
-4420
-2111
-2166
-4675
-8001
-10190
-9857
-7258
-4067
-2376
-3324
-6019
-7744
-7057
-4146
-834
1135
1418
362
-556
77
2487
5516
7493
7679
6809
6209
6486
7660
9064
9993
9980
9075
7984
7303
7121
6863
6259
5325
4366
3512
2628
1716
773
-142
-949
-1468
-1600
-1679
-2150
-2979
-3725
-3993
-3666
-3080
-2474
-2075
-2055
-2270
-2254
-1716
-653
369
847
942
840
835
1134
1711
2410
2824
2654
2124
1614
1478
1569
1649
1543
1108
464
-247
-696
-841
-896
-1098
-1435
-1805
-2019
-2174
-2244
-2180
-2052
-1878
-1764
-1585
-1319
-1081
-875
-656
-345
71
382
600
699
777
860
922
1101
1349
1470
1314
998
617
486
413
376
297
47
-211
-555
-817
-985
-1117
-1216
-1312
-1304
-1244
-1100
-875
-829
-933
-1027
-504
118
-340
-2408
-5332
-6692
-5894
-3502
-1895
-2584
-5214
-8447
-9953
-8914
-5825
-3140
-2499
-4245
-6669
-7459
-6114
-2942
-45
1304
801
-576
-986
398
3257
5843
7111
6892
6115
5879
6648
8133
9402
9800
9141
8148
7523
7394
7371
6914
6095
5027
4180
3561
3099
2564
1570
372
-752
-1320
-1416
-1478
-1966
-2813
-3556
-3903
-3603
-2899
-2219
-2033
-2466
-3076
-3067
-2274
-902
222
681
698
445
467
869
1633
2412
2676
2384
1896
1622
1580
1717
1610
1316
811
237
-200
-485
-552
-697
-996
-1380
-1635
-1793
-1889
-1934
-1899
-1830
-1819
-1740
-1577
-1349
-1148
-1061
-923
-696
-450
-196
30
266
501
626
759
898
1025
1091
1071
1069
1061
1078
999
811
482
99
-312
-541
-466
-303
-303
-773
-1450
-1853
-1873
-1483
-970
-680
-651
-1003
-1133
-718
-150
-423
-2019
-4079
-5147
-4761
-3798
-3055
-3355
-4438
-6087
-7394
-7446
-6127
-4407
-3663
-4068
-5013
-5463
-4976
-3634
-1847
-365
296
112
24
783
2260
3802
4917
5559
5923
6146
6373
6984
7678
8144
8191
7993
7939
7861
7564
6866
6068
5309
4645
4108
3650
3088
2282
1170
100
-578
-955
-1232
-1607
-2058
-2605
-3088
-3313
-3129
-2628
-2265
-2089
-2149
-2031
-1745
-1335
-746
-203
397
626
693
800
958
1229
1424
1543
1601
1556
1364
1217
993
836
632
345
94
-150
-380
-634
-818
-1008
-1126
-1283
-1483
-1636
-1746
-1791
-1858
-1802
-1624
-1413
-1304
-1302
-1259
-1112
-891
-600
-203
149
375
433
438
601
879
1069
1122
1010
830
697
662
669
582
330
-115
-533
-675
-443
-113
-165
-689
-1393
-1722
-1449
-846
-312
-237
-579
-1089
-1128
-428
458
375
-1194
-3419
-4869
-4773
-3714
-2788
-2855
-4015
-5760
-7211
-7399
-6307
-4747
-3848
-4006
-4741
-5272
-4980
-3885
-2326
-1005
-465
-459
-374
448
1852
3334
4371
4896
5176
5534
6220
7170
8031
8293
7986
7521
7381
7612
7768
7483
6730
5628
4620
3890
3503
3270
2700
1731
514
-449
-922
-1012
-1013
-1219
-1737
-2392
-2816
-2674
-2146
-1692
-1539
-1848
-2090
-1969
-1450
-710
-198
-38
-177
-287
-121
394
963
1208
1139
786
539
611
887
1152
1151
760
179
-300
-427
-258
-113
-230
-709
-1261
-1631
-1718
-1524
-1342
-1348
-1556
-1766
-1798
-1597
-1305
-1099
-943
-915
-822
-637
-350
-48
104
134
118
201
386
646
791
800
663
576
527
572
573
480
222
-137
-335
-367
-159
-139
-330
-649
-962
-958
-811
-483
-326
-508
-960
-1359
-1066
-308
548
486
-692
-2511
-3956
-4273
-3739
-2901
-2702
-3338
-4614
-5811
-6289
-5980
-5141
-4509
-4236
-4388
-4441
-4171
-3559
-2756
-2084
-1529
-1066
-356
655
1773
2796
3323
3617
3942
4653
5700
6739
7366
7354
6994
6600
6625
7003
7269
7195
6549
5656
4799
4153
3858
3675
3299
2617
1723
930
454
221
12
-363
-901
-1435
-1769
-1798
-1622
-1477
-1550
-1840
-2054
-2025
-1606
-1196
-871
-786
-835
-756
-604
-238
127
345
345
240
194
285
416
449
392
200
-32
-211
-277
-222
-198
-361
-638
-888
-1018
-1008
-989
-970
-960
-992
-1078
-1176
-1153
-1052
-973
-995
-1017
-936
-747
-511
-305
-174
-175
-212
-165
99
355
512
468
345
258
220
312
435
504
385
164
-109
-289
-405
-370
-242
-278
-509
-927
-1088
-922
-578
-388
-508
-689
-862
-837
-567
-166
193
-34
-903
-2165
-3147
-3457
-3275
-2959
-2962
-3324
-4054
-4848
-5299
-5205
-4670
-4207
-3980
-3934
-3831
-3515
-3039
-2417
-1805
-1328
-972
-485
276
1245
2131
2741
3126
3500
3962
4625
5438
6182
6658
6653
6408
6266
6377
6628
6703
6433
5904
5186
4539
4104
3855
3601
3084
2321
1520
977
643
405
88
-356
-850
-1315
-1541
-1456
-1352
-1387
-1588
-1798
-1878
-1765
-1524
-1223
-1026
-1018
-1124
-1108
-887
-542
-293
-176
-164
-181
-218
-191
-32
102
172
95
3
-34
-37
-93
-195
-345
-455
-555
-607
-574
-583
-649
-828
-971
-1029
-956
-810
-683
-646
-758
-858
-833
-634
-358
-233
-222
-270
-269
-164
5
191
331
346
208
25
-62
23
163
240
142
-110
-402
-587
-560
-417
-276
-377
-661
-932
-1078
-995
-831
-695
-699
-896
-1121
-1152
-896
-437
-62
88
-168
-818
-1702
-2429
-2593
-2264
-1932
-2023
-2580
-3259
-3747
-3914
-3831
-3596
-3418
-3419
-3493
-3407
-3011
-2470
-2003
-1812
-1643
-1335
-783
59
959
1787
2266
2487
2688
3095
3844
4633
5256
5546
5610
5567
5567
5720
5882
5913
5642
5208
4819
4562
4325
3991
3518
2967
2416
1961
1635
1404
1069
530
-73
-584
-795
-847
-867
-978
-1228
-1494
-1697
-1723
-1631
-1464
-1408
-1448
-1488
-1398
-1145
-850
-628
-554
-617
-672
-613
-385
-119
60
75
-45
-171
-245
-183
-22
75
7
-183
-355
-436
-398
-359
-332
-410
-551
-698
-776
-719
-648
-623
-719
-827
-872
-811
-660
-526
-473
-548
-652
-643
-504
-298
-163
-155
-184
-170
-134
-99
-123
-169
-265
-373
-456
-488
-469
-443
-405
-414
-473
-537
-579
-549
-545
-632
-806
-940
-914
-696
-444
-340
-424
-575
-626
-563
-434
-238
-107
-171
-486
-1000
-1376
-1534
-1539
-1615
-1788
-2008
-2253
-2417
-2513
-2471
-2427
-2436
-2464
-2413
-2197
-1915
-1635
-1422
-1265
-1026
-716
-253
308
836
1346
1669
1990
2331
2749
3239
3628
3971
4200
4398
4525
4641
4746
4800
4762
4623
4474
4242
4017
3753
3426
2998
2491
2055
1687
1390
1105
739
326
-86
-419
-624
-790
-963
-1163
-1373
-1544
-1645
-1627
-1543
-1414
-1384
-1406
-1345
-1217
-1024
-847
-691
-562
-437
-366
-291
-179
-37
91
123
137
158
244
263
193
65
-114
-222
-293
-265
-187
-148
-241
-447
-690
-870
-912
-878
-737
-589
-489
-514
-661
-774
-795
-765
-699
-593
-538
-543
-544
-456
-328
-248
-403
-601
-730
-694
-474
-251
-107
-160
-353
-545
-622
-576
-551
-580
-544
-436
-337
-361
-479
-570
-632
-685
-684
-712
-755
-775
-655
-429
-291
-361
-522
-617
-542
-305
3
283
346
119
-329
-783
-986
-1013
-987
-995
-1054
-1141
-1266
-1344
-1378
-1313
-1263
-1283
-1352
-1339
-1169
-936
-715
-484
-305
-204
-119
75
397
817
1166
1418
1699
1975
2264
2514
2779
3010
3145
3152
3070
3093
3175
3265
3191
2994
2738
2457
2260
2094
1983
1792
1496
1148
843
651
517
383
196
-19
-264
-397
-435
-420
-415
-521
-631
-775
-780
-648
-472
-400
-412
-384
-331
-249
-167
-144
-195
-197
-120
35
196
239
158
47
-14
-65
-170
-249
-276
-198
-114
-118
-201
-292
-412
-539
-671
-787
-826
-862
-853
-812
-781
-705
-660
-640
-645
-688
-742
-809
-790
-811
-836
-740
-549
-367
-393
-533
-608
-580
-500
-424
-339
-366
-400
-471
-533
-568
-606
-544
-476
-369
-273
-206
-235
-422
-565
-663
-635
-587
-554
-414
-240
-96
-208
-461
-687
-677
-471
-244
-129
-163
-219
-206
-50
134
293
407
430
342
96
-173
-322
-316
-190
-163
-187
-204
-217
-217
-309
-402
-484
-505
-490
-472
-376
-296
-243
-215
-192
-150
-96
0
185
419
613
725
799
905
1047
1210
1346
1453
1566
1648
1680
1716
1726
1736
1712
1654
1587
1535
1435
1374
1339
1280
1234
1072
843
661
578
530
513
454
349
220
89
83
157
227
218
131
95
127
178
166
97
76
125
95
-14
-99
-148
-55
83
171
99
-116
-276
-284
-209
-213
-324
-486
-524
-592
-712
-699
-557
-450
-491
-591
-641
-590
-578
-657
-866
-1012
-949
-783
-541
-437
-437
-506
-616
-652
-694
-670
-621
-546
-474
-377
-377
-460
-591
-639
-565
-479
-415
-458
-523
-583
-546
-410
-302
-389
-551
-654
-438
-165
-189
-437
-687
-659
-377
-77
-33
-136
-207
-184
-167
-216
-289
-303
-89
201
266
84
-165
-172
-19
140
180
216
218
209
215
171
140
-36
-158
-177
-211
-243
-376
-415
-320
-176
-93
-162
-242
-285
-317
-373
-427
-442
-377
-235
-51
128
199
235
287
369
508
566
602
623
702
902
1057
1138
1182
1238
1230
1174
1168
1204
1260
1269
1244
1217
1232
1185
1064
944
886
865
915
958
877
742
569
539
554
599
543
399
225
112
82
124
171
184
202
202
187
13
-170
-334
-366
-270
-157
-98
-132
-194
-280
-369
-395
-321
-211
-217
-313
-456
-524
-526
-496
-427
-348
-247
-253
-422
-594
-567
-357
-161
-184
-395
-657
-837
-822
-717
-657
-657
-584
-342
-71
-124
-515
-908
-1015
-793
-491
-282
-173
-156
-208
-283
-367
-456
-524
-580
-589
-518
-475
-529
-460
-322
-157
-180
-446
-621
-668
-530
-360
-266
-172
-101
-52
-90
-114
-107
-92
-40
-7
-2
4
53
104
162
175
153
178
140
102
52
-35
-99
-53
42
127
98
-17
-90
-136
-123
-63
-19
-29
-55
-75
-63
-43
-20
-70
-77
-61
-18
100
190
267
339
381
383
358
345
445
568
628
656
685
719
770
830
872
971
1012
938
818
712
692
718
764
790
733
652
598
559
519
419
306
284
314
331
312
268
240
161
104
94
123
124
71
-10
-53
-7
86
132
71
-68
-137
-1
198
218
7
-272
-326
-194
-13
63
61
9
-48
-56
-81
-152
-278
-379
-400
-325
-261
-248
-287
-241
-156
-40
-126
-355
-554
-586
-318
-99
-34
-202
-472
-670
-749
-712
-626
-535
-460
-419
-432
-517
-687
-846
-930
-816
-581
-412
-389
-436
-449
-435
-437
-395
-317
-267
-292
-336
-306
-243
-96
58
91
77
-5
-57
-75
-68
2
98
136
105
22
-131
-195
-196
-127
-46
-42
-42
-7
70
119
44
-122
-305
-419
-381
-238
0
198
283
228
88
-46
-96
-26
99
257
418
467
455
367
307
311
281
318
364
419
447
422
439
450
478
434
307
191
143
190
232
216
213
185
162
147
168
202
248
303
262
243
220
230
205
224
295
345
351
331
376
438
463
337
151
86
212
404
536
487
330
223
184
234
264
276
209
117
50
78
167
261
269
248
225
186
131
-44
-169
-109
77
280
258
60
-172
-334
-294
-174
-91
-185
-429
-535
-462
-366
-400
-494
-506
-433
-287
-124
-47
-139
-337
-475
-545
-504
-438
-430
-422
-353
-213
-108
-144
-280
-437
-545
-542
-456
-282
-98
-24
-109
-314
-394
-225
28
195
148
-84
-307
-491
-576
-469
-279
-17
158
170
-43
-369
-571
-512
-281
-54
57
68
69
20
-66
-126
-176
-205
-249
-215
0
218
306
127
-116
-261
-253
-43
158
292
234
113
95
79
118
95
54
37
-10
0
97
256
428
465
327
137
22
-27
-8
27
91
114
165
215
234
213
144
98
80
110
165
269
301
210
62
2
143
361
522
493
362
178
127
138
159
224
222
223
173
179
312
409
467
394
209
93
162
279
306
252
172
214
280
263
118
-46
-41
113
160
85
-68
-131
-42
63
131
56
-135
-266
-271
-131
-21
-139
-255
-212
-14
65
-84
-309
-493
-499
-357
-126
31
39
-55
-92
-14
111
117
-54
-240
-267
-156
64
213
265
268
122
-96
-310
-503
-551
-441
-295
-129
-67
-90
-174
-203
-230
-315
-428
-465
-348
-214
-128
-14
180
278
205
-63
-310
-426
-411
-165
33
86
-35
-206
-324
-301
-239
-202
-169
-87
56
119
73
-57
-150
-153
-28
131
291
248
78
-104
-149
-12
104
187
146
95
35
-99
-167
-71
89
183
53
-72
-187
-141
-74
-97
-105
-100
28
126
192
120
-71
-182
-196
-6
189
198
167
131
220
317
258
133
14
70
137
139
185
174
183
179
157
147
194
210
286
289
202
66
-46
60
147
195
141
111
134
172
166
40
-41
-56
69
162
207
58
16
64
204
283
78
-122
-330
-286
-107
111
253
273
138
34
56
98
133
85
52
75
0
81
33
127
150
117
151
32
149
123
32
-100
-112
39
181
135
-10
-141
-143
-163
-176
-191
-176
0
73
76
-123
-333
-425
-430
-296
-264
-264
-226
-179
-53
4
-104
-242
-462
-469
-358
-244
-74
29
73
-45
-176
-255
-171
12
113
-13
-255
-467
-437
-216
69
259
268
239
105
-25
-169
-199
-179
-55
134
177
145
-3
-114
-235
-387
-233
79
201
130
48
-11
67
-17
-158
-102
-44
66
14
-17
-4
-54
2
146
279
275
149
51
-61
-112
-112
-114
151
257
344
244
48
31
-4
128
192
12
-142
-254
-122
114
201
248
98
70
34
37
36
69
96
52
8
61
160
158
141
-2
-83
-209
-19
227
436
381
221
136
21
-21
-65
7
97
108
40
24
111
240
268
145
27
21
155
204
113
-17
-127
-152
-25
251
457
491
265
-55
-201
-303
-228
-254
-204
-101
6
186
163
87
-176
-487
-598
-408
-12
245
267
105
-2
-11
-69
-198
-400
-467
-282
-108
7
-24
50
153
154
3
-261
-477
-520
-365
-130
132
245
225
0
-197
-211
-38
104
60
2
14
42
50
7
-165
-286
-133
104
324
268
83
-68
-124
-68
-146
-214
-239
-78
145
243
251
73
-44
-154
-145
-106
-111
-143
-116
-33
28
60
41
40
23
-75
-214
-254
-139
149
299
255
58
-32
-4
63
93
-47
-199
-162
64
302
367
129
-224
-467
-420
-204
121
356
387
226
-26
-105
0
143
168
52
-82
-99
2
214
309
243
64
-2
117
205
100
-165
-291
-209
6
248
389
374
212
118
65
-26
-123
-222
-133
26
207
310
241
144
-58
-181
-229
-155
-89
-77
-112
-58
140
350
404
187
-110
-233
-119
50
134
9
-160
-215
-25
247
313
111
-241
-402
-374
-176
12
151
157
50
-86
-204
-177
-58
160
353
403
179
-158
-338
-237
28
139
22
-99
-87
13
-28
-140
-128
49
278
333
194
-102
-368
-502
-467
-225
87
286
334
232
5
-287
-476
-456
-236
-37
103
211
266
280
235
124
-16
-235
-424
-423
-192
113
284
281
139
-31
-183
-258
-186
-63
2
-1
35
171
240
160
-151
-482
-533
-295
65
293
278
88
-104
-186
-165
-161
-246
-266
-133
50
185
170
95
65
68
35
-71
-58
52
149
151
225
386
506
418
121
-75
-113
-8
53
137
202
240
161
-31
-199
-278
-212
10
225
258
112
-37
-61
-30
-60
-127
-99
30
186
255
160
-69
-341
-412
-233
9
140
113
38
18
55
34
2
-34
11
73
24
-53
-76
-19
78
132
120
100
73
74
66
67
11
-156
-307
-259
3
268
302
190
49
-9
-52
-173
-206
-210
-71
55
32
-32
-118
-61
77
199
133
-119
-332
-443
-348
-199
-41
191
353
415
232
-100
-382
-449
-213
119
309
226
-2
-111
-17
112
88
-51
-60
78
235
223
34
-162
-199
-53
6
-36
-98
-31
144
252
180
-50
-260
-302
-182
-63
-30
-70
-85
-46
8
31
29
31
35
19
-90
-230
-258
-75
251
456
399
181
46
43
77
52
-23
0
74
177
257
211
63
-99
-145
-86
-41
-107
-168
-171
-93
-11
-17
-48
-70
-23
40
22
-98
-210
-226
-144
14
172
251
178
30
-41
-9
-14
-114
-200
-151
63
238
241
166
149
161
122
21
-91
-104
-93
-73
-61
-27
-13
-58
-100
-67
41
133
180
140
61
-14
-11
68
78
30
-56
-10
109
154
106
-45
-148
-201
-218
-133
1
112
161
133
94
16
-95
-204
-233
-137
-84
-64
-8
84
125
-1
-176
-302
-316
-234
-81
6
1
-25
69
230
304
124
-176
-363
-362
-126
157
398
508
357
98
-134
-249
-205
-108
34
182
294
291
156
-34
-209
-268
-239
-127
20
130
149
87
30
-59
-149
-215
-190
-98
10
38
7
-17
-24
15
90
189
195
61
-73
-68
94
192
131
14
-41
63
89
-25
-208
-269
-128
87
302
341
171
-107
-335
-339
-193
-49
18
56
163
247
236
84
-143
-303
-307
-98
168
293
242
129
87
15
-126
-260
-298
-102
193
416
412
233
60
13
70
38
-100
-208
-128
74
254
314
228
25
-157
-190
-143
-137
-210
-294
-220
2
206
253
89
-107
-220
-232
-208
-180
-127
-45
83
226
284
198
85
1
-84
-136
-115
-16
128
214
196
68
-76
-198
-235
-171
-75
-4
50
77
51
-41
-177
-231
-234
-121
-17
52
44
-74
-191
-199
-38
110
138
50
-21
31
149
189
115
28
4
19
40
18
31
21
-7
-1
62
122
136
54
-99
-251
-303
-203
-96
4
89
177
261
257
115
-176
-427
-443
-172
126
318
352
255
173
108
68
-80
-309
-431
-280
28
282
359
217
20
-167
-259
-283
-293
-239
-140
-29
66
86
73
110
116
111
-26
-170
-140
-36
58
25
38
202
436
519
343
31
-195
-205
-141
-13
152
346
491
450
264
5
-215
-335
-368
-221
-46
57
161
220
209
121
16
6
30
-30
-161
-214
-176
15
209
297
279
122
-52
-223
-372
-435
-346
-156
44
167
219
197
72
-119
-311
-390
-365
-179
57
206
231
124
72
85
23
-78
-177
-163
-68
71
202
246
290
230
194
174
80
-34
-123
-116
-71
-57
-3
68
166
192
117
24
-114
-296
-462
-442
-225
77
163
65
-110
-199
-145
-137
-123
-176
-210
-153
-36
161
273
342
308
211
47
-146
-192
-138
-11
10
-16
60
165
219
143
-50
-276
-465
-465
-317
-155
1
85
137
150
63
-72
-223
-296
-252
-189
-135
-41
123
297
358
238
59
-80
-171
-182
-140
-23
113
218
282
258
194
78
-55
-109
-124
-120
-57
25
190
302
310
165
-48
-133
-134
-52
2
10
77
230
359
360
207
-11
-164
-201
-112
14
157
219
199
232
251
142
-130
-342
-351
-224
-43
89
213
256
177
13
-177
-226
-160
-43
-25
-75
-68
27
145
186
51
-129
-208
-148
-30
4
10
48
161
234
155
15
-109
-127
-62
11
73
103
118
67
14
-61
-139
-170
-170
-142
-159
-158
-163
-111
-2
64
11
-39
-54
-49
-35
-74
-48
-37
-34
-6
25
43
-8
-18
70
187
278
199
40
-142
-244
-236
-192
-68
68
176
166
97
60
52
13
-99
-206
-270
-251
-153
-11
194
242
159
31
-63
-95
-83
-54
-37
-43
-105
-74
23
135
228
223
173
77
31
-28
-98
-96
-80
-27
8
39
51
38
9
16
73
82
33
-21
-29
-17
-12
-31
50
190
248
185
71
10
10
-14
-109
-167
-148
-39
63
96
125
74
18
-47
-129
-168
-226
-173
-84
94
262
250
153
8
-75
-103
-86
-69
-55
-72
-52
71
168
206
99
-36
-79
-71
-52
-16
15
54
133
131
102
-2
-78
-46
-44
-31
-87
-91
-76
-61
-20
-36
-77
-152
-142
-62
77
134
119
36
-66
-140
-166
-103
-59
-9
12
22
83
104
75
5
-73
-99
-114
-129
-153
-173
-125
-19
111
221
210
149
84
36
23
-67
-179
-230
-184
6
189
242
147
77
81
57
-14
-119
-152
-94
25
116
157
126
108
75
38
60
57
7
-66
-78
-52
12
72
102
97
30
-6
-40
-46
-21
41
103
65
2
-73
-69
-29
30
34
-18
-10
2
21
48
23
-9
-56
-45
-24
-36
-95
-180
-163
-70
54
115
96
10
-98
-117
-98
-26
10
-14
-32
-64
-48
-3
22
50
56
34
17
-18
29
67
81
50
-10
-25
-33
26
41
-29
-113
-144
-77
18
33
-54
-131
-99
-18
14
-14
-23
38
68
77
66
57
-19
-53
-25
76
154
149
90
60
91
84
75
2
18
51
82
86
54
26
-3
-5
38
19
-29
-72
-111
-87
-98
-101
-81
-29
12
30
62
81
55
3
-51
-62
-31
17
34
67
121
155
134
74
36
-24
-74
-101
-106
-103
-93
-79
-39
-41
-102
-126
-72
-48
-69
-94
-100
-47
-3
-24
-32
1
60
150
109
-1
-120
-175
-113
-10
45
59
61
-6
-34
-67
-40
22
1
-39
-84
-81
-31
57
85
49
-5
-20
31
109
118
60
4
-29
-38
-39
-3
-2
9
-12
5
70
123
129
54
25
75
122
103
66
-21
-51
-61
-19
81
187
242
196
74
-54
-71
-52
-17
-24
-30
4
41
98
131
124
92
62
7
-106
-204
-228
-175
-104
-51
-10
16
20
2
-67
-104
-101
-63
-49
-67
-50
-23
-4
-57
-95
-111
-59
32
70
104
124
72
-52
-201
-305
-260
-112
66
184
229
213
119
28
-51
-84
-102
-102
-73
-4
84
145
195
169
106
43
-23
-58
-92
-132
-145
-97
-7
71
136
155
132
40
-87
-150
-123
-69
8
64
91
133
120
105
33
-54
-102
-117
-89
-54
-14
8
16
24
16
22
24
18
-30
-75
-74
-55
-8
11
44
74
103
98
76
58
2
-46
-89
-97
-58
-6
52
66
65
45
19
4
-33
-81
-127
-128
-83
-50
-18
32
85
108
88
64
41
30
12
3
11
-5
3
22
35
55
70
78
54
13
-30
-62
-48
-23
-16
-7
3
22
17
-5
-39
-65
-68
-78
-75
-58
-32
-15
-27
-60
-73
-69
-41
-17
5
28
26
31
47
56
36
18
12
25
37
53
66
64
46
15
-7
-15
-14
-25
-50
-63
-61
-46
-38
-24
-22
-34
-44
-39
-12
7
15
8
1
-17
-34
-21
-3
37
68
95
125
116
79
22
-17
-18
-17
-16
-28
-28
4
32
57
69
50
14
-34
-79
-102
-114
-84
-21
29
43
24
11
7
3
-17
-37
-41
-27
-3
10
36
54
51
47
43
55
68
63
52
22
-13
-33
-32
-16
-20
-31
-38
-17
1
1
-8
-20
-28
4
35
33
25
-1
-16
-11
-5
6
28
59
59
27
-15
-41
-39
-23
-21
-44
-70
-76
-52
-25
-13
-35
-65
-63
-61
-55
-43
-13
40
76
84
45
11
-3
-15
-13
-13
-15
-1
31
62
79
63
29
-11
-36
-67
-84
-58
-10
41
60
51
17
5
-3
-16
-20
-46
-54
-44
-16
14
28
41
48
41
25
24
27
29
6
-16
-24
-22
-3
33
75
82
81
58
16
-42
-89
-110
-115
-88
-42
14
70
93
74
11
-64
-108
-117
-82
-33
21
76
107
101
77
62
46
22
0
-10
6
12
-1
-14
-23
0
34
77
101
58
-7
-89
-128
-128
-99
-34
25
92
119
102
56
-23
-74
-91
-81
-51
-30
-11
-1
14
33
39
32
18
13
8
12
6
17
36
37
42
41
39
43
37
30
27
24
21
11
1
-13
-31
-48
-69
-73
-66
-50
-27
-22
-31
-35
-26
-31
-49
-63
-57
-37
-16
-9
-11
-35
-50
-56
-59
-51
-50
-45
-36
-16
4
25
37
49
56
52
34
28
8
-19
-23
-30
-9
9
23
39
46
37
11
-20
-42
-46
-33
-19
-13
-14
-19
-19
-24
-26
-28
-29
-20
-9
-3
5
3
10
25
34
42
35
42
36
30
39
51
67
82
95
102
92
70
39
1
-25
-41
-30
-14
17
50
65
68
58
25
-20
-62
-85
-85
-60
-25
12
34
54
54
46
31
20
4
-23
-21
-10
10
54
70
60
30
-21
-56
-74
-78
-72
-52
-24
10
25
27
20
-8
-34
-60
-67
-63
-66
-61
-41
-8
22
36
38
27
22
32
31
30
21
19
26
38
50
54
54
40
26
13
-2
-6
-19
-22
-30
-37
-49
-76
-83
-83
-75
-69
-58
-38
-32
-19
-9
-1
4
-1
-1
-4
-10
-4
13
34
48
51
35
14
-3
-22
-38
-37
-18
14
27
32
22
7
-22
-57
-66
-63
-47
-28
-10
11
23
22
17
23
27
28
35
47
56
54
34
14
5
13
26
33
40
45
36
20
4
-19
-50
-76
-86
-74
-51
-26
-7
17
38
36
12
-17
-43
-42
-27
-5
26
52
63
67
58
38
10
-19
-40
-38
-23
-12
-1
7
25
29
32
37
30
32
19
2
0
-2
3
-1
-7
-7
0
-2
-12
-16
-29
-35
-44
-44
-32
-6
16
39
51
44
27
-4
-16
-14
-9
-15
-16
-24
-31
-31
-28
-21
-13
-13
-14
-14
-16
-29
-35
-32
-28
-19
-10
3
17
19
11
3
-7
-6
-12
-13
-14
-17
-12
5
25
41
49
52
48
40
37
34
35
36
43
55
63
57
37
15
-6
-27
-48
-55
-57
-42
-18
1
15
7
-7
-12
-19
-22
-20
-15
-11
-7
-4
-2
0
-3
-10
-17
-11
-6
-9
-5
-4
2
12
11
5
-4
-5
-9
-16
-22
-30
-34
-27
-7
12
26
29
25
31
30
20
19
15
19
20
24
32
27
20
1
-19
-32
-38
-38
-33
-13
5
20
32
49
56
49
35
17
10
17
21
31
40
43
39
26
12
-13
-31
-52
-53
-44
-37
-17
-4
11
9
-5
-12
-23
-27
-26
-25
-10
-5
4
3
-4
-5
-18
-32
-40
-40
-39
-48
-49
-49
-46
-40
-36
-31
-34
-35
-42
-40
-32
-31
-26
-21
-9
-8
-2
-2
2
13
20
28
29
26
22
10
4
5
7
7
2
10
11
10
9
23
41
50
49
50
52
54
56
55
52
49
40
23
5
-2
-12
-17
-10
-3
9
22
32
37
28
21
7
0
5
5
4
9
9
-1
-14
-25
-31
-37
-40
-44
-32
-20
-15
-14
-18
-20
-20
-22
-24
-25
-21
-16
-7
-1
2
-3
-8
-14
-17
-7
-5
1
2
-1
-1
-5
-9
-1
-3
-1
8
23
28
22
22
22
22
16
11
8
1
-4
-4
-4
1
4
1
10
16
20
33
37
38
29
16
16
20
25
33
31
28
17
1
-11
-28
-36
-37
-34
-23
-9
4
8
9
-1
-5
-13
-29
-29
-18
-6
12
25
28
29
21
11
3
1
2
11
19
22
26
19
0
-11
-17
-25
-29
-29
-18
-6
0
4
8
7
9
5
-4
-7
-10
-20
-30
-33
-36
-38
-38
-28
-20
-19
-26
-36
-47
-55
-51
-42
-24
-10
0
2
-3
-14
-23
-29
-29
-23
-13
-5
-4
-5
-7
-7
-18
-21
-19
-17
-9
-3
8
14
12
20
28
32
30
23
15
6
0
-2
-3
0
7
20
38
43
39
33
22
15
16
19
23
25
25
24
28
32
27
30
31
25
14
6
6
5
10
14
18
20
15
10
4
1
0
-3
2
7
12
11
9
4
5
2
-6
-11
-21
-15
-10
-1
2
-2
-6
-10
-2
0
1
-3
-6
-7
-8
-8
-6
0
4
16
23
27
23
12
12
13
19
19
14
5
-3
-11
-16
-17
-18
-18
-13
-4
0
6
3
1
-1
-5
-9
-12
-9
-8
-4
0
-1
-7
-18
-27
-31
-37
-36
-40
-42
-39
-33
-27
-15
-1
7
14
11
9
6
2
-3
-9
-8
-8
-13
-14
-9
-6
-4
-3
0
4
5
3
1
-3
3
2
0
1
-10
-16
-20
-9
4
7
10
8
8
15
14
16
15
10
12
4
2
6
4
2
3
4
1
-8
-13
-10
-8
-8
-4
-2
-1
1
-4
4
2
4
2
-4
2
9
7
12
19
22
19
16
9
13
14
10
11
7
1
-5
-13
-7
-10
-9
-12
-14
-11
-13
-10
-9
-1
3
11
10
7
9
9
16
23
36
37
31
35
37
38
33
24
20
11
5
-8
-14
-13
-17
-17
-20
-28
-27
-26
-24
-18
-10
-11
-11
-13
-10
0
-1
1
5
0
-4
-4
-8
-10
-16
-21
-22
-20
-20
-18
-15
-9
-3
0
-5
-9
-11
-13
-12
-11
-7
-8
-8
-7
-9
-7
-4
-2
1
5
4
-5
-13
-6
0
7
10
13
9
9
13
15
15
13
12
15
19
14
11
11
8
7
6
1
-3
-1
2
6
7
4
-6
-14
-10
-7
-3
-3
0
1
-2
-3
-6
-8
-3
-3
-2
0
-3
-1
6
11
22
28
33
26
22
21
19
22
19
14
10
7
4
4
4
5
3
5
4
1
3
-2
0
0
-1
-5
-3
1
4
8
6
5
4
6
4
2
6
-1
1
2
1
-6
-12
-13
-10
-6
-6
-8
-11
-15
-17
-16
-12
-10
-5
-1
-1
-5
-6
-10
-4
4
9
11
10
6
3
4
1
7
7
2
-1
-1
-4
-11
-15
-16
-19
-21
-24
-32
-39
-38
-38
-40
-33
-29
-23
-20
-18
-17
-16
-16
-18
-12
-9
-8
-4
-4
-3
4
7
7
4
2
-5
-7
-2
1
4
9
14
16
17
19
18
21
28
21
15
10
8
2
-1
2
9
11
6
7
11
13
17
20
24
27
30
24
18
21
19
19
14
10
3
-7
-8
-11
-14
-18
-17
-12
-7
-5
-1
0
2
8
12
7
9
8
11
18
22
31
33
28
22
14
11
6
-6
-4
-5
-7
0
-2
-4
-5
-11
-17
-22
-26
-28
-30
-27
-27
-28
-28
-18
-13
-11
-7
-2
5
5
6
8
11
13
6
4
-7
-14
-17
-15
-11
-5
1
4
6
4
3
0
-2
-1
-2
3
10
17
24
25
23
24
16
5
-1
-4
-6
-9
-14
-17
-15
-15
-13
-12
-11
-8
-6
-13
-15
-9
-6
-4
-3
2
9
9
5
-1
-8
-11
-19
-12
-6
-4
-3
1
5
1
2
1
5
2
-5
-7
-10
2
2
4
7
7
11
10
9
10
10
8
6
4
3
2
3
9
10
12
10
5
9
8
5
-1
-5
-8
-12
-17
-16
-14
-14
-9
-5
3
9
12
20
24
30
27
25
24
15
7
-2
-6
-10
-12
-13
-12
-10
-7
-7
-4
-1
1
4
6
9
14
14
10
9
13
16
14
14
20
21
26
22
21
16
10
4
-6
-12
-18
-21
-21
-17
-10
-5
-5
-3
-6
-12
-16
-20
-19
-17
-16
-11
-5
-1
2
2
9
7
4
-3
-7
-12
-10
-10
-10
-2
-9
-13
-24
-33
-37
-36
-31
-23
-16
-12
-3
1
2
5
9
6
5
0
-4
-10
-8
-7
-4
5
3
1
-4
-10
-10
-11
-18
-17
-14
-11
-11
-10
-6
-6
-8
-14
-9
-2
2
1
4
9
5
4
4
10
18
23
31
32
36
34
23
17
8
4
1
-1
-2
1
6
13
23
35
37
41
40
35
28
20
12
5
2
-1
-3
-10
-13
-13
-14
-14
-10
-12
-8
-1
4
8
13
13
14
11
4
1
-1
-5
-11
-6
-5
-2
5
2
-1
-3
-8
-17
-16
-16
-11
-13
-11
-8
-7
0
1
2
7
7
8
4
1
-4
-12
-17
-19
-23
-22
-21
-16
-9
-2
7
18
27
41
47
50
43
35
20
1
-8
-9
-13
-16
-11
-9
-7
-4
-7
-9
-9
-8
-10
-8
-5
-6
-10
-10
-13
-17
-20
-21
-16
-9
-3
2
14
17
21
27
31
29
22
12
3
3
1
5
7
9
0
-9
-19
-22
-25
-27
-21
-16
-12
-11
-10
-8
-2
-5
-3
2
-4
-5
-20
-25
-32
-35
-33
-26
-20
-8
1
4
17
24
30
32
32
25
16
7
-4
-10
-15
-19
-17
-16
-15
-12
-8
-7
-3
-3
-6
-8
-6
2
10
15
15
21
18
16
15
16
21
17
9
5
6
12
16
15
16
19
16
10
6
3
5
8
11
8
1
-10
-22
-28
-36
-40
-40
-30
-25
-20
-10
-7
-3
2
6
11
16
19
13
11
14
13
13
10
11
8
-2
-5
-5
-3
2
5
8
5
1
4
7
11
10
-1
-2
2
-3
-8
-13
-15
-15
-15
-11
-7
2
9
13
20
19
17
16
17
20
23
15
8
-3
-15
-21
-21
-12
-15
-23
-25
-27
-30
-27
-26
-22
-12
-10
-7
-5
-4
-6
-3
6
12
18
24
29
32
33
34
34
36
36
32
26
21
17
6
-5
-8
-11
-16
-17
-16
-6
0
-5
-7
-14
-13
-11
-12
-8
-4
-4
-4
-7
-9
-9
-8
-1
1
6
6
0
-1
5
8
7
5
2
-5
-13
-19
-20
-17
-18
-10
-7
-5
-5
-11
-9
-6
1
5
11
12
20
26
24
21
21
16
16
14
8
-1
-2
-5
-7
3
12
18
17
13
6
-5
-18
-23
-21
-16
-13
-7
-1
-8
-7
-13
-10
-4
-6
-2
0
4
3
5
3
5
10
15
17
17
14
5
0
-2
-3
-3
-2
0
3
1
-2
-9
-12
-11
-18
-18
-16
-22
-18
-17
-16
-17
-16
-12
-7
-1
-2
3
-3
-5
-1
9
19
25
31
25
19
10
6
2
1
1
-1
-6
-11
-19
-28
-30
-27
-23
-25
-23
-25
-30
-28
-27
-17
-4
6
13
16
16
7
3
-5
-12
-8
-4
-3
2
8
4
3
2
5
10
12
17
18
17
11
5
1
1
3
6
11
14
18
18
17
21
18
17
19
14
8
7
8
8
18
27
26
26
25
18
14
0
-7
-10
-11
-6
-9
-6
-3
3
4
11
16
9
2
-5
-9
-12
-10
-1
2
9
12
15
10
6
4
-3
0
2
3
2
1
4
8
5
0
-3
-6
-10
-18
-19
-21
-25
-22
-24
-20
-16
-9
-7
-6
-9
-13
-12
-14
-12
-10
-5
-2
-6
-1
-1
-2
-3
2
5
1
-1
0
-1
5
6
14
15
12
7
2
-4
-7
-11
-16
-8
-11
-11
-19
-22
-19
-16
-9
-5
9
12
7
8
4
5
9
15
17
18
17
5
2
-1
-4
-3
-3
-7
-9
-12
-14
-19
-23
-22
-19
-17
-12
-3
3
8
8
15
17
20
26
28
32
27
27
21
17
8
2
3
-1
1
-6
-12
-20
-23
-23
-19
-17
-3
0
3
6
8
15
12
12
9
12
8
2
0
-1
0
2
6
7
9
11
13
13
16
13
7
-7
-10
-13
-12
-11
-15
-16
-14
-9
-2
4
5
10
2
-11
-23
-25
-27
-29
-24
-18
-17
-22
-22
-25
-26
-22
-22
-15
-12
-3
6
6
12
19
23
25
23
12
4
-3
-4
4
6
6
11
14
18
23
19
19
22
18
12
13
14
13
14
18
20
18
14
6
5
8
11
17
17
15
10
1
-4
-4
-6
-4
-3
-4
-6
-12
-14
-10
-7
-6
-10
-12
-14
-15
-13
-12
-9
-12
-16
-16
-10
-14
-11
-18
-16
-9
-8
-1
3
2
-6
-11
-17
-19
-18
-19
-6
2
9
13
13
18
19
16
16
19
16
15
10
4
8
10
12
15
18
17
12
4
4
13
18
21
20
20
24
17
13
8
-3
-12
-15
-16
-14
-17
-19
-16
-14
-12
-5
-1
4
13
16
13
5
-6
-21
-30
-31
-28
-20
-19
-22
-23
-25
-21
-20
-10
3
10
15
5
-3
-14
-15
-14
-10
-4
-1
1
1
5
1
-4
-3
1
3
1
-4
-3
-5
-9
-4
4
9
13
18
20
17
11
5
-2
-9
-12
-17
-17
-18
-20
-12
-4
6
9
16
20
23
20
16
15
14
17
20
19
16
11
7
3
-2
-10
-13
-15
-16
-13
-10
-6
-2
-2
1
2
2
-4
-6
-7
-11
-12
-12
-13
-10
-6
1
4
7
12
15
15
14
16
17
14
11
9
6
-2
-7
-9
-5
0
8
13
15
19
15
11
4
0
3
3
4
7
11
9
10
13
12
11
8
4
4
7
12
16
13
10
7
9
3
-5
-14
-24
-26
-29
-35
-31
-25
-19
-8
-2
-6
-2
-1
-4
2
3
6
5
-4
-17
-29
-35
-35
-34
-24
-13
2
6
10
9
10
8
-4
-7
-12
-14
-13
-8
0
-1
-2
2
6
10
12
12
6
4
-2
-7
-9
-7
3
9
13
20
18
13
9
4
7
10
12
10
14
16
18
12
11
18
14
14
9
5
-4
-8
-5
-10
-9
-8
-12
-17
-16
-15
-16
-11
-4
-1
0
-1
-4
-4
-6
-4
-4
-6
-5
-8
-6
-2
-4
-6
-17
-20
-21
-25
-28
-30
-30
-28
-18
-13
-8
5
6
10
14
16
18
9
3
4
4
10
12
10
4
-2
-10
-12
-11
-2
11
27
42
42
42
32
22
21
12
8
0
1
4
0
4
3
14
15
20
18
13
11
7
8
9
11
18
19
14
12
2
-8
-14
-17
-16
-13
-7
-2
2
6
5
4
4
1
-1
-4
-1
10
11
6
2
-2
-10
-16
-19
-18
-23
-24
-19
-15
-9
-9
-3
0
2
8
9
10
12
15
11
6
3
-5
-9
-14
-17
-15
-10
3
12
15
15
12
7
7
5
0
-3
-4
-8
-8
-11
-10
-12
-13
-17
-22
-24
-26
-24
-22
-10
0
7
15
23
19
20
22
16
10
3
-9
-14
-19
-26
-29
-31
-27
-27
-21
-15
-15
-15
-11
-9
-6
2
6
10
13
12
6
1
-2
-8
-11
-13
-23
-25
-28
-32
-27
-27
-20
-8
-1
5
11
11
7
6
-2
2
4
5
10
12
20
17
18
17
13
9
9
8
5
5
8
10
13
8
9
9
5
5
3
6
7
5
7
12
15
16
13
10
8
10
9
10
10
7
12
14
16
17
21
17
17
22
25
20
15
17
15
12
10
6
5
7
4
2
5
9
10
14
23
31
30
23
23
15
3
-12
-17
-17
-22
-24
-27
-24
-22
-24
-19
-10
3
6
1
-4
-8
-15
-18
-22
-22
-12
-12
-15
-17
-19
-25
-28
-35
-39
-37
-41
-37
-30
-18
-10
-5
2
6
12
12
13
13
18
19
23
23
20
16
10
9
8
14
9
5
6
1
-4
-8
-13
-12
-8
-7
-4
1
1
8
12
16
18
12
3
-5
-8
-13
-14
-16
-14
-7
-5
-5
-5
-7
-11
-17
-20
-16
-19
-18
-17
-11
-10
-15
-13
-11
-6
-5
-2
3
10
7
12
17
22
27
24
22
16
13
5
2
1
6
14
18
28
31
28
24
22
23
19
14
13
8
1
0
-9
-16
-10
-5
-6
-9
-12
-14
-13
-13
-11
-8
-10
-8
-6
4
4
3
3
2
10
11
9
2
-3
-7
-6
-11
-8
-1
1
11
17
23
23
18
12
9
4
-5
-8
-12
-15
-19
-27
-28
-33
-32
-33
-30
-21
-19
-13
-12
-6
-1
3
6
9
10
16
12
4
-6
-8
-6
-6
-5
-7
-5
-8
-8
-7
-9
-10
-4
2
8
15
12
7
-1
-2
-4
-3
-3
-9
-14
-15
-11
-9
-7
-1
5
15
21
27
26
22
18
16
9
4
0
-2
1
-1
4
7
5
8
11
13
22
18
23
17
14
11
8
11
8
1
2
-3
-10
-14
-15
-10
-4
-2
3
7
4
5
-1
-4
-4
-8
-9
-6
-6
-7
-7
-4
-3
-5
-17
-21
-22
-21
-23
-24
-16
-14
-4
6
12
14
11
10
7
10
9
8
7
13
22
28
30
31
30
28
27
23
19
12
8
0
-3
-3
0
0
-8
-7
-11
-14
-17
-16
-15
-13
-13
-14
-9
-11
-9
-4
-3
2
8
2
6
9
14
17
12
9
3
1
-3
-5
-6
-9
-12
-11
-14
-16
-18
-19
-14
-11
-14
-15
-14
-19
-19
-18
-12
-9
-11
-9
-7
-2
4
8
14
13
14
13
8
6
-1
-7
-11
-10
-9
-7
-4
4
5
6
10
8
6
3
-4
-7
-10
-9
-9
-8
-5
-6
-6
-5
0
8
6
8
7
2
6
8
10
5
-1
-1
2
7
8
10
13
12
11
13
13
16
16
15
10
7
4
-3
-4
-8
-6
-4
-5
0
-3
-3
0
5
9
11
10
12
9
4
0
-2
-1
-6
-9
-11
-12
-16
-13
-16
-17
-19
-19
-16
-13
-8
-7
-6
-5
-5
-7
-8
-8
-9
-8
-5
1
10
11
15
21
27
30
28
29
25
20
15
11
7
4
7
5
3
5
4
6
6
6
7
5
2
5
3
0
2
-7
-10
-13
-12
-12
-11
-14
-12
-11
-14
-9
-9
-5
-4
-1
-1
-8
-11
-14
-15
-14
-16
-15
-12
-7
-7
1
4
4
10
9
9
6
4
1
-3
-3
-2
2
-2
-1
-1
0
-1
-2
-2
-3
-6
-7
-7
-6
-7
-8
-11
-9
-6
-8
-6
-5
-2
2
6
7
9
9
10
13
15
11
12
12
8
3
5
6
7
11
14
13
17
18
17
18
14
10
5
5
2
-4
-7
-6
-8
-5
-3
1
3
4
5
8
5
-3
-1
-9
-11
-13
-15
-17
-17
-19
-22
-21
-20
-18
-13
-10
-9
-7
0
1
5
9
7
7
7
10
8
5
10
5
7
4
6
8
7
6
0
0
-4
-4
-6
-10
-11
-10
-6
-6
-1
1
0
2
5
8
6
6
9
6
6
6
5
5
0
3
5
6
8
5
6
2
4
6
2
-1
1
2
0
0
-3
0
-3
-3
-3
-1
1
-1
-3
-1
2
3
5
5
3
0
0
-5
-8
-9
-15
-14
-13
-14
-10
-5
-2
0
-1
0
-1
-1
0
-1
3
3
3
-1
-1
-2
0
0
-1
2
-1
-1
1
1
1
3
-1
3
2
-1
3
-1
4
2
1
4
3
3
2
-3
-3
-4
0
0
-6
-8
-8
-10
-11
-5
-7
-5
-4
-4
-2
-4
-5
-4
-6
-3
-3
-2
1
1
2
0
4
8
5
6
7
4
4
5
2
7
1
2
8
4
5
5
6
10
4
4
4
4
10
10
9
9
10
8
6
7
2
0
-2
-1
-4
-2
0
-1
-1
0
-2
0
-2
-4
-1
0
-2
-2
0
3
-1
0
0
1
-2
-2
2
-1
-8
-6
-7
-7
-6
-4
-4
-6
-5
-5
-3
3
1
2
4
5
3
2
3
4
5
3
3
4
3
4
7
3
3
0
-3
-7
-8
-2
-2
3
3
3
2
-2
-4
-2
-2
-5
-2
0
3
5
4
7
2
2
7
5
1
-2
-4
-4
-10
-10
-11
-16
-18
-16
-14
-13
-10
-5
-4
-4
-4
-1
2
6
6
5
2
-3
-3
-3
-6
-5
-5
-5
-3
-2
-3
-1
-3
-9
-8
-4
-4
5
2
3
2
7
9
11
12
14
14
14
16
11
10
10
7
9
9
4
2
3
2
-2
1
-1
-4
-4
-6
-2
-5
-1
-3
-4
0
-1
0
1
6
5
7
11
13
12
11
9
5
0
-2
-9
-11
-10
-13
-14
-15
-12
-10
-9
-7
-3
-1
-4
0
3
1
-3
-4
-1
-2
-1
1
5
6
6
2
4
5
8
8
6
8
3
0
-3
-4
-1
-3
-9
-12
-7
-9
-13
-13
-10
-7
-8
-6
-2
6
6
7
13
17
18
16
12
12
6
5
-1
0
-2
-6
-8
-7
-1
-2
1
3
3
8
2
2
4
2
0
-1
-3
-7
-2
-2
-3
-7
-8
-5
-8
-8
-5
-1
-3
-2
-5
-3
-7
-8
-5
-6
0
0
1
3
7
9
7
7
6
4
8
5
1
2
-4
-4
-5
-5
-7
-3
-4
-3
-4
-5
-4
-8
-5
-5
-6
-7
-6
-2
-4
-1
5
5
6
7
9
5
4
0
-1
2
0
1
0
0
5
4
5
8
5
6
2
-2
1
0
-4
-4
-5
-8
-7
-8
-8
-8
-5
-4
-3
-4
-4
1
5
2
3
4
5
6
5
8
7
9
8
8
6
5
6
6
4
4
0
-3
-4
-6
-1
-4
-1
3
6
10
9
11
6
7
7
2
0
-6
-5
-10
-12
-10
-9
-7
-5
-3
-1
-4
0
0
1
4
0
3
0
-4
0
5
2
2
0
3
7
3
3
5
6
8
4
-1
-2
-4
-2
1
1
0
-4
-5
-2
-3
-1
0
-1
2
1
4
7
6
7
7
5
4
-1
-2
-7
-8
-7
-10
-10
-12
-5
-5
-2
2
-1
-1
-1
0
5
2
1
0
-1
-1
2
-4
-6
-4
1
-1
-4
-2
-3
-2
-4
-1
2
