SAMPLES:	15953
BITSPERSAMPLE:	16
CHANNELS:	1
SAMPLERATE:	16000
NORMALIZED:	FALSE
-8
-7
-8
-10
-14
-17
-18
-19
-16
-16
-11
-7
-8
-6
-6
-6
-11
-11
-7
0
0
1
3
3
4
9
5
5
5
4
5
10
15
11
8
5
4
4
2
0
5
2
0
1
2
3
-2
-4
-10
-12
-11
-9
-12
-12
-10
-12
-8
-5
-4
-4
-2
-3
-1
0
-1
3
2
3
3
0
4
10
11
12
10
12
11
8
13
9
5
4
9
11
11
15
14
14
14
8
6
6
13
18
20
22
21
17
8
2
-2
1
3
8
12
13
11
2
2
0
-2
-6
-4
0
-1
2
1
0
2
3
0
-1
-2
-5
-11
-11
-10
-10
-11
-11
-8
-11
-9
-8
-10
-14
-12
-8
-11
-13
-12
-16
-18
-19
-21
-16
-14
-8
-10
-2
1
2
-1
-4
-1
-3
0
2
-1
-4
-8
-11
-10
-15
-18
-18
-19
-15
-11
-4
-4
-7
-7
-1
8
13
18
17
15
14
8
7
10
11
12
18
21
18
15
16
13
12
15
14
15
13
8
11
12
15
15
11
7
0
-5
-5
-8
-8
-3
-4
-1
2
4
5
3
6
5
6
5
2
3
2
-1
-4
-3
-6
-9
-11
-9
-4
-2
0
-2
-1
-5
-2
-1
1
7
8
7
4
7
0
-11
-11
-12
-13
-10
-11
-12
-12
-11
-7
-4
-2
-3
-6
-4
-4
-4
-4
-6
-3
-2
-1
2
-2
-3
-2
-1
0
-8
-1
6
4
8
2
6
10
13
10
4
1
-4
-3
-2
-6
-4
-9
-10
-11
-6
-3
-10
-8
-7
-6
-8
-7
-8
-8
-5
-10
-12
-14
-12
-13
-15
-15
-17
-14
-9
-4
1
2
2
7
13
16
15
13
11
9
2
-4
2
7
4
4
10
15
11
12
12
10
8
6
6
5
7
7
8
10
9
6
0
2
0
0
1
0
2
10
13
20
19
16
15
11
10
3
0
-5
-6
-1
-1
-2
-2
-7
-11
-7
-7
-9
-6
-4
-4
-6
-9
-6
-5
0
5
11
8
6
5
3
2
1
-2
-3
-1
3
10
12
13
14
13
13
8
5
1
-3
-6
-3
-7
-6
-7
-6
-3
-6
-5
-2
-3
-7
-9
-13
-9
-10
-8
-6
-4
3
2
3
4
3
2
-5
-8
-8
-8
-8
-3
2
3
3
7
9
8
-1
0
-5
-3
-2
-5
-2
5
4
7
12
6
8
3
-1
-2
-4
-6
-4
-2
-2
1
3
1
1
-2
0
-1
-5
-5
-5
-6
-8
-4
2
3
7
11
8
6
6
2
-2
-2
-6
-1
-2
-2
1
2
4
1
2
0
-4
-5
-6
-5
-4
-6
-7
-6
-6
-4
-7
-4
-7
-8
-9
-9
-12
-15
-11
-10
-8
-6
1
4
3
2
0
1
2
1
2
0
-1
-2
6
6
4
6
6
4
-1
-6
-6
-7
-8
-4
-1
-2
-3
-3
-5
2
3
5
4
6
3
1
0
-2
-1
-1
3
6
7
9
5
6
3
7
13
15
15
12
11
7
10
13
12
8
8
8
3
-2
0
-3
-4
-1
-1
0
4
2
0
-2
-2
-4
-3
0
0
-2
-5
-4
-3
0
-2
2
7
6
5
6
4
5
1
0
-2
-4
-2
-6
-6
-9
-8
-6
-3
2
3
3
5
6
4
1
-5
-7
-8
-7
-5
-3
-6
-11
-10
-8
-11
-10
-8
-5
-4
-8
-9
-12
-12
-9
-7
-7
-2
-5
-6
-6
-6
-2
3
9
10
10
9
5
2
3
8
9
3
2
1
0
-3
-1
1
1
0
5
4
5
5
0
-3
-5
-3
-4
-3
-5
-7
-8
-3
-5
-2
-1
0
5
6
9
7
9
11
8
9
9
8
6
5
6
5
14
15
16
18
15
14
10
6
8
4
4
3
3
3
2
0
-3
-5
-2
4
4
7
4
7
2
5
7
4
4
4
3
1
5
2
0
-4
-3
-1
-4
-9
-11
-15
-11
-11
-13
-12
-14
-13
-15
-13
-10
-12
-12
-11
-8
-9
-15
-14
-15
-10
-11
-16
-15
-18
-18
-20
-22
-17
-17
-13
-9
-6
-3
-7
-3
-3
-4
-7
-6
-9
-3
-7
-7
-6
-7
-6
-5
-2
0
3
3
5
7
8
9
10
11
14
10
14
14
15
16
18
22
26
24
23
20
19
22
20
21
14
12
12
14
13
6
8
8
7
6
8
8
7
5
2
6
6
3
2
3
7
4
3
1
4
9
8
9
13
13
11
9
8
8
6
11
13
9
8
5
8
9
7
4
4
0
-7
-7
-7
-8
-14
-17
-20
-20
-18
-22
-25
-27
-28
-27
-26
-23
-20
-21
-19
-15
-19
-22
-25
-24
-18
-18
-18
-19
-17
-20
-16
-15
-12
-10
-9
-2
0
-2
-1
0
-4
2
1
3
3
3
0
0
4
4
7
4
2
4
8
6
6
7
8
12
11
9
5
6
8
9
13
12
9
14
20
15
11
9
3
3
4
4
7
10
7
6
2
3
1
5
5
8
8
5
6
6
10
7
7
11
8
12
8
7
7
5
15
14
16
16
13
12
13
16
14
7
9
5
3
3
2
2
-3
-4
0
-1
2
-1
-5
-12
-14
-16
-16
-19
-18
-16
-17
-14
-18
-19
-23
-23
-23
-20
-15
-17
-14
-17
-20
-17
-17
-21
-21
-16
-10
-11
-10
-11
-17
-16
-14
-11
-11
-6
-10
-10
-3
-6
-8
-6
-4
0
5
6
8
4
4
3
7
13
17
13
6
7
5
3
4
4
4
8
9
8
4
-1
0
0
0
-2
-4
-3
-5
-6
-5
-3
-3
-6
0
3
1
7
10
10
14
15
16
19
22
19
22
20
20
16
17
20
17
21
23
21
18
18
19
18
15
14
17
16
11
13
7
5
8
5
5
4
0
-1
-2
-2
-3
3
5
3
0
-5
-2
-1
-1
-1
-1
-4
-2
-4
-6
-10
-11
-11
-11
-8
-6
-5
-7
-4
-3
-8
-4
-4
-5
-8
-9
-9
-10
-9
-10
-10
-11
-9
-5
-5
-5
-6
-9
-10
-9
-13
-11
-8
-8
-11
-16
-18
-21
-18
-15
-21
-19
-14
-14
-9
-8
-9
-11
-9
-7
-3
1
0
-2
-1
-3
-4
-2
-3
-3
2
0
3
5
2
1
0
5
8
12
7
4
3
1
2
0
5
0
0
0
4
4
3
-1
1
6
5
6
3
6
3
8
9
5
3
4
2
7
8
9
11
6
5
13
9
9
11
12
9
8
6
4
7
9
10
9
9
9
8
5
3
0
0
0
4
8
7
3
4
1
0
3
3
4
0
1
2
2
-4
-2
1
1
5
2
3
2
-1
-2
-3
4
5
4
7
8
7
2
1
0
3
0
-1
-2
-3
-8
-9
-7
-10
-8
-8
-12
-12
-16
-18
-17
-17
-17
-22
-19
-16
-16
-19
-14
-15
-17
-16
-18
-16
-18
-16
-13
-17
-18
-15
-17
-10
-7
-6
-6
-7
0
2
5
6
7
6
7
6
11
12
8
7
6
8
7
7
5
5
6
10
14
18
19
21
26
21
21
16
14
13
9
6
3
6
8
9
9
8
10
9
9
13
11
9
6
10
11
12
11
10
14
8
4
3
0
1
3
3
4
7
3
2
1
0
-1
-5
-6
-8
-5
-2
-9
-12
-14
-13
-15
-16
-11
-9
-8
-10
-9
-12
-14
-8
-7
-5
-2
-2
-3
-6
-11
-8
-9
-8
-4
-3
-3
-3
1
-2
0
5
7
6
7
4
3
5
7
8
2
6
2
-1
0
1
2
4
6
8
11
11
12
12
11
9
5
6
8
8
7
2
2
-1
0
0
1
1
1
3
0
-2
-5
-5
-7
-9
-8
-8
-9
-9
-11
-12
-13
-10
-10
-10
-12
-11
-11
-13
-10
-11
-7
-11
-12
-12
-11
-15
-14
-15
-16
-16
-15
-13
-14
-14
-13
-17
-18
-13
-12
-9
-7
-5
-4
-7
-12
-15
-14
-10
-6
-6
-7
-5
-2
-1
-1
3
1
0
2
5
9
8
15
13
16
17
17
17
17
17
17
16
17
22
25
22
20
16
14
20
19
25
26
21
23
20
15
13
13
13
9
11
12
11
13
12
11
12
14
12
14
16
12
10
7
6
2
3
0
0
1
-1
-1
-2
-3
-4
-7
-10
-9
-8
-11
-9
-5
-2
-4
-9
-10
-11
-6
-6
-5
-3
-5
-6
-7
-5
-5
-6
-1
-2
-1
-1
-4
-3
-5
-4
-2
-2
-6
-2
-6
-9
-4
-6
-5
-5
-6
-7
-8
-8
-9
-12
-12
-8
-10
-9
-10
-11
-12
-15
-11
-12
-14
-17
-13
-10
-12
-13
-13
-14
-13
-12
-11
-11
-8
-9
-7
-5
-5
-8
-11
-12
-9
-8
-9
-5
-3
0
4
7
10
13
16
17
20
21
20
20
20
21
19
16
11
6
5
1
4
5
5
3
-1
-5
-7
-6
-4
2
5
5
2
-1
-2
-1
0
0
5
6
11
12
13
17
17
18
22
25
24
23
19
17
16
13
11
11
6
7
4
0
-4
-6
0
1
6
9
9
8
7
8
7
6
7
4
5
4
2
2
0
-1
5
10
12
16
16
18
19
19
17
16
13
5
0
-3
-6
-11
-19
-18
-23
-24
-22
-18
-17
-21
-23
-22
-24
-25
-21
-24
-29
-28
-30
-32
-35
-34
-33
-31
-30
-29
-24
-25
-20
-19
-15
-17
-17
-20
-22
-27
-28
-24
-28
-31
-27
-27
-26
-20
-21
-19
-14
-10
-4
-1
5
4
4
8
8
11
16
19
21
23
20
20
22
23
26
27
28
26
25
25
23
20
16
20
19
22
23
19
14
13
14
17
19
20
24
22
22
23
21
19
22
25
25
27
24
19
19
16
15
14
14
15
13
10
4
0
-1
-5
-6
-5
-4
-5
-9
-12
-15
-19
-15
-12
-8
-4
-6
-7
-7
-7
-4
-3
-2
3
10
12
11
9
13
12
10
15
12
11
6
5
3
2
-3
-5
-4
-11
-9
-12
-16
-18
-18
-17
-19
-18
-19
-20
-23
-24
-25
-21
-22
-19
-14
-16
-16
-15
-14
-11
-9
-3
2
3
5
0
-8
-9
-11
-10
-13
-15
-13
-14
-14
-16
-16
-15
-16
-14
-9
-5
-6
-5
-2
2
2
0
2
3
1
-4
-3
-3
3
8
12
14
14
20
19
18
14
13
15
17
13
10
4
4
0
1
1
-3
-1
1
5
6
8
7
1
2
8
7
6
4
3
-4
-2
-1
-1
0
1
7
11
9
4
3
2
6
9
15
16
11
7
2
-1
0
-2
2
-1
0
5
5
5
5
6
4
5
6
7
4
1
-1
-1
-2
-2
2
4
4
1
-4
-9
-9
-5
-1
1
6
6
2
-2
-7
-7
-12
-10
-5
-3
-9
-12
-12
-13
-9
-10
-11
-10
-9
-10
-8
-6
-8
-7
-3
1
2
0
-3
0
-4
1
5
7
7
7
0
-4
-6
-8
-6
-5
2
3
9
10
8
9
7
6
4
3
4
3
5
2
3
3
2
-2
-3
-6
-8
-6
-6
-6
-4
-2
0
4
6
7
9
14
17
15
14
15
15
14
15
12
11
10
5
5
7
5
4
4
4
0
-2
-3
-4
-4
-5
-7
-6
-8
-8
-5
-8
-8
-10
-17
-13
-9
-7
-5
-4
3
5
4
7
9
9
11
11
13
12
2
-2
-9
-11
-10
-14
-11
-14
-13
-14
-13
-14
-12
-11
-8
-4
-7
-12
-14
-18
-17
-18
-18
-22
-20
-13
-13
-8
-7
-5
3
11
15
14
15
13
6
-1
-2
-2
-3
-3
-2
2
1
1
-2
3
10
9
14
15
14
13
11
6
7
7
9
8
6
5
1
-2
-2
3
4
9
13
13
13
12
6
5
4
5
4
1
-2
-2
-5
-6
-6
-3
-1
-3
0
-4
-1
1
4
2
7
8
10
11
11
10
7
5
1
3
4
6
9
15
14
13
11
13
10
8
5
8
8
8
6
4
-2
-6
-6
-7
-3
-1
-5
-5
-1
-3
-5
-2
0
0
-3
-1
2
-4
-5
-3
-5
-1
-5
-5
-6
-13
-14
-13
-17
-20
-24
-22
-22
-20
-19
-20
-17
-20
-22
-20
-23
-24
-19
-15
-16
-19
-21
-15
-16
-11
-8
-9
-11
-6
-2
-2
2
1
3
1
4
8
5
7
1
2
9
9
12
18
20
21
19
20
17
17
13
13
14
14
14
9
10
9
7
8
10
6
13
12
9
9
10
11
10
9
4
6
1
-5
-7
-16
-17
-17
-20
-17
-12
-16
-12
-12
-13
-11
-12
-7
-9
-5
-1
-3
-4
-5
-4
0
3
6
7
6
1
-2
-1
-3
0
5
11
15
14
12
9
9
8
9
10
10
8
2
0
-4
0
3
-1
9
10
7
5
1
-3
-4
0
4
4
3
5
4
0
-9
-10
-8
-7
0
3
1
-2
-8
-10
-4
-1
0
5
10
11
10
8
6
2
-8
-5
-2
-6
-4
-1
-1
-4
0
4
6
8
15
19
16
15
9
3
1
2
6
4
6
0
-5
-4
-6
-7
-5
-7
-5
1
6
10
6
12
15
14
14
13
9
4
0
-1
-2
-1
1
8
9
10
15
11
13
16
15
11
8
5
-1
-7
-7
-9
-9
-7
-3
-2
-4
-11
-9
-12
-14
-14
-15
-16
-17
-19
-20
-19
-18
-22
-25
-22
-24
-28
-30
-28
-27
-24
-15
-6
-3
-1
-6
-6
-8
-5
-5
1
1
-1
-1
-3
0
-2
3
6
11
14
15
13
12
8
7
4
0
4
4
4
6
1
-3
-8
-8
-7
-1
4
4
4
1
-1
-4
2
9
13
18
15
6
0
-5
-11
-15
-12
-12
-5
4
5
7
-2
-1
5
10
15
15
14
6
7
2
3
-1
1
5
4
1
2
5
3
0
2
7
10
3
-4
-7
-10
-18
-30
-25
-17
-14
-24
-26
-29
-33
-24
-14
1
17
28
37
39
30
12
3
-5
4
3
-8
-4
-1
1
-3
-4
-10
-21
-18
-15
-10
1
7
3
-11
-20
-6
6
6
7
6
5
-6
-4
6
8
11
19
36
30
24
25
27
23
23
34
39
52
56
42
10
-29
-33
-29
-8
18
36
46
32
32
31
22
11
11
24
29
24
19
12
1
-13
-29
-14
8
4
-27
-33
-20
-40
-38
-6
12
5
-10
-21
-52
-64
-73
-91
-88
-72
-57
-44
-20
1
17
23
11
9
24
31
30
61
86
60
11
-15
-32
-43
-42
-21
-9
-23
-13
19
25
-11
-38
-40
-41
-46
-40
-38
-37
-25
1
39
77
88
40
-7
-18
-3
-4
-16
1
42
67
51
47
32
-39
-96
-103
-65
-21
16
62
88
81
38
21
-14
-72
-87
-34
44
102
139
132
112
92
59
62
66
40
-10
-30
25
74
80
64
35
-38
-161
-236
-245
-185
-79
21
51
-5
-77
-142
-173
-159
-120
-42
29
68
74
56
47
39
22
7
-11
-21
6
36
19
24
52
48
10
-16
-43
-64
-83
-108
-126
-123
-98
-64
-19
30
19
-31
-65
-51
-64
-33
77
154
209
233
193
50
-52
-36
-24
-62
-93
-3
121
136
99
75
5
-93
-97
-35
10
29
37
33
-4
-22
-13
-7
21
55
45
53
123
174
164
92
33
42
55
3
-48
-36
-14
-1
69
140
137
52
-31
-73
-107
-90
-47
-9
-27
-58
-31
-33
-51
-36
-62
-84
-31
59
89
70
-1
-93
-107
-74
-49
-28
75
173
138
50
1
-16
-96
-116
-17
91
108
50
3
-103
-213
-236
-61
119
144
63
-34
-113
-179
-139
-79
-46
-19
30
75
96
94
67
23
-3
-16
-16
-1
23
1
3
61
14
-115
-227
-255
-189
-106
-76
-23
39
68
83
20
6
5
30
6
31
62
119
120
-6
-31
51
59
-17
44
93
48
-6
-8
60
83
121
91
18
-65
-147
-144
-52
113
89
28
-4
5
-15
-26
118
159
-32
-188
-36
59
-30
-98
3
83
-44
-101
-115
-98
-83
8
135
228
192
-45
-228
-117
55
136
154
150
-5
-228
-167
104
236
87
25
108
33
-137
-146
-14
47
32
-103
-23
55
-109
-152
-110
-44
-66
-81
48
77
-190
-272
36
181
37
43
140
-176
-267
-4
202
92
-56
-62
70
15
-133
-61
143
141
-87
-155
-92
-29
26
206
220
12
-75
21
263
67
-138
58
216
-41
-101
192
302
59
-128
102
128
-87
-333
-69
259
125
-18
-67
-29
-9
54
146
-117
-173
-264
-192
296
357
156
-122
-177
-131
-105
41
74
121
4
-70
-25
90
62
-324
-166
-124
7
159
124
-34
-356
41
-35
-307
-77
430
456
-66
-171
-245
-275
-204
188
304
227
191
-35
-284
-256
50
-119
-82
447
405
-88
-272
77
217
-64
-87
-152
-333
-224
143
483
143
-356
-324
-128
49
292
167
-209
-102
187
43
-192
121
208
-52
-119
291
405
-48
-193
-56
91
-403
82
597
316
-303
-499
-118
87
358
-135
-389
120
161
4
-43
98
-143
-561
2
554
344
-267
-138
9
-247
2
361
121
-95
-59
87
-165
27
-328
-364
363
396
-28
108
92
-772
-85
471
442
-379
-417
395
60
-180
-60
22
-205
-265
424
467
-88
-142
-282
7
278
397
85
-75
-337
-364
248
379
-66
-372
-96
-273
-104
179
244
-129
-465
22
126
235
-168
10
-134
-65
338
39
-140
-411
186
110
212
331
336
-534
-365
395
256
130
-40
-41
-494
170
227
-147
-97
285
210
210
188
-263
-321
-229
345
586
117
205
82
-379
-325
-214
30
-180
422
472
-255
-75
-642
-280
-19
665
260
66
493
-323
-218
-199
40
19
129
282
405
-293
-132
-491
-422
391
229
163
-312
-14
-40
-31
-548
-483
426
169
-84
189
103
-531
-605
-25
611
262
-223
22
-120
-275
-104
478
-88
173
114
-112
52
-305
-78
335
292
298
176
113
-260
-501
63
284
-133
120
374
158
-86
-122
42
-244
-4
-3
2
-293
-332
124
13
-161
-202
224
70
-472
-213
66
-62
-383
317
582
-413
91
472
20
-617
184
718
-243
-386
461
336
-555
-153
823
188
-772
-32
707
-275
-483
363
575
-187
18
327
-254
-296
213
99
-202
200
284
-470
-510
351
229
-339
-186
463
-72
-488
262
416
-287
-197
360
109
-303
-61
324
309
-375
93
146
-18
-179
29
630
-427
-602
518
351
-543
-259
823
302
-1013
-754
674
-144
-611
743
834
-142
-919
434
-329
-821
487
560
530
-822
478
-292
-752
474
170
314
-447
519
-199
-712
-108
836
424
-823
231
458
-895
-238
1106
472
-1324
-50
965
-535
-333
685
472
-1099
-333
820
-35
-645
222
763
-728
-284
527
172
-669
-333
941
-94
-811
149
573
-416
-160
754
50
-686
-135
451
-547
30
1075
66
-640
-115
580
-833
-251
664
459
-601
-306
613
-661
-387
950
355
-662
-89
892
-388
-1147
882
473
-526
-313
945
-346
-834
559
574
-453
-441
803
-311
-830
513
578
-206
-669
1145
91
-1233
367
638
-380
-1053
1116
121
-987
747
1190
-573
-1393
1132
270
-1070
422
853
-259
-829
933
449
-1014
-119
772
-100
-773
828
548
-927
219
1134
-919
-1051
1429
77
-1509
376
1373
-658
-1193
1348
952
-1507
-190
1442
-793
-781
1085
272
-1155
77
1094
-1015
-448
713
-20
-688
118
960
-353
-701
592
320
-891
300
555
-584
-654
1395
-113
-1329
660
1004
-867
-572
1339
-300
-1044
450
967
-703
-570
812
18
-588
590
362
-950
280
430
-766
-260
1208
451
-1780
138
1238
-1051
-668
808
260
-519
55
570
-540
-87
736
-744
-634
884
105
-1009
712
1376
-1468
-629
1366
152
-1231
720
1147
-1302
414
678
-249
-588
270
-175
-664
699
67
-1092
336
1053
-869
-703
1103
-290
-1204
796
801
-962
125
419
-594
-279
959
-310
-703
979
-298
-145
408
667
-1627
-8
1466
-801
-1028
1085
750
-1377
79
527
-1411
-10
957
-290
-360
626
-517
-870
1287
1049
-1677
-325
1244
-428
-770
900
356
-1222
401
1172
-876
141
1038
-501
-658
1080
905
-1553
499
832
-915
20
869
-418
-1177
996
131
-472
314
692
-1277
-210
1178
-699
-387
1064
44
-1595
873
1253
-614
-644
1418
29
-1068
557
866
-398
-544
220
-190
951
126
-1144
107
448
-186
-733
1124
151
-1353
353
938
330
-1032
-256
425
251
-480
-252
722
23
-976
-20
405
187
-747
-251
589
131
-224
-175
371
190
-762
392
809
328
-759
-198
960
-221
-691
-270
1306
165
-1539
372
363
-634
-150
-451
449
-160
-68
67
2
361
-827
-10
279
-350
-385
280
681
-791
-344
771
124
-120
-451
183
702
-500
-391
734
83
-457
53
203
-523
-15
655
-3
-530
401
17
-302
707
-1133
-42
408
-377
301
391
862
-1834
234
1073
-1195
228
767
-240
-685
569
492
-257
65
69
-471
926
-170
-368
493
-290
-49
-20
951
-940
240
-367
-222
9
313
-221
-581
775
-564
195
868
9
-320
284
34
-185
76
-173
-341
1016
-247
408
-163
-118
-887
-697
1259
-92
-128
-113
680
18
-665
-503
615
-68
-1222
820
855
-189
-164
-115
549
-409
341
189
-448
-404
448
579
-137
-366
173
136
-960
253
592
-890
-189
651
5
-515
318
302
-514
36
-88
44
128
-231
-301
308
423
-131
538
-73
-747
-65
148
-10
-45
634
-13
-22
302
-255
-448
-299
30
326
-82
-341
1086
39
-1373
489
358
-600
-80
-307
1508
-1260
-127
483
134
-102
-668
1185
-1132
62
812
791
-994
-312
1020
-777
-37
-236
266
714
-383
-35
-311
394
-600
-24
471
-558
1304
-679
-203
856
-81
-929
-443
1082
-123
-117
201
-319
58
12
-340
266
396
-1275
695
433
-178
-37
63
526
-957
327
314
128
412
-420
123
-231
194
-482
396
235
-158
-353
-12
-138
-475
416
-570
945
-810
-429
750
157
-286
-470
653
10
52
11
-558
961
-472
-169
16
-294
1066
-1151
330
688
201
-102
-497
1270
-511
-451
798
486
201
-1734
555
851
-682
-229
-34
646
-669
28
-494
-185
154
49
-162
701
562
-1111
-173
381
231
-533
-461
1050
-109
-874
344
630
-1125
-768
853
756
-735
38
389
-92
-644
67
727
-486
249
176
282
-499
119
-255
-656
61
54
236
-21
-794
456
512
-308
577
-594
282
-131
-15
399
546
142
-716
316
357
-268
111
-614
270
500
283
-506
-339
881
-854
74
99
1066
-566
-1246
501
590
-546
-660
1098
-70
-219
105
1066
-264
-945
714
-156
-681
1053
495
-722
124
-48
943
-388
-470
583
-309
-498
590
213
-564
-236
-606
-74
460
-387
262
-141
-482
821
-33
96
-297
111
-187
31
585
-63
-672
211
235
-776
-76
973
-66
-819
638
887
-436
-58
-78
-212
-208
709
-242
-474
47
205
-86
-347
439
-210
-195
483
110
-483
260
22
245
-1441
706
1104
-767
97
-502
1089
-500
-45
129
26
-88
-402
232
356
-626
75
325
-369
213
-559
-829
149
1201
-199
-435
392
80
-457
-252
1114
-998
-207
977
-78
-632
-105
298
-582
-543
625
303
-488
-452
461
-328
234
-253
-316
936
-945
59
317
1401
-609
-813
476
88
339
-623
1131
-390
-497
519
912
151
-647
-366
261
18
-568
712
-546
258
-796
893
219
-65
65
-616
513
906
88
-904
33
136
-914
-383
1489
100
55
-1153
927
-52
-563
-82
474
520
-39
396
-298
-239
-213
-166
319
1010
102
-569
-699
289
463
-695
-218
278
-377
8
132
332
-833
-370
751
-824
-141
914
807
90
-826
1185
-299
-537
616
-1240
198
46
-20
-248
939
-69
-1257
-242
224
-231
-923
58
1073
-422
530
57
-1364
316
-161
175
-75
1528
-498
-551
990
366
-573
-243
953
-725
169
614
-453
-9
-50
-240
-30
599
-360
-261
911
-92
-338
-192
855
-204
-34
552
-520
82
79
-756
-265
-37
407
-134
686
120
-1023
116
287
594
-805
526
160
-379
-337
596
271
-584
242
191
107
-139
124
-443
360
940
-1331
737
212
-1271
-39
700
-172
-489
521
500
87
-724
157
262
60
-88
386
353
308
-124
-166
-95
178
-860
819
-32
-43
-242
-1193
1561
-1625
-163
1115
-301
-768
-409
80
-192
-131
531
68
-616
413
-651
33
374
383
-1029
160
333
-1279
-404
704
898
-228
-145
1149
-337
-1144
-330
301
-801
208
985
-233
47
-694
-70
182
-334
3
-193
1564
133
-370
529
222
-551
-1026
912
-447
-112
635
475
604
216
-471
-592
243
541
-141
-15
1627
142
207
-298
-933
135
-946
-259
115
656
-37
-397
642
-341
-1116
368
560
-801
675
660
-421
-36
230
-268
-99
41
501
-761
91
1034
-333
83
377
693
-903
384
1053
-494
179
617
-46
-558
-265
-354
-239
-45
1347
-473
-1329
415
-152
-412
-1002
1359
448
-1573
1367
-198
-612
121
594
37
-798
552
560
-1336
-1026
579
-152
93
1011
1086
-1121
-214
-37
-168
278
622
-328
-132
580
934
68
-652
-159
302
-718
103
1068
108
-576
95
1144
-1083
-1231
-385
672
-1537
-375
1269
-120
-922
-464
130
-193
-355
827
671
170
292
435
-298
-932
514
-974
334
1178
65
416
732
-43
-851
-149
537
386
-850
697
540
131
-903
-141
843
-1015
-622
-202
1858
142
-1249
653
-511
-1221
-586
65
477
-667
-194
414
-2
-307
-83
-274
-688
485
862
-46
-544
311
-399
-1010
493
561
-675
357
1206
54
-817
-210
-27
-1849
-219
1044
858
-1524
419
1189
-1043
-688
355
88
-1599
1328
1709
24
-870
830
213
-1933
-967
588
192
522
1486
490
-438
-86
124
-1614
245
943
-73
-545
1470
1152
-1019
-709
792
20
-747
1152
992
117
-243
424
64
-813
-90
69
-466
802
763
988
39
364
158
-255
77
708
-254
-656
1492
677
-756
-283
890
-1177
-541
936
1031
-1301
415
1436
-816
-234
-227
346
-681
-12
238
665
36
191
-303
-554
188
-456
-208
398
-430
151
-280
-220
276
-126
223
-43
415
654
-300
496
443
-953
81
-491
591
-430
-321
-894
-987
-76
-699
-242
342
-1511
-479
742
-767
-1155
-574
454
-358
-475
376
623
-964
-227
21
-53
-132
375
1062
399
0
-201
-189
213
-720
-1111
112
426
1492
82
160
-608
-645
-198
-584
1337
637
-224
-68
119
-496
-446
-94
48
-11
613
-280
220
182
-411
-28
475
243
-684
608
629
11
128
1110
163
-103
125
-358
38
-192
829
-74
-531
-25
-188
-148
-872
-73
-409
-313
196
-8
-187
-497
-128
-152
487
1018
475
635
1169
-377
-401
629
473
53
725
1291
827
-204
-774
-769
-266
-115
144
661
959
510
-1056
302
-356
-1250
-807
53
909
-681
565
1183
248
-1265
-1503
-515
-671
-351
-136
894
-213
-211
-489
-423
-566
-1732
-262
814
1356
490
45
427
-1372
-886
493
428
-101
-133
1004
934
-96
-777
-516
-727
-1084
243
963
1514
303
-374
175
-914
-1618
-1192
1159
1298
356
1209
1181
488
-1174
-952
-173
400
960
870
1855
583
-1219
-1128
137
-457
-853
978
2028
1481
44
759
-27
-1187
-460
-156
145
76
744
767
222
-595
-1687
-1035
-719
-713
44
2108
2049
-1507
-1426
-93
-667
-1941
-416
1240
110
-301
151
292
-801
-1773
-1155
127
836
953
802
1105
253
-838
-111
868
1132
425
1016
2141
890
-400
-230
219
-1297
-1958
284
758
-800
-1508
-357
-1117
-1536
-913
-498
-294
-1035
-452
187
712
-327
-896
-282
227
-466
272
2055
1589
-542
-1151
-19
735
123
291
951
412
-598
-284
808
91
-396
33
1461
1045
-72
-70
-451
-296
-382
501
960
313
-608
-862
-403
-496
-242
-326
188
58
-711
-399
395
895
-222
-374
209
668
603
953
591
-471
-76
-19
883
392
-433
-29
303
503
-20
251
-42
-968
-772
-327
569
1032
961
226
-379
-260
-189
361
904
720
123
490
596
623
253
-704
-108
313
908
869
649
373
-543
-927
-678
442
603
112
-63
-154
82
82
132
-823
-1507
-817
-114
836
684
51
-271
-220
396
-312
-501
468
727
640
316
-125
-793
-1138
-775
-470
-369
-272
-287
-327
-524
-559
-844
-1042
-604
-374
-253
318
339
365
398
291
652
853
300
-1486
-3261
-3251
-2556
-1984
-1691
-2063
-3025
-4285
-5080
-4823
-4399
-4117
-3864
-3250
-2392
-1938
-2053
-2271
-2342
-2011
-871
1078
2710
2997
2903
2796
3017
3576
4330
5189
5530
5787
6064
6484
6530
5904
5137
4788
4722
4514
4196
3759
2990
2424
1879
1252
426
-511
-994
-1094
-960
-1047
-1458
-1649
-1783
-2042
-1853
-903
-237
-498
-213
533
813
897
1318
2131
2326
2119
2208
2783
2917
2621
2129
1890
1613
1397
1585
370
-644
-621
-89
-1113
-2417
-1948
-1909
-2902
-3349
-2437
-2561
-2885
-3731
-3915
-3071
-2628
-2009
-2257
-1780
-1976
-2283
-1634
-1062
-759
-922
-283
469
116
-645
-824
-351
-222
343
2025
1886
-2167
-7882
-9892
-7566
-3758
-1360
-1722
-4400
-8030
-10683
-10362
-8118
-6610
-6409
-5682
-3492
-2128
-2745
-4141
-5237
-5285
-3173
1666
6582
7686
5288
2890
2728
4336
6692
9251
10496
9879
9174
9680
10498
9606
7484
6453
7202
8575
9135
8484
6478
3177
802
1044
2648
3118
1786
11
-1630
-2710
-2924
-2605
-2793
-3826
-4286
-3589
-2694
-3359
-5189
-6233
-5604
-3639
-1263
362
89
-1780
-3084
-2060
565
2578
3211
3096
2687
2316
2529
3142
3032
2424
2498
3547
4422
3973
2340
426
-509
-205
1171
2267
1911
66
-2081
-2729
-2289
-1653
-1199
-1037
-1394
-2085
-2146
-1676
-1569
-1862
-2267
-1853
-824
316
915
120
-896
-1577
-1714
-826
647
1415
898
-12
-397
-742
-1056
-670
-105
583
794
1022
776
-2090
-7351
-11421
-9881
-4598
-889
-1422
-4988
-9092
-12581
-13313
-10171
-6000
-4356
-5203
-5292
-4299
-4426
-5569
-5797
-4401
-2041
1401
5612
7687
5611
1918
1072
4166
8298
11232
12329
11177
8609
7001
8181
10184
10315
9076
8438
8710
8182
6778
5333
3729
2079
1595
3111
4329
2574
-1228
-4185
-4806
-3938
-2368
-951
-1540
-4143
-6362
-6060
-4641
-4740
-5444
-5031
-3246
-1637
-808
-724
-2078
-3391
-2823
556
4340
5291
3722
1625
838
1458
3201
5228
5551
4109
2508
2280
2916
2764
2005
1584
1683
1834
1863
1484
1
-1893
-2643
-1473
610
1404
231
-1908
-3695
-3995
-2548
-452
467
-182
-1461
-2306
-1980
-872
-117
-272
-659
-284
743
1232
795
-246
-1072
-992
-56
1252
1988
1897
-36
-4707
-10160
-11806
-7522
-1670
268
-3019
-8441
-12705
-14562
-12841
-8260
-4280
-4052
-5991
-6622
-6341
-6725
-7256
-5785
-2390
874
3499
5291
4843
1795
-63
2680
8178
12126
12734
11119
8634
6696
7117
10127
12639
11992
9591
8109
7713
6864
5714
5212
4968
4148
3379
3434
2612
-457
-3663
-4145
-2393
-848
-813
-2218
-4837
-7532
-8009
-5774
-3153
-2731
-3840
-4562
-4615
-4278
-3433
-1944
-696
-207
576
1935
2761
2029
1002
1623
3542
5404
6049
5367
3573
1676
1425
3082
5138
5448
3842
1724
239
-335
15
942
1325
610
-469
-1042
-1466
-2124
-2659
-2363
-1471
-739
-438
-887
-1895
-2818
-2673
-1117
685
1561
1164
277
-581
-766
-137
902
1576
1426
1011
590
703
1075
-247
-4775
-10072
-10563
-5472
-292
-242
-4930
-10403
-14107
-14620
-10901
-5081
-2325
-4855
-8776
-9768
-8396
-7007
-5543
-3167
-1102
-299
706
2528
3013
1527
1517
5144
9592
11267
10244
8553
7200
6956
9072
12560
13748
11076
7537
6399
7094
7682
7856
7572
5964
3165
1459
1938
2349
864
-1166
-1757
-1667
-2221
-3244
-4229
-5534
-6839
-6329
-4257
-3331
-4906
-6751
-6688
-5157
-3285
-1647
-608
-1067
-2382
-2254
109
2729
3545
3208
2962
2884
2875
3302
4197
4493
3855
3569
4102
4308
3255
1948
1551
1755
1845
1779
1428
295
-1320
-2090
-1309
-161
-18
-832
-1940
-2837
-3192
-2504
-1256
-583
-778
-1169
-1087
-861
-730
-519
-28
613
1064
1168
860
337
54
259
1162
1966
581
-4362
-9890
-10542
-5329
106
268
-4425
-10093
-13945
-14441
-10569
-4443
-1565
-4397
-9134
-10897
-9555
-7446
-4927
-1930
-346
-1083
-1749
-394
1284
1734
2792
5886
8770
8925
7523
6982
7461
8371
10287
12694
12917
9973
6905
6793
8533
9523
9319
8496
6497
3437
1732
2709
4087
3391
1349
-128
-1215
-2569
-3405
-3128
-2923
-3554
-4048
-4125
-4982
-6747
-7346
-5755
-3601
-2600
-2628
-3081
-4077
-4681
-3298
-196
2206
2307
1165
452
577
1364
2868
4543
4910
3755
2580
2445
2980
3261
3401
3626
3363
2341
1282
933
861
648
653
837
505
-672
-1756
-1913
-1549
-1228
-1010
-1089
-1724
-2460
-2407
-1550
-840
-729
-753
-544
-364
-335
-249
28
197
338
639
1073
1239
239
-2730
-6791
-8731
-6171
-1406
577
-2326
-7665
-11790
-12959
-10665
-5913
-2121
-2773
-7120
-10628
-10541
-8020
-5043
-2392
-1064
-2028
-3862
-3642
-969
1706
3183
4261
5241
5249
4748
5551
7732
9503
10095
10243
9953
8655
7478
8224
10202
10898
9538
7563
6031
4826
4325
5192
6238
5453
2912
615
-344
-557
-428
128
309
-915
-2970
-4220
-4549
-4852
-4869
-3869
-2699
-3054
-4614
-5563
-5184
-4236
-3027
-1444
-491
-1143
-2360
-2218
-567
1091
1904
2101
1829
1124
862
1866
3270
3705
3140
2614
2510
2389
2459
2944
3312
2730
1626
1000
895
863
788
801
617
-137
-1096
-1612
-1702
-1754
-1760
-1489
-1355
-1779
-2445
-2665
-2292
-1738
-1271
-903
-875
-1315
-1623
-1292
-441
213
204
-686
-2882
-5727
-7244
-5515
-1884
9
-1791
-5950
-9465
-10633
-8936
-5231
-2048
-2099
-5327
-8509
-9026
-6988
-4094
-1712
-860
-2011
-3847
-3987
-1632
1474
3416
3828
3295
2431
2279
3874
6679
8701
8719
7428
6099
5503
6118
7883
9655
9764
7909
5633
4518
4740
5651
6576
6692
5301
3002
1342
1204
1956
2550
2527
1767
294
-1341
-2033
-1639
-1051
-1105
-1692
-2426
-3243
-3793
-3644
-2921
-2495
-2720
-3137
-3261
-3084
-2770
-2137
-1315
-825
-922
-1167
-1032
-593
-83
420
951
1299
1287
1221
1413
1708
1870
2006
2181
2186
1910
1606
1461
1253
888
578
373
91
-296
-632
-930
-1331
-1772
-2049
-2211
-2320
-2275
-2070
-1999
-2197
-2369
-2208
-1768
-1565
-1680
-1782
-1504
-953
-536
-424
-562
-631
-620
-732
-1350
-2527
-3562
-3620
-2491
-1286
-1268
-2807
-4861
-6098
-5875
-4445
-2778
-2071
-3030
-4863
-5944
-5324
-3562
-1894
-1070
-1330
-2227
-2682
-1787
113
1675
2164
1920
1553
1539
2337
3933
5353
5633
4995
4363
4238
4677
5629
6661
6893
6037
4885
4356
4556
5042
5473
5501
4811
3569
2588
2408
2774
3026
2852
2281
1401
565
198
356
517
262
-312
-876
-1314
-1587
-1567
-1415
-1512
-1936
-2233
-2161
-1916
-1767
-1681
-1649
-1814
-1938
-1631
-958
-509
-498
-628
-737
-769
-545
-27
409
364
-4
-236
-224
-63
62
52
-146
-429
-539
-444
-289
-246
-287
-393
-654
-1042
-1245
-1004
-587
-404
-628
-1028
-1356
-1419
-1183
-860
-793
-1086
-1343
-1290
-1135
-1065
-1004
-975
-1064
-1094
-870
-573
-578
-798
-902
-745
-486
-356
-469
-898
-1410
-1678
-1574
-1146
-725
-715
-1189
-1783
-2056
-1961
-1605
-1141
-877
-1065
-1491
-1657
-1413
-1073
-776
-540
-440
-562
-621
-246
337
727
817
881
1039
1244
1545
1991
2387
2522
2530
2585
2722
2854
3056
3276
3337
3201
3044
3048
3065
2993
2925
2820
2550
2182
2017
2032
1935
1682
1439
1246
994
790
764
776
617
287
46
-60
-103
-98
-4
-8
-227
-426
-446
-397
-453
-557
-618
-693
-786
-784
-681
-690
-862
-969
-877
-758
-715
-715
-765
-903
-1010
-927
-702
-553
-618
-789
-894
-903
-854
-729
-630
-666
-831
-959
-936
-871
-869
-863
-837
-864
-957
-993
-899
-782
-764
-808
-855
-911
-976
-988
-914
-818
-707
-623
-630
-768
-914
-898
-730
-500
-308
-200
-220
-307
-353
-360
-315
-244
-127
-7
50
18
-79
-168
-199
-138
-44
-1
-89
-243
-316
-286
-211
-131
-80
-146
-331
-427
-282
6
178
188
125
22
-32
99
438
744
819
710
613
631
769
1001
1236
1367
1329
1246
1198
1165
1185
1313
1497
1565
1456
1272
1148
1139
1207
1315
1397
1351
1179
1034
1020
1082
1151
1164
1101
956
815
801
825
777
623
473
405
366
329
255
119
-70
-216
-271
-265
-306
-451
-605
-716
-732
-676
-640
-732
-957
-1106
-1071
-946
-867
-899
-1020
-1173
-1252
-1147
-949
-833
-829
-870
-929
-992
-998
-938
-860
-790
-753
-725
-706
-729
-763
-737
-662
-594
-528
-443
-356
-335
-364
-356
-297
-246
-178
-93
-53
-101
-140
-98
-28
8
36
95
138
134
106
105
134
177
254
308
267
155
56
93
173
208
188
190
179
133
110
93
29
-72
-110
-84
-30
19
-8
-94
-182
-210
-192
-151
-81
-20
-6
-12
17
64
70
57
41
63
168
309
427
443
385
330
401
579
772
879
878
825
760
774
895
1054
1119
1047
913
755
681
707
794
822
706
501
305
235
272
325
303
181
31
-71
-105
-81
-65
-80
-122
-211
-321
-402
-397
-337
-275
-306
-435
-565
-603
-569
-500
-412
-394
-435
-515
-536
-502
-457
-423
-396
-405
-472
-500
-441
-325
-249
-244
-275
-318
-327
-308
-229
-151
-149
-220
-259
-234
-174
-100
-26
8
-38
-97
-118
-96
-45
49
127
101
29
-44
-42
30
127
223
259
226
164
137
135
142
130
82
20
-25
-12
33
39
-23
-93
-146
-147
-69
17
27
-46
-103
-109
-101
-115
-127
-126
-129
-129
-133
-110
-93
-47
31
82
128
142
178
210
247
319
370
398
457
547
576
531
485
472
488
514
523
473
327
183
138
160
139
59
-11
-47
-86
-146
-187
-208
-238
-295
-358
-392
-392
-359
-311
-289
-335
-434
-482
-422
-296
-223
-236
-279
-322
-328
-273
-193
-142
-166
-218
-245
-255
-230
-136
-27
25
1
-64
-108
-106
-41
41
115
123
51
-9
-20
16
61
114
155
153
122
80
78
111
141
151
167
185
162
111
100
170
263
317
328
290
254
229
206
202
224
266
271
237
204
163
95
53
86
162
206
166
85
5
-20
7
55
83
26
-71
-139
-134
-74
-38
-52
-103
-140
-143
-111
-45
25
73
61
41
75
125
155
183
231
243
206
199
218
233
216
187
157
120
86
56
21
-25
-83
-117
-80
-12
22
-21
-114
-216
-265
-255
-207
-185
-239
-325
-419
-480
-460
-381
-311
-309
-379
-442
-479
-469
-436
-390
-361
-379
-401
-433
-442
-399
-314
-226
-158
-113
-126
-175
-194
-160
-91
-15
30
10
-7
-1
24
70
127
182
187
138
105
138
232
308
338
307
220
142
122
186
273
351
364
304
244
206
212
268
315
313
252
175
167
198
228
235
196
151
123
145
186
205
203
178
136
100
83
64
39
36
60
59
1
-88
-155
-148
-105
-76
-59
-37
-35
-51
-59
-41
-14
5
63
102
60
-16
-51
2
91
134
129
81
64
87
119
108
76
60
71
142
187
162
103
73
33
-30
-36
-6
24
1
-55
-124
-199
-216
-170
-130
-122
-147
-205
-281
-305
-285
-282
-283
-273
-253
-242
-278
-371
-421
-402
-352
-336
-349
-353
-345
-303
-211
-159
-176
-232
-278
-248
-159
-56
11
2
8
44
42
72
102
143
167
188
210
196
199
265
338
350
322
321
315
336
363
362
339
328
323
269
223
211
242
293
295
272
249
191
147
136
193
225
204
141
64
16
-20
-77
-133
-149
-144
-127
-121
-171
-228
-257
-279
-310
-301
-270
-252
-279
-296
-253
-176
-128
-149
-150
-137
-114
-112
-106
-69
-38
-58
-30
68
128
143
92
59
53
74
149
221
234
209
152
153
58
-236
-579
-632
-203
415
865
1028
844
358
-213
-558
-532
-249
166
484
555
325
-15
-370
-621
-676
-538
-311
-116
-64
-133
-255
-360
-378
-375
-342
-294
-244
-238
-202
-101
27
76
-2
-74
-168
-177
-87
39
187
250
235
177
90
26
-1
-20
51
155
308
340
283
218
162
156
167
255
271
269
256
260
226
191
234
232
250
216
251
344
324
288
210
181
150
111
155
196
194
134
58
-33
-77
-46
-52
-74
-141
-155
-177
-226
-271
-301
-338
-504
-652
-589
-278
13
9
-188
-401
-439
-366
-276
-242
-289
-252
-278
-274
-145
16
135
114
96
110
120
95
28
16
53
142
260
339
335
228
91
43
77
113
160
141
180
142
-14
-143
-170
-59
107
183
118
42
75
189
178
56
-49
-87
-124
-230
-171
-27
-26
-142
-258
-182
-68
20
-21
-206
-335
-390
-335
-160
86
220
135
8
-81
-124
-176
-183
-92
69
207
137
19
-36
-28
-18
-13
67
145
107
78
92
107
145
130
240
342
286
189
149
218
173
139
154
244
299
388
476
338
231
102
71
41
168
298
138
95
95
33
-116
-187
-192
-228
-269
-212
-161
-148
-148
-210
-277
-346
-295
-309
-428
-407
-438
-473
-505
-400
-252
-241
-119
-67
-111
-257
-255
-110
-3
84
167
229
134
36
-18
38
129
158
142
100
92
65
75
84
175
156
149
156
10
-44
-79
91
179
124
76
-38
58
40
55
96
118
175
119
63
-125
-172
-56
76
133
116
120
-57
-92
-44
6
1
-39
-13
-38
-9
10
57
66
27
54
-9
-50
-80
-109
-58
10
82
48
49
-37
-80
-139
-155
9
72
132
112
152
111
58
134
107
75
-8
58
127
196
195
248
363
309
221
79
31
20
120
277
231
68
61
67
45
-85
-153
-114
-57
-18
-66
-57
-146
-215
-385
-452
-358
-227
-26
-31
-52
-166
-303
-364
-424
-211
-125
15
-6
-16
-48
-226
-106
-135
-50
-209
-199
113
215
259
95
-30
-296
-361
-225
-52
58
-74
81
178
248
172
-25
-88
-277
-183
-133
8
129
247
359
242
184
-145
-300
-347
-93
285
586
613
438
182
-249
-406
-332
-45
261
567
537
112
-147
-330
-273
-109
148
453
370
38
-345
-587
-596
-349
113
377
360
299
54
-320
-569
-477
-204
89
207
208
287
242
1
-295
-301
-127
49
304
174
-474
-1103
-1341
-1000
-203
786
1549
1770
1528
971
301
-360
-506
-129
598
1057
1242
1183
694
189
-502
-947
-985
-608
-304
-85
243
364
-42
-622
-773
-742
-603
-367
155
245
-16
8
1
-181
-408
-136
-4
102
130
-139
-232
-98
196
71
-105
-27
191
93
-289
-321
-348
-242
-83
-85
13
65
95
-62
-214
-104
-230
-154
-187
83
31
-178
-47
44
160
48
200
-34
-311
-257
47
83
-43
131
235
361
351
455
305
-192
-299
-256
72
516
690
523
204
393
301
-395
-796
-527
-255
-100
281
463
127
-108
-29
-213
-792
-1220
-1201
-992
-621
-313
189
401
518
745
762
1085
1020
1083
1052
964
1010
940
1190
1236
1021
356
-148
-129
-303
-239
-301
-441
-657
-617
-335
-438
-496
-985
-1324
-1483
-1456
-1063
-850
-212
133
369
383
-153
-426
-537
-94
454
1016
943
430
434
505
518
288
78
261
517
595
378
133
-172
-412
-732
-527
-181
-714
-1318
-1446
-1560
-2026
-1633
-462
57
13
78
431
144
-75
226
796
1241
1218
1524
1332
1208
664
707
1198
1329
1318
321
-165
-148
-168
-247
-838
-253
195
-193
-711
-770
-1523
-2544
-1592
810
1665
922
972
-122
-1837
-2276
-998
-17
338
1541
2150
1419
366
-665
-1404
-1357
-239
793
807
1377
1412
239
-554
-627
-391
-795
-554
-100
173
-428
-334
690
531
-352
-330
344
-78
-651
-145
435
-122
-297
359
813
256
-194
55
234
-828
-1219
90
358
344
654
335
-617
-1647
-1540
-947
821
2064
1543
1119
-369
-1532
-1292
-975
-331
756
1657
1296
430
140
-255
-874
-379
-927
-239
914
324
735
749
1415
-777
-1850
-739
542
573
169
952
-83
-402
-270
5
17
190
329
-131
635
415
-888
-876
100
413
-489
61
-487
-270
427
137
-222
-642
853
548
-1090
-1278
-160
751
735
1346
770
-1018
-1125
-1035
-115
490
1032
560
449
1081
233
-1816
-1449
-101
278
-60
2256
2045
-118
-2309
-1468
787
-624
-123
146
988
0
406
-243
190
248
-217
-760
-785
-404
116
1164
1063
1523
152
-1557
-1217
-324
-502
-850
914
1366
536
464
317
-1727
-1573
-126
154
997
1513
429
-472
-1177
-691
-1529
-607
2152
1819
543
142
-185
-1048
-1216
-215
326
605
1261
711
719
-891
-1411
379
167
-41
30
-929
72
674
1161
-344
124
-1160
-2490
-771
190
1622
1723
1005
-565
-1319
-1039
-2089
-2142
1423
1951
1699
2276
1091
-1963
-3736
-2274
92
771
1453
2771
2895
-491
-1671
-1908
-3390
-2384
1151
3187
2766
2606
693
-3403
-3570
-1672
-2056
-708
2458
4853
2314
341
-1666
-3699
-3639
-1397
1006
2201
2739
4155
1900
-1658
-2692
-2500
-2632
-1031
2097
3779
3505
1657
346
-2606
-2735
-2797
-2037
238
2502
3658
1791
1638
478
-3453
-4593
-2142
930
2147
2091
3935
1784
-1456
-3129
-3387
-2145
204
2157
2904
1784
788
-391
-1970
-1091
-924
236
448
138
424
365
573
487
-610
-687
-1030
178
40
-1287
379
2522
1360
-560
-48
-1359
-1636
758
678
555
471
674
-83
-1989
134
436
-228
-274
424
640
-1768
829
194
-628
-100
-359
663
-102
1477
1377
-817
-1083
-913
-8
451
319
1379
1173
-818
-1749
-213
301
-36
-438
-354
-269
-397
522
-38
-123
-572
25
676
-755
-756
-800
737
-89
16
580
658
954
10
-1636
-1352
-173
982
1250
314
1017
1245
-700
-2718
-720
1006
81
-1611
1746
1506
-552
-705
1047
-107
-2583
-462
614
286
812
1270
381
-1008
-611
-1255
-2171
347
1149
1105
1094
1873
-701
-2677
-1352
-776
-350
1924
3743
1353
-863
-405
-2559
-1806
1312
1436
143
2802
1608
-1999
-1504
404
-1534
-2278
1729
2695
-336
-848
1987
-1617
-2355
793
712
71
44
1198
-393
-568
18
-663
-172
707
159
-301
-606
666
562
-806
-320
1074
90
-1777
-269
1448
841
-1758
512
910
-1260
-935
562
641
631
886
-902
-532
-332
-326
673
684
-55
-388
-46
-267
531
595
-288
-984
155
906
-396
285
783
260
-463
437
-108
-853
464
1164
-211
407
-635
101
575
-823
-263
537
802
-1201
-238
-528
-673
982
-24
-15
1015
897
-1335
-2018
-85
590
3
-115
1125
759
863
-1023
-1449
-747
740
539
-119
1187
740
-1300
-1354
488
-438
-804
1179
856
-1103
7
-198
-1194
-207
779
6
-663
551
-369
-780
-104
509
27
-835
316
113
263
-776
-248
843
149
-283
209
153
252
993
-777
-466
-197
553
-424
-336
1024
62
459
-309
-1407
-27
1015
-956
-809
1121
1951
-519
236
865
-1380
-959
-363
6
291
1587
1168
509
-347
-723
-520
-1171
1236
794
-86
1352
-584
-462
412
489
-1495
-1842
2156
1650
-809
-1382
1341
932
-1296
-237
576
1300
-1349
-1126
-48
543
187
-364
1129
-724
397
-15
-1362
-909
465
505
-859
366
1307
-980
-771
303
-944
-1885
305
1883
174
-803
1283
1098
-1060
-251
-150
618
217
1
1061
129
131
214
-60
-239
-832
1000
-382
-501
332
-67
-1128
187
2896
-678
-2391
651
978
-2083
-1028
2552
1436
-1662
-261
1179
-1475
-1064
1089
491
-2681
1853
2973
-2210
-2542
1391
581
-1306
225
1390
296
-2040
1613
-52
-2066
13
2154
634
-2229
1333
996
-1365
-281
218
87
-1167
831
1069
-1097
104
945
268
-1978
-935
1166
-335
84
751
1257
-704
-1040
864
-998
-1158
1057
1801
-342
474
872
-300
-1331
-29
925
-1026
1485
2819
-774
-1799
-183
-480
-845
689
2159
88
-1885
949
-3
-1526
-791
762
1417
695
-1468
289
219
312
186
-563
-216
130
249
467
-775
257
842
-1121
-762
814
-265
-1420
846
634
-1480
-246
-129
-369
-372
260
1050
24
-153
-926
-335
242
358
248
914
445
-600
-548
159
-194
-366
464
356
405
-220
-547
584
72
-717
162
287
802
-237
79
555
-1165
-186
730
584
-1147
379
1452
40
-462
-596
-696
-423
50
525
641
-287
350
-649
-715
157
-24
-280
-908
804
1158
-910
103
731
-57
-2110
-166
754
488
384
557
1115
-376
-1003
-382
-336
146
274
162
643
29
-135
-642
-1415
-305
805
-113
263
1699
979
-1364
-1438
409
146
-580
804
1361
156
296
104
-718
-72
-74
-234
192
508
785
-558
-469
79
-418
-295
-144
75
-441
416
-134
358
529
-1004
138
-413
-638
-64
817
944
-799
615
557
-940
-1074
329
394
-627
1577
667
-812
304
-39
-364
-1254
123
1342
81
-245
839
815
-2076
-874
1482
-475
-775
1010
916
-777
-229
983
-1295
-898
943
860
-951
440
143
-1128
-29
1565
-587
-1676
918
622
-684
-801
1134
589
-988
-654
1009
172
-1366
62
766
-212
124
125
126
104
565
-603
-982
1097
210
-303
-414
1527
-292
-1160
636
-829
-528
1137
1619
-939
-301
301
-471
-888
158
720
-1206
1403
907
-49
-523
-910
556
-917
1355
480
109
518
490
609
-2426
120
238
185
40
351
1253
-1057
260
-424
-1302
-14
-256
742
167
155
-204
-48
-273
-945
382
-253
399
149
105
652
-68
-21
-1083
-560
781
555
-1110
482
1442
-523
-1026
-19
305
41
-158
183
126
152
722
-1069
-654
2
122
-4
776
1253
-751
8
-181
-37
-353
25
852
343
-436
-529
481
424
-821
-71
897
-496
-636
457
715
-899
-307
479
-247
700
-723
-443
220
587
-207
-1410
1207
217
-728
-461
982
1068
-1200
-448
298
363
168
-643
-139
604
-112
-323
-70
214
2
-790
164
430
-57
185
-626
429
98
-985
189
83
-238
-349
332
886
1
-52
-311
96
-838
-170
516
841
-317
-431
520
76
-96
-647
130
-331
786
147
-642
361
894
16
-1765
972
508
-931
51
757
216
-806
765
-635
-197
28
343
-129
385
1054
-1324
-741
740
17
-262
284
270
85
105
394
-352
-100
-194
-17
-105
-393
192
545
824
-308
-371
-645
188
143
-663
266
893
1026
-752
-287
167
-673
63
-259
792
72
457
-526
192
1048
-1003
-528
0
1185
-330
-68
389
153
-399
-513
-161
169
429
243
-557
-230
720
-387
-529
-29
547
-669
-379
777
196
-522
-204
405
-566
-360
510
86
57
6
536
-981
41
582
-474
-26
3
234
-462
734
34
-779
-97
126
111
-361
403
215
148
-114
-69
-66
237
-1008
-161
1185
475
-942
165
341
32
-492
-48
400
8
530
-1015
-75
1289
-618
-563
341
-39
-741
-122
257
-230
470
91
-766
755
206
-916
-54
607
68
-819
924
248
-490
89
-451
584
-610
-410
83
-157
784
-263
249
-140
381
-270
-1026
753
-347
270
240
594
105
-899
-306
-186
355
439
198
603
362
-254
-657
191
280
-685
746
907
-235
242
492
-439
-917
91
625
-224
387
22
4
341
-489
43
-183
721
3
-1007
298
-527
301
207
-262
916
-419
-367
426
115
271
-977
760
134
-149
154
-762
612
-30
-36
-334
384
-209
-771
-80
-8
502
153
150
-429
-216
-13
-764
-126
1034
-445
152
404
-211
77
-509
197
-171
274
610
-379
103
-117
-340
-222
421
210
-493
644
214
-784
34
590
18
-83
182
-57
-653
275
558
-470
-876
962
199
-481
342
-463
-9
-108
180
-175
-302
897
-430
-487
23
56
-112
-411
462
-174
476
453
-530
-410
-440
1016
-381
-145
891
-527
-402
-576
63
-350
497
207
247
417
-248
-74
-521
51
-511
-181
-236
495
395
-540
573
-309
-475
277
194
-196
164
444
-110
-251
517
-247
148
-20
-265
22
-51
-73
-266
97
412
-428
295
22
50
-222
216
510
-196
642
-284
406
-207
201
-721
61
223
131
24
-112
205
171
-376
35
366
-292
-331
144
285
492
272
-67
447
-759
277
-289
712
161
157
-249
-41
260
-562
26
-417
193
180
84
-28
286
-362
-105
198
-602
-451
471
132
-264
-31
419
-267
-323
132
-407
-182
519
770
-687
389
553
-957
117
-395
176
-326
467
259
-334
188
-103
-223
25
581
-659
-104
280
190
-932
-78
1024
-354
126
90
271
45
-298
150
-206
207
-553
-28
265
-163
78
-176
-130
-168
447
85
-322
387
-71
-562
746
-479
347
34
-398
257
-138
808
-393
108
344
-101
-306
262
178
-54
-149
174
119
-114
-244
-164
8
-35
53
-29
92
-269
22
24
-316
463
86
-293
255
-45
-265
-59
-19
634
-379
-259
29
314
237
-293
86
-527
56
254
-363
17
-41
716
-225
-490
575
-522
72
128
-128
-27
228
342
-265
286
-367
-616
286
-542
108
-145
421
-317
123
754
-490
-23
-159
-252
-324
341
216
21
580
256
-423
-559
348
-392
6
274
466
167
-649
695
-843
-389
261
898
-472
-261
839
-278
-621
450
81
-310
217
273
-151
78
659
-666
-369
320
562
-212
-690
1050
-191
-303
13
-155
-47
-137
624
-319
141
278
261
-697
-532
321
-264
-315
670
78
-71
501
23
-21
-764
639
-257
-455
577
650
-206
-41
30
-554
179
-772
202
451
36
156
-65
-39
-327
-248
-116
-34
327
577
204
-279
447
-395
72
38
-189
355
39
448
-371
-60
-230
232
70
-728
391
165
-92
-405
408
-228
-76
-28
-126
17
147
163
-69
-222
545
75
-458
-137
301
-100
329
-331
-67
-378
-219
748
-599
-181
-283
317
37
-187
345
-468
-300
284
-99
73
12
305
81
200
863
-543
-477
427
244
-518
-447
1010
714
-734
-395
462
-523
-324
27
168
-210
16
125
80
54
164
-147
-114
105
-119
-328
665
464
-276
-417
574
114
-626
54
-157
165
-190
206
-357
323
7
-635
396
682
155
-672
165
577
-818
527
226
-121
-185
48
15
-236
-51
-149
-483
57
313
-496
-276
93
311
-285
-333
439
-49
-207
71
-135
426
-18
125
261
-42
62
-103
-254
334
-360
133
389
-121
169
224
-278
160
-139
-22
-257
-241
540
-360
193
133
-95
-138
64
221
-358
249
-183
114
329
-289
10
355
296
-477
-78
1155
-384
-61
-46
-188
52
7
-273
-127
184
53
-41
-254
15
-367
-39
62
-388
610
164
615
-425
-150
188
-358
81
191
480
378
-47
-374
-132
137
-570
-256
-48
436
20
122
-132
-264
-39
-193
-165
-684
564
156
524
61
-693
-153
352
-17
-580
110
586
170
244
-128
-105
-283
149
-240
-35
804
-96
-228
431
227
-615
33
345
-366
222
88
-17
-257
530
-577
-329
254
-361
224
-328
205
-75
67
157
-256
78
-227
-8
28
549
186
-76
333
-454
-104
-193
221
580
-48
88
445
-324
-129
81
-112
-406
370
472
-507
171
349
-647
-236
133
-86
-579
204
324
-564
231
-17
-74
-566
309
252
-395
256
600
-260
-171
-160
295
-62
-141
161
190
225
-652
317
-356
242
24
-155
-57
291
271
-724
-226
-48
310
-596
495
-215
240
-315
344
-176
-545
284
-11
364
-207
840
-401
107
-381
-17
97
342
318
-139
79
126
6
-770
421
314
-324
-180
360
137
-348
484
-111
-612
352
654
-413
-62
-17
102
-58
263
160
-528
123
-4
35
161
390
-105
-703
645
-583
311
26
48
15
-136
155
-447
469
-766
293
-273
157
22
-240
713
-322
-436
8
633
-405
-262
419
193
49
116
181
-196
7
108
-114
353
138
-312
561
-512
19
-183
398
-281
-345
271
359
205
-417
369
-687
382
-219
183
-138
8
262
-519
642
-166
-381
-66
264
146
-790
857
-159
182
72
-167
-488
-28
145
-242
173
526
-144
-34
424
-206
-437
-516
344
-44
-92
41
328
117
-772
58
434
-229
-577
-294
235
444
516
-704
351
133
-405
-449
453
97
-433
67
330
83
50
24
81
-403
-19
-102
63
654
-603
222
-123
510
-325
-307
273
-40
4
-272
239
94
-109
-125
212
303
119
-461
-94
109
-314
339
-87
138
522
-409
-170
143
258
-712
-300
423
287
-234
238
230
-333
-251
329
-242
-538
393
392
-123
129
717
-703
-330
103
-44
-102
574
-164
-19
131
65
-199
-334
170
-144
116
154
-36
231
597
-635
-246
658
-567
-158
99
440
124
23
298
-848
175
-117
-58
97
275
415
-219
353
-278
-444
-24
343
-60
-368
521
-22
-78
-30
-476
75
-442
572
-376
552
327
-463
237
-132
458
-833
156
124
-216
347
157
75
160
-406
-554
376
68
-135
410
55
454
-344
-167
362
-281
-460
-152
285
182
371
-409
-8
462
-269
-418
-110
469
20
1
221
42
-319
-194
212
59
-102
-184
-175
350
371
-1008
25
436
-24
-425
98
503
-345
-119
193
76
-130
-509
344
86
-591
220
133
60
-55
-382
167
-246
147
-321
-17
297
-250
155
-10
-327
-25
166
-424
260
187
-212
-179
393
328
-548
97
285
-171
160
-125
60
47
34
211
-111
318
-26
-260
259
176
143
-220
320
220
-524
-117
514
186
-185
153
306
-135
-10
104
132
1
70
-76
-94
-159
-521
308
79
-462
53
228
446
-343
-331
359
-68
194
-260
287
186
-59
-67
194
105
-10
-212
-473
357
213
-266
365
-309
-104
148
-52
487
65
-380
18
151
-203
310
239
-127
-180
-93
238
211
147
-211
-296
191
253
-360
111
113
-175
-25
246
-137
-278
438
-180
-206
171
145
14
-399
-286
346
-148
-561
62
280
-427
-322
546
0
-427
388
-352
-269
155
-226
218
-94
344
-391
-30
259
-9
-96
-170
3
-455
110
345
-290
-62
-420
421
132
66
-143
-186
230
50
-192
-232
251
203
-677
121
96
-93
-114
87
-79
281
212
-241
244
-237
-348
294
526
-27
389
-141
-422
349
-295
359
78
248
-112
-267
824
-510
-328
16
249
123
-92
353
-229
-209
-523
66
416
-131
231
-146
306
-448
-343
305
360
188
-376
507
517
-255
-238
108
168
-337
-27
645
-97
-252
-83
-54
266
60
-704
-241
509
300
-754
420
207
-547
-179
495
311
-357
332
-152
229
214
-439
38
277
40
-90
191
552
-519
-402
706
-641
-204
364
241
87
-8
-197
-113
387
-48
-406
335
77
-276
-180
164
190
-734
354
-158
82
155
-258
62
-39
8
238
-47
200
-338
-5
149
20
122
-86
246
-285
-339
433
125
-533
-328
-45
124
190
46
-26
-46
137
-127
-354
401
74
-564
-118
431
-103
-162
167
-58
-399
35
367
-187
-255
288
231
-164
98
175
-312
187
-178
-391
183
370
110
-377
110
-86
92
-420
87
617
-187
-468
517
407
-310
-244
503
152
-414
-1
70
340
-150
-376
-318
524
-43
-417
188
-28
-358
-41
-277
18
256
-81
-223
159
530
-412
4
-4
241
-612
-176
954
-62
-220
85
340
-235
-127
-76
-169
347
206
123
-469
574
-179
-376
261
254
517
-732
-118
307
155
-404
13
349
-235
-230
268
-72
-229
511
-310
248
-221
443
232
-431
471
192
254
-395
84
-468
-46
471
-50
20
-176
297
-382
-61
-1
-260
-110
-273
168
31
309
-226
-80
343
-607
463
12
-18
11
-124
399
-321
370
4
-88
75
-434
269
67
153
112
174
327
-336
111
-474
-37
411
-240
-171
351
659
-778
-220
329
105
-186
-138
495
-290
-201
89
-60
-281
-174
142
97
-18
-195
-202
-57
102
-175
-98
201
168
-60
-565
324
318
-230
-26
429
-57
-101
25
58
119
-135
-226
20
177
20
-10
43
136
-38
-618
-64
373
-78
32
216
68
77
-82
-190
-275
30
434
-1
-236
-195
203
-274
155
155
-128
144
312
-208
-711
619
162
-336
33
513
83
-462
249
-59
-59
132
355
220
-420
264
281
-519
-223
210
372
-356
-299
288
441
-370
-334
554
-407
-189
128
75
-276
-16
85
-346
118
18
58
-284
3
102
-201
494
-62
-237
135
192
379
-16
-630
-63
436
-222
-404
469
52
-345
-146
-198
491
-302
228
-57
104
119
-296
138
-82
-94
-148
-130
-53
176
302
-105
155
90
-312
132
221
261
-141
-15
-27
9
-120
150
389
-170
-333
-109
69
-269
41
207
-46
124
76
-242
-294
125
-363
-167
666
367
-124
191
-185
-459
177
235
-88
-242
423
278
-101
26
-41
12
-323
-284
-3
183
-104
93
251
-409
32
320
65
-356
260
153
-264
280
291
-153
154
395
-55
-274
438
353
-822
246
258
-255
89
351
-267
-203
128
46
-443
-89
269
-514
-68
476
-142
-172
262
27
-232
-186
-28
-39
-136
190
-77
198
206
-200
-142
-140
-74
-103
80
250
-21
257
283
-213
42
-406
-420
297
75
12
23
101
10
-86
-38
-228
4
192
124
-60
57
40
-132
61
-245
-277
172
-20
-54
-210
353
-347
-152
397
-378
-64
145
529
-438
-10
450
-250
-28
21
132
-320
61
306
-43
33
-137
197
-178
204
223
-432
-389
105
566
0
-6
257
68
-119
-208
142
-92
-135
53
493
-20
-106
-13
-327
-66
-8
322
-133
63
469
156
-259
170
548
-634
-371
658
-192
-346
275
196
-293
-293
59
-10
-401
-3
237
21
20
155
97
-10
-121
-77
49
23
91
168
-265
193
448
-75
39
94
-180
-313
-58
181
-28
-105
455
80
-245
-577
-109
23
-273
504
102
-118
120
295
-60
-132
-87
-254
205
110
82
-104
-112
-16
104
-132
-351
41
-456
-174
584
158
-568
-31
226
-468
-203
351
-93
-154
389
144
-202
85
161
-272
-202
609
318
-523
-99
260
-294
-271
399
126
-263
21
269
-499
-243
493
252
-415
73
212
-33
-300
285
247
-418
157
278
24
-202
397
81
-268
257
514
-261
-514
278
412
-85
-27
295
-250
-606
245
486
-527
-377
298
15
-240
203
47
-196
72
14
-24
236
72
-383
-62
145
37
-9
125
-117
22
138
-234
49
215
-209
-116
235
90
-195
-123
77
54
226
-41
-150
83
-323
-30
91
158
-11
-22
44
-86
80
-164
129
-11
-161
224
175
-18
-165
-39
-59
-125
-53
143
-24
-269
1
173
1
101
32
62
2
-1
44
-214
-95
-49
267
122
276
130
-60
-289
-364
192
80
-41
0
301
360
93
-275
-191
60
36
90
346
242
86
-165
-233
286
450
-108
-198
67
-21
-209
-24
138
-235
-40
280
337
-210
-523
-370
60
320
42
86
-88
-368
-94
138
-32
-25
-243
-356
201
461
58
-331
-52
-180
-260
266
285
-235
-346
-40
112
134
67
-138
-248
83
147
187
320
-263
-481
-172
292
251
67
-60
-203
-14
48
70
198
-224
-326
139
156
242
93
-309
-280
-19
6
-60
214
257
-318
-46
362
61
-266
228
-163
-381
192
373
117
-195
282
-306
-204
160
-50
-141
-13
374
-315
-133
190
-102
-310
-80
370
-11
-236
62
247
-28
57
-46
-251
5
71
62
151
231
85
-412
-192
-9
98
447
252
5
-231
-15
-175
-203
248
33
-176
49
188
52
-204
-51
-120
-92
377
394
64
-65
127
-152
-492
121
288
142
91
311
50
-355
-171
-36
-155
-66
360
319
-76
-18
-60
-266
-113
106
210
162
204
-63
-164
-72
-152
-155
33
280
165
12
163
-26
-263
-448
-194
-115
82
367
369
114
-76
22
-139
-260
-31
115
58
194
210
92
-124
-93
-439
-552
-25
404
301
74
349
-8
-480
-365
3
22
-35
117
397
180
-96
-274
-252
0
-131
127
270
187
-41
-43
-119
-392
-212
-120
225
383
276
109
-54
-76
-242
-359
-95
151
59
72
330
258
-264
-566
-412
96
253
174
257
67
-265
-375
-335
-45
148
104
24
398
413
-43
-236
-255
-253
-243
259
545
324
16
-91
-216
-327
-272
-186
277
326
116
156
101
-219
-487
-339
114
251
222
82
179
116
-335
-377
-153
105
-8
213
456
329
-35
-258
-249
-102
-24
-104
246
428
262
63
222
118
-380
-479
-238
151
295
480
364
110
-211
-483
-377
-333
-71
157
306
388
162
-125
-391
-165
-47
-136
45
248
313
148
181
69
-66
-271
-290
-98
-10
193
384
225
-72
-163
-130
-135
-147
-8
51
74
126
180
-58
-159
-120
-123
-72
60
161
64
17
8
-163
-285
-267
-99
94
179
80
-99
-198
-134
42
68
78
-8
-10
-114
-73
-38
-24
81
-124
-199
-181
-182
-74
249
403
106
-148
-156
-243
-293
139
355
346
220
67
14
-180
-235
-124
157
358
254
9
-49
1
9
-10
-63
19
-64
-160
84
236
136
19
44
-149
-379
-337
-98
90
133
175
104
31
-179
-303
-204
-55
76
242
280
69
-115
-83
-26
34
50
-33
-183
-185
88
275
188
-27
16
-127
-266
-161
-169
-95
110
342
329
123
101
-64
-151
110
399
339
121
189
185
-22
-55
4
-27
-136
-58
34
10
30
55
-16
-114
-102
-162
-154
-78
-27
-63
-37
103
-38
-119
-140
-70
111
209
239
55
-140
-187
-38
151
242
210
183
90
-74
-265
-273
-120
18
179
276
201
-71
-222
-325
-197
63
165
87
25
-31
-188
-284
-220
-11
118
145
161
71
-150
-239
-210
-155
0
157
238
144
-38
-177
-286
-286
-70
172
251
128
17
-85
-275
-227
-101
-43
143
230
134
9
-94
-175
-173
-18
161
189
107
18
-116
-166
-121
-16
54
176
255
109
-86
-223
-199
-69
52
167
252
207
37
-128
-146
-109
-127
22
178
247
132
-98
-166
-216
-224
-193
-27
190
196
155
112
33
-124
-209
-255
-141
110
252
327
271
66
-227
-286
-192
-47
85
218
348
279
116
-49
-107
-159
-142
24
169
286
275
169
38
-152
-290
-246
-53
73
191
295
194
13
-116
-190
-241
-134
65
229
266
263
147
-55
-125
-138
-71
15
148
201
148
130
35
-67
-178
-207
-124
-59
16
51
54
2
-60
-118
-166
-133
-60
4
3
24
13
-70
-134
-143
-44
20
40
107
122
72
-7
-34
-48
-66
-44
39
73
55
24
10
-7
-38
-26
-33
-39
-2
53
74
110
98
8
-88
-132
-107
-85
-48
27
57
44
-11
-56
-101
-155
-170
-148
-72
-22
9
3
-4
8
-20
-51
-108
-151
-101
31
147
128
24
-71
-118
-136
-94
-7
33
38
11
2
-31
-57
-62
-57
-28
0
36
37
-11
-30
-7
-9
-2
-3
-18
-15
7
30
30
39
38
11
10
34
53
50
27
0
-19
-32
-51
-23
46
90
90
95
68
19
0
0
9
45
94
131
161
164
135
72
21
-11
-1
36
62
101
123
125
87
6
-44
-78
-60
-17
25
44
40
24
-10
1
-6
-16
-8
-13
-4
1
9
9
21
3
-49
-65
-49
-37
-45
-24
4
-16
-44
-58
-53
-53
-42
20
73
56
5
0
5
-29
-30
-11
14
41
43
41
30
13
-7
-25
-25
-1
59
83
40
-14
-34
-72
-85
-57
-51
-76
-81
-54
-66
-82
-76
-38
3
41
22
-33
-56
-62
-18
16
6
-35
-59
-57
-39
-27
-43
-54
-27
29
38
32
36
16
-14
-42
-35
-37
-30
-1
16
13
-1
-8
-22
-22
-6
17
23
30
39
19
7
7
6
5
13
13
-2
25
64
67
38
40
40
23
2
-9
-5
12
51
70
62
40
17
16
17
15
22
31
53
86
85
42
-3
-32
-39
-21
-16
-14
-11
-23
-42
-46
-52
-67
-29
20
61
83
81
63
39
50
46
18
-2
-19
-27
-42
-37
-9
20
18
5
2
-3
-12
-9
0
-32
-49
-39
-28
-7
-16
-34
-47
-29
1
7
-15
-65
-74
-63
-53
-5
10
-26
-74
-89
-89
-80
-42
-30
-9
18
30
3
-28
-23
-1
25
29
42
50
30
10
3
-1
-3
11
29
46
49
56
59
46
39
24
23
13
13
9
6
11
12
16
15
20
11
7
13
11
3
25
51
63
54
27
-3
-13
-19
-6
30
34
19
3
-1
-21
-47
-41
-46
-43
-21
7
30
22
2
-38
-44
-13
14
28
33
15
-20
-39
-36
-28
-40
-70
-66
-12
40
18
-11
-20
-12
-28
-48
-11
7
2
2
23
6
-33
-42
-15
14
2
-31
-58
-58
-38
-35
-19
-19
-22
-19
-25
-20
-32
-26
-16
-16
-22
-39
-37
-32
-1
37
56
65
71
37
3
0
4
31
44
54
32
3
13
16
1
-8
15
55
72
45
28
52
61
54
55
60
63
51
56
67
61
28
7
13
-1
-5
10
10
-11
-27
-28
-20
2
24
-3
-45
-37
-18
-28
-31
-17
-18
-22
-12
-1
-13
-31
-30
-38
-66
-79
-37
2
4
-10
-4
23
20
-2
-8
-1
-7
-46
-25
25
36
29
17
11
-4
-9
-9
-18
-24
9
64
98
87
27
-29
-48
-22
-2
-14
-16
-16
-19
-36
-4
37
8
-23
-21
-21
-26
-9
4
-13
-26
-37
-44
-39
-12
-10
-19
-24
-31
-40
-50
-36
-16
3
-9
-28
-38
-20
5
9
18
19
0
-28
-31
-25
-20
-8
6
10
0
2
-5
-12
10
39
43
23
19
18
2
8
28
25
15
37
35
8
2
8
24
33
43
31
18
14
4
3
10
26
26
21
19
26
29
34
34
25
25
35
52
50
47
32
8
-8
-6
14
13
15
13
-6
-9
-12
-17
-27
-30
-24
-27
-32
-32
-33
-36
-35
-25
-29
-34
-32
-22
-10
-9
-3
-2
-9
-14
-18
-17
-8
3
5
14
25
13
-5
-11
-8
4
16
16
0
-11
-8
-2
7
15
19
18
20
10
2
-2
-5
-3
-13
-20
-22
-28
-32
-21
-11
-11
-21
-35
-38
-42
-39
-32
-20
-6
-12
-13
-10
-9
-4
-3
-2
9
10
14
15
15
17
11
7
12
18
25
24
19
15
12
8
4
6
7
18
18
19
15
8
3
-4
-3
-5
2
4
-2
-3
-5
-11
-16
-13
-11
-9
-9
-11
-14
-17
-26
-30
-21
-18
-12
-4
0
6
6
3
4
8
18
27
38
43
46
45
37
34
31
32
39
46
48
37
30
24
21
16
18
19
20
12
8
6
3
-6
-9
-12
-14
-13
-14
-16
-17
-12
-13
-16
-21
-19
-22
-25
-23
-23
-23
-20
-19
-20
-17
-14
-13
-9
-4
-4
1
7
14
19
12
8
9
5
5
5
5
4
-5
-13
-18
-25
-30
-24
-16
-13
-11
-17
-19
-22
-25
-23
-20
-14
-8
-4
-5
-2
-7
-9
-7
-1
4
5
9
13
11
4
1
-3
-6
-6
-3
-2
-1
2
-3
-11
-19
-18
-13
-2
4
5
7
4
0
-1
1
-1
-1
4
6
5
8
12
8
8
9
7
10
16
24
26
31
27
21
17
17
21
24
26
24
19
13
6
2
3
2
5
9
10
4
3
2
3
-3
1
0
2
7
3
5
-2
-5
-5
-3
-9
-12
-13
-11
-6
0
4
-1
-5
-1
-3
-5
-7
-12
-14
-15
-15
-13
-11
-4
-2
1
-1
-3
-7
-11
-11
-10
-7
-11
-15
-18
-23
-23
-18
-14
-16
-15
-10
-8
-5
-9
-9
-12
-11
-9
-5
1
0
0
-2
-6
-5
0
-2
-3
-1
4
1
3
1
7
12
12
9
6
5
4
4
2
2
-1
-2
1
6
3
0
0
0
2
5
3
7
14
14
16
17
11
12
20
25
25
24
22
22
16
12
8
5
5
8
12
9
9
7
4
1
5
1
-4
-8
-5
-2
-3
2
-2
0
1
0
-2
-4
-6
-2
1
6
2
1
-1
-4
-7
-11
-10
-6
-4
-2
-2
-5
-2
-5
-4
-3
2
0
1
0
-1
-9
-18
-25
-31
-27
-19
-13
-8
-14
-18
-23
-24
-22
-22
-14
-7
-2
-6
-7
-12
-21
-28
-27
-21
-19
-15
-13
-15
-18
-26
-34
-30
-20
-9
-1
6
11
13
11
13
18
20
27
35
38
38
36
29
21
21
20
15
18
21
18
10
5
0
0
0
7
20
26
31
33
29
22
20
18
20
27
32
32
27
25
20
12
16
16
14
14
11
6
0
2
2
5
8
7
7
9
7
3
0
1
0
1
0
-4
-6
-6
-12
-14
-13
-16
-14
-18
-21
-21
-14
-13
-8
-2
-3
-2
-8
-13
-13
-10
-5
4
12
11
8
1
-6
-10
-14
-13
-9
-3
3
6
6
-3
-10
-14
-15
-12
-3
3
5
3
-7
-13
-19
-29
-29
-23
-21
-16
-21
-28
-39
-47
-48
-46
-38
-28
-19
-20
-18
-25
-23
-15
-6
5
18
25
26
25
18
9
4
0
3
10
9
8
1
-2
-6
-13
-13
-9
-6
0
1
4
5
0
-4
-5
0
4
6
12
14
16
16
15
10
2
-1
1
1
1
10
13
6
5
4
11
11
16
20
15
21
17
13
10
3
2
1
6
8
12
15
12
5
-6
-10
-12
-12
-7
-7
-5
-4
2
0
-8
-12
-8
-6
-1
8
6
1
-4
-13
-24
-19
-11
0
8
13
16
10
0
-7
-1
1
3
6
9
4
-3
-14
-17
-20
-25
-28
-27
-21
-19
-16
-19
-18
-17
-17
-16
-10
-7
-4
-2
2
6
-3
-8
3
7
14
15
13
10
7
10
11
15
16
24
28
32
33
36
38
39
39
44
46
38
31
31
33
27
17
9
7
7
5
8
11
10
16
16
13
15
13
16
19
20
22
10
6
7
5
3
-5
-9
-17
-19
-20
-18
-20
-18
-10
-4
-1
2
7
10
11
15
13
4
4
1
1
5
4
7
3
-4
-16
-24
-24
-23
-24
-23
-21
-19
-25
-33
-32
-36
-36
-29
-24
-26
-25
-24
-21
-13
-16
-11
-10
-10
-11
-17
-17
-21
-20
-17
-17
-20
-26
-27
-22
-22
-19
-24
-25
-16
-17
-13
-14
-17
-11
-13
-8
-8
-6
-7
-10
-5
-6
5
4
4
12
13
10
8
6
5
1
3
11
15
17
14
13
15
15
21
23
29
28
25
23
22
24
17
10
12
13
17
22
25
25
23
17
11
15
17
20
23
19
19
15
8
7
6
7
6
1
-1
-3
-11
-17
-25
-25
-22
-17
-10
-6
-8
-8
-3
-2
-5
-8
-10
-10
-9
-5
-1
4
13
15
12
12
12
9
8
9
11
10
9
2
4
0
-5
-4
3
6
5
2
-4
-7
-11
-12
-15
-9
-5
-4
-4
-10
-8
-8
-12
-6
-1
8
16
20
21
14
9
10
20
28
29
22
18
16
8
2
-4
-3
-2
4
11
9
4
-1
-4
-5
-7
-7
-9
-10
-13
-15
-28
-33
-34
-40
-39
-39
-36
-36
-33
-33
-29
-27
-34
-32
-29
-25
-26
-27
-21
-18
-17
-11
-6
-1
2
7
12
12
15
15
16
16
18
15
10
6
-3
0
6
8
11
16
15
12
9
10
8
12
16
22
22
22
12
4
2
4
7
1
-3
-6
-4
2
12
16
18
23
27
29
28
28
27
23
22
24
27
30
25
24
19
14
9
2
5
8
11
11
9
9
10
5
2
2
-3
1
5
12
15
8
6
-2
-9
-4
-11
-21
-22
-17
-14
-17
-23
-25
-23
-19
-18
-20
-20
-19
-19
-19
-11
-14
-16
-21
-18
-14
-17
-16
-15
-17
-18
-22
-27
-26
-24
-27
-32
-30
-30
-26
-27
-28
-24
-20
-15
-9
-2
1
10
9
13
16
5
4
0
3
8
4
5
10
15
13
15
13
14
16
18
22
24
22
18
21
16
11
8
13
6
5
1
-5
-9
-7
-3
-8
-4
-10
-11
-5
-4
-7
-4
3
9
13
9
15
14
14
11
11
9
3
2
-4
-3
-1
3
5
7
7
6
4
4
3
2
4
7
10
11
10
13
14
11
17
12
6
0
-4
-4
-3
-3
2
-1
-5
-7
-9
-9
-14
-8
-2
5
10
14
14
14
13
14
15
17
22
22
16
14
10
2
-4
-7
-6
-6
-6
-4
1
4
1
-2
-4
-1
0
-4
-5
-1
2
-4
-8
-14
-15
-9
-9
-9
-8
-2
-3
-5
-5
-3
-1
1
4
10
10
9
7
6
4
-2
-7
-13
-16
-15
-15
-18
-21
-19
-18
-21
-22
-17
-16
-17
-17
-18
-20
-16
-13
-10
-2
-1
-1
-3
-10
-10
-12
-13
-9
-3
0
2
1
-1
2
3
5
1
1
-1
-1
0
-2
-7
-8
-4
-7
-7
-8
-9
-6
-8
-9
-10
-11
-11
-11
-15
-14
-15
-20
-17
-14
-9
-4
-2
-2
3
8
8
7
16
21
20
19
21
22
27
25
28
30
28
29
30
33
37
37
33
28
29
32
29
31
36
34
34
30
25
21
17
12
15
15
11
9
3
1
-4
-6
-8
-10
-18
-19
-19
-19
-15
-15
-13
-11
-13
-8
-13
-15
-15
-20
-12
-15
-16
-11
-10
-6
-7
0
-2
-2
-1
-3
0
1
-6
0
0
-6
-12
-16
-13
-9
-4
-1
3
1
2
-2
-3
-1
-2
-2
2
-1
2
0
-3
3
7
7
11
9
3
-12
-20
-18
-20
-15
-15
-9
-1
0
0
-2
-10
-8
-8
-11
-11
-9
-7
-9
-4
-2
-6
-12
-15
-15
-15
-9
-6
-7
-4
-4
1
1
0
5
4
8
10
16
18
13
11
7
8
7
9
13
16
16
9
5
5
-4
-11
-14
-18
-15
-13
-5
-2
-2
0
-1
0
-2
1
3
0
-3
-4
-8
-15
-18
-13
-9
0
5
9
10
7
6
1
-1
-1
-3
-3
-2
-2
2
3
-1
-1
0
-2
4
3
5
2
2
1
-4
0
2
12
21
23
24
15
13
12
13
14
12
9
6
6
-1
-6
-7
-14
-15
-13
-10
-6
-5
-3
-1
8
8
-2
1
-2
-3
-8
-7
-1
-2
-4
-7
-3
-6
-4
4
6
10
15
23
28
29
31
29
23
16
10
6
-4
-11
-7
-7
-5
0
5
7
4
2
-5
-9
-13
-11
-8
-7
-3
-8
-10
-14
-14
-18
-15
-5
1
0
-2
-9
-13
-14
-20
-15
-14
-9
-8
-12
-10
-5
-4
-5
-2
0
2
6
8
7
7
3
1
-2
-2
-1
-3
-2
7
9
6
10
9
13
12
14
16
20
17
9
6
3
4
1
-3
-4
-3
-1
-2
3
4
7
12
7
6
7
8
8
6
4
7
1
1
0
-5
-8
-9
-2
4
3
5
5
-2
1
0
-6
-4
0
-2
-1
-2
-6
-10
-15
-11
-5
2
7
4
2
-2
-9
-9
-10
-10
-12
-10
-9
-10
-10
-13
-13
-10
-10
-7
-3
-2
2
-5
-6
-6
-11
-12
-13
-12
-10
-11
-8
-8
-3
4
4
6
5
0
2
-2
-4
-4
-2
-1
-4
-7
-10
-8
-8
-5
0
4
6
15
15
12
12
11
11
9
12
12
11
9
13
9
9
13
14
17
10
12
14
10
7
5
4
7
4
2
3
-1
-2
1
-2
0
2
7
11
10
7
8
10
9
8
5
5
3
-2
-4
-2
-3
-3
-1
-1
1
3
5
3
-2
-4
-4
-2
-1
0
0
2
0
-1
-1
2
1
3
7
11
9
2
4
1
-3
-3
-4
-6
-3
-6
-6
-2
-2
-2
-3
-4
0
-2
-8
-11
-14
-19
-19
-18
-20
-22
-21
-20
-22
-16
-13
-8
-8
-9
-9
-11
-11
-10
-16
-15
-15
-15
-15
-10
-9
-6
-4
-2
2
2
6
9
3
4
5
0
2
7
6
2
8
10
9
9
10
11
11
15
19
22
21
19
15
14
10
12
7
5
4
1
2
-1
0
-6
-7
-4
-6
-8
-9
-3
-1
-7
-4
-6
-7
-5
-8
-7
-2
0
-4
-2
-1
0
-1
-2
-3
-5
-4
-3
2
2
1
3
0
0
-4
-2
1
7
8
9
5
-3
-4
-1
0
3
1
-2
2
2
-2
-1
-2
-4
1
3
2
3
-2
-2
-4
-9
-5
-6
-5
-5
-6
-4
-4
-3
-4
-2
4
3
5
9
10
10
8
6
5
8
8
7
9
6
10
11
16
14
14
17
12
9
7
4
4
5
8
11
11
6
4
4
5
2
-1
3
3
2
1
1
3
4
6
4
4
5
4
5
8
7
4
3
1
1
0
-6
-2
2
-4
-3
-1
-3
-1
-4
-2
-1
-1
-4
-10
-8
-8
-10
-10
-11
-12
-18
-19
-20
-23
-21
-22
-16
-14
-12
-12
-12
-11
-8
-5
-4
-1
-1
1
-1
0
2
2
2
-1
-1
3
4
6
6
5
7
9
10
8
13
13
12
14
14
11
4
1
-2
-6
-9
-4
-5
-9
-9
-13
-10
-13
-15
-12
-9
-10
-8
-8
-11
-12
-16
-10
-14
-12
-12
-14
-10
-13
-10
-10
-8
-10
-8
-6
-10
-8
-5
0
0
-5
-5
-2
-6
-4
1
3
4
3
5
6
4
4
10
10
12
15
17
14
9
10
12
14
14
16
16
14
15
15
17
18
21
25
26
25
27
27
25
23
21
23
28
27
23
20
15
17
13
11
11
11
11
9
9
11
8
3
1
3
1
4
2
-1
-4
-9
-10
-11
-13
-15
-20
-24
-25
-27
-32
-36
-34
-36
-37
-39
-37
-37
-32
-28
-20
-17
-11
-8
-4
-5
-9
-7
-8
-10
-12
-4
-8
-9
-10
-4
-3
-6
-5
-3
-3
-3
0
-1
-5
-7
-6
-7
-8
-11
-8
-12
-9
-9
-7
-1
1
9
10
11
10
11
6
3
7
7
7
9
11
11
15
18
18
19
20
21
20
18
16
14
10
10
10
6
-1
-4
-3
-1
1
5
8
7
7
12
13
10
9
4
4
3
3
-4
-8
-8
-10
-8
-4
0
2
3
7
9
12
8
8
8
3
3
2
3
4
2
2
8
12
7
7
7
4
3
7
8
11
8
5
6
0
-2
-3
-1
5
8
9
8
12
11
13
15
15
14
10
7
-1
-7
-14
-17
-16
-18
-18
-18
-16
-19
-25
-23
-24
-21
-22
-19
-19
-20
-19
-23
-20
-21
-14
-11
-10
-7
-3
-4
0
-1
1
3
2
5
7
6
7
8
4
1
-1
2
-1
0
-8
-3
-2
-5
-1
-3
-4
-8
-7
-9
-16
-16
-19
-16
-15
-14
-9
-8
-7
-8
-9
-7
-4
-2
-4
-6
-8
-7
-6
1
0
6
12
14
11
6
4
3
5
7
10
8
12
13
9
7
7
10
13
13
13
12
11
11
8
6
6
4
6
7
7
5
-1
-2
-5
-5
-4
0
1
1
6
6
6
7
1
0
3
5
0
-5
-2
0
1
4
7
4
-2
0
-2
-1
2
5
8
12
12
6
8
11
8
11
10
9
7
2
-1
2
1
4
5
7
8
8
7
9
6
5
3
3
1
-2
-2
-11
-13
-15
-14
-17
-13
-7
-8
-3
-8
-9
-7
-5
1
0
0
-3
-2
-3
-5
-6
-6
-6
-4
0
1
5
7
8
6
7
10
11
12
11
11
8
6
6
2
1
3
3
5
2
5
8
7
7
5
6
6
5
4
2
-3
-3
-7
-7
-6
-13
-13
-18
-13
-10
-9
-8
-5
-4
-2
0
-5
-9
-13
-15
-16
-16
-16
-10
-10
-6
-1
-1
3
4
8
8
15
15
12
10
6
6
7
5
0
-1
-4
-6
-10
-12
-9
-7
0
-1
-1
-5
-13
-12
-13
-16
-15
-17
-17
-20
-17
-14
-9
-2
-1
6
7
11
12
11
13
10
8
10
7
5
0
-2
-4
-9
-6
-6
-8
-6
-6
-6
-8
-2
1
5
7
4
5
4
1
-2
-1
-1
-1
1
6
10
4
5
8
11
13
11
9
2
0
0
-5
-8
-14
-18
-19
-13
-13
-19
-20
-20
-16
-15
-12
-11
-9
-3
0
0
1
4
1
3
8
8
5
8
6
3
4
7
13
15
24
25
26
25
17
14
8
7
9
11
12
4
0
1
0
1
-5
-5
-4
0
1
2
5
9
12
21
25
30
37
40
39
36
35
32
28
23
18
17
18
20
20
18
15
6
-1
-9
-12
-14
-15
-11
-12
-13
-10
-8
-11
-13
-12
-6
-4
-1
-2
1
4
-1
1
1
0
0
0
-1
-1
-1
1
-6
-10
-13
-19
-21
-26
-28
-26
-26
-25
-24
-23
-30
-37
-39
-36
-34
-33
-31
-33
-31
-31
-29
-22
-18
-11
-4
2
7
7
10
7
7
1
1
4
1
5
3
-1
-6
-11
-22
-23
-22
-22
-25
-20
-17
-17
-17
-21
-15
-13
-13
-6
-4
0
1
3
3
8
10
11
17
15
18
20
22
22
23
26
26
29
34
30
31
26
28
29
28
34
26
22
12
7
4
2
4
3
6
8
7
7
6
7
5
5
6
7
7
4
1
-5
-6
-9
-6
-3
2
1
-3
-9
-10
-10
-16
-13
-15
-9
-6
-7
-4
-5
-6
-8
-11
-3
1
-5
-5
-7
-5
1
4
12
18
23
25
25
27
21
19
20
23
22
19
12
7
6
9
5
8
9
7
2
-1
-8
-10
-12
-18
-14
-11
-12
-11
-11
-14
-8
-9
-10
-5
-8
-8
-11
-9
-10
-13
-8
-4
3
2
6
6
10
10
4
-3
-1
-1
-6
-5
-3
0
-4
-8
-6
-5
-5
-12
-15
-17
-19
-21
-20
-15
-15
-16
-17
-16
-15
-13
-14
-13
-9
-6
-9
-4
-5
0
-3
-3
5
11
13
14
17
14
15
13
9
12
10
10
10
18
19
17
21
22
27
27
22
23
20
17
11
12
13
11
9
12
15
13
9
6
4
0
-6
-4
-4
-1
-2
-4
2
5
3
3
1
-2
-10
-14
-10
-10
-11
-10
-7
-10
-7
-7
-12
-10
-8
-6
-6
-6
-5
-9
-10
-13
-14
-11
-11
-12
-10
-9
-10
-13
-9
-12
-12
-9
-11
-7
-8
-4
-2
-1
-3
-5
-8
-9
-11
-8
-16
-18
-11
-10
-8
-9
-6
-5
-1
-2
0
2
1
0
0
4
2
5
5
-1
3
5
6
7
10
7
0
1
4
4
5
6
6
6
12
10
9
5
1
0
-3
-4
-5
-7
-7
-6
-4
-1
-4
0
1
-4
-3
-1
-1
-1
-5
2
4
9
10
7
10
13
16
13
12
14
10
8
9
7
8
6
5
3
0
-4
-4
-8
-9
-9
-2
1
0
2
2
1
2
1
5
4
4
8
8
13
14
16
13
7
10
9
8
8
7
10
12
13
9
7
5
3
8
6
9
13
10
13
11
11
7
3
2
3
7
7
9
13
10
6
5
2
3
1
0
3
1
2
-3
-1
2
-1
-2
-4
-9
-11
-11
-13
-17
-16
-14
-8
-11
-10
-5
-9
-12
-14
-15
-16
-14
-13
-11
-12
-13
-13
-14
-13
-6
-3
-1
0
-4
-6
-8
-8
-8
-5
-2
-2
-3
-5
-6
-9
-12
-10
-7
-9
-4
-2
-5
-10
-9
-12
-13
-13
-12
-9
-12
