SAMPLES:	16147
BITSPERSAMPLE:	16
CHANNELS:	1
SAMPLERATE:	16000
NORMALIZED:	FALSE
-30
-32
-28
-23
-27
-25
-23
-17
-17
-15
-3
0
1
5
0
0
-4
-6
-5
-7
-6
-3
-4
-4
-3
-7
-9
-4
2
12
14
22
23
20
20
19
21
23
26
24
24
23
19
17
15
15
13
11
12
11
8
1
-3
-11
-14
-12
-10
-6
-7
-11
-16
-19
-22
-22
-26
-21
-14
-16
-12
-13
-11
-8
-3
-2
4
4
4
10
5
5
5
9
10
10
10
9
11
10
13
17
14
11
13
8
4
3
2
0
1
2
0
1
3
3
0
-8
-10
-8
-8
-9
-14
-11
-7
-5
-3
1
-1
-6
-8
-7
-7
-7
-11
-7
-3
6
7
8
13
3
3
4
8
11
12
13
14
16
14
15
17
22
19
22
24
29
26
20
19
17
11
12
10
11
13
16
13
15
9
9
6
4
7
4
3
-5
-9
-16
-21
-16
-14
-15
-15
-18
-26
-35
-36
-39
-35
-27
-25
-21
-21
-23
-20
-20
-24
-24
-24
-23
-21
-20
-17
-20
-17
-17
-20
-20
-16
-12
-14
-13
-16
-14
-14
-18
-17
-13
-10
-9
-10
-11
-8
-4
-2
1
5
12
12
12
14
13
10
6
6
8
5
6
8
6
6
4
4
10
11
18
21
24
22
14
10
8
14
10
10
9
12
12
6
5
0
2
2
3
9
7
8
3
6
14
15
18
19
26
28
24
17
21
27
21
23
27
26
26
25
29
29
31
35
38
44
40
31
23
23
18
14
10
9
9
5
0
-4
-5
-2
-5
-6
-6
1
2
-7
-10
-10
-9
-14
-17
-15
-18
-19
-24
-29
-27
-27
-28
-31
-23
-19
-25
-21
-17
-16
-22
-26
-21
-25
-23
-25
-30
-30
-28
-27
-30
-27
-20
-16
-12
-8
-8
-17
-21
-18
-13
-8
-7
-2
-2
-6
-8
-6
-3
1
4
5
8
8
10
10
14
14
14
13
11
6
2
3
-3
-10
-9
-4
-4
-4
-4
-5
-10
-10
-12
-16
-18
-23
-29
-29
-30
-33
-34
-35
-32
-28
-24
-22
-20
-21
-15
-13
-12
-5
-2
5
8
10
7
8
13
19
25
25
25
29
30
36
40
40
38
36
34
28
33
34
34
41
43
43
40
35
29
26
25
24
22
22
24
26
22
19
12
6
5
3
-1
1
1
-4
-4
3
5
0
1
-1
2
-3
1
0
7
5
7
9
4
4
-1
-4
-11
-10
-11
-12
-5
-5
-6
-8
-7
-9
-7
-11
-9
-6
-7
-4
-4
-3
-2
4
3
2
2
-4
-5
-5
-3
-1
-1
1
6
6
2
0
0
0
1
0
-1
-5
-3
-4
-11
-16
-17
-17
-21
-16
-15
-17
-18
-22
-21
-18
-18
-17
-21
-24
-27
-31
-32
-31
-28
-29
-26
-23
-26
-29
-29
-30
-25
-15
-11
1
5
4
-1
3
2
0
12
17
19
20
26
27
21
24
24
21
22
29
29
31
33
25
23
17
11
12
10
10
8
3
4
-3
-7
-10
-4
1
-3
-5
-3
-8
-6
0
-1
3
8
9
13
11
6
0
-1
1
4
9
10
6
7
9
8
2
3
5
8
8
8
10
12
15
23
29
34
32
25
20
15
16
18
21
19
20
18
8
8
6
4
3
8
6
3
2
-5
-12
-21
-18
-15
-15
-13
-11
-15
-24
-29
-33
-27
-22
-17
-16
-19
-23
-25
-30
-32
-33
-34
-32
-32
-34
-39
-48
-51
-52
-44
-38
-29
-24
-25
-27
-30
-32
-27
-19
-16
-6
-1
4
7
6
1
1
1
5
7
11
16
20
23
34
30
24
27
27
27
17
14
20
19
23
24
25
21
15
10
12
14
15
22
29
34
29
19
10
7
4
-1
0
-1
-7
-7
-16
-13
-11
-13
-8
1
12
17
13
7
2
-5
-7
-10
-3
2
2
-4
-6
-2
-4
-4
1
6
15
14
8
3
-1
-6
-5
1
3
7
11
8
6
3
3
6
5
16
16
17
23
22
24
20
9
4
-5
-7
-13
-24
-25
-30
-32
-30
-21
-22
-31
-32
-37
-38
-34
-32
-24
-19
-15
-15
-16
-19
-20
-22
-28
-21
-16
-17
-15
-10
-5
-2
-1
3
4
10
19
21
17
15
13
12
16
18
26
35
34
42
43
44
40
37
43
42
47
41
37
34
22
19
14
12
16
14
16
15
8
6
6
12
15
17
19
18
20
12
5
-1
-11
-9
-7
-12
-9
-10
-11
-14
-11
-8
2
3
6
1
-6
-12
-18
-19
-15
-17
-20
-19
-19
-27
-36
-30
-20
-14
-10
-6
-4
-5
-12
-11
-15
-21
-22
-25
-26
-22
-21
-25
-29
-31
-22
-11
-1
3
4
4
5
3
2
2
7
9
15
4
-7
-13
-16
-11
0
12
16
22
20
16
15
8
2
8
17
21
22
10
4
3
9
15
21
32
35
36
36
29
24
23
31
33
30
22
10
3
-11
-13
-12
-15
-15
-9
-7
-11
-19
-24
-31
-23
-19
-15
-16
-24
-26
-31
-30
-23
-15
-10
-10
-9
-9
-15
-17
-22
-22
-19
-17
-18
-20
-18
-22
-23
-22
-22
-16
-10
-13
-13
-16
-18
-16
-17
-8
-5
-5
-4
-4
-9
-13
-16
-16
-14
-4
2
2
10
0
-1
4
7
10
12
8
4
2
2
7
9
9
2
10
16
14
19
11
-1
3
2
3
14
14
1
-7
-5
-6
-5
-2
-1
-4
-9
-9
-12
-13
-15
-1
1
6
9
5
2
-2
2
3
12
24
26
24
23
24
27
33
41
38
40
41
43
45
52
57
48
43
42
39
40
42
37
36
37
38
29
29
21
19
12
7
9
3
7
-1
0
-2
-1
-4
-6
-7
-3
1
3
6
2
-5
-8
-9
-7
-2
-3
-7
-15
-15
-12
-10
-9
-9
-8
-19
-22
-20
-24
-23
-18
-23
-33
-35
-34
-42
-44
-45
-45
-41
-42
-32
-29
-32
-28
-26
-21
-27
-26
-23
-23
-16
-9
-12
-17
-19
-19
-14
-1
1
-2
-5
-11
-10
-10
-11
-11
-7
-6
-10
-16
-17
-20
-23
-18
-19
-17
-20
-26
-29
-26
-20
-13
-3
-3
-2
1
0
-1
-5
-2
-1
4
10
12
14
8
17
24
31
38
42
39
31
33
32
35
34
39
46
44
37
41
41
25
26
28
27
20
14
9
5
10
8
9
9
4
-7
-15
-12
-13
-15
-17
-19
-16
-19
-13
-8
-10
-12
-16
-10
-3
0
4
4
6
3
-2
-7
0
8
10
19
21
21
19
19
22
31
40
37
27
19
16
15
13
18
18
22
19
12
11
12
14
5
10
16
15
7
-2
-4
-16
-28
-32
-34
-40
-47
-50
-48
-48
-56
-60
-59
-53
-43
-42
-40
-39
-44
-43
-37
-27
-17
-10
-7
-10
-14
-18
-17
-15
0
14
21
24
29
20
14
12
5
6
0
3
2
0
0
-5
-1
11
24
26
24
26
27
24
14
5
8
15
21
24
18
11
2
-2
-4
4
19
25
26
20
10
7
9
15
25
37
34
28
20
12
8
10
13
10
11
10
8
1
-3
0
-3
5
8
10
9
9
12
1
-4
0
4
2
6
16
9
0
-2
0
3
0
-4
0
0
-5
-7
-5
0
9
6
6
6
-1
-10
-20
-23
-20
-13
-10
-10
-12
-18
-17
-17
-12
-1
-3
-5
-9
-9
-8
-11
-14
-15
-19
-26
-29
-31
-31
-34
-36
-37
-37
-37
-38
-36
-26
-21
-21
-13
-8
-4
-9
-6
-6
-1
4
6
9
9
11
11
15
15
21
24
21
19
14
3
0
3
8
7
5
1
-5
-14
-21
-20
-13
-8
-7
-4
-6
-11
-13
-5
-2
4
5
4
3
-3
2
2
8
13
17
19
16
29
23
18
21
23
27
26
29
26
20
14
9
14
18
14
13
5
5
2
1
1
1
3
4
7
3
1
-1
-2
-2
3
4
-2
-5
-2
-5
-11
-9
-11
-10
-9
-12
-13
-8
-5
-5
-3
2
5
1
2
-3
-3
4
-1
-8
-16
-12
-10
-7
-11
-17
-12
-12
-5
7
12
14
14
18
3
-4
-12
-13
-8
-6
-10
-17
-19
-24
-23
-19
-11
-2
1
7
9
15
16
7
11
17
17
11
8
-1
-4
-11
-19
-17
-9
4
14
20
18
14
10
6
10
16
16
14
10
-1
-12
-10
-11
-11
-5
-1
-3
-8
-15
-11
-9
-4
5
15
20
10
8
-4
-11
-18
-22
-15
-5
1
3
4
-6
-14
-12
-8
1
11
15
22
22
7
-2
-6
-5
1
8
7
4
-6
-19
-25
-21
-13
-7
2
6
5
5
2
2
10
19
25
30
28
26
25
18
17
16
15
11
14
15
12
4
-3
-1
3
13
19
25
27
20
12
7
5
9
11
10
8
1
-12
-25
-30
-24
-15
-9
2
9
-3
-2
1
4
9
8
8
5
4
-5
-11
-12
-8
-3
-9
-6
-1
-4
-1
-6
-10
-10
-4
0
4
9
12
6
0
-1
-5
-9
-9
-5
-1
1
0
-4
0
4
13
15
17
18
19
19
10
10
1
-1
-6
-8
-4
-12
-5
-9
-15
-12
-15
-17
-24
-19
-18
-17
-15
-13
-14
-19
-21
-20
-19
-32
-35
-36
-42
-41
-36
-38
-33
-31
-36
-42
-42
-44
-47
-42
-29
-28
-34
-34
-31
-35
-36
-36
-35
-34
-36
-35
-32
-31
-22
-18
-14
-1
7
10
11
20
26
26
28
29
30
29
28
32
33
33
30
33
39
41
43
41
42
42
37
40
44
44
48
42
45
38
37
38
30
33
30
27
24
28
30
28
32
40
40
38
40
31
28
18
15
11
2
4
3
-3
-5
0
0
-1
1
-1
-3
-2
1
2
-8
-4
1
4
-3
-3
1
-9
-11
-9
-4
-7
-8
-7
-1
-4
-7
-6
-10
-7
-2
-5
-1
-4
-15
-17
-14
-14
-15
-14
-16
-13
-16
-17
-18
-17
-17
-13
-4
-1
-2
-1
0
4
2
3
3
-4
-8
-10
-13
-12
-11
-8
-3
7
9
6
10
10
18
23
27
25
22
20
16
16
7
8
13
21
21
18
11
13
16
11
11
11
5
-8
-9
-11
-22
-23
-34
-29
-32
-38
-45
-52
-56
-62
-53
-52
-52
-53
-54
-52
-46
-44
-44
-47
-39
-39
-36
-38
-41
-36
-31
-24
-24
-23
-25
-26
-24
-20
-13
-11
-3
3
12
15
11
8
5
9
9
4
3
7
0
2
7
12
14
17
25
30
23
21
18
19
23
22
27
20
24
21
24
27
24
23
23
29
32
29
35
34
39
39
32
35
32
37
39
43
45
39
32
32
33
31
29
31
25
20
20
20
18
18
13
11
8
7
2
-5
-8
-9
-11
-13
-14
-21
-28
-30
-27
-28
-27
-16
-11
-10
-13
-20
-16
-15
-13
-10
-7
-6
-8
-5
-9
-9
-13
-11
-11
-10
-5
-2
-6
-4
-1
2
3
-6
-9
-3
-4
-4
-3
-4
-1
1
-3
-6
-3
-7
-13
-11
-8
-4
1
7
5
9
9
9
7
8
8
5
2
4
6
10
16
18
16
15
9
2
0
-2
-3
3
12
17
20
22
16
17
15
18
22
24
20
23
24
15
11
9
5
7
3
-3
-10
-10
-11
-17
-13
-18
-20
-24
-24
-21
-21
-21
-24
-31
-34
-38
-43
-51
-49
-44
-40
-40
-40
-40
-44
-45
-45
-35
-34
-38
-35
-29
-26
-28
-24
-16
-17
-8
-8
-4
-5
-3
0
3
10
9
6
8
16
14
13
13
11
12
9
10
9
12
15
12
15
14
12
11
12
19
23
26
25
32
35
29
24
18
17
16
20
22
26
26
19
19
14
15
14
12
17
20
19
21
20
18
13
13
14
10
9
5
2
3
4
-1
-2
-6
-9
-8
-7
-13
-8
-3
-6
-6
-2
2
0
5
5
3
1
1
1
1
1
6
-1
-7
-5
-9
-9
-7
-6
-11
-15
-16
-17
-16
-19
-17
-12
-4
-4
-4
-6
-3
2
-1
0
3
6
8
11
12
8
10
20
20
19
20
27
27
22
17
16
17
13
18
15
15
10
-3
-5
-10
-15
-13
-11
-11
-10
-15
-21
-22
-17
-13
-15
-17
-15
-21
-24
-25
-18
-10
-8
3
4
2
3
3
4
4
5
6
2
0
-1
-3
0
-2
-3
-2
-4
-5
-1
4
2
-2
-5
-6
-9
-5
-7
-9
-11
-16
-14
-10
-8
-3
-2
3
6
8
13
10
15
13
9
7
10
8
7
10
6
6
11
13
21
21
22
31
28
23
18
17
6
-2
-2
-8
-8
-9
-12
-17
-22
-18
-15
-11
-16
-17
-17
-21
-17
-13
-19
-21
-13
-17
-19
-19
-24
-27
-28
-25
-25
-24
-26
-28
-34
-36
-33
-34
-30
-26
-14
-12
-14
-17
-18
-16
-11
-7
2
4
6
5
4
7
10
8
7
14
16
13
12
18
26
30
32
35
35
31
31
30
34
34
32
32
30
27
24
22
20
22
23
24
22
20
17
20
24
24
15
12
15
17
15
8
8
11
11
3
2
2
-4
-10
-7
-7
-19
-30
-29
-23
-21
-19
-19
-18
-18
-18
-19
-21
-20
-18
-11
-7
-15
-20
-31
-39
-41
-37
-27
-25
-17
-12
-10
-8
-7
-4
2
7
10
11
11
11
4
2
2
4
5
8
10
7
-6
-11
-7
0
-3
5
13
17
16
14
9
7
9
11
18
26
28
24
24
22
21
17
19
24
26
28
31
33
33
28
28
27
30
29
30
37
38
37
34
31
23
20
18
9
7
2
-6
-4
0
-3
-13
-21
-23
-23
-22
-22
-20
-10
-7
-8
-6
-9
-12
-15
-13
-10
-8
-12
-17
-22
-23
-23
-25
-27
-21
-18
-19
-20
-22
-25
-30
-31
-31
-35
-34
-34
-29
-27
-36
-37
-42
-34
-23
-19
-18
-12
-9
-10
-6
-10
-14
-19
-18
-9
-2
2
-2
-2
-3
-3
-3
-1
4
6
8
4
8
8
4
7
2
2
-1
-6
-12
-14
-11
-13
-17
-11
-11
-11
-17
-13
-7
-4
8
11
22
23
17
14
13
22
21
23
27
34
34
25
21
21
11
1
4
11
6
-1
1
-5
-6
-6
-7
1
6
11
10
1
-1
3
3
12
12
10
9
-3
-9
-11
-9
-7
1
13
11
16
15
13
14
15
10
11
17
19
20
18
18
7
7
6
2
1
-2
-3
-7
-13
-10
-4
-2
5
12
20
23
23
22
21
17
11
10
14
10
9
-1
-7
-13
-20
-21
-19
-10
-7
-5
-3
8
4
0
-3
-8
-2
0
1
-7
-4
-8
-16
-7
13
19
23
22
24
18
16
20
28
37
35
25
9
-6
-21
-22
-15
3
9
12
10
3
-1
5
5
8
18
12
12
12
2
-3
-9
-8
-9
-14
-18
-18
-15
-19
-24
-26
-20
-23
-22
-15
-10
-16
-16
-17
-25
-31
-39
-32
-31
-22
-16
-18
-16
-27
-24
-20
-13
-1
8
14
11
9
10
2
4
2
0
-5
-2
-3
-14
-14
-17
-14
-12
-9
1
6
14
14
8
1
-8
-10
-6
-4
-3
-4
-6
-17
-17
-16
-13
-2
5
11
8
4
2
0
7
13
17
22
17
16
8
5
-2
-8
-2
-1
-3
-2
-4
-5
-11
-11
-12
-6
-1
-12
-9
-9
-17
-18
-19
-22
-25
-26
-19
-15
-13
-16
-17
-15
-10
-13
-8
-6
-2
3
0
-5
-7
-8
-1
3
6
1
3
12
14
14
15
27
31
36
37
41
47
50
49
46
45
48
48
52
52
50
49
45
43
45
39
39
48
44
36
28
23
20
26
24
19
18
9
0
-7
-12
-17
-15
-11
-5
-8
-13
-15
-18
-24
-21
-20
-27
-27
-26
-32
-32
-32
-36
-36
-33
-32
-38
-46
-39
-35
-28
-29
-28
-31
-39
-41
-36
-30
-28
-28
-22
-21
-25
-15
-17
-21
-17
-13
-8
-3
-3
-3
6
9
12
14
12
10
12
16
17
12
8
12
14
12
24
28
24
20
25
26
18
18
17
20
13
8
7
8
15
17
19
19
15
12
13
7
5
2
4
13
9
0
-6
-5
-12
-13
-9
-13
-16
-27
-29
-17
-15
-10
-8
-13
-19
-18
-18
-20
-11
-14
-13
-18
-21
-15
-16
-4
-1
7
0
-6
-3
-3
2
7
12
10
8
4
1
-3
0
2
8
5
-3
-1
0
2
3
7
11
10
12
16
10
10
4
0
-8
-13
-15
-18
-15
-7
2
3
5
2
-9
-9
-1
9
13
8
5
2
6
6
13
27
23
16
16
16
10
15
23
17
19
19
23
20
22
29
30
32
28
27
24
9
6
1
-6
-1
2
2
2
-1
-6
-4
-5
-20
-20
-11
-4
2
-7
-11
-21
-29
-26
-24
-19
-16
-15
-20
-27
-26
-26
-21
-6
-2
4
4
6
2
-5
-3
-2
3
-1
-7
-12
-17
-16
-13
1
6
8
4
0
-3
-8
-6
-3
-2
-2
2
-3
-3
-1
0
-1
-9
-10
-14
-17
-17
-20
-18
-18
-19
-16
-14
-11
-14
-9
-10
-9
-14
-16
-12
-13
-15
-19
-20
-19
-18
-9
-6
-1
4
5
5
0
1
8
26
34
34
32
33
31
30
28
28
24
19
23
20
23
18
20
21
26
30
20
24
23
15
20
18
16
8
3
-2
-8
-6
-8
-8
-7
-9
-12
-7
4
6
-1
2
1
1
6
12
11
4
2
-5
-13
-18
-16
-13
-8
-6
-6
-18
-21
-4
7
6
6
10
6
6
9
4
-1
-4
-2
-6
-16
-16
-13
-2
-3
-10
-15
-12
-7
-15
-7
-1
-11
-13
-15
-12
-13
-19
-15
-9
-9
-19
-28
-26
-22
-15
-1
14
23
1
-2
-8
-16
-13
8
26
11
0
-1
6
10
10
11
12
12
15
10
1
1
0
9
23
34
32
27
22
16
21
19
2
4
-6
-6
10
18
16
1
-10
-1
30
30
5
8
22
-4
-19
-8
2
-12
-22
-22
-43
-58
-64
-50
-53
-38
-8
17
27
-18
-47
-15
15
14
-1
15
32
18
15
21
16
-18
-19
20
31
27
3
7
3
-15
-21
-32
5
9
18
7
-8
-24
-62
-29
7
21
11
-11
12
12
10
-7
-2
-5
-40
-15
12
25
-19
-18
16
-7
-16
25
66
37
1
8
4
4
29
58
57
48
62
47
6
-18
24
54
37
18
21
15
-15
-4
21
39
5
-8
-4
-22
-27
-39
-42
-62
-66
-66
-30
57
43
-33
-104
-86
-20
-11
-7
-18
-12
-48
-68
-44
-7
11
-33
-42
-16
11
5
-13
9
32
42
36
32
23
-27
-63
-60
-47
-26
0
43
18
-29
-17
49
62
-4
-35
-3
38
43
28
36
44
63
59
16
-2
-1
12
17
37
35
14
9
27
28
-33
-64
-16
39
41
15
-21
-34
-3
13
10
-18
-23
-20
-21
-24
-29
1
35
22
8
-1
37
15
-32
-41
-54
-58
-33
-3
-19
-45
-61
-51
-36
-15
-6
23
36
59
31
-12
-13
-7
13
-12
12
44
12
-27
-24
18
31
26
-7
-49
-32
-14
-3
38
19
-51
-73
-41
21
55
25
32
90
101
68
64
30
-27
1
64
87
0
-102
-121
-66
-10
17
60
58
30
-19
-79
-50
55
94
57
9
-28
-44
-26
0
9
14
8
8
-10
-31
-37
-41
16
61
51
10
-23
4
-5
-14
1
29
46
46
52
3
-13
-29
-26
16
34
23
-11
-45
-43
5
11
-76
-109
-46
51
34
-50
-70
-10
38
21
3
5
46
34
47
97
84
-100
-187
139
427
67
-582
-612
63
507
121
-528
-544
-39
250
64
-248
-338
-144
107
171
-6
-201
-158
77
203
73
-89
-57
42
61
69
93
48
-11
-11
108
240
226
20
-190
-128
130
269
117
-112
-111
55
148
74
-98
-150
-104
28
104
53
-52
-114
-29
33
46
47
115
154
-27
-274
-272
70
401
363
-13
-174
125
430
283
-50
4
317
459
346
210
94
19
78
203
166
-193
-445
-132
333
238
-280
-445
-142
98
-33
-261
-233
-144
-176
-217
-71
98
67
-80
-145
-39
69
37
-125
-244
-183
51
182
35
-160
-111
60
48
-134
-256
-200
-74
-28
-32
-31
-44
-85
-60
-20
-25
-72
-94
-54
-31
-4
50
106
69
-5
45
150
138
24
-35
30
121
138
63
-6
-45
-34
-12
-24
-34
-50
-23
-4
-58
-79
-39
-20
-69
-112
-79
-47
-47
-81
-40
0
-24
-36
-47
-18
18
53
44
20
10
38
140
161
110
66
77
99
84
67
32
9
2
7
-1
-7
-9
-19
-11
11
-11
-63
-46
2
-1
-25
-26
-4
37
67
69
98
113
93
51
41
89
92
65
46
74
84
-4
-64
-46
32
60
18
-28
-43
-4
18
31
26
-27
-29
-12
-41
-98
-120
-66
-9
18
9
-11
-73
-110
-43
16
-19
-69
-51
20
58
8
-44
-7
15
4
26
41
10
5
47
49
25
30
44
49
25
22
39
38
24
-6
10
24
10
-11
-29
-8
47
61
-28
-76
-42
-23
-19
-31
-39
-19
-2
-62
-132
-89
-28
-23
-36
-45
-33
-16
-6
-19
-61
-53
3
41
18
-14
-15
-8
-2
17
20
24
14
28
55
47
28
18
61
72
37
8
8
13
9
42
51
25
-1
-5
10
26
60
37
25
12
9
32
12
-34
-55
13
34
11
27
32
16
-13
-14
-33
-51
-30
-6
-1
-1
10
26
-10
-46
-67
-88
-71
-12
27
4
-30
-24
-33
-51
-40
3
48
73
63
-10
-94
-129
-108
2
74
72
102
122
81
-26
-87
-70
-57
-26
108
276
225
-60
-282
-261
-130
-89
-88
-45
11
100
152
88
-50
-81
-60
-104
-179
-170
-69
-21
-14
18
99
150
69
-78
-171
-137
-69
-7
-7
-38
0
45
74
25
-35
-60
-62
-43
-50
-31
-16
11
68
93
86
27
28
70
48
-78
-164
-90
31
110
122
128
97
14
-82
-119
-43
85
182
208
160
103
34
-42
-95
-65
-3
60
105
79
24
14
33
13
-2
-14
-7
20
48
86
98
84
67
40
15
-44
-66
-15
44
81
108
122
64
-21
-83
-81
-40
-12
35
75
60
2
-44
-64
-99
-147
-126
-36
19
9
-16
-12
-25
-45
-56
-39
10
28
14
14
37
25
-7
-5
21
18
-1
-53
-103
-141
-171
-149
-86
-2
27
1
-30
-55
-58
-80
-61
-2
48
75
65
56
15
-18
-52
-80
-31
31
61
77
91
66
29
-8
-12
13
5
3
11
32
21
-6
0
12
28
-6
-16
-8
10
36
40
46
25
39
76
101
77
21
7
2
24
51
49
59
51
34
-19
-46
-40
-20
4
42
95
108
67
11
-45
-95
-102
-63
11
79
99
71
29
-11
-81
-158
-181
-99
6
58
57
23
-30
-79
-79
-75
-91
-87
-45
18
43
5
-55
-75
-75
-50
-17
-5
-7
-3
8
28
48
35
-2
-28
-22
31
56
33
-13
-44
-28
24
54
54
11
-77
-120
-105
-66
-13
32
39
37
12
-46
-79
-21
44
80
88
60
54
13
-44
-117
-98
-37
29
81
91
97
41
-24
-51
-20
-5
-4
24
43
37
49
41
-19
-95
-90
-45
-21
-22
-31
-44
-31
12
16
-19
-15
-5
-44
-52
-36
-19
-54
-56
-12
45
35
-23
-24
-39
-55
0
68
83
60
42
54
68
26
-49
-48
-10
46
95
124
109
53
-26
-99
-98
-99
-51
48
119
130
78
46
5
-15
-32
-41
-24
14
33
26
40
52
33
34
62
28
-46
-76
-6
79
121
112
132
145
77
15
-1
-41
-95
1
148
226
182
71
-71
-199
-228
-190
-87
11
54
26
-23
-107
-200
-180
-109
-34
-53
-54
-31
-33
-83
-43
71
76
76
82
68
-5
-40
-50
11
107
198
196
77
-45
-84
-121
-206
-159
-87
37
166
194
170
57
-38
-92
-42
81
143
164
223
343
392
319
157
34
-60
-140
-101
30
108
94
-73
-276
-467
-496
-451
-288
-60
94
146
116
157
151
187
268
372
404
454
469
353
239
163
105
106
212
239
237
179
40
-140
-153
-101
-135
-122
-191
-401
-726
-893
-938
-885
-733
-699
-753
-729
-708
-713
-529
-353
-290
-201
-14
85
58
84
26
-90
-286
-450
-559
-398
-250
-368
-515
-708
-792
-802
-608
-432
-158
210
414
540
643
861
998
1072
1115
1157
1088
909
856
851
836
780
751
752
736
702
611
623
643
556
460
446
550
600
560
453
399
290
31
-249
-415
-267
-7
180
138
-87
-344
-562
-622
-505
-336
-246
-217
-203
-337
-590
-763
-766
-569
-382
-294
-335
-421
-549
-672
-658
-569
-396
-294
-359
-474
-489
-472
-547
-558
-465
-385
-360
-309
-270
-216
-111
-140
-218
-238
-170
-97
20
108
89
132
251
412
396
246
154
56
30
69
280
443
523
490
395
204
-34
-67
38
222
295
350
344
240
50
-247
-151
33
201
351
491
537
376
233
58
-4
-26
106
558
859
719
371
166
0
-227
-156
144
536
627
481
280
47
-166
-326
-265
-135
335
847
938
567
92
-371
-638
-363
149
583
815
850
462
87
-237
-420
-343
-63
414
751
778
387
-230
-726
-935
-692
-64
509
787
530
-9
-572
-837
-783
-646
-177
274
501
358
-54
-496
-867
-944
-646
71
613
524
61
-520
-1043
-1159
-798
-258
197
408
312
9
-429
-847
-1043
-733
-179
337
465
186
-175
-656
-930
-871
-194
449
653
498
22
-377
-678
-717
-424
296
632
290
-107
-230
-521
-800
-661
-123
446
364
-102
-477
-497
-460
-349
-85
226
339
-9
-299
-405
-408
-204
288
604
543
305
66
-335
-549
-429
95
645
625
197
-88
-255
-594
-346
265
610
433
309
-1
-420
-294
83
421
528
504
143
-278
-528
-370
89
633
784
362
42
-87
-263
-574
-233
368
540
264
52
-84
-154
67
431
480
64
-230
-246
-243
181
601
527
175
18
28
-5
-78
-332
-92
528
774
425
36
86
263
28
-145
-2
392
374
194
78
40
50
-149
-30
146
304
-10
-258
-79
96
57
27
430
367
68
-133
-215
-468
-451
59
347
290
30
46
124
-59
-262
-241
-48
-107
-75
205
550
684
140
-139
-177
-264
-232
-42
56
-140
41
296
733
560
-234
-664
-488
-400
-412
-27
253
351
116
-52
2
-206
-540
-236
184
-136
-310
181
733
549
55
-74
-405
-596
-777
-369
118
969
943
-136
-404
154
237
-363
-124
128
162
102
103
8
38
50
-202
-116
18
-325
-162
159
475
108
121
21
300
750
210
-371
-733
280
201
-123
104
151
-26
-584
-374
-559
177
241
-611
-956
-73
706
349
47
-409
-374
-693
80
583
466
-140
-279
-281
-564
498
536
125
-729
-607
-546
237
840
215
109
-453
-480
-194
897
168
-692
-450
0
644
637
719
-442
-837
-906
115
827
411
169
-386
-636
-242
697
933
41
-708
-1050
80
1083
638
-330
-655
-258
-339
323
677
656
-525
-1126
-500
390
852
-296
-398
-630
-97
186
537
851
-68
-739
-1369
419
841
870
25
-190
177
-534
317
-9
94
-824
-767
740
460
640
-122
-33
-1132
-418
469
-120
-165
175
645
432
220
-353
-671
39
-388
-330
587
866
-254
-759
384
170
195
-1362
168
754
452
-403
-341
7
-649
-16
164
465
116
-133
-143
301
-170
-656
-398
732
250
318
677
277
-1128
-634
90
105
54
290
326
-333
377
141
-418
179
225
-967
296
1177
575
-632
-245
497
-556
-30
-99
-117
88
88
132
-171
180
22
-1037
540
498
-309
-336
438
139
295
474
58
-563
50
523
-441
423
-757
-257
54
1408
-86
-589
655
-632
-813
-307
1270
-267
-519
276
502
56
-63
-209
-284
-274
-753
150
560
1479
-802
313
439
25
-1494
-4
713
-522
151
-58
1723
-523
-266
-910
-151
318
-675
205
1330
942
-659
-23
1306
-1283
-1246
-160
770
1412
-721
683
-156
236
-488
-367
83
-599
44
995
825
99
-1291
152
-14
-111
-369
-91
453
-312
-584
-661
791
27
-467
-435
307
1
54
33
-160
-348
-239
587
167
-460
-301
316
64
-152
477
-80
-246
-363
446
19
24
-214
175
772
-252
222
-8
170
-19
-546
-196
515
314
155
-163
1124
-657
356
-1160
-411
-20
593
344
81
645
-757
412
-994
16
-1419
1121
440
541
-196
534
-183
-871
-361
-255
-168
-517
1664
778
49
-614
-464
-794
-269
569
-649
650
97
825
-757
-246
-925
-1116
715
-569
1308
-640
459
-524
-62
-47
-405
-310
368
697
-332
761
-804
399
-1078
313
-197
112
594
385
675
-677
-209
-213
763
0
638
-803
829
-26
587
288
-410
-46
-456
157
130
673
-288
718
-489
182
-137
-215
479
-837
894
450
538
-733
556
117
-585
-501
95
483
-250
-48
86
352
-196
-146
-1153
-177
-318
1173
-103
578
-83
-372
-812
-984
1004
65
-601
76
1356
35
-981
-520
115
-611
129
710
418
-196
556
5
-310
-430
-62
246
269
325
279
439
-1189
414
-856
-18
-90
116
130
24
154
688
-272
-1025
-725
269
564
511
757
-664
594
133
3
-1036
-534
899
-30
138
797
-721
-670
851
-617
-406
-876
796
265
-6
481
-586
1168
-807
-1204
-245
615
730
-954
725
1012
-1428
247
-79
174
-469
134
241
68
114
508
-72
-107
205
-421
107
384
378
-95
-747
1048
229
-856
436
-245
538
-447
1469
-800
-750
712
-877
321
-322
731
-439
151
-535
-169
22
457
-226
941
-924
-554
1135
-93
-65
-228
1002
-744
236
252
-231
-582
1826
-818
-204
87
694
-879
3
-239
-43
-236
1060
-489
-958
-455
882
682
-1428
651
107
463
-1214
-307
71
-238
286
665
-198
904
-913
-985
-317
327
158
167
1359
164
-1038
166
-642
-663
-107
755
260
-22
20
751
-1232
117
-439
-205
41
-546
733
-397
1241
-442
255
-207
-8
-1065
351
-74
1415
418
-208
-424
724
-163
-749
-109
718
-535
984
167
76
-955
514
78
-1825
569
642
1334
-1058
416
615
-741
-794
935
-472
-129
292
931
-770
-396
844
-561
4
462
-24
-403
-710
966
-438
381
504
-934
-577
-543
433
-160
-123
1220
-566
885
-1017
433
420
-1094
866
285
-109
18
297
595
-1255
316
-264
-678
1453
-152
1541
-2170
122
-126
244
415
-698
715
330
-666
-295
-152
138
-241
493
-346
-200
729
-954
608
327
-305
97
68
-39
-788
-42
687
-353
546
-119
339
-1145
108
309
-1412
246
708
424
-651
844
502
-1080
-836
41
1
137
714
-356
659
-267
-38
-296
-1304
-238
382
464
-544
1104
485
-861
-165
5
-93
-357
-184
1280
-52
158
242
52
-115
-439
-161
-13
-5
879
-28
-313
242
371
-855
321
-282
777
-299
124
-151
-396
424
-149
156
-844
523
299
-719
179
910
-727
107
-325
-95
394
27
-289
-362
1768
-231
-566
240
-123
30
-469
1386
-36
177
259
23
-469
72
-76
-787
1298
-71
512
20
685
-744
-173
-271
-73
396
494
-378
549
816
-1184
218
-439
-27
-648
-158
270
614
210
-1643
266
-607
-483
313
821
-356
-352
230
-177
-122
125
-258
-338
565
-28
31
-1592
856
740
-66
-397
106
209
-134
-530
198
53
898
-217
-314
584
-602
136
-572
721
202
359
291
-379
361
-617
-248
-128
387
-472
-488
-388
1356
-16
-1092
1226
-1940
912
-619
152
-112
-358
1246
-360
311
-99
-308
546
-1190
-127
38
848
346
-912
1040
-98
-70
-294
-1050
644
-344
524
543
603
340
-1522
301
-284
220
566
815
573
-1790
295
255
-258
403
-124
90
73
474
-1014
413
713
-872
318
471
-302
438
-766
-579
-192
-493
216
508
1119
-1287
264
392
-203
-1072
364
681
-644
-144
729
169
-489
246
-217
-180
-705
-5
951
554
194
-530
5
-245
-456
-392
1477
-431
741
-660
-494
1195
-844
-960
-559
1260
147
290
542
-162
-88
317
-159
106
-27
-261
14
485
-183
577
1140
-606
-1668
-83
769
-508
909
675
99
-505
-716
47
-26
541
-1057
190
1028
374
-562
-399
751
-167
-602
322
-185
592
1019
-1570
157
328
-72
-549
588
-898
-1123
1389
766
-454
-949
-431
-388
-291
300
490
890
356
-1244
134
186
-391
123
266
469
-73
99
158
-583
1073
-723
-597
222
237
-184
-695
804
73
524
-652
-314
-454
-1309
409
241
159
1022
407
-783
-616
59
-544
-1253
1458
1001
215
426
110
-489
-949
106
94
642
-150
696
965
534
-1529
-442
-7
547
-1261
880
189
476
127
-829
938
-1380
67
-715
849
1240
-844
141
920
356
-524
488
451
52
-369
-443
-340
1273
732
144
-478
-1603
-1619
-161
1903
-415
176
-671
512
-1441
-701
-124
546
405
-626
211
876
-233
-701
143
-228
-534
762
381
575
-658
-676
-775
-373
949
27
764
-155
65
-126
932
-385
-575
308
277
195
-12
454
31
-331
-998
128
461
595
-204
-463
-806
-39
63
388
138
-107
159
-982
-220
786
-112
41
252
-74
164
889
239
-1669
677
-68
227
54
529
1486
-881
-808
93
614
-60
-78
68
-188
294
860
151
-695
280
-39
-299
367
1803
-327
-1191
-320
-425
638
498
733
-34
-1121
-634
-1111
1327
614
98
-320
-731
-306
-400
609
-262
135
-628
-32
-305
836
-334
-716
-50
687
118
-120
-489
-276
102
-56
1032
431
-92
-1413
190
264
180
703
-112
22
-358
-88
744
-213
-487
93
-329
653
-326
-558
885
-23
-123
-413
-360
-380
170
194
-484
459
465
-327
430
335
-644
304
-67
995
-213
172
107
-831
-185
-450
176
-386
658
673
-58
-739
71
203
-129
-202
1
656
-163
-476
-74
551
-135
-674
194
702
-607
-170
17
248
-662
-133
73
281
420
-575
511
731
369
34
121
-1067
-415
311
1663
494
-750
299
-710
-252
131
-94
676
500
398
188
456
-974
-1448
422
79
523
364
505
-450
-884
-164
-449
9
-617
59
1115
881
-316
109
476
-921
-965
126
918
61
66
413
547
250
-635
-1313
85
-19
-221
563
1223
84
-1135
-731
-333
-441
73
30
136
174
-296
111
-546
-341
-428
-278
-37
-213
-111
313
680
40
-741
-669
132
68
312
485
-263
291
212
-281
-916
-595
-175
-284
-193
342
27
-903
-1689
-1025
-277
-553
-549
-861
-528
-867
-504
-394
-471
-834
-1157
-862
-302
683
790
888
581
-187
187
666
1199
1165
1276
1881
1663
1569
1315
1665
1416
544
823
1987
2907
2131
1898
1729
986
925
1313
1444
1905
1256
815
1200
2333
936
-742
-155
-140
501
330
768
917
310
-1060
-946
-458
97
-601
-1012
-669
-167
-358
-869
-939
-1423
-1400
-912
356
649
-479
-857
-846
-708
-862
-357
309
1105
2035
2556
616
-3637
-7858
-8670
-5539
-1552
90
-1188
-3789
-6712
-8659
-9087
-7642
-6171
-5468
-4767
-3190
-1130
-852
-2785
-5061
-6048
-4362
-622
3613
6464
6320
4260
2281
2278
3774
5208
6417
7590
8806
9455
9510
8811
6948
4472
3018
3629
5805
7257
7059
5348
2959
311
-1363
-1298
-908
-911
-1480
-1706
-1875
-2337
-3168
-4445
-5510
-5834
-4823
-2251
-86
420
-767
-2180
-2538
-1830
18
1978
3466
3955
3408
3169
2948
2458
2123
1849
2608
3487
4258
4081
2537
1143
-845
-1598
-1428
482
1869
575
-762
-2265
-2675
-2837
-2773
-2616
-2326
-1683
-1222
-382
-151
-1268
-3053
-2393
-716
804
2114
1691
999
339
735
1501
2263
3367
3007
1541
-1407
-5603
-8139
-8288
-5273
-2635
-2226
-4361
-8355
-10556
-12051
-11410
-9778
-8227
-6615
-6321
-5326
-4857
-5322
-6230
-7369
-5819
-2342
1955
5397
6221
5109
2810
2017
3615
6397
9350
10782
11335
11206
10258
9907
9153
7890
7216
7504
8664
9577
9234
7072
3759
809
-691
-352
747
1323
649
-1256
-3005
-4361
-4951
-5325
-5486
-5282
-4780
-3687
-2439
-1931
-3267
-5413
-6383
-4565
-1163
1962
3630
3136
1988
883
1119
2760
4157
4943
5106
5571
5930
5464
4341
2600
1015
820
1977
3743
4497
3126
584
-1687
-2535
-1905
-329
763
404
-656
-1383
-1329
-1538
-1986
-2349
-2152
-1148
221
1392
1732
926
-239
-429
780
2629
3536
3733
3219
2359
1726
2016
2120
-1044
-7084
-12013
-10208
-3192
1543
-408
-7432
-13093
-15516
-14934
-11633
-7691
-5256
-6731
-8800
-8236
-6261
-5800
-7832
-8072
-5032
-197
4854
7914
7518
3178
-1192
-226
5792
12074
14532
13481
11232
8635
7352
8171
9833
10169
8727
8149
8768
8860
6951
3626
495
-1817
-1999
363
2857
2187
-2258
-7084
-8949
-8100
-6235
-4251
-3103
-3964
-5893
-6459
-5077
-3773
-3840
-4848
-4985
-3034
437
3626
4898
2785
-192
-584
2030
6066
8295
8434
6437
4159
3384
4012
5424
5140
3432
2175
2367
3416
3253
1572
-857
-3035
-3026
-882
1794
2258
-175
-3299
-4823
-3728
-1214
820
1154
162
-898
-627
504
1669
1891
1860
2294
3232
4408
4447
3950
3169
1447
-3660
-10361
-12441
-6489
1914
3583
-3189
-11556
-15664
-16263
-14586
-10707
-5878
-4652
-7581
-9800
-8972
-7556
-8835
-9842
-6642
-879
4080
6521
6717
3499
-1672
-2497
3474
11896
16028
14750
11358
7916
5844
6455
9598
12390
12029
10012
8957
8165
6007
2879
1059
482
566
1737
3257
2421
-2603
-8599
-11085
-8993
-5340
-2687
-1899
-3629
-7153
-9807
-9031
-5803
-3311
-2821
-2894
-2258
-777
430
1548
1483
725
1461
4013
8009
9280
7713
4932
3046
3542
5218
7940
8517
6018
2564
299
942
2040
2251
1561
159
-680
-1125
-660
-479
-1926
-3499
-3733
-1699
535
967
31
-1556
-2411
-1902
432
3187
4579
4156
2943
2298
2537
3675
4937
3666
-2909
-11563
-13675
-5398
4773
5688
-3701
-13437
-17146
-16357
-13147
-8205
-3287
-4176
-9600
-12602
-10190
-6941
-8123
-9012
-5715
-128
3672
4604
4309
827
-3428
-2592
5770
15458
17346
12743
7298
4239
4398
7784
13064
15728
12849
8032
5451
5314
4924
3911
3798
3762
2921
2128
1886
-128
-5280
-9921
-9249
-4493
-780
-790
-3665
-7821
-11766
-12195
-7788
-1959
679
-1147
-4091
-5476
-4549
-1946
943
2927
3187
3606
5158
6612
5897
3738
2782
4160
7125
9736
10430
7772
2844
-933
-638
2764
5899
6148
3482
-317
-3032
-3477
-1767
227
478
-399
-1118
-1068
-1156
-2060
-2944
-2713
-1072
1220
3242
3879
2693
967
299
1606
4017
6179
6279
1348
-8024
-15278
-11319
896
8639
3423
-8913
-16355
-17403
-14849
-10922
-4965
-1571
-5677
-11789
-13151
-9370
-8174
-9833
-7706
-1528
3658
3853
2046
-152
-3558
-4157
2255
12843
17896
13482
6238
2254
2831
6510
12009
16500
15159
9147
4146
3472
4715
4957
5321
6107
5376
2786
530
-1037
-3976
-7818
-7884
-3345
747
-243
-5027
-9595
-12504
-12338
-8159
-1924
1208
-1249
-6344
-8778
-7466
-4119
-14
3197
4667
3419
2593
2866
3353
3336
3320
6120
9207
10547
8992
5719
2569
447
1874
5622
8583
7684
3167
-1089
-3206
-2523
-52
2486
3259
1210
-1639
-3190
-3115
-2363
-1797
-691
609
1154
1000
551
393
371
1118
2858
4735
5419
5022
2080
-4126
-11918
-13117
-3455
7675
8772
-2968
-14440
-18001
-15450
-10945
-5902
-71
-1087
-8516
-14640
-13603
-8914
-8163
-7107
-2352
3009
3382
-654
-2823
-3648
-3469
941
10055
17232
14482
5484
-9
1156
6466
12084
16680
16768
10529
3268
941
3830
6968
8073
8399
7359
3527
-908
-3053
-2972
-3383
-3754
-1466
1029
-561
-6400
-11385
-12130
-9750
-5945
-1905
-129
-2827
-8429
-11368
-8890
-4005
594
2749
3028
1209
-1045
-811
1421
4149
5481
6879
8204
8055
6052
3624
2920
3775
5453
7397
8352
6409
2289
-1213
-1484
783
2992
3952
2807
61
-2935
-3877
-2356
-386
330
-281
-1071
-1455
-1481
-1080
84
1223
2157
2961
3508
3496
2919
2705
1147
-3874
-10350
-10569
-1617
7298
5514
-6073
-15319
-16498
-13118
-9166
-4411
-251
-2972
-10997
-15943
-13027
-8114
-6854
-5186
-784
2271
-78
-4157
-4403
-2679
-436
4328
11519
15216
9669
1642
-55
4689
10858
15090
16861
13891
6681
1281
2314
7682
10977
10685
8647
5364
809
-2385
-1465
1012
1393
-90
-528
-1052
-4272
-8642
-9918
-7294
-4450
-3098
-2843
-4189
-7732
-11352
-10652
-5505
-455
1240
128
-1736
-3346
-3226
-324
3852
6101
5560
4435
4434
4719
4415
4647
5647
6715
6693
6077
5478
3900
2082
1364
2757
4411
4203
2415
58
-1501
-1990
-955
945
1590
10
-2387
-3507
-2777
-1414
286
1620
2083
1402
520
630
1378
2608
3164
1052
-5327
-11768
-10299
-626
6810
3163
-7894
-15159
-15459
-12539
-8694
-3595
-185
-4360
-12202
-15511
-11895
-7697
-6380
-3524
631
1378
-2855
-6051
-4310
-1193
1884
6751
12009
11595
4546
-800
1474
8134
13332
15534
14806
10083
3507
1268
5479
11161
12693
10416
7104
3131
-652
-1270
1865
4534
3214
174
-1429
-2781
-5268
-7032
-5489
-3185
-3001
-4561
-5536
-6591
-8850
-9732
-7153
-2709
-1461
-2601
-4023
-4251
-3895
-2575
1269
4081
4097
1630
1108
2802
4093
4918
5610
6616
5765
4188
3974
4723
4882
4036
4007
4721
4233
2593
1275
1043
1078
909
1443
1769
605
-1732
-2993
-2261
-905
-58
262
529
-35
-859
-906
422
1973
2450
1949
-1137
-6421
-10913
-9083
-858
5106
2727
-6607
-13598
-15017
-12481
-7641
-2366
834
-3185
-10685
-14876
-12733
-7832
-4209
-437
1807
96
-4997
-7767
-5070
-246
4026
7577
9726
7265
1420
-1577
2080
8718
13233
14313
12285
7455
2308
1651
6607
12058
13156
10272
6055
2165
-368
682
4417
6825
5153
1298
-1304
-2859
-3643
-3296
-1349
-192
-1758
-4517
-6224
-6596
-6618
-5671
-3566
-2153
-3151
-4949
-5542
-4560
-3158
-1451
644
1446
293
-1262
-833
1266
2963
3693
4125
4069
3148
2173
2671
4149
4909
4766
4306
3865
2942
1941
1858
2502
2586
1917
1214
668
-376
-1594
-1885
-1354
-936
-1185
-1390
-1312
-1587
-2132
-2074
-1160
-202
282
315
-20
-1156
-4064
-6749
-7512
-4254
180
1789
-1229
-7451
-11218
-11725
-8198
-3659
-365
-451
-5229
-10100
-11980
-8901
-4122
-399
1387
195
-2901
-6067
-5941
-2242
2463
5638
6548
5048
1920
-476
322
4625
9013
11087
9813
6403
2989
1821
4389
8600
11029
9979
6528
3057
1120
1509
4226
6713
6698
3804
199
-1740
-1917
-691
839
1498
567
-1768
-3741
-4341
-3700
-2497
-1480
-1155
-1821
-3004
-3704
-3347
-2309
-1126
-344
-252
-733
-1239
-954
-79
762
1375
1667
1722
1286
945
1145
1686
2101
1826
1376
962
604
437
422
499
130
-380
-733
-843
-972
-1230
-1350
-1260
-1181
-1289
-1207
-1109
-1188
-1493
-1525
-935
-373
-314
-463
-619
-692
-825
-617
12
287
-139
-1609
-2774
-3231
-2463
-899
229
-78
-1987
-3785
-4761
-4188
-2701
-981
-174
-1149
-2961
-4379
-4288
-3046
-1294
288
681
-402
-2090
-2744
-1805
-97
1403
2428
2353
1148
-270
-331
1363
3451
4574
4411
3457
2350
1764
2436
4011
5185
5113
4036
2698
1633
1313
1794
2548
2708
1977
1052
341
-42
-190
168
760
976
630
78
-195
-207
43
469
961
1026
608
199
175
372
440
495
598
547
226
-146
-275
-253
-182
-169
-141
-270
-598
-847
-872
-827
-992
-1094
-1021
-874
-1011
-1277
-1432
-1447
-1411
-1298
-977
-767
-857
-1199
-1392
-1238
-890
-583
-406
-573
-913
-1077
-846
-373
-70
-95
-425
-765
-960
-840
-428
21
269
181
-191
-713
-1053
-817
-173
491
620
324
-193
-667
-914
-680
-15
538
557
-51
-694
-982
-824
-455
-55
200
58
-496
-968
-893
-437
53
295
277
-10
-404
-614
-393
139
461
478
304
87
-189
-367
-310
-20
266
359
369
286
106
-92
17
418
854
1063
1073
964
860
879
1189
1686
2015
2047
1934
1869
1800
1742
1855
2157
2279
2096
1710
1434
1287
1225
1247
1258
1148
831
498
258
121
-18
-111
-173
-267
-445
-652
-828
-1023
-1172
-1223
-1085
-968
-1042
-1268
-1471
-1536
-1482
-1312
-1123
-1092
-1245
-1445
-1436
-1156
-899
-794
-832
-967
-1109
-1167
-976
-611
-284
-86
-127
-301
-522
-577
-369
25
439
591
486
245
37
0
210
509
658
574
295
48
-15
85
198
231
182
46
-147
-297
-349
-299
-239
-204
-252
-411
-600
-726
-631
-450
-346
-405
-562
-730
-839
-858
-779
-648
-506
-380
-375
-518
-753
-781
-511
-74
222
262
155
74
140
408
816
1181
1378
1390
1345
1270
1256
1400
1706
1940
1890
1611
1356
1272
1294
1386
1481
1554
1420
1087
736
528
453
481
655
726
534
88
-255
-354
-264
-108
30
28
-276
-682
-955
-912
-716
-555
-477
-631
-965
-1251
-1249
-1017
-813
-737
-774
-827
-1000
-1153
-1110
-854
-506
-284
-260
-404
-580
-656
-517
-181
179
363
297
56
-153
-180
70
400
530
414
185
45
42
146
262
336
290
198
155
196
236
236
224
222
223
134
56
2
4
0
-54
-106
-210
-319
-423
-516
-609
-680
-696
-706
-706
-769
-895
-948
-894
-760
-618
-523
-475
-478
-446
-335
-157
4
137
265
351
388
367
461
647
800
783
678
637
597
547
563
666
748
736
666
562
437
290
243
379
548
587
453
261
108
76
190
396
502
369
114
-67
-91
4
131
185
105
-59
-175
-168
-64
2
-22
-65
-121
-179
-237
-208
-101
-4
88
127
64
-86
-216
-190
31
280
350
176
-116
-302
-289
-31
226
303
142
-133
-310
-330
-187
-32
63
36
-91
-214
-263
-200
-114
-34
25
35
-5
-110
-184
-132
-53
-5
-34
-110
-208
-299
-318
-269
-191
-143
-135
-202
-345
-443
-420
-281
-155
-119
-134
-155
-165
-192
-178
-93
29
129
208
234
178
118
134
260
341
343
293
232
170
67
24
33
84
91
53
-35
-186
-322
-355
-235
-87
-56
-162
-296
-390
-427
-344
-166
-26
-59
-176
-272
-277
-231
-162
-104
-101
-146
-190
-144
-58
-4
0
-2
-5
-7
18
132
281
395
449
412
323
251
283
435
609
680
626
474
328
263
293
391
460
458
361
202
43
-46
-5
127
212
179
50
-72
-122
-113
-71
6
78
107
47
-49
-112
-124
-54
38
127
118
-15
-158
-178
-91
-5
62
58
-27
-175
-280
-248
-129
-32
-50
-101
-153
-209
-237
-198
-79
-5
-3
-36
-47
-59
-56
-8
63
139
114
44
-8
-33
-40
-13
65
102
46
-89
-207
-232
-166
-96
-63
-90
-155
-262
-333
-304
-225
-148
-125
-180
-271
-320
-311
-282
-263
-239
-206
-197
-189
-165
-142
-119
-122
-111
-88
-67
-68
-66
27
161
257
262
178
86
44
132
305
433
425
291
150
114
175
267
306
254
156
33
-19
29
117
153
105
25
-22
-6
28
68
118
176
202
163
105
71
60
82
155
247
322
327
212
49
-12
64
186
242
224
159
80
-32
-111
-95
3
93
87
-4
-156
-248
-236
-163
-94
-76
-104
-202
-317
-361
-250
-84
-5
-50
-156
-235
-270
-240
-135
-1
48
-29
-150
-240
-257
-198
-71
40
32
-76
-183
-198
-160
-101
-47
9
26
-63
-164
-193
-121
-42
-25
-34
-72
-154
-198
-159
-40
56
67
25
-30
-73
-79
10
147
248
255
201
127
46
46
129
288
376
299
143
23
19
87
135
135
111
38
-43
-75
-37
12
22
0
-30
-40
-51
-70
-64
15
124
179
169
105
48
21
36
101
219
335
331
234
151
148
212
262
290
291
282
248
193
108
62
103
191
256
210
100
-29
-90
-62
-11
0
-41
-92
-130
-133
-128
-93
-78
-102
-178
-270
-291
-250
-194
-177
-219
-296
-350
-364
-357
-341
-294
-224
-217
-289
-393
-396
-283
-161
-112
-138
-203
-288
-346
-333
-217
-93
-68
-116
-191
-264
-274
-203
-76
36
76
53
19
-3
-14
38
179
319
359
290
201
138
148
230
372
474
436
318
213
184
200
246
273
257
175
73
37
30
37
33
30
22
-24
-83
-137
-114
-52
-4
36
29
-48
-149
-189
-112
30
149
186
123
37
-20
28
164
270
301
273
239
188
127
119
197
300
340
306
235
144
73
65
113
186
208
163
62
-11
-1
48
60
9
-71
-110
-91
-87
-120
-154
-174
-210
-245
-243
-207
-200
-230
-275
-324
-335
-316
-279
-266
-261
-244
-221
-219
-263
-324
-335
-264
-198
-214
-292
-324
-306
-288
-245
-187
-150
-158
-176
-173
-132
-95
-75
-36
11
47
54
51
31
25
35
95
192
254
263
214
158
124
132
193
245
256
215
162
134
119
126
161
155
146
129
103
65
48
104
177
215
145
52
-4
-26
3
120
278
305
153
-30
-53
33
148
249
283
252
187
101
45
49
108
186
253
221
96
4
-34
-17
15
70
108
74
-58
-196
-186
-96
-38
-33
-46
-34
-84
-141
-151
-76
-7
-10
-46
-58
-87
-134
-133
-88
-56
-43
-1
14
-25
-76
-93
-44
-5
-94
-143
-138
-50
-39
-121
-173
-237
-266
-264
-202
-114
-98
-156
-261
-301
-243
-147
-72
-62
-92
-156
-151
-118
-97
-45
-41
-37
-42
0
67
56
14
0
68
149
132
80
15
22
80
66
80
145
136
66
40
105
161
189
168
154
149
144
134
86
65
92
202
251
201
86
9
53
140
233
231
169
73
30
56
99
108
135
139
129
95
41
-20
10
42
24
17
10
-58
-193
-240
-210
-152
-91
-52
-95
-155
-223
-265
-280
-196
-75
-19
-55
-68
-128
-159
-108
-30
39
80
91
31
-26
-7
16
54
69
91
74
105
115
92
54
-26
-20
-27
-35
-40
-48
-28
-51
-144
-221
-203
-62
54
101
48
-27
-107
-106
-43
-22
-334
-759
-790
-253
395
685
854
663
421
82
-426
-783
-954
-611
-202
278
647
673
607
374
2
-647
-1371
-1853
-1738
-840
417
1564
2284
2368
1953
1096
-75
-1363
-2172
-2072
-1171
118
1281
2034
2219
1812
1045
106
-708
-1174
-1258
-1036
-562
115
697
1011
1083
991
688
133
-400
-741
-836
-769
-554
-151
225
506
529
384
145
-228
-469
-600
-414
-307
-250
-190
-209
-195
-210
-45
68
138
120
23
-43
-148
-152
-110
-80
-84
-143
-199
-122
28
119
154
72
-92
-295
-350
-377
-361
-298
-243
-141
-32
131
257
196
36
-198
-268
-242
-153
64
228
389
362
351
187
-149
-672
-1073
-963
-420
379
1041
1455
1359
1091
614
28
-437
-767
-833
-674
-204
152
457
560
454
130
-182
-363
-567
-568
-510
-271
9
192
268
246
160
105
61
42
-62
-123
-20
36
145
223
245
258
200
180
82
74
62
148
244
217
120
-22
1
-3
-37
99
38
-222
-469
-259
-78
198
545
597
667
403
132
-80
-389
-661
-830
-505
-22
337
574
278
215
132
187
339
260
210
-71
-77
-77
-40
41
-44
-152
-160
-69
-161
-48
-4
-123
-127
-299
-263
-306
-335
-331
-232
-75
-27
152
131
64
-55
-148
-174
-284
-174
-93
10
79
57
63
-66
-114
-163
-100
-116
-134
-15
57
83
9
66
51
-11
-42
-37
-64
50
-93
-129
-66
-132
-110
-14
-2
-74
-124
-239
-208
124
347
427
312
210
-135
-379
-274
-68
165
242
385
394
305
62
-91
24
190
239
239
224
100
-134
-275
-195
41
199
190
237
80
18
90
375
483
116
-334
-915
-1198
-1188
-762
-171
641
1140
977
757
584
396
0
-339
-283
144
742
590
159
-119
-73
-209
-420
-699
-728
-742
-467
-99
202
661
369
46
-375
-348
-193
-340
-672
-909
-140
331
744
700
750
678
52
-514
-1116
-1194
-865
-220
516
1257
1328
723
364
135
-758
-1159
-1054
-531
-79
604
743
389
343
442
237
-69
-166
-157
-190
-95
95
236
114
-171
247
423
452
222
13
-110
-314
-1339
-1046
-128
182
632
1575
1772
1063
451
-936
-1967
-1494
-211
240
1365
1828
1147
104
-840
-1416
-1464
-923
-214
601
1167
557
-223
-1067
-1525
-446
-773
597
1090
1778
472
-461
-1397
-2226
4
98
612
865
1248
1013
-530
-75
-487
-898
-777
-633
524
1310
1182
154
-141
-427
-470
-524
-48
-804
107
931
618
-236
-793
-130
-112
531
-1006
-828
-57
60
368
485
23
-1452
-45
652
233
-121
-154
766
1416
60
-668
-196
185
990
300
21
285
223
1276
202
-1075
13
-241
-1571
131
699
-280
234
432
-792
-625
177
-220
114
-350
-622
-792
1273
1032
-552
-732
160
128
625
725
777
440
-972
-1290
-226
116
27
1042
1125
-859
-463
-234
-2
66
-745
-12
684
1127
-522
-297
-275
-932
616
708
-197
476
-413
212
340
-827
5
-146
941
-927
-99
621
-195
305
-135
45
818
-149
-369
-114
-596
21
-184
925
-26
21
-320
-1164
191
-239
146
473
473
-105
-543
-450
-949
508
666
756
1547
-39
-1021
-1676
-70
-28
392
1082
-40
1831
-25
-507
-369
-1344
-1006
-1927
1456
1197
2101
1272
-939
-979
-1832
-1006
-419
-538
171
1658
2125
1651
-731
-666
-1078
-2652
-733
545
1842
1156
889
1005
-1046
116
-1773
-902
-247
-79
340
1410
2204
-588
-613
20
-935
-852
-530
-450
-110
1088
31
123
315
-215
-2127
-49
1922
344
-737
-172
-392
-616
68
524
1050
1609
330
-931
-290
-1239
-1891
-521
1461
1270
1340
1842
-150
-1675
-1702
-1290
-119
874
1898
1178
-607
395
-673
-542
-473
473
47
-148
1525
-278
7
-1568
-216
-744
643
1423
80
-258
-1497
573
-141
-1148
117
849
57
-539
826
-261
631
877
-546
-541
-790
-562
-431
1000
1889
-321
-708
26
-333
-411
-1169
281
-342
1196
928
712
-64
-1536
-457
609
664
-866
1426
961
-895
-152
94
-21
-107
319
-770
1138
-97
-588
483
938
-363
-747
10
-121
340
-535
1384
415
-355
-1654
-171
853
-814
427
884
-120
-966
122
-1018
-160
-536
27
353
1235
545
-1600
-865
-383
231
-201
-96
766
-87
592
-1224
797
444
12
-302
-255
244
-848
631
1121
-220
-440
1062
938
-695
-641
-314
-664
785
154
-419
1380
424
-462
-361
-550
410
-661
-149
432
321
928
-606
-178
-523
51
-331
303
510
-1249
179
489
-247
-498
-657
576
285
490
-172
347
-39
-1055
-602
112
1556
1029
300
870
-520
-1278
-478
-434
317
910
-664
1168
267
-279
-746
-412
-970
-1360
1218
144
1109
287
6
-600
-653
460
-1444
224
1339
265
183
116
89
-498
291
-946
85
950
168
96
-52
-229
-786
-440
-59
684
766
-118
-334
312
-351
-829
-941
-484
1987
283
-259
904
-565
-129
-1346
870
-93
-671
394
-68
1410
336
-517
-1564
-887
271
-745
1244
1562
175
825
-968
-746
-39
-400
117
1440
405
106
714
-682
-712
-73
-187
119
48
299
-643
1392
936
-1195
385
-194
-738
-658
30
310
184
1879
-1330
-79
701
-1716
-1118
-425
1543
-223
705
-544
428
-258
-1154
680
11
-362
-1174
752
981
507
-170
-846
268
143
-597
-334
2099
-85
-1340
971
-140
-578
17
147
-872
-664
534
1153
1649
-489
-1487
-1160
-516
368
189
1475
1997
613
-894
-116
-1489
-1067
-179
-293
1953
1087
138
-168
-433
-1714
-845
220
-292
-50
142
894
826
-205
359
-691
65
-915
498
142
-41
950
-434
841
433
-197
-1324
708
-347
-1043
706
994
-122
-154
604
-146
410
-809
-1126
-36
1101
654
-518
359
232
-513
-1956
1140
106
-776
963
270
123
120
52
-1528
126
-258
113
745
87
800
-878
-1469
1220
13
85
344
529
-1085
-558
905
-250
-385
181
1209
150
-622
-607
-54
5
455
28
-232
140
-256
-568
620
-321
218
329
-950
176
-275
-500
651
47
-447
-226
-199
-105
178
540
535
342
44
-689
-111
202
273
576
508
-279
387
-199
-680
97
-579
-762
-181
839
578
488
-460
-1239
-169
1043
668
-304
1130
-115
-681
175
569
-628
878
780
-1153
45
-440
-228
-459
-210
1034
7
379
6
-448
-223
-519
-535
405
882
551
-226
324
-220
95
-941
-622
411
808
-393
-414
801
119
2
-18
-812
-550
835
-741
514
-80
105
516
1006
-901
-829
96
-405
232
-333
422
930
352
-807
311
-653
-524
396
-644
275
1104
1441
-946
-702
522
-662
-916
401
1049
-373
943
145
-954
354
-770
-698
759
109
-445
-37
917
-905
58
-26
-375
181
-515
-698
506
757
-48
86
275
-523
-1268
534
-246
-707
707
752
-226
-126
-152
-978
918
-226
-558
574
769
-724
342
692
57
389
-459
703
-321
371
-538
-17
332
662
111
-279
382
-1733
1369
-718
456
743
-844
633
70
218
-848
91
668
-25
-16
569
-214
181
94
-419
-954
93
-48
-59
-176
223
-90
-285
308
-835
-57
-353
-205
-203
266
278
979
-180
-944
456
-628
-178
298
1551
145
-320
-395
167
103
-382
-281
-59
944
-477
-245
-167
711
-410
-829
454
526
704
-593
-722
-803
213
231
545
1035
271
-124
-803
40
80
-117
563
462
597
-183
269
-511
334
-336
-1175
-299
216
231
870
175
-291
137
-1366
172
-136
82
430
809
-162
-197
173
-684
-359
572
-552
-555
476
648
169
-710
124
-1156
-184
-232
514
175
351
437
-717
-26
204
-81
-831
1057
-302
620
780
-781
423
-588
91
-343
461
553
-509
-512
77
249
-259
390
-82
-415
165
-182
27
134
364
169
328
-397
-407
-606
-710
1550
648
-699
824
-320
-733
80
616
-745
-725
1512
226
-286
109
18
263
-299
-17
-1116
755
1150
-1096
357
357
-183
-113
372
-369
122
-544
134
96
358
1035
-69
537
-1550
-61
169
-206
-184
-144
1167
-139
-644
7
-246
-166
190
-928
1248
479
-614
-615
197
-432
-121
568
111
525
-38
-767
-344
1117
-345
266
-356
100
-26
-514
141
-408
482
-23
35
-68
193
-82
-295
72
60
13
-85
717
482
-1411
328
206
-95
380
-507
-421
335
-3
-514
111
360
-5
-405
-759
265
-78
526
445
-313
-37
304
65
-916
-148
104
99
701
-17
687
-1
-939
-633
-502
772
612
-131
459
608
-331
-500
-337
496
42
241
309
590
81
-1353
170
308
72
-113
309
716
-293
-507
-611
-81
898
184
-470
-22
828
-511
-61
-266
-360
619
-253
229
-554
1061
196
-557
-9
63
17
-202
561
-512
234
-151
114
99
-357
-102
351
-286
20
-159
-72
298
-270
-8
263
382
-848
-838
133
653
844
-322
282
-945
527
-222
-624
891
-450
156
-141
1079
-64
-609
-347
-1447
1104
530
59
16
-4
389
-504
-26
-421
525
-456
-231
94
-850
892
178
-489
-25
359
-376
-160
251
-378
-210
784
182
211
702
-376
-1387
3
-390
599
1144
389
-155
-425
-326
-1062
75
-88
66
151
422
-110
44
-351
-618
375
-827
285
472
356
401
129
-16
-78
-77
-142
317
-59
-131
119
195
549
394
-979
440
184
-159
-591
89
522
336
84
-434
898
28
-354
-404
-77
-118
2
536
6
361
37
-246
-270
-248
-228
-105
572
-355
297
143
404
-1
-818
-71
173
55
-295
-84
703
-124
141
-88
-394
153
-69
440
-654
243
-272
512
328
-303
-101
-660
526
240
-615
-171
427
-22
-131
-210
86
219
-174
309
-999
162
-618
-11
299
19
152
65
689
-915
-381
-345
80
666
716
-364
14
130
5
-648
-425
929
109
-96
541
-254
-298
128
121
454
-299
-38
-75
-398
831
-52
-26
-498
175
35
-375
889
-100
99
-475
180
146
-150
373
-650
21
342
262
-399
472
324
-655
-471
-315
550
630
-272
-404
-249
667
-281
-9
120
97
-543
237
401
-136
623
-100
122
-265
-302
-464
792
719
219
-443
-564
-78
74
-243
-150
572
-106
-244
370
169
-172
-290
-266
-409
393
433
126
-139
-675
59
47
246
-245
371
6
-24
-154
-975
662
16
37
-502
404
-504
84
209
95
113
-669
-779
780
717
-579
500
-195
-48
-655
171
4
270
-299
-30
831
-199
130
-99
0
-652
291
-70
288
322
302
-291
90
-614
-554
527
-145
388
161
798
-129
-233
-589
-669
461
-338
73
646
702
-27
350
-319
-866
-73
-245
437
497
536
-38
227
212
-488
-491
-111
-152
215
185
677
74
-25
-258
-1111
102
-151
-106
98
779
-328
398
-257
-312
462
-288
-207
-264
1237
-38
287
-369
422
-261
-586
24
-146
278
57
220
-241
208
-392
-519
275
-218
-162
-190
692
323
-72
-426
-423
328
-390
-329
890
341
-177
-169
-257
160
219
-474
-182
704
216
-110
-181
-85
-679
347
417
-639
130
62
450
-163
-493
301
264
67
-600
-545
638
664
-148
-118
237
-5
-235
648
-1108
-136
560
-78
263
65
125
-762
-76
-206
-314
123
40
761
-270
-631
242
-199
727
-1392
148
387
-283
958
-159
56
-354
-186
16
-133
918
-559
112
-4
-381
-30
134
342
9
247
-404
12
50
175
84
-114
136
278
634
-294
-357
71
178
-565
685
550
227
-112
-257
224
-447
703
-404
-200
225
22
418
-224
-302
-458
251
223
-182
-197
287
-204
-357
-97
-21
184
453
245
-146
-758
-39
-113
391
358
317
693
-429
-198
-20
-468
31
98
212
117
-467
475
-520
796
-506
-765
319
-246
641
-561
-80
322
296
392
-657
335
-598
379
-331
-987
482
508
45
58
-261
-353
116
41
128
-393
150
349
-323
440
10
-268
-236
617
187
-817
-327
-354
472
92
98
78
-71
308
-671
72
-655
183
469
182
463
-72
274
-573
-253
302
-942
341
497
-320
432
153
12
-340
711
-124
-459
501
-569
572
561
320
-2
20
-507
31
-77
-317
138
131
-198
455
577
-66
-657
-234
-171
-440
408
-2
242
245
875
34
-642
-330
-541
221
365
382
273
-265
-516
92
-464
-260
-23
184
307
-380
452
14
-225
-570
102
351
-658
654
232
-298
-529
-137
506
-390
185
162
31
358
-95
-748
-263
80
428
-196
256
150
182
-382
92
-130
-446
347
-469
402
578
162
-179
184
309
-592
302
-150
-594
811
112
504
104
-472
299
-527
331
-555
-688
765
-139
506
-142
10
-28
-476
-75
-732
631
127
189
525
-470
421
-947
56
273
-276
40
172
747
69
-277
-353
65
79
-128
180
209
140
291
-549
315
133
-64
-95
-65
-261
155
306
-275
242
137
-430
-109
37
107
81
-336
406
-149
-356
482
-159
-94
63
417
145
100
-405
-369
179
439
-36
2
134
195
60
-433
-157
-238
225
-228
37
339
33
-197
367
-718
-71
-64
-162
208
-313
122
-319
-68
85
80
298
2
-24
-277
-665
492
38
552
-139
111
57
0
-286
-163
-9
-371
463
306
282
-567
66
-83
-314
494
-463
-51
437
49
-114
-381
287
282
-97
185
-58
-192
464
-128
-121
377
41
-48
-153
-240
458
-349
-436
580
495
-350
-38
364
-627
63
5
-395
232
6
563
-12
218
167
-1094
16
378
-403
-49
615
484
-197
-290
553
-440
-293
-593
52
651
36
-5
208
105
-273
-666
-221
-49
111
269
27
706
-281
-109
202
320
-360
-500
327
513
-185
9
112
59
-236
-336
284
-572
40
338
-109
-268
85
-254
-618
410
404
-314
-22
-42
-92
90
335
-17
-95
297
-205
329
-92
107
-304
-29
-55
-72
138
-147
211
-490
333
-70
283
627
-308
-280
-448
163
-414
498
359
152
216
-732
288
-422
-101
319
69
-132
-510
305
146
478
115
-580
0
-283
-157
32
345
190
307
37
-128
89
-18
-138
-253
-132
309
495
322
31
-139
-236
-141
-150
7
70
-242
328
425
-205
-365
78
80
-13
-395
414
114
14
384
43
-197
-20
-306
-61
132
-122
224
270
-206
-113
-226
-95
9
-244
-132
306
987
-399
-244
-182
-288
-78
-227
367
288
50
88
-131
-250
-21
-488
-264
61
548
185
-517
659
-34
-218
275
-134
-408
-262
334
452
602
118
-131
161
-280
-653
296
-290
-65
145
640
490
-43
-692
-755
164
-140
106
194
345
-152
-80
-40
44
-93
-570
73
146
556
151
-106
-187
-188
-483
-176
733
27
-183
-130
370
493
147
-577
-515
-82
35
150
697
150
-114
-386
-563
264
454
1
-736
25
93
-318
899
611
-226
-409
-489
-297
49
240
-218
514
410
-167
421
-119
-391
-368
-130
-3
481
430
-231
349
-207
-515
252
-115
-251
-398
-232
208
633
312
-462
148
-141
-121
-230
401
-258
-532
186
115
653
405
84
-617
30
48
-359
26
545
236
-229
266
229
-100
-28
-462
-453
252
521
-191
488
180
-779
-217
-261
-57
259
-52
32
-231
132
-553
92
346
-225
10
-408
166
126
434
-11
198
233
-83
99
-285
67
-51
254
132
208
63
83
-252
-433
116
30
233
-170
98
-141
-222
109
-82
-9
-33
-22
-303
240
153
-215
185
-111
296
177
224
-366
147
-32
-197
364
22
200
-22
-285
-241
134
-187
-184
163
147
-116
-269
-68
258
-139
12
-375
-184
262
8
-335
314
153
-154
366
175
-130
-69
-222
-146
289
-208
-66
151
369
72
-258
-259
111
169
-137
-174
156
192
-143
52
-73
284
-109
-314
-7
154
163
-158
114
-46
-455
163
271
244
195
108
-319
-69
131
44
-60
-49
81
3
436
462
-178
-551
21
-279
-241
105
176
-196
-367
341
297
169
223
-529
-648
-175
-68
313
712
373
-198
115
-173
-279
-113
-257
-144
-15
327
426
414
442
-562
-751
82
-281
-115
497
370
-33
4
90
-346
97
91
-476
-115
280
-108
71
622
107
-318
-157
-86
-388
479
381
-392
-5
132
-226
44
461
-248
-433
193
-274
-270
512
727
-145
-265
-209
-402
442
291
-258
-336
294
58
-241
171
-38
-326
-121
-359
168
646
155
-181
-282
-10
-525
-1
500
103
-128
5
406
45
86
-197
-411
-86
344
231
68
513
-38
-523
-95
382
-347
-383
492
-2
-320
74
448
200
-313
-235
-152
-147
165
103
-225
44
297
-74
-284
261
315
-376
-172
16
-196
140
183
528
-161
-301
-165
-158
153
51
-72
-302
98
136
-191
155
177
-125
-7
42
-177
106
-72
-154
218
71
-105
-257
108
-218
-206
103
441
29
-101
-32
-89
329
174
-130
-188
242
91
-241
-29
191
210
-277
-131
15
162
84
40
103
-199
-123
-91
79
289
342
64
-62
-187
-336
-146
121
230
131
96
41
-207
-27
31
36
1
-210
-51
-4
49
126
430
146
-378
-51
-102
-172
-9
-9
276
160
-110
27
-38
-272
-106
258
-219
-418
27
65
64
386
342
-270
-287
-9
-308
-298
129
426
228
196
133
-361
-126
68
71
-67
-34
76
-238
90
145
287
225
-10
-179
-303
-106
-191
229
239
333
61
-125
-65
-51
-17
-31
89
25
7
-172
-84
132
237
322
219
-205
-464
-348
-404
-38
527
120
45
-9
-130
-194
-204
-10
-436
-43
331
104
111
22
-46
-153
5
-70
-162
243
-200
-177
240
190
102
95
-16
-260
-109
-70
-162
169
187
-80
-22
272
46
-133
92
-175
-162
4
260
272
273
84
-294
-111
26
-46
-19
93
-143
-53
-18
-11
107
106
13
34
12
-110
-56
-33
-155
-267
144
420
14
-53
-32
-245
-233
67
51
-175
1
204
271
102
-343
-227
108
-7
-191
147
262
6
63
174
128
46
145
-46
-124
-84
57
133
226
-124
-150
169
-191
18
251
44
-244
-121
-96
-269
147
57
54
185
-85
-265
79
205
-199
-103
188
26
54
-60
-36
231
203
111
-20
-163
-341
-94
355
320
154
155
-30
-150
-14
-373
-399
149
301
55
14
-103
-238
26
16
-45
31
90
-218
-172
220
-83
-1
168
53
-30
71
5
-140
129
-113
-250
-146
-194
-92
157
322
119
-84
-129
-240
-339
-301
67
435
343
322
166
-416
-540
-175
61
171
324
206
10
49
-187
-210
3
50
-18
143
460
-4
-496
-200
84
197
258
126
-110
40
48
-174
-86
-33
-7
153
446
165
-191
-184
-184
-64
115
259
49
-41
102
47
-118
-216
-114
79
215
191
9
-166
-88
-109
-222
71
341
185
40
15
-162
-216
-156
-124
54
207
172
-16
-145
-46
-89
-265
-238
16
184
273
161
-136
-300
-227
-11
27
67
86
-17
-47
48
89
-88
-174
-100
-19
112
148
76
-44
-36
44
30
-80
-95
35
-89
46
189
22
-76
66
141
-56
17
-58
-210
-98
115
269
39
-93
-155
-93
-125
-32
150
205
95
-44
43
45
52
-94
-56
79
261
127
-208
-275
-166
-16
74
233
198
97
-189
-243
-133
-155
-4
-60
46
365
324
16
-165
-195
-164
66
236
61
46
75
123
173
-2
-133
-161
-80
-20
114
336
110
-143
-264
-174
136
179
104
-82
-46
13
5
-42
-131
-14
-46
-47
105
256
50
-153
-227
-299
-40
84
71
57
34
-117
-104
-35
-159
-78
28
60
71
83
30
-63
-78
-65
51
285
257
-109
-205
-45
82
58
121
27
-47
55
85
-12
-225
-140
-9
98
80
-20
-6
2
-97
-169
-33
150
114
76
142
113
-47
-3
105
-7
-185
-237
-41
135
163
45
-4
-20
-129
-162
-177
-52
110
86
13
29
64
1
-15
-35
-48
-155
-110
58
155
100
57
120
-29
-202
-222
-42
80
102
84
96
114
29
-92
-98
-58
-51
71
151
148
-38
-208
-151
-93
25
-12
86
104
8
-1
-31
47
-64
-109
-18
61
82
69
131
80
-10
-161
-177
-62
-4
18
115
267
245
77
1
-70
-203
-272
-76
123
141
142
57
-21
-124
-155
-172
-113
-10
83
150
120
87
38
-43
-80
-83
-56
-22
45
99
109
68
-4
-59
-88
-134
-54
30
42
109
97
-7
-151
-182
-183
-82
25
17
60
113
81
5
-11
-44
-82
-57
31
165
200
116
32
3
-5
-89
-117
-75
0
102
151
203
202
116
-11
-126
-194
-255
-197
-24
188
307
261
83
-146
-278
-328
-269
-69
118
264
288
181
15
-146
-203
-156
-35
57
93
122
168
129
49
2
-83
-196
-242
-126
42
170
260
221
69
-81
-193
-308
-326
-198
-18
161
281
276
122
-57
-183
-287
-304
-248
-107
136
361
435
339
113
-200
-426
-462
-358
-176
84
338
500
497
258
-91
-376
-534
-494
-254
35
270
445
468
267
-9
-247
-401
-435
-347
-136
149
404
539
508
246
-129
-431
-584
-524
-233
116
410
547
505
319
63
-210
-425
-474
-377
-132
132
310
400
399
244
-26
-314
-475
-470
-312
-51
207
405
519
463
204
-94
-297
-434
-444
-252
-2
221
391
436
342
137
-118
-333
-398
-313
-182
-44
81
223
333
312
176
-54
-295
-402
-373
-230
11
258
394
409
336
154
-95
-302
-411
-377
-181
62
240
354
373
272
85
-136
-274
-319
-276
-131
41
135
178
245
242
171
53
-78
-149
-203
-211
-125
27
177
264
270
219
101
-63
-207
-281
-248
-140
31
151
198
190
115
19
-93
-180
-236
-238
-163
-66
27
97
152
161
118
53
-50
-126
-144
-156
-144
-78
13
88
146
172
119
-1
-118
-181
-175
-135
-66
14
77
123
141
149
116
35
-38
-87
-116
-117
-85
-36
21
88
100
89
86
56
-33
-107
-108
-92
-37
28
43
59
85
70
21
-6
-37
-90
-98
-73
-1
84
135
179
169
97
6
-55
-90
-109
-95
-77
-51
-2
52
71
59
27
-20
-55
-54
-72
-95
-73
-31
8
41
62
60
36
12
-20
-61
-59
-21
6
13
31
62
94
93
41
-35
-65
-64
-42
3
42
63
63
28
-11
-7
12
22
30
32
25
30
43
44
46
35
16
7
3
4
-18
-39
-41
-39
-56
-67
-52
-23
21
38
37
45
29
-8
-45
-68
-83
-85
-70
-49
-16
18
15
4
-14
-86
-152
-167
-143
-93
-26
36
75
79
43
-25
-92
-119
-91
-30
46
108
127
122
71
6
-44
-54
-33
-11
38
88
122
118
98
70
22
-30
-35
3
19
-3
-24
-32
-14
4
10
19
30
19
4
-6
-30
-57
-54
-12
30
42
36
19
-32
-118
-166
-150
-113
-61
-3
44
81
84
61
22
-16
-63
-71
-12
55
130
176
190
176
134
54
-32
-54
-43
10
67
110
131
116
91
24
-48
-101
-108
-68
-11
45
75
75
33
-19
-70
-116
-123
-74
-1
53
87
83
39
-14
-70
-96
-71
-34
13
40
34
-17
-46
-46
-31
-12
1
26
25
25
14
11
9
-13
-24
-25
-17
-3
7
11
25
43
52
56
34
-13
-50
-69
-59
-32
6
26
12
8
-10
-19
-31
-44
-46
-46
-34
-26
-15
0
10
9
4
1
-11
-32
-41
-27
-20
-31
-14
17
34
21
9
1
-16
-28
-49
-36
-13
15
42
63
57
16
-2
-23
-42
-48
-41
-22
-3
5
6
15
21
1
-37
-65
-66
-62
-47
-14
25
54
66
62
51
45
18
-17
-32
-37
-32
-10
25
37
29
13
-7
-21
-40
-39
-25
4
34
34
21
5
-11
-17
-36
-34
-21
-12
-15
-12
2
1
11
18
23
12
-2
-5
6
34
56
66
70
62
38
11
-1
-1
5
16
27
41
38
8
-2
3
0
4
-2
2
-3
-24
-28
-12
9
21
43
37
13
-7
-27
-37
-20
11
28
40
45
30
9
0
-13
-16
-5
-9
-15
-2
2
1
5
14
15
6
-9
-31
-32
-27
-9
11
18
1
-19
-34
-53
-61
-55
-38
-14
5
4
-28
-66
-89
-97
-84
-66
-43
-30
-14
6
11
-5
-25
-38
-34
-5
22
44
53
54
45
36
22
2
5
12
22
43
71
72
75
78
56
38
32
20
8
1
-1
7
19
32
38
28
9
-10
-24
-35
-35
-24
-10
6
5
-2
-12
-12
-19
-23
-4
13
25
31
16
1
-6
5
20
40
49
43
30
11
9
8
16
23
21
28
30
14
-14
-30
-16
0
13
28
31
18
1
-29
-50
-47
-41
-33
-17
-13
-29
-31
-28
-36
-40
-50
-53
-51
-53
-59
-63
-59
-59
-52
-55
-51
-50
-64
-66
-57
-47
-23
12
28
26
25
21
12
10
6
8
19
23
28
30
34
36
31
33
34
46
47
47
52
41
27
24
18
12
17
31
24
14
-1
-15
-17
-2
16
30
27
1
-15
-29
-35
-43
-27
-1
1
7
10
0
-12
-20
-19
-7
11
25
33
40
41
36
20
7
1
2
10
27
42
45
49
48
31
12
2
-5
-2
7
8
5
-7
-19
-19
-32
-40
-40
-33
-24
-19
-18
-13
-4
-10
-15
-9
-8
-1
-4
-3
-3
-2
5
-6
-5
-10
-25
-27
-25
-27
-22
-15
-8
-3
-11
-30
-37
-33
-26
-14
-13
-15
-21
-29
-33
-38
-49
-45
-18
-2
9
8
-5
-12
-15
-12
0
12
25
32
42
43
36
25
14
14
9
9
12
13
9
7
2
-2
9
8
5
8
10
15
27
34
36
32
23
20
21
18
17
23
25
21
22
11
11
14
14
15
21
25
29
28
24
23
22
13
8
12
7
5
5
10
8
9
7
0
-7
-11
-9
-11
-6
0
-1
-6
-12
-16
-23
-24
-25
-23
-15
-18
-18
-19
-20
-11
-13
-12
-2
-1
-6
-12
-11
-8
-5
-1
4
9
4
-5
-3
-4
-4
-6
-8
-5
-12
-17
-20
-16
-12
-10
-4
-7
-8
-11
-14
-11
-10
-9
-12
-12
-10
-11
-14
-8
-6
-1
4
4
7
7
6
6
7
12
7
9
7
11
11
6
4
4
3
1
-2
-6
-7
-8
-6
-2
-2
3
5
3
0
-6
-10
-16
-17
-17
-18
-15
-10
-7
-3
-2
-5
-2
2
4
4
7
10
8
8
9
9
8
8
10
10
9
6
2
-3
-6
-8
-9
-7
-1
-2
-1
-1
0
1
0
0
0
-1
-2
-7
-8
-7
-8
-9
-8
-10
-4
-1
-1
7
4
6
6
8
9
9
11
9
10
12
15
14
17
10
4
3
3
4
8
13
17
20
18
12
4
2
0
2
2
0
1
-6
-13
-13
-10
-7
-7
1
0
-6
-7
-8
-4
-4
1
5
3
6
6
6
2
1
-4
5
11
9
8
5
9
9
8
9
12
13
14
15
11
9
5
0
-1
0
-2
1
-4
-5
-1
-3
-2
-1
-1
-2
-2
-4
-5
-9
-7
-3
-5
-5
-6
-8
-11
-12
-13
-12
-10
-6
-6
-6
-1
-6
-7
-9
-10
-11
-11
-11
-13
-12
-17
-14
-18
-18
-12
-9
-11
-10
-13
-21
-16
-16
-11
-5
-2
1
0
-3
-4
-1
0
5
11
11
18
17
9
4
0
0
-2
3
5
3
8
3
6
7
7
7
9
9
8
10
8
4
8
11
9
10
9
9
7
4
7
9
15
15
16
13
11
11
8
5
7
8
9
10
10
8
9
9
9
10
11
10
7
8
5
6
0
-1
-3
-4
-6
-3
-4
-12
-14
-9
-8
-7
-1
-6
-6
-5
-7
-8
-6
-7
-2
-4
-4
-5
-6
-11
-8
-4
-5
4
2
-1
-6
-10
-12
-11
-9
-10
-7
-8
-8
-13
-11
-9
-10
-12
-13
-9
-12
-14
-11
-5
-3
-2
-1
-2
3
0
1
1
-1
-4
2
2
0
6
2
2
5
4
8
2
5
6
10
12
10
7
3
5
-5
-7
-6
-7
-4
-3
-7
-9
-10
-13
-15
-13
-14
-7
-4
-2
-7
-5
-1
-4
-2
0
4
0
2
2
-3
-3
-2
2
5
8
10
7
7
5
9
10
9
12
11
10
11
13
11
11
14
10
8
13
14
15
19
20
23
28
32
32
30
32
30
31
33
31
31
27
24
22
11
10
3
5
4
-3
-1
-6
-11
-17
-26
-33
-39
-39
-37
-43
-40
-41
-47
-45
-47
-49
-50
-49
-47
-43
-37
-37
-33
-33
-30
-24
-22
-17
-11
-8
-3
4
7
10
13
19
22
20
11
11
18
22
26
23
28
19
15
16
7
1
2
1
0
0
-5
-7
-10
-8
-7
-6
-12
-12
-14
-14
-11
-4
2
2
7
11
9
10
13
9
11
13
17
16
19
29
33
39
39
37
42
37
40
41
40
36
34
33
31
30
24
24
20
15
19
16
10
8
9
3
-8
-10
-14
-14
-13
-9
-6
-11
-9
-11
-13
-17
-24
-27
-22
-11
-5
-3
-1
2
-3
-7
-9
-15
-18
-22
-23
-20
-24
-18
-16
-14
-11
-8
-8
-6
-5
-4
-3
0
0
2
6
6
3
-3
-5
-11
-14
-8
-4
-7
-12
-15
-19
-20
-20
-17
-15
-12
-14
-18
-24
-30
-31
-31
-30
-25
-28
-27
-27
-32
-30
-36
-31
-23
-15
-9
-11
-16
-21
-22
-14
-8
0
3
1
5
7
10
9
13
15
16
19
14
17
15
13
22
27
32
26
24
19
7
5
6
7
8
13
9
7
4
-4
1
3
-5
-4
-3
-8
-12
-11
-14
-10
-8
-10
-2
3
3
-1
2
9
12
13
20
16
20
25
31
35
38
41
42
42
37
34
34
44
48
46
41
37
30
26
23
17
15
13
10
4
6
9
10
14
18
9
10
7
0
-2
3
4
3
6
5
4
-1
-5
-4
4
5
7
8
5
-6
-10
-14
-24
-16
-15
-10
-9
-14
-18
-23
-19
-22
-14
-8
-8
-3
-10
-17
-18
-16
-13
-8
-11
-15
-12
-23
-29
-31
-30
-38
-33
-28
-30
-29
-30
-30
-27
-24
-23
-21
-20
-19
-24
-28
-32
-33
-32
-28
-23
-23
-20
-16
-14
-16
-18
-10
-2
5
7
13
4
5
6
-1
8
14
16
15
10
9
5
2
8
13
17
12
10
10
7
8
10
17
22
29
31
24
24
19
21
16
19
19
22
23
21
19
16
16
10
7
6
12
14
10
7
8
9
2
2
-2
0
2
2
7
4
7
10
9
13
16
16
14
13
9
9
11
8
6
8
10
5
7
9
8
6
5
6
6
1
-2
-7
-12
-14
-13
-12
-9
-7
-12
-14
-16
-25
-31
-26
-22
-17
-16
-20
-19
-18
-18
-17
-16
-16
-17
-14
-16
-17
-18
-19
-17
-11
-9
-13
-14
-16
-14
-17
-19
-19
-17
-11
-9
0
7
12
7
7
9
11
12
8
12
12
9
3
3
9
9
8
8
8
8
3
-1
4
8
9
14
15
17
20
19
19
18
19
15
11
8
7
2
-1
-7
-9
-12
-16
-15
-9
-1
3
0
-2
3
4
8
6
7
8
3
-3
-2
-1
2
-5
-5
3
1
-1
-4
-2
-2
-6
-2
-8
-9
-15
-18
-20
-27
-25
-32
-28
-28
-25
-22
-14
-7
-7
-6
-4
-1
0
4
3
2
3
4
2
5
7
8
10
6
6
8
10
9
17
18
20
26
25
24
19
18
18
19
20
17
16
18
20
14
11
16
21
18
18
20
16
14
15
13
14
13
10
13
3
5
4
1
1
-4
-6
-5
-9
-13
-19
-31
-29
-20
-19
-16
-11
-16
-15
-17
-16
-15
-14
-15
-8
2
8
3
-2
0
0
3
-6
-7
-1
1
1
-2
-4
-9
-5
-2
-5
-3
-3
-1
-4
2
-3
-4
-1
-2
7
4
-5
-5
3
-4
-2
8
14
15
14
15
20
16
9
5
1
3
5
1
-4
-9
-15
-10
-4
-7
-8
-8
-6
-5
-4
-8
-14
-17
-14
-11
-10
-6
-3
-7
-9
-4
0
-5
0
5
9
11
2
11
9
11
18
13
10
9
8
5
2
4
3
10
12
17
16
10
8
9
11
13
17
17
12
11
14
13
6
8
12
8
9
7
1
-6
-6
-4
-2
-2
-6
-7
-13
-17
-22
-24
-24
-28
-29
-29
-30
-36
-39
-39
-39
-37
-39
-38
-37
-33
-26
-23
-25
-25
-23
-20
-17
-13
-15
-15
-13
-10
-9
-5
3
3
7
8
10
12
8
7
9
11
8
11
11
9
9
13
19
23
28
29
31
36
37
38
42
42
44
42
34
30
24
18
20
18
18
15
14
14
10
7
4
-1
-3
1
-3
1
1
-1
-8
-8
-5
-3
3
2
2
-1
0
-3
-1
-4
-9
-6
-9
-9
-15
-12
-8
-9
-4
-7
-5
-6
-7
-6
-6
-7
-8
-9
-15
-15
-24
-31
-31
-27
-25
-21
-17
-18
-16
-18
-15
-11
-14
-11
-6
-3
-7
-11
-12
-14
-12
-9
-1
1
7
6
8
11
10
9
12
14
13
10
12
7
4
6
6
10
16
24
24
27
27
26
21
20
20
23
23
29
29
25
22
18
20
19
22
28
30
32
27
20
14
7
2
8
6
3
-1
-7
-5
-8
-8
-11
-4
-1
-2
0
-1
-5
-6
-8
-8
-3
-3
-8
-7
-11
-15
-11
-12
-9
-11
-7
-10
-13
-14
-17
-23
-23
-28
-28
-24
-30
-32
-32
-36
-31
-25
-24
-24
-22
-24
-26
-22
-26
-22
-20
-19
-17
-19
-18
-16
-11
-4
3
9
16
16
14
14
13
16
17
20
18
17
15
9
7
5
8
11
11
17
22
24
22
19
14
7
8
6
9
10
4
2
-2
-7
-8
-11
-10
-9
-5
-5
-8
-12
-13
-14
-20
-19
-18
-19
-25
-26
-31
-28
-29
-24
-12
-6
-2
2
-1
5
8
10
13
16
17
17
21
21
18
16
21
20
22
24
21
19
20
21
21
21
21
22
21
18
16
18
14
11
11
14
15
16
13
12
10
10
9
6
7
7
4
7
10
12
9
6
11
9
11
6
3
5
-3
-6
-10
-16
-21
-20
-21
-23
-25
-26
-26
-23
-16
-9
-7
-3
1
3
-5
-2
3
5
10
15
17
16
14
12
13
13
9
10
8
3
7
3
1
4
6
4
-2
-4
-12
-10
-10
-19
-18
-16
-18
-22
-24
-25
-31
-34
-39
-40
-39
-38
-38
-37
-34
-35
-30
-30
-25
-20
-19
-18
-19
-22
-22
-17
-11
-12
-7
-4
-5
-4
-7
-4
0
3
9
15
15
17
18
14
17
23
17
14
21
18
16
19
19
21
22
27
30
27
23
24
24
20
18
22
22
24
18
15
15
13
13
8
12
16
20
19
17
21
18
16
14
19
15
11
14
7
6
-2
-2
3
-1
0
-3
-2
-5
-4
-3
-2
-1
-3
-8
-9
-3
-2
-2
-4
-6
-2
-1
-1
0
-2
1
-1
-3
-8
-7
-7
-11
-9
-11
-14
-24
-35
-36
-39
-35
-33
-34
-29
-25
-27
-26
-23
-25
-21
-17
-11
-12
-9
-9
-7
-4
-5
-3
-2
2
4
3
4
2
0
0
5
10
10
11
10
8
12
10
13
12
14
15
15
16
16
12
7
11
15
14
19
12
8
12
10
13
9
5
3
1
5
2
0
-2
0
-1
-1
-3
-3
-1
-2
-3
-5
-8
-10
-7
-10
-12
-17
-15
-13
-14
-13
-10
-2
-1
4
6
6
6
7
6
11
17
19
18
15
15
16
19
26
30
24
14
15
13
8
5
-2
-2
1
4
6
2
-5
-7
-2
-1
-3
-2
-10
-8
-7
-11
-16
-26
-29
-33
-25
-26
-29
-26
-27
-27
-23
-20
-20
-16
-15
-13
-13
-12
-8
2
2
2
2
2
0
4
5
4
18
19
17
18
16
16
12
22
27
18
19
13
1
-5
0
1
5
-2
-7
-10
-15
-14
-13
-10
-7
-2
4
6
8
2
-10
-11
-4
-6
-2
4
6
7
11
18
23
27
25
34
38
40
38
35
33
32
29
31
30
22
16
10
8
3
0
1
2
-1
-2
-6
-12
-18
-17
-17
-14
-9
-9
-7
-10
-14
-16
-23
-25
-16
-14
-12
-8
-7
-8
-8
-10
-8
-8
-9
1
-1
-3
-2
-4
-11
-15
-11
-9
-10
-13
-12
-15
-22
-23
-23
-28
-26
-21
-17
-15
-16
-21
-21
-20
-24
-21
-16
-14
-14
-13
-18
-19
-17
-17
-16
-14
-14
-17
-13
-13
-14
-10
-10
-11
-3
1
1
0
1
-3
-3
0
4
7
11
15
12
15
17
17
21
26
26
26
26
27
30
33
30
30
31
34
41
34
30
27
23
20
28
31
31
34
34
31
22
21
15
19
24
23
27
24
18
13
15
10
14
12
13
11
7
6
3
-3
-4
-4
-8
-5
-6
-9
-17
-24
-26
-29
-23
-19
-17
-19
-22
-22
-23
-25
-24
-24
-22
-19
-20
-22
-21
-19
-21
-22
-19
-16
-19
-20
-20
-24
-20
-15
-7
-4
-2
-5
-14
-20
-24
-25
-19
-12
1
3
0
-1
-9
-9
-7
-3
2
2
10
9
4
3
5
7
12
12
11
11
4
-1
-3
-3
-3
5
7
6
4
-6
-12
-15
-14
-10
-7
-1
1
3
-6
-11
-17
-21
-12
-4
-1
9
9
2
-2
-6
-11
-4
-1
-3
0
-6
-13
-12
-12
-8
2
11
14
11
7
4
5
1
4
18
21
24
23
18
19
14
16
19
32
35
37
33
26
21
12
16
17
22
27
29
31
26
16
9
7
10
14
21
20
18
16
6
-1
0
5
10
13
13
11
2
-4
-7
-9
-3
4
3
3
-1
-7
-12
-19
-14
-12
-4
-1
8
12
5
-1
-6
1
5
9
11
7
2
-6
-10
-14
-13
-8
-4
1
9
1
-7
-12
-12
-10
-3
2
1
0
-9
-13
-17
-14
-8
-8
-2
-2
-4
-10
-17
-21
-21
-18
-13
-7
-3
-4
-9
-24
-23
-21
-21
-15
-14
-11
-12
-9
-11
-17
-17
-16
-8
-9
-7
-6
-16
-19
-21
-21
-14
-7
-2
-2
-2
-11
-14
-11
-9
-6
-3
1
3
3
-3
-4
-5
-6
4
3
0
-1
-6
-8
-8
-11
-13
-11
-3
4
5
4
-2
-3
-12
-14
-13
-6
-5
-4
3
2
1
-1
9
12
8
3
3
7
3
3
5
13
14
23
24
22
20
13
10
9
10
7
1
5
5
1
-6
-8
-5
-3
-2
2
2
2
-5
-2
3
4
4
11
12
16
21
24
