SAMPLES:	15900
BITSPERSAMPLE:	16
CHANNELS:	1
SAMPLERATE:	16000
NORMALIZED:	FALSE
-1
-1
1
5
3
7
6
5
5
4
6
4
4
5
1
-1
-2
-3
1
3
6
2
-1
0
-3
1
4
6
5
5
5
7
6
2
7
6
2
7
5
4
1
0
0
3
11
5
5
1
-1
2
1
3
1
-2
5
4
5
6
2
3
3
1
5
3
2
2
4
2
1
-2
-4
-4
-3
-4
-5
0
-2
0
1
0
1
-3
-5
-9
-9
-4
-7
-5
-4
-3
0
-5
-2
-5
-6
-1
-1
-4
-6
-2
-6
-1
1
-3
1
-3
-3
3
1
4
2
2
1
1
-1
-1
6
1
0
0
0
-4
-3
-1
-2
-1
-2
4
4
4
7
7
5
4
2
7
7
7
4
5
4
0
1
1
1
-2
-1
1
-4
-3
-2
-4
-3
-2
-4
-6
-4
-6
-8
-7
-9
-5
-6
-6
-4
-4
-4
-1
-2
0
-1
1
4
3
2
5
6
3
5
3
5
3
-1
-1
-1
-2
-2
-4
-4
-3
-2
-4
-6
-3
-3
-3
-1
-2
-4
-2
0
-2
-3
1
2
4
5
4
3
3
4
5
5
4
2
3
0
-1
-1
-1
-1
-5
-3
-2
-3
0
0
1
-2
1
5
4
-2
2
1
0
-1
-5
-1
-3
-4
-3
-2
0
0
-3
-2
-2
0
5
2
0
-3
-2
-1
3
3
0
0
-3
0
-1
-4
-3
-6
-3
-5
-6
-5
-3
-2
-4
-2
-2
3
-3
-4
-2
-2
0
2
8
6
5
6
11
8
7
10
9
6
7
12
11
9
8
8
2
5
5
9
4
0
0
-6
-2
-3
-5
-7
-7
-6
-5
-1
-3
-4
-4
-7
-4
-2
-1
-4
-5
3
1
1
3
-1
2
3
2
2
5
6
4
6
0
0
3
2
0
-3
0
-2
-5
-2
-5
0
-1
0
3
0
2
-7
-5
-4
-6
-9
-8
-6
-5
-3
2
-5
-4
0
-1
-2
-2
-3
-3
-4
-1
0
4
2
-1
-1
-1
0
-3
-5
-2
0
2
6
5
5
0
3
5
1
3
0
3
1
4
7
5
9
6
9
8
6
9
5
6
7
9
2
2
5
1
-1
-5
-3
-1
2
-2
-1
1
-1
2
4
1
0
1
0
-3
-5
-7
-6
-4
-4
-2
-2
-4
-3
-2
-2
-1
1
1
1
-5
-4
-4
-3
2
0
2
-1
-5
-4
0
0
1
-2
-7
-3
1
-1
-2
-3
-2
-1
-2
2
1
2
0
1
4
-2
0
-4
0
1
-6
-3
-2
-3
-2
0
3
0
2
0
-1
2
-1
-3
-1
-5
-2
-8
-7
-2
-5
-4
-6
-8
-7
-7
-11
-9
-5
-10
-10
-8
-5
-6
-6
-2
-2
-3
-4
-4
-2
4
7
9
7
4
6
3
1
5
2
3
1
-1
1
1
2
-1
0
1
1
4
3
2
2
2
1
2
-2
-5
-6
-7
-4
-4
-2
-3
2
3
4
4
3
5
3
6
3
4
3
0
4
7
5
0
0
1
-1
-2
0
-2
1
-4
-1
-2
-6
-6
-6
-4
-2
-7
-3
-4
-9
-4
-1
0
0
0
3
3
9
8
9
8
10
7
4
6
10
10
6
6
1
5
5
7
5
6
8
4
2
1
-1
-3
-1
0
-1
0
-2
3
5
1
-2
-1
2
1
1
2
0
0
1
2
-2
0
0
-2
1
-1
-1
5
4
-1
2
4
4
3
1
-4
-1
1
-2
0
0
2
-2
0
1
3
4
-1
-1
1
3
0
0
-4
-7
-7
-2
-2
-2
-1
-5
-1
5
3
1
-3
4
2
-2
2
-4
-1
-3
-6
-6
-5
-7
-3
-2
0
0
2
4
3
2
4
2
3
1
1
2
-2
-1
2
0
-2
-4
-2
-2
-3
0
0
-2
-2
-1
0
2
2
5
4
6
8
4
4
3
1
3
0
1
3
6
9
6
6
5
4
7
0
-3
2
0
1
5
1
-1
-4
-8
-3
-2
1
-5
-3
-6
-3
-4
-1
-2
-5
-2
-5
-4
-7
-6
-5
-4
-4
0
0
0
4
5
1
-1
1
0
-2
-7
-8
-2
-3
-3
2
5
4
3
2
2
1
1
3
3
0
3
3
1
0
0
0
0
-1
0
-1
-1
3
0
2
0
5
4
0
5
5
-1
-3
-1
-1
2
3
1
-1
1
1
-1
-2
-6
-8
-8
-5
-3
-1
2
-2
3
2
3
-1
-2
-5
-3
1
-2
-2
3
4
6
5
-6
-3
-6
-6
-5
-4
-5
0
2
2
5
3
3
2
-1
1
-2
2
0
-4
-2
0
3
0
0
-1
-1
3
2
3
6
7
3
2
3
0
-1
-1
0
0
0
2
-2
-6
-6
-2
-4
-2
2
-5
-6
-2
-2
-2
0
-6
-8
-7
-3
-4
0
2
0
-3
-3
0
1
3
4
-1
1
0
-1
1
-2
1
3
1
-4
-6
-4
-8
-4
-2
0
-2
2
1
-5
-3
3
-1
-4
0
-1
1
-4
1
3
7
8
8
9
7
8
7
6
2
6
4
4
8
6
4
5
7
4
3
0
-1
0
0
-2
-4
-2
-7
-6
-6
-8
-9
-6
0
-1
-4
-3
2
3
4
5
6
8
1
-1
0
1
1
-1
-2
-3
3
2
0
-3
-5
-4
-7
-4
-1
-1
-2
-3
1
1
6
0
-1
0
-2
3
5
3
5
5
6
7
5
5
4
6
6
2
3
3
1
1
0
-2
4
2
1
4
-4
-2
0
-1
-2
-3
1
2
9
3
5
1
1
3
0
-1
-4
-3
-6
-1
-1
0
-1
-3
0
-1
-4
-2
-4
-4
-4
-5
-1
-4
-3
-1
2
5
4
2
0
2
0
2
4
2
5
7
6
0
-4
-5
-10
-9
-10
-13
-15
-17
-15
-12
-10
-12
-12
-10
-4
-3
-5
-1
-1
0
1
-1
-2
1
0
-1
-2
-5
-2
-3
-2
-3
-2
-4
-1
-4
-10
-7
-3
-5
-7
-4
-3
1
7
6
8
8
8
8
9
4
6
12
8
7
10
7
8
10
4
10
-1
7
-6
25
86
150
181
196
201
204
186
161
78
3
-1
44
44
-22
-118
-171
-202
-174
-159
-159
-100
-45
-26
-44
-53
-39
-34
-14
2
-21
-49
-72
-83
-86
-75
-60
-48
-22
-14
-17
-16
-9
12
34
40
49
28
-20
-56
-82
-80
-61
-51
-37
-36
-47
-49
-49
-29
-3
21
51
45
26
4
-9
-6
1
5
7
5
-2
-13
-15
-6
17
38
42
40
33
20
13
16
9
7
-5
-17
-30
-48
-52
-43
-26
-13
-5
-5
-9
-15
-7
4
21
28
24
23
8
2
3
12
23
32
32
34
31
31
33
42
53
52
47
35
20
14
14
18
17
14
11
2
-2
-4
-1
8
17
18
13
6
2
3
4
6
7
3
0
1
-2
0
10
18
17
20
17
16
16
18
21
22
18
15
13
9
11
7
9
14
11
13
8
6
8
8
7
7
6
3
1
0
6
10
8
5
5
6
10
13
20
22
24
16
8
6
3
3
-2
-1
-2
-3
-8
-6
1
3
5
3
1
-6
-5
-2
-5
-4
-6
-4
-9
-11
-11
-15
-12
-10
-8
-10
-9
-7
-2
-2
-3
1
0
4
2
3
1
0
-6
-8
-6
-3
-3
-1
0
4
5
6
2
2
0
-4
-6
-5
-6
-14
-13
-11
-5
-6
-9
-13
-15
-13
-9
-7
-4
-1
-3
-3
-6
1
-1
-2
-4
-12
-19
-25
-23
-28
-29
-25
-17
-17
-12
-4
0
8
10
9
10
5
4
1
-6
-13
-13
-11
-14
-12
-11
-11
-4
4
11
14
12
19
13
10
4
0
-3
-11
-12
-22
-16
-16
-5
-4
-1
1
8
11
11
13
5
6
-4
-7
-11
-18
-24
-25
-25
-32
-32
-25
-23
-15
-4
-3
3
5
9
6
2
3
-3
-7
-5
-11
-12
-8
-6
-7
-3
2
-2
-3
1
8
9
7
0
-1
-2
-2
-1
-6
-7
-5
-2
-1
1
6
8
7
8
13
12
7
6
5
2
-4
-16
-12
-11
-10
-6
-1
0
7
7
10
14
12
16
13
10
9
7
0
-4
-1
-3
-6
-12
-13
-7
-5
-8
-6
-7
-2
4
4
9
13
14
6
2
-1
-3
-8
-9
-6
-9
-6
-5
-5
-4
7
9
6
2
5
8
6
7
2
-4
-4
-5
-5
-7
-4
-2
-3
3
4
8
3
12
17
12
8
2
2
3
2
-4
-5
-6
-6
-1
-1
3
0
-3
-1
1
3
2
2
3
6
-1
-1
1
1
-1
4
4
1
0
0
3
0
4
3
5
5
5
3
5
12
9
3
5
7
3
6
11
6
1
6
5
1
4
7
1
-1
-4
3
0
7
9
-2
-2
-1
1
0
7
3
-2
-2
-7
-1
0
0
-5
-7
-1
-2
-2
-5
-6
-3
-6
-6
0
-2
-3
8
3
3
8
4
7
6
8
4
0
-2
-2
-6
-3
-5
-1
-2
-1
1
-3
0
-1
1
12
7
2
4
5
9
9
5
5
0
2
3
3
3
0
4
8
12
13
16
15
14
17
19
8
7
7
2
0
-4
-2
-1
2
1
-5
-8
1
0
-4
1
1
-1
-1
-6
-5
-5
-9
-15
-13
-12
-11
-2
-1
-1
10
10
4
8
5
0
1
5
0
-4
-3
1
-3
-9
1
1
0
-4
-3
1
1
-4
4
7
6
2
0
6
7
3
1
1
2
-5
-4
1
-2
-3
1
1
7
10
7
9
1
0
0
1
0
4
3
-2
0
5
5
4
4
4
-1
0
1
3
-1
0
-1
-6
0
-2
1
-1
1
1
-3
-4
-3
2
-3
-5
-2
-4
-3
-3
-8
-11
-3
-9
-6
-3
-3
-5
-6
-1
-7
-1
3
1
3
8
11
7
5
3
5
2
-3
-1
-1
-6
-14
-13
-8
-2
-6
-6
-4
-7
-5
-4
-1
0
1
4
-1
8
6
0
2
-2
2
2
-3
-6
-6
-5
-7
-3
0
4
3
2
1
-4
0
-3
-3
1
0
-5
0
-6
-5
2
0
-3
-10
-6
-6
-2
-2
-3
3
3
-4
-1
0
0
5
6
9
0
2
0
4
6
2
-1
-1
-6
-8
-6
-9
-6
-4
1
0
8
13
10
8
6
8
6
3
2
-3
-6
-3
-2
0
1
3
-2
1
2
-5
-1
-5
-6
-10
-13
-8
-5
-8
-10
-8
-3
-10
-6
-2
-6
-2
-2
3
1
0
-2
5
8
8
5
5
6
-3
-1
-1
0
-2
-2
-2
-5
-2
2
0
-1
5
-3
-6
1
-3
-5
-5
3
3
0
1
3
6
7
4
9
10
5
6
2
0
-1
-3
-5
0
3
-2
3
3
2
1
5
0
-1
-3
1
3
-1
5
1
9
4
4
3
3
5
-4
-5
-7
-8
-10
-3
-4
-5
6
9
5
2
-5
-3
-1
0
1
2
-1
-2
-2
-5
-1
0
-7
-1
-1
-5
-4
-5
-4
-3
0
-5
3
2
5
2
3
7
2
2
-1
1
1
-3
-3
-7
0
4
5
8
-2
-1
-1
0
0
2
-1
-3
-2
-3
-1
5
3
3
0
3
0
4
5
-4
-2
-3
1
-1
-2
1
2
5
0
-2
-1
-1
-3
-4
-6
0
0
3
12
3
6
6
2
4
3
10
2
9
4
-1
3
-3
3
6
7
1
0
-6
-3
1
-2
-1
-1
1
-6
-3
-3
-6
-7
-7
-5
-2
0
3
-1
-6
-5
-8
-7
-4
1
-5
-4
-3
-2
1
1
3
-1
3
2
4
0
-2
-3
-6
-2
1
2
4
4
-1
-4
-3
-2
-4
-7
-6
-3
-2
-3
-3
0
1
1
0
4
2
2
2
-2
-2
-3
-3
-2
-1
1
-4
-5
1
0
4
2
3
4
3
3
1
4
-3
3
2
1
-2
-2
5
6
6
3
-1
0
-1
-3
-2
5
2
2
0
-2
0
-3
-1
0
-2
1
8
7
11
9
9
8
6
6
4
1
-2
1
2
-3
-1
7
7
4
10
15
11
2
2
3
-1
2
8
5
2
-1
-2
0
-5
-3
-1
-2
-3
0
3
8
7
7
2
4
9
6
2
-3
-4
-2
6
2
6
1
-3
-1
2
-1
-4
-3
-3
0
-5
-6
6
6
2
3
0
-3
-9
-5
-6
-10
-10
-18
-11
-4
-7
-5
-1
-6
-7
-7
-6
-5
-8
-7
-5
-3
-7
-6
-6
-7
-10
-6
-8
-10
-8
-10
-9
-8
-7
-4
-3
-7
-9
-7
-10
-10
-4
-1
-2
-8
0
-1
-4
4
5
5
7
8
12
7
7
11
4
7
11
9
5
6
-3
3
8
2
4
6
3
3
9
7
6
8
5
6
4
1
1
-3
-5
-5
-5
-7
-5
-5
-3
-1
-2
-2
-1
-4
5
2
-1
-1
-1
6
-1
5
5
2
2
-1
-2
2
2
1
7
8
5
3
5
7
3
7
4
6
5
3
4
-1
1
0
0
2
-5
-4
0
4
5
1
1
-2
-5
-5
-1
-5
-10
-6
-4
-2
0
2
9
5
2
-2
-2
1
4
-5
-7
-4
1
1
-8
-10
-15
-13
-14
-7
-10
-8
-5
-5
-8
-11
-1
-2
-9
-7
-8
-1
4
-2
-1
1
9
8
7
6
7
3
8
8
2
0
-1
3
-2
-3
1
0
-1
1
2
-1
2
0
0
7
6
5
5
6
7
2
4
2
2
2
3
8
6
7
4
6
9
5
9
4
-1
1
-5
-7
-5
-5
-5
-5
-3
-2
-2
-3
-3
-3
-7
-5
-1
-3
-2
0
5
5
5
6
4
5
6
9
3
-1
-3
-5
-8
-2
0
-6
-4
-5
-4
-3
-2
-3
-11
-9
-7
-4
-7
-8
-3
-6
-6
-8
-9
-8
-9
-8
-11
-17
-19
-19
-14
-6
-6
-7
-2
1
1
2
-1
0
2
1
0
7
8
9
7
3
2
2
3
5
4
7
6
0
2
-2
-4
-2
0
0
-2
1
4
3
6
7
7
11
5
1
3
-1
0
0
-3
-3
-1
-2
-4
3
3
-1
-2
-6
-4
-2
-7
-6
2
3
5
8
9
11
7
6
6
2
-1
2
4
7
7
7
6
6
8
4
1
5
5
9
10
10
7
3
5
9
13
13
10
12
16
12
7
2
0
0
0
-6
-7
-4
-6
-10
-12
-15
-17
-17
-14
-13
-13
-5
-2
-5
-5
-4
-3
0
4
-5
-7
-5
-3
0
-4
0
5
6
7
6
10
16
18
13
13
9
2
2
3
-1
-4
-8
-6
-7
-8
-2
-2
0
-4
-7
-5
-2
-5
-8
-5
1
0
4
10
6
7
9
10
15
18
23
17
15
11
10
10
6
3
3
3
2
2
-1
-4
-9
-14
-13
-11
-7
-6
-3
-4
-1
5
5
4
3
-1
-2
-2
-4
-8
-10
-4
-5
1
3
-2
-6
-4
1
2
3
3
1
-2
3
6
7
3
5
14
12
7
6
2
1
-1
-4
-8
-14
-20
-15
-14
-12
-14
-12
-8
-10
-7
2
4
1
1
0
1
1
4
4
4
7
8
11
9
9
11
10
9
8
12
16
17
18
19
18
17
9
10
8
7
10
5
5
1
-1
-2
-1
-3
-6
-6
-8
-5
-4
-5
1
2
11
8
8
11
4
4
2
-4
-5
-1
-1
-9
-14
-18
-21
-15
-11
-15
-19
-20
-21
-13
-9
-11
-10
-14
-18
-23
-26
-26
-29
-33
-31
-32
-32
-29
-27
-23
-17
-6
-9
-6
-4
-6
-1
1
3
4
5
5
-1
-3
-9
-14
-19
-18
-14
-7
0
0
-3
1
0
0
4
4
8
12
7
7
4
4
6
5
3
1
3
4
11
14
18
12
10
9
10
14
11
12
5
6
11
15
19
16
10
9
9
5
-1
-5
-9
-18
-10
-5
-2
3
8
7
11
6
1
0
-3
-8
-15
-16
-15
-19
-25
-33
-30
-28
-21
-18
-21
-14
-8
-1
0
7
14
15
16
22
19
23
37
25
16
16
20
9
2
0
-10
-7
4
7
9
11
2
-9
-7
-12
-11
-5
-9
-11
-9
3
-6
-15
-20
-22
-12
3
8
6
5
11
11
5
10
-3
-2
7
11
20
28
18
3
-10
-2
-3
-3
1
0
7
8
9
0
-8
-3
-3
2
1
1
5
8
14
12
2
-7
-9
-8
4
15
23
16
6
8
6
2
-5
-22
-29
-28
-11
1
-2
-1
-5
-3
5
9
12
7
7
10
26
35
33
29
13
9
4
15
19
20
21
28
30
33
33
26
18
16
12
19
29
44
50
43
30
21
25
20
14
10
16
25
28
27
21
12
9
-17
-17
-16
-11
2
3
-5
-10
-16
-12
-3
8
15
23
12
7
19
34
30
7
-7
-12
-9
-1
1
-9
-14
-34
-37
-28
-9
-11
-21
-26
-17
-20
-12
-9
-8
-15
-21
-17
-24
-26
-28
-34
-36
-42
-43
-32
-24
-22
-32
-36
-46
-42
-39
-31
-29
-22
-28
-30
-33
-27
-10
-7
-12
-18
-22
-26
-19
-18
-15
-14
-25
-27
-36
-35
-46
-47
-51
-50
-42
-29
-20
-6
-1
5
11
20
12
5
8
14
19
19
26
17
17
7
9
12
28
36
38
46
54
60
68
63
68
68
64
53
45
49
49
45
39
40
38
46
35
40
34
45
49
43
34
39
43
42
40
40
47
46
53
53
56
51
42
37
32
45
47
55
39
29
21
27
21
11
-6
-11
-4
8
3
3
-10
-27
-24
-32
-32
-45
-49
-65
-62
-75
-73
-94
-90
-109
-103
-108
-92
-90
-79
-59
-58
-58
-78
-86
-98
-86
-94
-84
-91
-80
-94
-86
-94
-79
-92
-80
-85
-71
-64
-58
-39
-35
-12
-27
-28
-45
-48
-62
-68
-78
-61
-56
-19
-22
-4
-2
8
4
10
32
50
44
29
12
17
54
65
57
28
15
35
75
108
122
114
113
116
123
140
156
141
99
82
93
126
139
132
114
93
96
94
98
102
104
105
87
80
70
77
90
92
81
60
65
80
85
94
95
79
80
74
88
99
112
81
46
26
54
81
94
54
31
6
22
26
13
1
-8
-10
-18
-26
-9
-15
-27
-65
-77
-65
-86
-102
-136
-141
-150
-140
-156
-144
-158
-149
-149
-144
-145
-154
-154
-132
-133
-148
-180
-209
-191
-212
-225
-275
-287
-296
-299
-316
-309
-301
-299
-315
-328
-301
-284
-284
-328
-315
-290
-231
-239
-251
-274
-250
-221
-207
-213
-220
-217
-213
-182
-145
-101
-95
-73
-79
-26
12
45
36
50
66
116
136
146
135
140
152
174
184
176
167
181
211
234
239
228
238
245
275
273
292
296
295
305
328
349
354
340
341
347
385
399
382
373
369
398
407
406
397
388
395
409
405
405
391
401
399
407
406
409
397
403
413
426
415
392
368
349
354
345
330
302
309
317
350
367
393
370
376
384
440
466
487
465
433
410
421
402
340
279
215
137
33
-44
-139
-211
-294
-375
-542
-657
-781
-869
-1027
-1152
-1306
-1473
-1635
-1723
-1788
-1857
-1939
-2018
-2122
-2111
-2070
-2008
-2001
-1962
-1872
-1769
-1618
-1479
-1357
-1233
-1081
-919
-777
-630
-465
-309
-165
-26
108
202
316
393
476
542
616
644
652
702
757
781
776
767
775
778
806
796
753
736
725
735
716
723
710
708
718
735
754
773
812
836
856
903
948
989
1004
1031
1057
1088
1109
1095
1087
1091
1103
1091
1057
1035
1006
970
936
890
848
787
721
657
599
562
510
454
394
383
388
395
376
355
353
376
451
511
563
578
613
675
761
839
906
934
976
1020
1123
1228
1296
1305
1292
1216
1045
708
374
32
-394
-980
-1584
-2097
-2580
-3082
-3518
-3887
-4161
-4415
-4529
-4610
-4497
-4319
-4146
-4014
-3759
-3347
-2981
-2735
-2466
-2143
-1789
-1442
-1117
-840
-563
-220
81
340
590
876
1042
1186
1336
1480
1550
1576
1625
1568
1510
1503
1435
1250
1047
923
784
551
346
149
-29
-163
-282
-422
-531
-541
-510
-565
-589
-514
-406
-299
-183
-46
105
231
362
465
602
784
891
917
937
1030
1108
1128
1118
1069
990
944
882
782
651
568
478
328
218
154
108
37
-20
-62
-99
-87
-65
-66
-27
45
144
185
251
370
504
638
735
832
931
1056
1171
1238
1298
1367
1408
1425
1441
1467
1446
1414
1346
1269
1203
1142
1083
942
824
747
690
640
548
487
425
406
388
386
416
467
521
554
615
688
780
891
978
1167
1312
1351
1088
783
467
203
-250
-834
-1475
-2188
-2824
-3300
-3691
-4105
-4493
-4817
-4989
-5023
-4804
-4602
-4477
-4313
-3941
-3545
-3117
-2793
-2431
-2196
-1854
-1455
-1101
-856
-603
-312
5
300
651
839
942
1148
1383
1532
1557
1599
1588
1535
1518
1499
1320
1083
855
671
455
240
6
-268
-524
-609
-678
-760
-859
-872
-799
-756
-592
-467
-348
-208
10
222
394
562
720
831
1002
1159
1279
1299
1327
1364
1382
1429
1385
1280
1123
1043
961
821
647
468
317
180
87
27
-64
-120
-142
-134
-111
-62
16
29
116
236
392
501
596
734
863
1028
1167
1258
1342
1431
1553
1624
1682
1722
1729
1735
1709
1686
1604
1519
1416
1303
1204
1101
994
825
686
611
553
547
508
511
464
485
590
645
743
849
1008
1171
1281
1486
1708
1850
1688
1353
918
517
-47
-806
-1544
-2534
-3316
-4113
-4632
-5192
-5733
-5915
-6167
-6152
-6002
-5498
-5052
-4756
-4246
-3643
-2986
-2484
-2030
-1663
-1375
-953
-594
-310
-221
73
360
598
853
1031
1244
1319
1482
1640
1651
1769
1643
1594
1449
1386
1252
866
615
239
34
-220
-478
-767
-1051
-1074
-1071
-1100
-1024
-969
-785
-692
-385
-137
20
274
483
763
859
1122
1278
1283
1336
1439
1586
1518
1483
1447
1374
1352
1270
1141
883
682
538
336
165
-29
-177
-324
-429
-429
-438
-353
-325
-234
-117
67
267
367
520
670
825
970
1093
1226
1301
1432
1603
1662
1747
1810
1929
1937
1961
1996
1923
1856
1738
1641
1434
1227
1057
878
704
570
483
424
388
455
556
661
747
810
962
1126
1372
1520
1641
1720
1853
2074
2255
2379
2266
2043
1809
1493
1074
312
-663
-1859
-2914
-3861
-4759
-5709
-6586
-7209
-7683
-7872
-7738
-7357
-6925
-6422
-5723
-4807
-3842
-2915
-2160
-1540
-929
-325
186
440
634
815
1016
1102
1154
1224
1278
1332
1372
1439
1435
1415
1361
1324
1221
1090
893
615
268
-63
-303
-566
-922
-1319
-1458
-1507
-1457
-1409
-1243
-1046
-744
-327
74
397
688
1022
1284
1469
1623
1784
1783
1748
1708
1762
1651
1479
1279
1112
1014
884
745
478
246
29
-102
-290
-478
-641
-781
-862
-870
-789
-666
-542
-411
-188
75
413
623
869
1051
1294
1489
1654
1755
1794
1883
1932
1949
1900
1843
1796
1748
1680
1626
1541
1465
1366
1318
1252
1196
1087
918
737
674
701
636
520
398
412
450
559
758
947
1197
1420
1670
1916
2220
2577
2715
2786
2847
3007
3064
3022
2922
2748
2294
1688
1097
331
-669
-2113
-3601
-4965
-6183
-7182
-8270
-9079
-9599
-9845
-9626
-9068
-8114
-7149
-5980
-4689
-3362
-1971
-605
459
1100
1568
2054
2310
2272
2028
1797
1474
1086
825
507
293
-9
31
-88
-159
-125
-84
-66
-209
-122
-161
-348
-599
-798
-882
-998
-1092
-1163
-1227
-997
-694
-230
15
378
830
1286
1645
1834
2076
2207
2189
2030
1896
1758
1542
1176
909
654
498
284
82
-136
-280
-289
-283
-395
-551
-568
-528
-585
-661
-605
-500
-439
-347
-123
123
361
611
866
1127
1356
1610
1753
1794
1810
1847
1857
1699
1542
1433
1364
1256
1126
1062
1001
994
999
1026
1069
1105
1195
1249
1297
1338
1367
1275
1065
1004
1082
1157
1072
958
1012
1180
1421
1571
1782
1979
2152
2333
2506
2761
2841
2856
2872
2879
2850
2677
2547
2266
1926
1441
835
336
-748
-1759
-3277
-4767
-6200
-7618
-8496
-9704
-10280
-10570
-10369
-9745
-8906
-7272
-5868
-4105
-2441
-757
870
1925
3121
3420
3620
3290
2847
2242
1197
432
-576
-1269
-1908
-2408
-2378
-2483
-2101
-1794
-1352
-708
-377
298
440
751
784
710
676
261
138
-127
-197
-264
-384
-88
58
487
822
1154
1530
1601
1940
1865
1846
1596
1334
1131
665
453
176
-31
-215
-388
-170
-177
-52
5
105
277
163
265
182
117
-52
-246
-238
-367
-332
-323
-197
52
210
606
801
1137
1346
1574
1775
1719
1768
1653
1570
1387
1226
1165
993
917
863
894
994
965
1103
1135
1273
1343
1412
1530
1472
1528
1531
1579
1521
1403
1409
1431
1522
1499
1466
1595
1667
1827
1881
1993
2091
2126
2291
2278
2390
2320
2531
2553
2512
2453
2429
2636
2481
2349
1864
1359
610
-641
-2071
-4200
-6097
-7981
-9467
-10706
-12064
-12371
-12288
-11257
-10089
-8255
-5863
-3645
-1206
745
2805
4153
4905
5137
4632
3912
2585
1227
-277
-1921
-2968
-3965
-4262
-4601
-4255
-3480
-2674
-1490
-661
489
1180
1777
2097
2066
1959
1471
1034
508
-20
-256
-513
-472
-477
-207
301
663
1131
1275
1545
1615
1508
1368
890
605
151
-110
-310
-469
-345
-243
166
466
816
1203
1330
1497
1410
1307
943
385
-107
-720
-1091
-1433
-1607
-1686
-1636
-1215
-729
-127
463
971
1574
1921
2295
2376
2388
2255
1911
1726
1296
1087
771
636
555
479
610
649
777
887
966
1141
1159
1241
1273
1398
1568
1616
1855
1934
2154
2172
2165
2201
2183
2112
1818
1636
1519
1365
1140
1057
1146
1260
1289
1538
1921
2267
2394
2575
2877
3193
3252
3094
2974
2922
2737
2164
1350
374
-694
-2061
-4026
-6562
-8648
-10037
-10962
-12317
-13078
-12637
-11374
-9806
-7961
-5307
-2537
-115
1947
3679
5145
5698
5519
4683
3357
1816
-10
-1555
-3241
-4370
-5131
-5242
-5043
-4467
-3419
-2137
-831
248
1112
1873
2187
2273
2138
1736
1229
568
272
-146
-293
-228
-36
302
410
761
1056
1348
1343
918
727
393
194
-285
-590
-670
-643
-354
-75
476
1041
1604
2079
2257
2475
2379
2111
1479
810
61
-759
-1377
-1983
-2355
-2568
-2421
-2027
-1498
-802
-124
683
1454
1997
2339
2520
2636
2485
2179
1811
1407
1055
665
377
196
150
166
212
379
534
771
883
991
1118
1275
1445
1535
1712
1893
2123
2317
2435
2551
2593
2507
2269
2050
1768
1431
1127
941
726
626
648
781
1235
1589
1943
2179
2710
3064
3334
3429
3359
3519
3251
3239
3046
2692
2632
2021
1235
-223
-1710
-3238
-6249
-8734
-11144
-11824
-13042
-14238
-14165
-12717
-10164
-8072
-5433
-2019
1136
3748
5062
6447
6961
6426
4976
2648
1086
-1411
-3190
-5179
-6252
-6537
-6372
-5449
-4633
-3083
-1268
201
1453
1865
2650
2848
2398
1840
1123
1018
264
-148
-327
-11
595
678
1007
1250
1604
1578
1028
658
37
-516
-1162
-1772
-1814
-1691
-1243
-830
-41
1105
2214
3000
3268
3573
3729
3361
2453
1312
447
-487
-1589
-2550
-3019
-2917
-2762
-2463
-1997
-1055
-58
641
1097
1618
2120
2336
2104
1937
1824
1752
1486
1072
986
972
1045
813
679
671
684
501
229
121
210
235
248
394
821
1387
1874
2312
2720
3237
3478
3505
3309
3053
2532
1903
1339
842
501
190
104
182
440
1034
1665
2254
2828
3293
3740
3749
3625
3342
3264
3199
2677
2216
1904
2014
1935
1472
898
286
-557
-2130
-4220
-7250
-9540
-11373
-12568
-13782
-14319
-13415
-11323
-8870
-6118
-2876
865
3558
5471
6452
7318
7012
5245
2889
422
-1479
-3897
-5816
-7109
-7170
-6699
-5848
-4540
-2849
-1017
692
1693
2495
2701
2880
2376
1592
973
586
431
-48
-47
372
1008
1479
1437
1590
1534
1280
512
-377
-986
-1671
-2224
-2599
-2360
-1741
-890
56
1162
2343
3464
4035
4196
3958
3577
2828
1709
460
-646
-1545
-2309
-2777
-2869
-2731
-2344
-1786
-1181
-414
9
540
900
1184
1309
1357
1558
1594
1695
1649
1828
1885
1772
1581
1317
1088
695
255
-121
-502
-649
-700
-472
-160
296
965
1596
2285
2726
3248
3565
3581
3444
3217
3045
2535
1891
1327
1025
877
590
457
546
918
1274
1538
1879
2267
2500
2728
2719
2853
2833
2972
2847
2929
3065
3051
3276
3158
3213
2835
2018
936
-514
-2260
-4617
-8465
-11343
-13291
-13631
-14756
-14987
-13622
-10651
-7547
-4591
-926
2572
5234
6464
6866
6937
5997
3818
1074
-1530
-3261
-5337
-6385
-7240
-6646
-5805
-4377
-2898
-1812
-295
796
1708
1639
1404
1455
1086
628
416
728
1225
1338
1778
2085
2591
2711
2235
1511
391
-368
-1564
-2452
-3200
-3519
-3236
-2669
-1598
-506
954
2493
3486
4168
4543
4648
4117
3048
2044
1004
2
-1046
-1822
-2124
-2119
-1824
-1681
-1551
-1153
-651
-329
-309
-303
-273
89
201
483
871
1490
1985
2148
2374
2587
2555
2046
1355
707
209
-511
-968
-1318
-1104
-844
-228
429
1169
2030
2637
3107
3216
3268
3081
2807
2313
1952
1731
1698
1480
1280
1336
1581
1718
1638
1766
1957
1994
1552
1435
1517
1930
1869
1770
2085
2575
2957
3326
3523
3717
4062
4043
3897
3499
3034
3100
1891
33
-2328
-3916
-6186
-10114
-13479
-14551
-14253
-14436
-14951
-12778
-8734
-5038
-2373
460
4464
6682
7280
6364
6036
4749
2457
-959
-3343
-4967
-6101
-6742
-7095
-6515
-5216
-3277
-2042
-1264
-267
994
1576
1303
747
1254
1540
1360
1066
1743
2760
2824
2560
2286
2474
1975
797
-604
-1633
-2390
-3278
-3788
-3626
-3073
-2111
-956
355
1692
2925
3949
4322
4377
4049
3773
2932
1706
671
-46
-664
-1192
-1521
-1607
-1616
-1562
-1423
-1434
-1266
-1229
-1160
-966
-719
-364
303
943
1549
2101
2669
3043
2953
2632
2151
1653
765
-170
-781
-1115
-1362
-1308
-877
-146
581
1276
1932
2501
2952
2982
2836
2541
2242
2037
1842
1754
1700
1883
2157
2290
2283
2237
2141
1923
1586
1230
1171
1009
957
1250
1763
2270
2497
2918
3374
4006
4226
4162
4130
3907
3595
3540
3019
3083
1995
581
-922
-2612
-4254
-8671
-12282
-14399
-14544
-14832
-15528
-14286
-10365
-6880
-3206
-521
3835
6745
7408
7048
5931
5531
2812
-387
-3571
-5037
-6139
-6789
-7291
-6608
-5324
-3464
-2147
-1438
-412
533
1110
782
504
942
1554
1346
1579
2135
3503
3781
3376
2904
2368
1875
203
-1419
-2745
-3641
-4382
-4619
-4059
-2931
-1600
-91
1333
2714
3860
4726
4892
4432
3715
3043
2181
1088
221
-304
-494
-831
-1013
-996
-985
-1034
-1351
-1667
-1906
-1951
-1947
-1812
-1305
-673
374
1378
2123
2884
3439
3784
3424
2607
1812
980
7
-1081
-1631
-1634
-1436
-1117
-554
393
1318
1986
2350
2553
2671
2609
2223
1907
1688
1644
1750
1911
2166
2633
2976
3032
2911
2665
2411
1858
1243
733
627
732
822
1251
1836
2440
3205
3578
3804
3947
3618
3564
3192
3168
2896
2704
2685
2891
3371
2574
974
-1001
-2856
-5566
-10788
-14964
-16165
-15925
-15907
-16621
-13311
-8213
-3654
-233
2797
7179
8865
8284
6328
4743
3155
-274
-3843
-6271
-6971
-6868
-6884
-6170
-4916
-3058
-1454
-836
-724
-546
108
-30
-635
-777
564
1903
2523
3128
4330
5682
5244
4000
2557
1361
-312
-2690
-4394
-5255
-5356
-5073
-4337
-2432
-389
1346
2712
3717
4520
4641
4419
3505
2569
1863
1467
954
408
171
373
448
-6
-562
-856
-1311
-2038
-2821
-3236
-3063
-2606
-2009
-1234
184
1417
2553
3125
3671
3756
3470
2559
1452
521
-229
-980
-1489
-1485
-1033
-292
241
802
1365
1999
2074
1991
1734
1627
1476
1367
1346
1618
2137
2539
2900
3259
3653
3715
3393
2721
2062
1608
1095
629
481
549
893
1191
1751
2345
2928
3255
3236
3140
3210
3174
2962
2533
2697
3153
3716
3918
3787
3559
3100
2122
263
-2297
-5465
-9903
-14496
-17141
-17171
-16432
-15773
-13813
-9119
-4184
-95
3021
6163
8144
7449
5807
3766
2012
-672
-3425
-5396
-6070
-5921
-5379
-4576
-3735
-3043
-2248
-1768
-2092
-2420
-2363
-1541
-1211
-405
980
3152
4512
5175
5973
6433
5934
3743
1620
-441
-2133
-3956
-5165
-5592
-5181
-4301
-2766
-974
694
1914
2752
3304
3158
3017
2663
2436
1872
1593
1959
2508
2582
2195
1773
1212
278
-1006
-2101
-3112
-4009
-4544
-4416
-3601
-2347
-1015
427
1744
2959
3779
3947
3581
2797
2143
1333
413
-237
-656
-511
-509
-281
203
595
825
634
687
876
952
946
935
1378
1870
2399
2845
3250
3564
3608
3482
3192
2868
2325
1672
1039
521
471
581
909
1244
1788
2513
2958
3318
3293
3349
3243
2780
2690
2403
2349
2068
2375
3000
3744
3682
3701
3470
3688
2814
1539
-910
-3641
-7129
-11736
-15300
-17234
-16246
-15434
-13883
-11968
-6981
-2688
1260
3259
5481
6424
5612
3776
1822
571
-1361
-3153
-4711
-4687
-4303
-3551
-3701
-3514
-3472
-3018
-3244
-3659
-3528
-2741
-1359
-293
1387
3143
5122
5971
6117
5858
5210
3677
1268
-948
-2534
-3498
-4175
-4547
-3927
-2987
-1756
-765
342
1198
1666
1764
1662
1657
1890
2220
2352
2634
3189
3792
3926
3535
2550
1671
-120
-1871
-3414
-3851
-4129
-4498
-4143
-3079
-1461
-258
726
1600
2348
2334
2119
2016
1872
1540
1129
1053
1183
1204
1250
967
709
304
16
-364
-730
-993
-762
-251
359
1020
1921
2828
3304
3680
3718
3819
3466
2950
2263
1883
1705
1565
1571
1539
1663
1641
1785
1873
1907
1598
1293
1133
1393
2093
2397
3059
3064
3213
3141
3728
3652
3879
3438
3614
3553
3529
3570
3343
2777
535
-1684
-3947
-6209
-11377
-15706
-17936
-16149
-14876
-13569
-11217
-6040
-1250
1447
3599
6106
7296
5191
2702
757
301
-1523
-3078
-4325
-4116
-3525
-3186
-3015
-3548
-3842
-4182
-4402
-5057
-4514
-3012
-906
342
2153
4609
6984
7492
6662
5625
4650
2763
-7
-2023
-3339
-3897
-4486
-3979
-2862
-1774
-1014
-692
-98
313
627
814
652
956
1565
2874
3773
4392
4853
4989
4318
3045
1774
276
-1738
-3481
-4252
-4284
-3966
-3518
-2413
-1309
-662
-66
863
1431
1302
770
1099
1451
1820
1850
2194
2369
2231
1807
1238
709
-265
-1030
-1560
-1546
-1344
-693
151
982
1767
2641
3237
3492
3100
2796
2534
2263
1987
1771
2126
2328
2635
2817
3072
2900
2321
1556
1101
760
694
663
730
1210
1893
2958
3559
3957
3850
3952
3724
3419
3130
3139
3476
3393
3311
2933
3159
2849
1831
-547
-3387
-6204
-10299
-14536
-17540
-16666
-14651
-12550
-10734
-6578
-1657
1575
3399
4153
5402
3796
1895
-285
-559
-1113
-1874
-2393
-2635
-2181
-2320
-2523
-3770
-4805
-5541
-5630
-5700
-4988
-3189
-567
1786
3508
5268
6623
7229
5872
4283
2671
1302
-391
-2120
-2673
-2848
-2369
-1957
-1453
-967
-1125
-1205
-1405
-1165
-884
-217
544
1337
2455
3953
5079
5058
4617
4044
3336
1906
496
-699
-1512
-2555
-3205
-3002
-2444
-2071
-2225
-1736
-1493
-913
-801
-102
189
777
1223
2109
2751
2969
2995
2510
2253
1237
880
52
-373
-1258
-1291
-962
-438
71
348
1146
1434
2080
2151
2556
2467
2433
2321
2579
2897
3120
3206
3110
3010
2697
2536
2001
1478
867
720
686
866
1096
1444
1880
2407
3093
3438
3440
3203
3062
3083
3395
3869
4319
4319
3417
3077
3205
3637
2526
399
-2172
-4556
-7374
-11669
-15225
-16876
-15082
-13575
-11461
-8943
-4363
-1229
571
1373
2868
3479
2234
812
-113
393
1
-218
-1001
-1144
-1747
-2618
-3898
-5075
-5778
-6212
-6214
-5634
-3561
-1107
1434
2645
3975
4763
5550
4913
3866
2734
1853
1103
-35
-396
-702
-683
-1371
-1822
-2084
-2208
-2358
-2539
-2193
-1601
-510
646
1806
2808
3613
4250
4469
4199
3743
2961
2208
1125
503
-36
-556
-1164
-1888
-2050
-2441
-2340
-2524
-2095
-1922
-1571
-1185
-315
644
1056
1478
1853
2574
2543
2432
2043
1865
1332
711
224
7
-115
-397
-487
-334
119
377
645
759
1175
1468
1829
2066
2309
2595
2790
3014
3164
3283
3301
3156
2850
2498
2064
1753
1224
885
700
857
1179
1280
1599
2040
2642
2833
2984
3098
3508
3638
3684
3614
3700
3774
3565
3184
2906
2759
2313
653
-1100
-3838
-5309
-8998
-12636
-16041
-15459
-12611
-10967
-9137
-7655
-2951
-1390
487
-16
1447
1487
586
23
-461
1169
989
891
-877
-1556
-1696
-2914
-4429
-5985
-5661
-5186
-5132
-3664
-1848
719
1721
2352
3032
3265
3736
3024
2522
1685
1530
1766
1507
888
93
-229
-801
-1700
-2372
-2589
-2391
-2350
-1734
-787
539
1644
2029
2502
2546
3099
3077
2999
2570
2275
2123
1852
1432
992
171
-709
-1775
-2260
-2546
-2621
-2365
-2441
-1952
-1627
-566
-28
707
1117
1416
1627
1748
2220
2192
2304
1970
1697
1332
996
760
259
-96
-491
-425
-160
252
706
970
1331
1486
1790
2083
2331
2609
2839
3186
3387
3427
3407
3187
2893
2325
1861
1400
968
660
744
1099
1484
1889
2295
2639
2664
2685
2655
2824
2976
3116
3301
3306
3750
3506
3356
2909
2895
2630
499
-1392
-4268
-4501
-7472
-10239
-14151
-14521
-12329
-10915
-8335
-7892
-4473
-4101
-2020
-1856
-787
63
106
695
-211
811
1436
2033
936
-830
-1835
-2651
-3438
-4215
-4707
-4067
-3745
-2708
-1934
-558
642
1171
1536
1052
1418
1703
2394
2362
1991
2092
2004
1975
1066
246
-658
-1389
-1669
-1944
-1871
-1546
-971
-256
23
667
1078
1582
1698
1554
1888
2095
2886
2874
2853
2330
1693
1213
254
-329
-1341
-1573
-1924
-2002
-1937
-1859
-1403
-1556
-1350
-1377
-792
-96
693
1340
1666
2156
2387
2695
2476
2143
1638
1186
822
522
460
537
544
490
434
519
636
771
949
1104
1439
1916
2572
3057
3360
3515
3533
3440
3055
2584
1927
1531
1245
1314
1452
1630
1841
2058
2310
2358
2420
2402
2530
2584
2766
3108
3397
3611
3471
3344
2907
2748
2725
2675
1734
-402
-2602
-4694
-6113
-9106
-11655
-13627
-12069
-10546
-9125
-7842
-6060
-4308
-4470
-3652
-2717
-1463
-1079
-336
579
894
1101
1415
1407
550
-1005
-2141
-2957
-3284
-3413
-3018
-2331
-2061
-1670
-1197
-197
-75
-79
164
701
930
1098
1733
2406
2522
2118
1793
1073
254
-452
-496
-575
-909
-962
-546
-75
-89
-149
19
263
396
652
1254
1859
2327
2488
2669
2419
1911
1457
1093
771
-140
-565
-741
-482
-584
-871
-1060
-1377
-1642
-1840
-1588
-1050
-545
83
628
1225
1477
1703
1930
1840
1742
1387
1469
1414
1382
1434
1412
1348
925
701
640
632
587
620
967
1317
1654
1923
2259
2549
2634
2665
2618
2534
2405
2320
2299
2190
2134
2078
2145
1891
1718
1534
1687
1733
1982
2204
2701
2997
3039
2874
2656
2736
2753
2776
2835
2715
2593
1751
918
-527
-2098
-4126
-6849
-9303
-11515
-11254
-10397
-8870
-7740
-6670
-5556
-5589
-5379
-5222
-4220
-3173
-2060
-954
-157
666
964
988
657
-38
-666
-1439
-1699
-1843
-1569
-995
-609
-315
-536
-518
-649
-807
-869
-653
-29
572
1077
1308
1468
1395
1243
795
349
2
-158
-108
148
308
445
369
403
167
-83
-102
95
538
924
1327
1686
1839
1922
1712
1446
1161
836
568
335
266
209
265
223
21
-511
-1025
-1319
-1568
-1487
-1169
-532
35
356
615
688
753
784
798
1019
1296
1637
1843
1903
1885
1701
1507
1443
1325
1128
1022
965
1108
1174
1323
1519
1562
1610
1532
1529
1631
1785
1946
2075
2156
2035
1783
1479
1297
1199
1107
1181
1305
1667
1878
2014
1974
1954
1844
1772
1912
2153
2329
2468
2518
2464
2274
1992
1663
968
304
-670
-1564
-2790
-4111
-5722
-6892
-7300
-7009
-6559
-5991
-5346
-5059
-5058
-5293
-5337
-5265
-4936
-4159
-3237
-2068
-1275
-935
-1140
-1437
-1586
-1663
-1279
-886
-252
81
458
646
537
449
243
176
194
220
401
420
603
606
550
526
372
245
-33
-78
-44
-92
-49
32
230
288
344
333
315
307
324
502
748
1084
1302
1387
1512
1438
1201
902
678
643
580
653
630
637
593
553
438
94
-148
-383
-251
-107
70
215
197
220
144
175
173
127
82
31
184
352
491
442
353
338
313
475
548
676
729
778
918
966
1109
1124
1170
1293
1397
1589
1593
1665
1632
1591
1564
1464
1406
1324
1329
1396
1376
1344
1170
1075
1072
1158
1328
1269
1340
1221
1361
1462
1566
1619
1481
1620
1591
1860
1960
2159
2105
1886
1683
1324
1128
658
264
-479
-986
-1455
-1438
-1498
-1828
-2359
-2982
-3364
-3593
-3727
-3889
-4337
-4770
-4872
-4805
-4456
-4418
-4430
-4802
-4792
-4694
-4275
-4029
-3827
-3503
-3281
-2633
-2166
-1731
-1479
-1325
-982
-741
-394
-103
53
287
500
811
967
1030
1116
1107
1310
1415
1544
1467
1476
1564
1634
1754
1667
1538
1328
1269
1311
1244
1212
1038
847
776
693
736
502
383
178
166
184
317
212
139
-6
106
163
212
151
-20
-29
85
324
389
405
257
233
200
348
330
256
147
225
281
501
526
506
431
410
533
548
579
558
549
664
865
1022
1113
1141
1224
1295
1439
1422
1416
1297
1366
1461
1581
1632
1453
1342
1302
1465
1552
1582
1518
1470
1532
1780
1899
1916
1835
1804
1823
1814
2015
1967
2078
1943
1935
1699
1424
1210
726
272
-482
-972
-1320
-1323
-1591
-1838
-2479
-2914
-3458
-3515
-3630
-3868
-4352
-4684
-4769
-4628
-4281
-4236
-4368
-4707
-4667
-4482
-4052
-3778
-3402
-3266
-2772
-2319
-1786
-1428
-1216
-1030
-853
-540
-126
133
384
543
781
1006
1107
1175
1130
1257
1379
1501
1559
1548
1549
1502
1507
1493
1356
1213
1050
989
977
962
898
694
573
433
248
156
35
-50
-178
-202
-160
-206
-236
-299
-335
-265
-166
-171
-253
-246
-137
63
238
284
195
83
186
303
421
476
421
365
457
588
771
745
640
580
579
773
862
845
805
805
948
1089
1228
1299
1317
1383
1479
1644
1646
1627
1498
1462
1567
1671
1736
1547
1466
1491
1640
1813
1888
1770
1639
1599
1814
1984
2017
1958
1756
1788
1983
2074
2108
1972
1965
1894
1765
1742
1343
1066
523
202
-505
-869
-1342
-1513
-1964
-2249
-2641
-3039
-3486
-3726
-3962
-4138
-4343
-4605
-4640
-4765
-4459
-4467
-4399
-4550
-4483
-4445
-4151
-3899
-3410
-3127
-2740
-2396
-1936
-1514
-1190
-981
-806
-529
-245
109
317
567
733
888
1054
1183
1287
1335
1341
1413
1501
1563
1631
1572
1551
1472
1460
1367
1218
1106
1011
912
814
723
581
402
279
213
103
-13
-203
-379
-454
-304
-227
-237
-341
-418
-374
-297
-165
-211
-310
-306
-219
-37
131
182
107
6
37
135
186
178
147
129
221
356
392
377
288
280
288
358
439
469
495
617
761
929
1021
1063
1074
1078
1104
1137
1177
1218
1245
1222
1250
1243
1332
1353
1423
1426
1453
1441
1444
1502
1574
1732
1787
1820
1814
1798
1929
1888
2061
1971
2010
1981
1728
1638
1049
934
355
-55
-413
-953
-1066
-1656
-1916
-2216
-2748
-2764
-3428
-3402
-3919
-4013
-4008
-4198
-3990
-4282
-4082
-4267
-4308
-4047
-4195
-3703
-3747
-3304
-2925
-2676
-1962
-1936
-1406
-1203
-932
-503
-401
83
170
499
774
866
1190
1190
1431
1403
1534
1707
1621
1764
1722
1808
1867
1814
1904
1640
1601
1489
1367
1368
1185
1156
927
832
742
611
533
360
151
-17
-6
43
30
7
-101
-155
-133
-15
30
-81
-119
-114
-44
176
295
291
204
182
228
276
330
314
221
228
355
447
509
462
410
348
396
433
447
435
477
547
677
820
917
960
992
1084
1118
1113
1047
1055
1133
1291
1345
1328
1206
1189
1253
1389
1449
1392
1342
1334
1500
1633
1765
1643
1560
1574
1666
1765
1809
1807
1867
1869
1993
1824
1501
1253
903
730
322
-83
-655
-1206
-1399
-1636
-1800
-2229
-2672
-3209
-3551
-3520
-3655
-3744
-3989
-4200
-4235
-4293
-3980
-4083
-4153
-4237
-4236
-3967
-3661
-3146
-2865
-2587
-2197
-1875
-1504
-1218
-916
-720
-547
-98
150
509
655
869
959
1070
1280
1249
1301
1356
1529
1685
1740
1812
1663
1578
1569
1519
1462
1251
1177
991
993
970
878
694
520
456
338
205
69
-34
-53
33
64
24
-108
-106
-101
15
25
67
-85
-23
103
280
360
370
279
220
265
361
388
349
363
360
429
512
534
451
404
332
403
406
500
502
537
649
767
863
923
956
1005
1066
1114
1118
1083
1094
1189
1276
1318
1280
1224
1206
1266
1327
1384
1325
1332
1371
1440
1513
1517
1531
1493
1511
1591
1626
1637
1675
1695
1798
1758
1677
1395
1080
774
487
137
-392
-871
-1308
-1463
-1806
-2094
-2504
-2945
-3230
-3599
-3668
-3904
-4090
-4270
-4375
-4377
-4344
-4347
-4389
-4532
-4516
-4420
-4088
-3893
-3512
-3183
-2816
-2423
-2196
-1779
-1592
-1319
-1015
-719
-366
-102
170
410
527
754
823
935
956
1106
1233
1359
1523
1564
1580
1537
1540
1474
1340
1272
1103
1033
1022
1062
965
747
633
504
470
455
378
134
34
15
112
66
112
21
15
23
88
85
28
88
107
216
315
340
334
331
381
509
484
515
393
405
467
616
687
653
605
505
528
567
603
625
555
624
713
870
1024
1052
1112
1102
1162
1177
1152
1160
1193
1300
1373
1355
1315
1231
1272
1258
1341
1310
1233
1213
1220
1396
1505
1543
1554
1416
1441
1415
1508
1590
1593
1762
1665
1802
1616
1458
1199
742
617
157
-144
-633
-1139
-1347
-1603
-1788
-2140
-2740
-3067
-3482
-3532
-3677
-3769
-3965
-4209
-4193
-4251
-4067
-4185
-4309
-4387
-4394
-4029
-3721
-3403
-3061
-2950
-2516
-2209
-1826
-1501
-1353
-1028
-839
-409
-22
218
418
496
665
721
892
976
1073
1192
1342
1487
1600
1633
1637
1507
1522
1417
1346
1204
1139
1131
1122
1104
970
795
652
618
566
503
394
283
205
228
313
195
99
48
105
138
152
193
54
70
215
290
345
289
300
263
339
504
478
425
373
441
479
621
641
537
531
538
627
620
619
674
615
755
898
1022
1092
1118
1182
1231
1320
1362
1298
1248
1268
1389
1413
1463
1401
1334
1326
1349
1437
1400
1359
1290
1281
1373
1509
1569
1530
1437
1362
1390
1407
1523
1560
1529
1524
1429
1397
1192
971
629
201
-120
-633
-926
-1337
-1499
-1785
-2188
-2415
-2997
-3177
-3547
-3593
-3746
-4035
-4062
-4254
-4237
-4196
-4206
-4163
-4439
-4345
-4209
-3968
-3581
-3372
-2939
-2897
-2395
-2110
-1739
-1416
-1197
-865
-667
-290
95
161
482
511
686
786
888
1148
1075
1380
1438
1598
1612
1659
1648
1500
1485
1449
1369
1300
1184
1189
1057
1095
1033
864
770
537
462
403
492
483
332
282
228
128
194
210
261
168
186
223
241
352
429
429
369
380
415
454
553
602
618
594
585
616
564
665
635
609
638
637
665
665
705
766
725
789
830
889
978
1093
1165
1182
1195
1163
1194
1238
1318
1298
1232
1243
1254
1352
1387
1349
1289
1213
1262
1310
1318
1333
1325
1372
1423
1520
1529
1458
1380
1439
1542
1576
1539
1344
1276
1245
1177
877
404
-163
-625
-994
-1016
-1328
-1661
-2106
-2528
-2740
-2986
-3005
-3457
-3833
-4115
-4075
-4033
-3873
-3914
-4003
-4267
-4173
-4177
-3900
-3865
-3614
-3441
-3118
-2574
-2235
-1889
-1713
-1507
-1203
-975
-608
-326
-191
129
254
591
613
797
782
843
978
1153
1301
1323
1398
1437
1455
1473
1395
1263
1122
1008
1044
956
986
853
778
691
637
564
452
343
235
157
154
238
237
276
213
245
176
212
182
203
185
260
297
401
445
536
522
535
497
498
490
511
581
598
686
677
670
638
603
596
583
567
643
655
780
821
929
967
1027
1064
1098
1141
1160
1163
1153
1185
1267
1284
1284
1249
1179
1169
1128
1225
1235
1217
1188
1148
1234
1314
1475
1451
1391
1269
1311
1355
1431
1499
1494
1437
1382
1367
1206
1069
710
482
14
-202
-647
-1084
-1361
-1532
-1764
-2112
-2550
-2875
-3327
-3380
-3400
-3602
-3735
-3995
-3914
-4054
-3805
-3802
-3912
-4091
-4039
-3777
-3476
-3114
-2756
-2672
-2291
-2056
-1578
-1373
-1090
-851
-743
-391
-68
203
393
505
650
681
802
999
1019
1153
1251
1459
1453
1556
1518
1443
1316
1295
1262
1120
1025
991
902
933
890
793
587
438
438
315
274
235
127
155
191
277
199
117
83
53
92
195
205
175
171
271
335
453
432
387
305
322
465
484
541
537
495
547
560
592
533
470
468
464
530
599
631
641
677
750
811
868
915
944
943
974
1045
1055
1096
1069
1099
1072
1070
1052
1031
1022
1072
1049
1112
1129
1191
1191
1207
1225
1270
1305
1339
1307
1276
1357
1348
1328
1274
1274
1214
1038
735
561
171
52
-392
-660
-1240
-1502
-1770
-1922
-2230
-2527
-2865
-3165
-3359
-3369
-3535
-3579
-3806
-3811
-3834
-3754
-3590
-3750
-3685
-3691
-3454
-3195
-2874
-2590
-2377
-2132
-1739
-1494
-1105
-956
-652
-561
-221
24
263
446
499
636
699
893
1009
1068
1201
1251
1345
1423
1400
1419
1255
1259
1161
1111
1054
940
922
807
846
699
674
538
468
420
326
288
201
208
268
241
240
169
134
182
195
310
226
259
225
342
436
517
539
480
459
489
542
594
578
570
553
593
656
648
645
562
585
571
642
684
681
697
728
791
851
876
913
923
994
1067
1114
1085
1031
1017
1051
1162
1174
1125
987
987
1058
1193
1220
1193
1030
1034
1079
1220
1235
1169
1109
1021
1110
1157
1264
1175
1166
1101
1078
1082
920
743
316
-20
-283
-614
-786
-1218
-1358
-1840
-2011
-2298
-2484
-2778
-3079
-3249
-3412
-3516
-3467
-3590
-3620
-3701
-3661
-3585
-3684
-3543
-3636
-3411
-3243
-2827
-2538
-2320
-2065
-1827
-1516
-1187
-945
-705
-615
-349
-85
169
375
466
545
622
802
967
1032
1107
1136
1228
1307
1440
1411
1346
1238
1151
1099
1084
1077
973
882
774
750
717
708
579
464
323
279
265
358
345
338
248
265
250
310
331
265
233
250
336
413
500
502
514
488
561
566
595
564
577
557
645
670
695
655
619
617
617
635
637
627
642
707
773
855
873
899
910
977
1057
1120
1095
1025
968
1001
1103
1174
1170
1059
958
921
1009
1147
1190
1133
1018
977
1021
1150
1236
1205
1105
1018
987
1052
1097
1214
1179
1113
971
814
719
480
337
-60
-366
-768
-986
-1228
-1461
-1738
-2072
-2429
-2688
-2959
-3036
-3225
-3367
-3419
-3576
-3477
-3651
-3528
-3670
-3651
-3704
-3611
-3523
-3312
-3076
-2767
-2576
-2253
-2088
-1775
-1561
-1278
-991
-832
-503
-358
-74
134
283
418
455
580
695
790
983
1024
1169
1176
1290
1296
1305
1262
1159
1083
1066
1039
1053
932
945
796
819
762
686
625
505
478
394
445
486
454
438
415
399
408
415
457
373
436
460
539
603
668
677
627
644
677
668
687
673
676
685
748
783
749
731
667
651
648
687
704
700
732
777
795
861
880
910
932
994
1050
1077
1098
1082
1074
1091
1103
1074
1038
1063
1055
1068
1081
1036
994
948
1009
983
1019
1045
1017
951
951
948
921
905
981
936
984
903
878
663
511
358
2
-122
-457
-631
-1013
-1305
-1515
-1810
-2004
-2178
-2610
-2761
-3076
-2974
-3137
-3143
-3256
-3478
-3534
-3526
-3387
-3402
-3409
-3354
-3411
-3130
-2903
-2618
-2420
-2338
-1946
-1862
-1424
-1180
-991
-821
-682
-355
-167
24
235
211
350
434
653
711
795
919
914
1070
1143
1240
1152
1073
1088
957
988
956
906
816
745
766
688
653
636
478
409
378
423
390
398
375
303
295
343
368
331
343
329
326
386
473
496
496
516
527
540
596
622
615
594
627
637
654
673
644
627
616
642
646
631
638
619
653
687
743
771
779
820
850
919
984
1008
985
972
1022
1036
1041
1015
982
964
934
988
994
982
1007
934
963
929
998
944
941
922
925
932
978
970
936
957
963
921
840
819
684
643
405
246
-191
-326
-640
-832
-1145
-1292
-1622
-1883
-2091
-2235
-2467
-2596
-2733
-2874
-3056
-3026
-3025
-3109
-3080
-3127
-3132
-3209
-3073
-2984
-2851
-2671
-2421
-2274
-2018
-1776
-1489
-1329
-1027
-820
-639
-424
-176
5
177
335
478
474
657
757
889
944
1084
1108
1126
1188
1256
1244
1227
1141
1049
948
950
920
848
786
674
569
510
499
407
349
288
257
199
227
206
160
122
171
132
155
135
174
141
223
274
281
271
292
312
352
432
464
444
441
443
454
469
486
485
417
454
472
501
519
518
495
476
503
568
604
673
731
780
815
863
871
843
841
852
862
856
873
868
895
957
982
976
899
857
869
918
995
980
944
898
887
959
963
961
889
874
902
1006
1024
1010
889
797
628
458
238
65
-259
-440
-719
-894
-1145
-1396
-1552
-1868
-1987
-2256
-2344
-2574
-2579
-2666
-2693
-2811
-2844
-2921
-2946
-2957
-2878
-2923
-2813
-2701
-2563
-2316
-2193
-1887
-1835
-1571
-1354
-1161
-915
-732
-524
-345
-190
13
72
181
270
368
471
566
697
689
802
834
920
920
906
892
764
767
748
701
693
588
539
458
440
436
322
293
226
213
225
249
225
170
174
199
226
241
243
217
221
315
372
401
417
395
435
467
560
569
549
549
559
597
638
645
626
585
580
604
605
610
607
583
597
634
639
657
649
693
734
801
856
831
827
841
890
913
887
849
832
838
871
896
869
855
847
883
871
852
802
776
754
802
823
827
785
791
778
854
862
842
782
709
757
656
619
397
133
-86
-277
-376
-673
-908
-1142
-1357
-1483
-1645
-1801
-2069
-2269
-2323
-2466
-2474
-2542
-2581
-2668
-2699
-2591
-2686
-2638
-2658
-2563
-2487
-2309
-2094
-1983
-1831
-1558
-1418
-1144
-956
-712
-594
-411
-152
-76
132
208
357
372
516
658
674
776
853
906
973
993
1081
961
982
965
894
910
825
818
677
679
674
571
565
455
433
371
373
382
304
337
301
295
300
285
331
273
343
334
364
399
391
446
426
480
485
486
525
504
538
519
527
532
501
511
467
470
444
448
458
426
438
405
422
427
451
468
462
513
540
560
569
546
550
559
638
686
677
644
616
610
638
661
665
621
583
603
642
682
677
644
603
566
607
654
636
639
652
705
763
773
782
592
499
366
337
218
70
-121
-427
-604
-812
-874
-1086
-1299
-1595
-1773
-1929
-1903
-2054
-2047
-2355
-2377
-2550
-2432
-2460
-2447
-2513
-2581
-2505
-2451
-2269
-2213
-2123
-2066
-1907
-1693
-1432
-1268
-1045
-974
-732
-616
-362
-272
-162
-67
26
168
269
370
419
471
572
615
689
694
710
722
724
770
700
678
622
595
545
485
487
404
354
320
313
312
285
300
242
219
238
252
265
273
286
275
289
357
374
410
405
443
426
467
524
532
569
605
632
633
637
647
620
600
619
591
580
566
583
579
607
608
590
564
575
609
635
682
696
690
702
715
701
704
764
813
802
761
740
723
741
797
791
702
642
625
697
731
794
714
608
600
631
664
638
609
572
623
762
859
830
728
606
443
338
299
138
-31
-254
-345
-558
-731
-915
-1144
-1370
-1527
-1731
-1839
-2003
-1951
-2102
-2109
-2259
-2313
-2438
-2510
-2422
-2474
-2377
-2379
-2309
-2247
-2154
-1971
-1851
-1798
-1557
-1439
-1162
-1028
-733
-612
-464
-278
-186
-59
24
184
280
316
503
471
593
666
793
808
758
811
769
776
872
838
800
694
704
647
590
622
496
442
407
451
427
416
450
401
407
424
394
347
321
395
394
453
492
461
447
482
527
539
526
553
530
576
658
692
668
622
575
540
553
561
540
493
485
512
527
548
536
486
465
481
537
569
590
590
594
613
656
665
644
632
619
617
613
637
639
656
657
624
574
526
521
521
548
574
540
478
447
407
419
424
446
402
420
488
582
632
483
259
-49
-141
-233
-303
-486
-744
-1008
-1117
-1176
-1228
-1493
-1726
-2023
-2113
-2126
-2026
-2084
-2235
-2358
-2403
-2329
-2343
-2346
-2458
-2464
-2411
-2213
-2027
-1901
-1850
-1720
-1583
-1312
-1145
-958
-849
-717
-513
-270
-57
31
113
187
312
411
518
588
555
658
763
886
908
915
858
800
831
898
804
750
675
697
692
773
702
550
466
469
527
497
564
454
407
470
539
570
535
468
447
416
592
641
655
644
652
675
709
764
718
674
677
729
780
772
779
698
651
678
660
648
578
556
543
566
627
623
579
549
559
584
601
610
551
522
556
635
677
673
637
562
539
564
570
539
497
480
460
474
502
467
428
400
393
383
359
345
303
308
335
341
334
280
327
321
466
334
116
-228
-347
-327
-405
-460
-762
-1078
-1329
-1290
-1238
-1356
-1680
-1898
-2205
-2135
-1989
-1834
-2060
-2295
-2397
-2383
-2246
-2135
-2154
-2329
-2338
-2122
-1942
-1764
-1669
-1646
-1591
-1418
-1103
-938
-857
-702
-595
-425
-247
-88
-88
-75
48
180
238
295
359
348
429
528
616
563
534
494
496
502
588
529
484
404
426
390
397
381
324
256
267
331
346
359
369
347
340
394
430
427
395
453
464
535
603
622
593
593
639
667
686
717
695
696
739
780
772
728
708
672
685
704
707
652
630
640
675
707
735
705
671
675
721
757
770
782
761
772
817
862
846
780
731
703
712
752
739
707
653
649
695
692
682
589
522
476
483
520
503
502
482
478
483
462
509
460
549
344
142
-159
-197
-175
-301
-373
-718
-971
-1179
-1110
-1109
-1266
-1489
-1707
-1937
-1828
-1779
-1656
-1949
-1974
-2112
-2084
-1948
-1976
-1933
-2094
-1957
-1867
-1766
-1566
-1554
-1481
-1348
-1149
-919
-888
-664
-659
-465
-267
-102
-21
-91
64
97
218
352
346
375
337
494
546
590
625
498
484
461
552
546
492
487
373
423
451
452
393
312
322
274
345
378
356
337
339
397
385
404
400
345
403
456
544
532
545
545
531
598
622
612
569
573
606
638
688
664
607
576
571
592
568
570
522
518
558
604
620
591
560
523
529
558
581
558
551
566
595
621
614
556
486
439
437
439
446
419
370
363
356
390
354
316
253
197
216
210
230
188
171
160
158
171
145
128
170
221
185
-15
-181
-342
-351
-392
-429
-598
-824
-1001
-1027
-1103
-1149
-1360
-1542
-1663
-1691
-1554
-1562
-1573
-1695
-1795
-1881
-1797
-1822
-1788
-1825
-1736
-1689
-1555
-1445
-1366
-1383
-1273
-1137
-1023
-851
-696
-597
-485
-311
-155
-112
-114
-31
-22
119
273
367
367
360
435
483
539
572
497
404
463
562
633
612
575
489
440
500
531
478
424
414
412
494
564
561
474
445
487
497
525
559
520
524
597
657
664
622
606
573
576
644
647
613
613
634
650
655
652
602
537
542
558
557
560
560
526
533
551
544
508
476
470
461
494
538
546
531
521
502
500
495
502
470
457
457
457
473
463
461
412
405
384
380
350
332
325
306
291
276
236
214
195
206
193
163
172
120
141
141
181
70
-78
-261
-369
-423
-429
-490
-620
-854
-999
-1073
-1062
-1052
-1167
-1325
-1521
-1534
-1482
-1381
-1382
-1466
-1650
-1714
-1680
-1566
-1532
-1493
-1524
-1533
-1430
-1289
-1180
-1147
-1086
-1015
-949
-794
-647
-566
-467
-393
-271
-238
-160
-123
-96
-6
64
124
137
151
171
183
238
261
238
198
193
238
259
325
308
272
225
215
263
258
279
273
246
281
327
371
369
375
373
378
428
468
489
488
529
556
581
618
610
595
597
633
664
676
691
684
688
715
724
713
682
669
660
676
705
702
691
685
696
703
717
709
688
672
678
704
711
708
697
675
661
658
646
619
587
569
555
554
537
512
482
456
444
408
384
345
311
283
254
221
188
163
130
101
71
48
33
5
11
-44
-93
-156
-215
-286
-392
-460
-566
-636
-733
-796
-907
-1037
-1115
-1174
-1226
-1222
-1313
-1338
-1467
-1430
-1424
-1435
-1447
-1500
-1544
-1563
-1503
-1409
-1414
-1410
-1398
-1355
-1283
-1181
-1042
-1051
-958
-912
-767
-680
-574
-495
-478
-419
-313
-257
-189
-158
-111
-103
-57
-8
12
55
68
96
102
138
169
173
196
213
235
228
250
265
266
307
330
356
344
370
420
449
497
536
528
533
575
647
678
719
728
724
740
803
860
861
879
872
880
923
969
985
961
953
944
944
967
959
935
908
903
897
886
886
860
838
826
815
785
754
737
701
664
634
595
541
511
498
454
414
376
329
288
265
253
226
192
168
121
88
54
28
-42
-89
-128
-154
-152
-144
-156
-222
-285
-313
-327
-310
-324
-370
-437
-494
-471
-452
-423
-510
-674
-821
-893
-851
-851
-858
-955
-1079
-1138
-1109
-1043
-1111
-1227
-1338
-1383
-1314
-1218
-1139
-1213
-1289
-1308
-1301
-1224
-1205
-1192
-1244
-1204
-1098
-986
-900
-855
-850
-845
-782
-696
-627
-541
-472
-396
-323
-242
-187
-209
-168
-116
-60
-14
42
67
101
161
218
239
226
233
255
290
382
409
447
456
461
503
523
551
541
552
577
625
678
709
725
723
746
775
796
822
814
835
857
883
901
888
889
862
861
868
851
825
797
788
780
775
761
709
665
638
624
604
587
563
538
536
526
521
487
454
427
387
376
376
382
375
371
366
340
323
312
304
301
311
300
297
286
293
271
253
227
184
162
142
139
118
106
77
45
11
10
-21
-43
-70
-80
-101
-118
-153
-205
-237
-265
-271
-330
-342
-411
-456
-514
-535
-612
-682
-733
-771
-802
-828
-842
-898
-947
-967
-984
-1013
-1027
-1058
-1068
-1069
-1021
-1008
-1018
-1018
-1054
-1039
-1001
-937
-912
-901
-856
-850
-795
-724
-668
-662
-638
-581
-539
-487
-423
-399
-361
-340
-265
-258
-206
-174
-140
-111
-70
-50
-43
-30
19
37
96
129
160
165
195
250
256
302
312
328
350
401
440
465
481
482
476
502
521
553
550
575
581
602
631
633
629
615
612
615
621
637
641
644
642
643
631
619
611
604
604
611
625
620
617
624
624
617
603
586
566
557
580
586
590
584
575
570
556
552
552
554
570
581
588
578
556
525
488
461
432
400
377
358
346
324
299
251
196
161
136
121
90
48
16
-1
-1
-27
-73
-141
-214
-278
-291
-288
-293
-313
-349
-368
-424
-454
-518
-559
-634
-696
-735
-766
-790
-819
-836
-872
-903
-948
-980
-1045
-1066
-1067
-1024
-1010
-990
-1042
-1052
-1056
-1020
-979
-979
-981
-1014
-971
-889
-797
-748
-753
-777
-789
-733
-640
-593
-573
-586
-570
-516
-437
-364
-376
-372
-368
-328
-238
-166
-116
-97
-58
-17
37
101
136
165
214
278
349
401
451
475
507
551
579
603
614
633
660
700
724
720
700
692
689
701
713
704
682
677
683
695
692
666
628
597
591
592
596
580
567
554
556
563
552
520
493
476
476
484
483
453
421
407
401
398
388
372
349
340
354
360
352
329
301
283
275
274
238
198
167
147
135
111
73
24
-21
-32
-42
-61
-98
-134
-175
-195
-198
-220
-245
-292
-329
-366
-387
-406
-442
-470
-478
-494
-482
-523
-549
-600
-620
-610
-619
-620
-649
-663
-678
-672
-667
-679
-709
-743
-767
-752
-738
-705
-716
-736
-752
-764
-742
-730
-706
-699
-686
-649
-608
-569
-538
-526
-523
-533
-509
-464
-409
-367
-350
-343
-326
-276
-223
-190
-176
-161
-141
-86
-28
14
41
48
67
87
125
151
155
176
212
251
287
307
317
319
354
383
396
415
414
436
459
496
511
504
499
500
515
535
539
532
530
550
568
582
584
568
567
574
594
608
619
620
628
641
652
658
658
654
660
676
693
708
711
707
715
717
706
698
694
683
675
678
678
669
659
638
621
605
588
567
537
514
496
477
448
408
356
303
262
224
184
141
97
58
9
-31
-63
-92
-113
-150
-188
-230
-266
-293
-319
-350
-396
-447
-476
-501
-503
-527
-554
-584
-611
-615
-632
-636
-648
-653
-644
-648
-669
-698
-731
-728
-740
-734
-751
-771
-779
-769
-757
-763
-775
-778
-778
-758
-733
-739
-758
-761
-741
-717
-699
-702
-711
-707
-674
-632
-617
-610
-617
-608
-569
-523
-482
-472
-455
-431
-397
-362
-330
-310
-291
-252
-202
-157
-117
-91
-73
-42
7
47
73
106
139
181
224
263
288
311
341
369
406
436
462
477
505
540
561
578
597
615
637
664
691
703
710
722
731
748
765
767
762
769
778
791
798
795
781
763
767
761
754
742
718
690
678
663
642
614
586
552
514
497
469
438
402
367
338
307
274
239
207
176
154
122
87
48
12
-21
-48
-74
-104
-128
-158
-181
-190
-198
-216
-250
-284
-313
-329
-332
-338
-344
-351
-355
-363
-361
-368
-369
-381
-401
-407
-407
-387
-377
-364
-367
-377
-382
-385
-380
-377
-392
-398
-400
-383
-373
-386
-404
-434
-456
-454
-451
-464
-488
-500
-508
-513
-511
-529
-564
-587
-594
-592
-583
-567
-560
-556
-547
-545
-550
-551
-550
-541
-520
-489
-474
-458
-438
-421
-404
-393
-383
-384
-359
-314
-272
-231
-199
-181
-164
-132
-86
-53
-18
18
55
104
163
203
228
252
275
309
359
413
450
486
524
560
598
634
659
673
698
736
763
787
816
829
844
856
872
867
866
874
880
888
898
891
872
859
847
837
822
805
780
752
737
726
693
660
613
573
541
505
468
421
378
329
289
241
195
143
90
50
11
-26
-68
-113
-155
-196
-237
-274
-314
-349
-375
-387
-406
-429
-455
-478
-496
-504
-514
-519
-527
-528
-527
-518
-518
-517
-512
-506
-486
-466
-442
-428
-414
-390
-367
-344
-340
-345
-348
-336
-307
-276
-259
-260
-272
-279
-281
-273
-262
-271
-267
-262
-249
-253
-265
-286
-307
-324
-324
-330
-332
-349
-359
-366
-378
-393
-415
-431
-436
-417
-402
-382
-366
-360
-356
-353
-348
-338
-328
-307
-279
-253
-229
-204
-188
-174
-163
-149
-130
-94
-60
-16
24
61
86
108
129
144
166
195
226
259
290
317
338
359
374
380
392
403
418
442
463
476
483
481
480
484
481
481
478
480
483
485
480
468
450
427
407
388
372
355
334
315
297
280
256
224
195
166
146
132
119
103
90
74
58
47
28
21
13
4
5
6
8
5
6
20
27
34
46
55
69
101
128
153
170
184
203
222
237
249
255
253
257
267
282
287
289
280
272
266
257
247
241
237
236
237
240
235
227
220
216
217
213
214
218
225
236
244
240
230
213
190
177
157
130
107
70
27
-24
-76
-138
-207
-277
-353
-426
-492
-555
-619
-685
-751
-818
-881
-939
-987
-1028
-1060
-1083
-1099
-1109
-1114
-1122
-1128
-1122
-1122
-1103
-1080
-1048
-1014
-976
-934
-895
-858
-819
-774
-733
-688
-631
-578
-521
-457
-408
-352
-307
-255
-203
-152
-98
-47
11
63
112
160
209
247
283
322
363
396
426
456
487
508
526
538
544
558
576
594
605
619
625
633
636
638
631
626
621
613
614
615
614
606
597
589
576
561
555
543
537
530
520
511
503
495
482
464
449
435
420
415
404
386
374
365
346
328
309
296
283
272
257
240
233
219
211
204
198
182
172
161
156
155
149
148
140
126
124
121
117
109
101
96
91
85
81
73
67
57
49
37
28
22
10
5
2
1
-7
-12
-19
-29
-32
-46
-62
-77
-85
-89
-91
-95
-106
-121
-128
-143
-148
-160
-174
-188
-209
-222
-240
-256
-278
-308
-340
-370
-399
-426
-448
-474
-510
-545
-573
-602
-628
-647
-667
-690
-711
-724
-737
-746
-751
-763
-771
-776
-779
-771
-763
-752
-740
-729
-717
-695
-672
-652
-621
-588
-557
-519
-475
-432
-397
-352
-316
-277
-232
-187
-134
-81
-33
6
53
104
152
199
246
286
318
356
390
422
451
474
494
507
528
550
569
582
594
602
613
624
636
645
650
659
664
666
665
663
662
653
641
629
620
611
596
577
550
522
493
462
428
390
348
302
256
215
172
122
71
15
-36
-78
-123
-164
-212
-254
-292
-328
-358
-382
-408
-425
-434
-443
-443
-445
-443
-436
-430
-421
-404
-381
-362
-342
-316
-292
-270
-236
-210
-180
-151
-131
-104
-83
-65
-45
-27
-15
-4
6
13
15
21
26
24
25
27
29
30
32
34
35
29
31
30
26
29
21
21
20
20
16
17
21
19
21
24
31
34
41
43
44
49
51
51
51
54
55
53
48
50
53
53
61
64
69
75
82
93
97
105
119
127
134
145
148
152
150
146
143
136
128
115
97
79
62
34
8
-26
-64
-98
-131
-166
-201
-235
-264
-291
-319
-342
-367
-382
-401
-410
-409
-406
-403
-399
-387
-375
-360
-340
-322
-301
-279
-257
-229
-199
-179
-150
-119
-96
-71
-45
-15
7
31
56
79
102
119
141
161
178
202
218
238
259
277
297
310
327
337
351
366
369
375
382
383
386
389
393
390
381
371
367
360
348
340
327
316
304
295
290
280
270
261
247
240
234
226
225
223
224
228
232
238
248
258
273
291
308
331
352
365
383
394
407
410
406
403
392
378
353
329
293
253
217
173
130
85
38
-12
-56
-105
-148
-200
-252
-305
-350
-394
-429
-457
-487
-512
-535
-546
-552
-559
-565
-565
-556
-538
-517
-500
-481
-466
-453
-436
-422
-410
-408
-402
-402
-403
-406
-412
-424
-440
-453
-472
-489
-506
-521
-530
-538
-548
-556
-553
-547
-542
-526
-509
-496
-480
-458
-435
-400
-371
-343
-312
-281
-242
-202
-164
-131
-94
-61
-28
10
47
72
98
127
156
177
198
210
220
237
243
256
260
264
264
263
262
256
252
246
244
243
236
231
225
216
211
209
207
202
201
199
195
196
197
197
193
190
191
187
187
194
194
201
209
216
227
233
242
250
260
266
276
281
281
282
276
275
263
247
228
202
186
166
148
125
113
98
84
75
75
73
71
69
76
84
90
98
97
99
95
93
99
98
96
94
89
83
80
74
68
60
49
42
31
28
23
14
3
-5
-18
-23
-34
-44
-47
-53
-56
-55
-53
-61
-60
-69
-73
-76
-82
-83
-85
-84
-83
-88
-87
-90
-98
-96
-98
-100
-96
-95
-93
-89
-90
-88
-90
-87
-86
-83
-74
-68
-63
-54
-52
-48
-40
-38
-37
-32
-28
-22
-17
-15
-10
-4
-3
0
4
3
7
7
8
5
6
5
-4
-10
-23
-31
-44
-57
-68
-77
-87
-99
-102
-112
-112
-120
-122
-125
-125
-124
-122
-117
-117
-106
-97
-91
-85
-85
-79
-73
-70
-65
-58
-54
-49
-47
-41
-35
-33
-25
-19
-14
-10
-6
-1
12
16
22
27
32
43
47
54
60
72
80
86
90
87
89
87
89
85
82
86
81
81
74
72
66
65
61
62
59
60
68
65
64
61
64
57
58
58
53
52
50
48
47
45
46
42
43
43
36
33
34
35
34
33
32
29
28
26
22
18
16
13
6
6
0
-5
-10
-17
-20
-26
-29
-34
-39
-42
-43
-46
-49
-47
-49
-51
-52
-47
-46
-46
-45
-44
-42
-39
-36
-35
-31
-30
-26
-28
-21
-19
-17
-13
-10
-7
-5
0
-2
7
5
5
7
7
10
6
8
4
2
2
2
-5
-5
-4
-6
-7
-10
-14
-10
-9
-11
-12
-13
-15
-18
-15
-11
-10
-9
-4
-4
-1
3
4
14
16
26
33
32
39
40
41
43
44
39
33
32
24
16
14
7
4
1
-1
-2
-7
-9
-4
-6
-9
-6
-12
-11
-16
-20
-23
-26
-26
-31
-30
-31
-35
-38
-40
-38
-34
-34
-30
-29
-24
-25
-22
-20
-19
-15
-14
-8
-10
-10
-7
-8
-1
-2
1
4
4
5
10
16
15
20
20
23
25
22
23
29
27
31
34
32
32
35
28
24
25
27
26
24
27
29
29
24
24
24
21
17
17
14
15
12
8
8
4
3
1
-2
4
9
12
9
17
18
19
22
23
27
28
34
27
27
21
16
9
7
3
-10
-13
-20
-28
-36
-43
-49
-53
-61
-64
-67
-65
-71
-75
-74
-74
-71
-71
-69
-71
-67
-66
-62
-56
-57
-54
-51
-51
-48
-45
-40
-38
-35
-33
-31
-28
-27
-25
-24
-17
-14
-18
-19
-11
-13
-13
-11
-10
-10
-9
-5
-5
0
-2
-3
-2
2
2
0
7
9
7
7
13
14
15
15
16
19
20
22
20
23
27
27
25
26
26
24
25
22
23
21
18
19
15
15
15
12
10
9
4
4
2
3
3
2
1
2
0
-2
1
-1
-1
-6
1
1
2
4
8
6
5
11
11
11
13
14
15
19
19
20
20
21
21
19
20
22
18
21
21
20
19
15
18
16
16
18
18
18
14
15
13
12
9
7
5
8
10
9
10
12
9
8
9
10
8
4
4
6
10
9
9
9
6
7
4
4
8
6
6
11
8
3
5
5
2
4
-1
-3
-4
0
-2
-2
-2
-3
-4
-2
-2
-4
-3
-5
-3
-3
-5
-10
-5
-5
-8
-9
-12
-7
-9
-9
-8
-8
-5
-2
-8
-7
-5
-4
0
0
2
2
4
3
4
4
0
5
5
8
8
4
8
13
11
9
10
9
5
8
9
9
11
10
8
4
5
5
-2
-2
1
0
-3
-8
-4
-7
-10
-7
-12
-13
-15
-17
-20
-20
-18
-19
-20
-22
-22
-25
-25
-23
-24
-21
-22
-20
-23
-24
-23
-26
-23
-26
-27
-27
-22
-24
-26
-26
-28
-25
-28
-28
-28
-29
-30
-25
-27
-28
-26
-31
-29
-24
-23
-22
-22
-20
-25
-22
-20
-25
-23
-20
-18
-19
-16
-13
-13
-11
-11
-8
-7
-5
-7
-5
-2
2
7
6
8
7
13
14
17
16
22
26
29
29
32
29
33
33
30
29
32
35
35
33
35
38
36
34
30
31
31
27
24
23
22
20
22
21
16
16
15
15
13
14
11
11
12
11
8
9
9
8
8
5
8
10
7
5
9
9
5
4
7
6
5
5
5
7
2
0
-1
-4
-5
-7
-3
-7
-6
-5
-7
-10
-10
-9
-11
-11
-12
-10
-12
-17
-17
-16
-14
-13
-16
-14
-16
-15
-13
-15
-16
-18
-13
-15
-21
-20
-19
-19
-19
-17
-18
-17
-20
-19
-18
-23
-21
-18
-17
-19
-17
-16
-14
-18
-19
-20
-17
-15
-16
-16
-14
-17
-12
-9
-13
-12
-7
-9
-11
-13
-14
-9
-11
-6
-6
-6
-2
-4
-2
-1
-1
3
1
0
2
4
4
8
9
9
12
12
16
16
17
20
19
24
23
23
23
25
30
28
26
26
25
26
27
23
28
30
28
28
26
22
23
21
19
17
13
19
19
20
17
12
12
15
13
12
12
12
12
9
12
11
9
8
8
7
9
8
5
6
2
0
-1
0
-7
-9
-12
-13
-15
-20
-20
-22
-24
-26
-30
-31
-33
-32
-33
-34
-32
-32
-34
-34
-35
-36
-32
-28
-31
-27
-28
-26
-29
-28
-25
-24
-22
-20
-18
-18
-18
-15
-10
-6
-7
-6
-3
-6
-6
-4
0
1
3
5
5
11
9
8
9
13
15
13
12
18
19
20
23
23
25
24
25
29
30
30
30
26
31
31
30
34
38
34
37
35
30
32
30
29
29
27
28
31
24
24
24
23
22
18
19
17
15
17
15
12
12
12
10
14
12
9
4
8
13
12
9
11
14
16
19
18
20
24
24
24
28
25
23
25
25
25
29
30
21
19
16
15
14
8
-2
-6
-12
-18
-16
-15
-22
-26
-30
-37
-41
-47
-50
-51
-51
-56
-55
-59
-59
-59
-61
-58
-59
-60
-61
-62
-63
-61
-60
-61
-57
-55
-51
-52
-49
-49
-46
-48
-47
-41
-39
-34
-37
-38
-33
-28
-27
-26
-21
-18
-18
-14
-18
-15
-14
-13
-11
-6
-3
-2
0
4
5
4
5
5
6
7
6
8
9
16
15
18
17
14
19
19
20
21
21
18
15
15
19
18
21
22
20
23
21
25
22
22
24
27
25
29
31
29
34
30
31
33
31
32
33
31
26
27
24
20
17
9
5
2
-5
-9
-14
-24
-28
-30
-33
-35
-39
-43
-44
-50
-55
-57
-57
-55
-57
-55
-56
-58
-54
-50
-46
-46
-42
-43
-38
-34
-33
-27
-24
-21
-17
-13
-14
-9
-7
-1
1
0
2
2
8
15
10
12
15
17
21
24
25
28
35
34
34
37
37
36
38
41
43
45
42
39
40
43
45
46
51
50
51
52
52
52
55
54
53
57
57
54
55
51
54
54
53
51
55
49
50
49
49
54
48
50
45
41
43
39
38
38
29
24
25
24
23
22
19
14
13
17
9
10
3
1
2
-1
-4
-7
-6
-1
0
-8
-10
-11
-10
-15
-12
-15
-14
-15
-19
-21
-20
-18
-21
-23
-27
-23
-27
-31
-32
-33
-32
-33
-32
-30
-34
-36
-39
-38
-39
-43
-44
-46
-42
-48
-48
-47
-47
-47
-50
-49
-45
-49
-49
-46
-45
-44
-43
-44
-44
-44
-41
-39
-39
-38
-39
-35
-35
-33
-35
-32
-28
-28
-26
-28
-27
-26
-24
-24
-20
-20
-15
-10
-13
-11
-13
-8
-12
-8
-9
-7
-5
-2
3
6
6
6
9
7
8
8
12
13
15
20
19
21
23
25
26
26
28
29
29
36
36
35
38
36
36
40
40
39
39
39
44
39
40
38
39
39
40
40
42
40
35
36
34
31
30
27
27
27
21
20
19
23
23
23
23
16
17
16
17
15
15
13
8
9
11
12
9
5
13
13
11
14
13
8
8
8
7
9
9
9
7
7
7
8
4
2
1
4
4
4
-2
0
0
1
-2
-5
-4
-3
-5
-6
-6
-9
-9
-9
-3
-5
-6
-9
-11
-7
-7
-7
-9
-13
-12
-11
-12
-14
-15
-16
-16
-14
-11
-13
-17
-19
-17
-16
-21
-20
-20
-20
-19
-21
-20
-22
-19
-20
-22
-22
-21
-18
-17
-18
-19
-20
-21
-20
-22
-21
-18
-20
-20
-17
-15
-17
-14
-14
-15
-13
-12
-11
-9
-6
-7
-7
-4
0
1
2
2
2
2
1
5
9
8
7
10
12
13
12
14
16
16
21
21
17
15
19
18
15
19
16
15
14
11
12
13
12
12
10
13
7
6
6
6
8
5
6
3
3
-1
3
4
-4
-4
0
-1
0
0
-3
-5
-3
0
-1
-2
-4
-3
-3
-4
-4
-6
-9
-8
-10
-14
-13
-10
-11
-11
-14
-18
-19
-21
-25
-23
-26
-27
-24
-32
-31
-29
-27
-26
-30
-30
-29
-31
-28
-26
-26
-21
-23
-23
-19
-22
-17
-18
-20
-18
-17
-17
-9
-10
-13
-10
-8
-7
-6
-6
-2
-2
-3
-1
0
-1
-2
0
2
-2
4
5
3
5
6
3
-1
3
3
-1
3
4
3
3
2
1
-1
1
-1
0
2
3
2
5
3
5
2
5
5
1
5
4
3
5
9
7
7
7
10
10
6
7
10
10
10
12
10
11
13
15
12
12
15
16
18
18
15
16
15
15
15
17
20
16
14
17
16
16
19
17
16
16
16
18
17
15
16
17
16
18
15
15
15
14
19
14
10
12
10
11
6
5
6
6
6
6
7
4
1
3
1
0
-1
0
5
1
0
2
2
2
5
2
2
-1
-1
-3
-6
-2
-5
-4
-2
-7
-3
-6
-6
-1
-4
-1
-5
-3
-1
-2
-1
-1
-2
-3
-3
-5
-5
1
-1
2
3
-2
3
6
4
4
0
2
2
0
2
4
3
3
5
1
6
2
3
4
2
6
4
5
7
5
4
7
5
5
4
0
0
3
-1
0
1
3
2
3
4
2
8
5
5
4
1
2
1
4
1
-3
0
0
-3
-1
0
1
-2
-2
-2
0
-3
-6
-2
-3
-2
-7
-5
-8
-6
-5
-7
-2
-7
-7
-4
-2
-3
-6
-6
-3
-6
-6
-5
-4
-5
-5
-10
-4
-2
-1
-2
-2
-2
-5
-5
-1
2
-2
3
3
0
1
5
4
4
2
4
5
6
5
7
6
0
4
5
4
1
-1
3
3
0
2
5
1
-1
-1
0
-2
1
-3
-8
-8
-6
-6
-10
-10
-5
-7
-12
-9
-7
-8
-13
-12
-13
-15
-13
-10
-11
-11
-14
-15
-13
-12
-12
-11
-15
-14
-11
-12
-11
-14
-16
-11
-11
-9
-10
-9
-11
-9
-10
-11
-11
-11
-7
-16
-15
-10
-10
-5
-2
-3
-2
-2
0
0
1
1
2
3
4
1
6
6
2
4
8
7
9
9
8
13
10
15
13
13
7
10
14
9
9
14
17
15
13
12
12
11
10
11
8
4
9
9
5
9
6
7
6
5
6
-3
2
-2
-5
-2
-2
1
-3
-2
-4
-5
-6
-6
-8
-7
-5
-9
-8
-8
-7
-11
-9
-6
-8
-10
-13
-8
-11
-13
-11
-9
-8
-7
-7
-7
-7
-6
-9
-11
-15
-13
-14
-14
-11
-12
-10
-10
-9
-11
-10
-11
-11
-13
-10
-8
-7
-6
-6
-4
-6
-6
-6
-2
-3
-5
0
-1
1
0
3
1
1
3
5
7
6
9
9
9
14
11
13
14
15
19
13
15
14
13
17
16
16
17
15
18
20
15
14
14
14
13
14
8
11
10
12
14
10
9
10
6
6
9
6
5
3
4
1
2
4
-1
4
2
2
5
3
0
2
2
1
3
-2
-4
-3
-1
1
0
1
2
2
-3
-1
1
4
8
7
10
5
10
13
15
13
14
17
19
22
21
19
18
18
19
21
19
22
22
22
22
20
22
23
22
22
20
19
18
17
18
19
18
13
14
15
15
11
13
15
10
10
8
8
7
2
3
3
-1
-2
-3
-1
-4
-5
-6
-10
-7
-11
-12
-13
-13
-15
-15
-15
-15
-14
-19
-22
-21
-22
-24
-26
-26
-24
-27
-25
-23
-22
-21
-23
-26
-27
-28
-30
-27
-25
-26
-25
-27
-24
-23
-25
-24
-25
-23
-23
-21
-24
-25
-25
-24
-26
-25
-23
-24
-23
-24
-23
-19
-19
-17
-18
-18
-17
-14
-15
-16
-13
-12
-8
-6
-11
-15
-10
-8
-8
-6
-7
-7
-2
-5
-5
0
1
-1
4
6
2
2
5
3
8
5
2
5
6
4
5
8
8
8
11
15
10
10
11
10
13
12
10
15
15
16
18
14
15
16
13
13
9
13
18
17
14
17
13
12
14
15
15
14
17
16
14
16
19
12
13
15
12
10
13
17
17
17
15
16
17
14
15
13
12
9
13
12
12
10
11
7
10
10
7
6
6
6
5
6
6
4
3
3
1
1
0
1
-1
1
-4
-4
-3
-3
-2
-8
-11
-8
-11
-11
-6
-9
-12
-15
-13
-11
-12
-12
-12
-15
-14
-13
-15
-15
-16
-16
-17
-17
-19
-18
-13
-12
-12
-9
-7
-7
-7
-7
-12
-10
-7
-8
-6
-6
-8
-6
-3
-3
-4
-4
-4
1
-3
-1
4
2
2
1
1
1
1
3
3
2
1
3
5
4
4
4
6
6
3
5
5
5
1
-1
1
-2
2
1
-1
-1
1
-1
-1
0
-1
-3
-4
-3
-5
-5
-3
-2
-4
-3
-8
-7
-4
-10
-10
-9
-15
-8
-8
-5
-5
-10
-6
-5
-4
-8
-3
-6
-6
-7
-4
-5
-6
-2
-6
-4
0
-3
0
-1
0
0
1
2
2
2
4
3
3
4
5
2
6
6
6
14
12
9
7
7
11
11
14
14
12
14
11
18
19
15
15
13
11
12
10
13
13
14
15
13
15
14
16
13
11
13
17
14
11
16
17
13
15
11
12
13
9
14
13
10
13
11
12
12
10
16
11
8
8
6
6
6
5
9
10
9
9
10
11
11
10
12
11
10
6
8
8
10
11
12
11
11
10
13
8
5
10
8
7
6
4
2
3
3
-1
-4
0
-6
-9
-10
-11
-12
-15
-14
-17
-19
-21
-24
-25
-26
-29
-29
-28
-32
-31
-31
-35
-30
-34
-33
-32
-35
-33
-37
-37
-39
-34
-38
-37
-37
-39
-36
-38
-37
-38
-39
-40
-38
-36
-39
-36
-36
-35
-33
-36
-33
-33
-34
-30
-29
-28
-27
-25
-27
-21
-20
-17
-18
-15
-14
-14
-10
-13
-9
-8
-7
-9
-9
-7
-8
-3
-3
-3
-2
-1
0
4
7
5
6
13
12
14
18
16
17
22
20
21
25
23
24
28
28
31
32
30
29
32
32
30
31
36
33
31
36
32
31
31
31
25
27
26
24
24
25
23
21
22
20
19
21
16
20
20
18
20
17
18
19
22
21
17
20
20
17
15
15
15
16
14
10
13
14
16
19
17
13
11
13
10
8
7
8
7
6
8
8
4
6
5
2
1
4
4
5
6
3
8
8
5
5
7
2
4
-1
-5
-1
-4
-2
-2
-3
0
0
-3
-4
0
-3
-5
-2
-5
-5
-2
0
-1
-2
-2
-5
-4
-4
-6
-2
-4
-4
-3
-3
-6
2
-1
-5
-5
-6
-7
-9
-7
-9
-6
-5
-4
-5
-2
-1
-4
-2
-5
-5
-8
-4
-4
-5
-2
-4
1
2
2
0
0
2
-2
0
-2
-2
-1
-1
-2
-1
-2
-4
-5
-4
0
-3
-3
-3
-3
-6
-9
-8
-5
-8
-6
-6
-5
-4
-6
-4
-8
-6
-7
-7
-8
-5
-4
-1
-5
-6
-5
-9
-6
-6
-2
-1
-6
-5
-5
-2
-3
-4
-5
-3
-4
-7
-5
-7
-5
-5
-4
-6
-4
-7
-7
-7
-6
-5
-8
-10
-9
-7
-11
-13
-14
-13
-13
-11
-11
-13
-12
-12
-11
-13
-9
-11
-13
-11
-19
-14
-13
-12
-7
-5
-7
-9
-6
-10
-10
-7
-3
-7
-9
-8
-7
-4
-3
-3
-3
-3
-1
-1
1
1
-2
3
3
2
6
5
7
7
8
8
9
12
12
11
10
15
14
15
18
21
21
19
20
21
23
25
25
22
24
28
26
25
27
28
31
33
30
30
30
33
27
27
27
29
25
23
25
22
21
16
14
14
4
3
2
-3
2
-2
-9
-7
-12
-11
-10
-13
-11
-11
-12
-15
-14
-14
-12
-10
-13
-5
-11
-10
-9
-11
-9
-8
-11
-9
-14
-18
-22
-28
-28
-32
-36
-39
-44
-47
-52
-54
-53
-56
-57
-61
-59
-61
-59
-57
-58
-51
-55
-53
-43
-41
-42
-36
-34
-29
-27
-26
-25
-20
-17
-15
-8
-7
-6
-3
1
2
3
3
2
6
7
5
10
13
9
13
16
16
13
15
15
17
18
15
17
18
19
16
16
18
20
20
14
16
17
21
20
20
21
20
22
24
21
24
22
23
25
26
25
22
25
22
25
21
19
23
24
23
25
23
21
20
20
22
22
22
23
21
17
21
17
20
18
18
19
17
17
17
15
16
13
13
16
15
15
14
13
15
15
13
10
8
7
5
5
5
6
5
3
4
5
4
-2
0
0
-4
-4
-3
-2
-4
-5
-4
-2
-2
-3
-4
-8
-8
-7
-9
-6
-6
-4
-4
-6
-5
-7
-3
-4
0
-4
-1
-4
-5
-3
-4
-1
-4
-3
-4
-3
0
3
3
3
3
6
8
6
6
5
3
3
1
-3
1
0
-1
-2
-2
-4
-5
-8
-7
-9
-13
-16
-15
-14
-16
-15
-18
-14
-16
-15
