SAMPLES:	16146
BITSPERSAMPLE:	16
CHANNELS:	1
SAMPLERATE:	16000
NORMALIZED:	FALSE
-13
-13
-13
-13
-12
-13
-9
-7
-6
-12
-14
-14
-16
-10
-5
-1
-5
-15
-15
-18
-20
-17
-14
-4
1
3
7
9
10
5
12
21
28
34
27
26
22
21
17
22
29
29
27
32
34
33
29
31
39
44
53
46
33
31
27
22
20
19
23
20
20
23
16
14
16
17
15
19
24
24
20
8
7
6
9
11
11
8
-2
-3
-5
-13
-13
-7
-4
-6
-3
-8
-19
-24
-31
-30
-27
-18
-20
-23
-32
-37
-37
-38
-30
-25
-19
-16
-17
-17
-24
-31
-37
-44
-42
-41
-38
-38
-37
-43
-44
-43
-51
-46
-41
-38
-39
-36
-33
-32
-30
-16
-3
-4
0
3
5
7
2
7
20
27
22
20
21
15
21
27
27
30
29
32
41
42
37
44
46
46
42
40
32
39
38
40
40
36
34
31
28
20
15
5
-1
-3
-9
-7
-1
1
-4
-10
-9
-10
-4
-2
2
8
2
3
-4
-7
-13
-23
-20
-21
-16
-18
-22
-16
-18
-16
-12
-9
-14
-18
-19
-16
-15
-21
-23
-26
-25
-24
-25
-29
-26
-32
-33
-34
-34
-29
-25
-26
-30
-35
-31
-26
-23
-14
-11
-9
-6
-3
-3
-4
-4
-5
0
0
-7
-4
-7
1
-2
14
24
26
28
24
30
37
39
29
36
43
45
53
59
59
54
55
50
59
64
61
59
56
54
54
52
47
49
44
39
44
44
38
27
23
25
25
23
15
7
1
-2
-11
-11
-15
-18
-21
-28
-36
-45
-43
-45
-40
-28
-26
-31
-32
-26
-25
-28
-27
-33
-21
-14
-16
-20
-24
-21
-22
-18
-20
-24
-22
-24
-22
-27
-27
-27
-21
-17
-12
-10
-13
-14
-22
-17
-15
-19
-23
-30
-31
-35
-31
-32
-29
-24
-25
-25
-17
-17
-19
-9
-14
-17
-12
-9
-7
-5
-3
0
5
11
15
10
5
14
24
31
36
35
37
36
39
33
28
35
36
41
37
36
38
29
32
29
28
28
29
29
25
24
22
23
18
10
0
-5
-6
-10
-11
-17
-23
-24
-24
-18
-11
-2
-4
-17
-21
-23
-20
-11
-13
-10
-12
-6
-12
-23
-21
-13
-10
-12
-8
-10
-15
-24
-24
-20
-16
-20
-23
-20
-24
-20
-16
-19
-15
-13
-12
-4
-1
-3
-13
-13
-16
-12
-7
-3
2
-2
-3
-8
-10
-16
-18
-10
1
16
16
12
8
6
5
9
10
11
13
6
11
10
9
10
11
14
23
19
20
22
24
22
19
22
23
17
23
28
28
15
7
3
0
6
10
21
20
15
14
14
11
10
9
19
26
26
17
6
4
7
16
18
15
10
10
5
0
-4
-6
2
8
9
12
4
-14
-19
-13
-12
-4
-4
-9
-10
-11
-9
-6
-9
-10
-7
0
10
17
14
2
-7
-14
-17
-14
-10
-13
-13
-15
-24
-24
-27
-29
-25
-18
-16
-12
-9
-10
-6
-11
-10
-8
-1
1
-3
-6
-13
-13
-13
-10
-8
-3
0
6
13
13
7
3
0
5
9
9
9
9
6
4
5
2
0
-1
7
8
12
5
-6
-7
-4
8
25
29
25
13
5
3
-2
1
-2
4
7
-1
2
-1
-5
-2
3
10
20
23
15
3
0
-3
-7
-5
1
9
8
2
-8
-15
-20
-15
-13
-16
-13
-13
-20
-20
-19
-20
-23
-18
-13
-18
-23
-29
-37
-38
-38
-46
-42
-36
-37
-29
-29
-23
-22
-21
-16
-18
-13
-11
-9
-9
-11
-6
-2
6
4
6
10
9
24
27
21
22
34
39
43
49
44
36
25
24
27
32
29
23
27
25
19
10
8
10
13
16
19
26
22
23
20
16
11
12
18
21
23
23
18
15
17
14
10
10
4
6
2
-2
-10
-9
-4
-10
-4
0
-9
-14
-12
-20
-16
-8
-8
-8
-7
-3
-5
-5
-8
-14
-17
-8
0
0
-3
-5
-4
-3
-7
-11
-13
-14
-14
-18
-20
-17
-18
-18
-21
-12
-4
-8
-13
-16
-13
-4
-4
-7
-8
-5
-8
-8
-12
-10
-10
-8
1
5
9
3
-1
-4
0
1
8
13
10
4
2
0
-2
-4
1
10
20
24
18
16
13
8
2
3
11
9
16
18
20
24
11
4
1
9
5
3
12
11
11
8
10
13
15
16
20
19
8
0
5
7
4
9
7
9
9
5
-1
-10
-12
-9
-5
-3
-2
2
-3
-10
-16
-21
-20
-26
-29
-25
-17
-21
-26
-29
-31
-30
-36
-42
-34
-33
-35
-29
-20
-20
-20
-13
-10
-5
-6
-9
-13
-10
-9
-1
3
6
4
-6
-6
-4
-3
1
6
10
12
11
13
9
9
15
19
21
23
18
15
13
5
16
15
18
23
23
25
18
13
5
0
-2
5
7
8
3
1
0
-3
-5
-2
6
9
10
13
18
21
12
4
4
3
11
19
19
11
-1
-5
-1
0
7
19
19
17
17
10
-4
-14
-10
-6
-3
3
7
2
-3
-4
-5
-9
-7
0
-1
-7
-9
-2
-6
-9
-9
-14
-10
-12
-14
-18
-11
-11
-11
-9
-8
-3
-5
-5
-12
-12
-13
-12
-12
-10
-6
1
4
1
-1
-1
-5
1
4
-1
1
2
7
5
13
20
21
19
9
4
9
15
9
9
13
8
-1
-10
-10
-8
-5
-4
-10
-7
-14
-16
-11
-14
-18
-10
0
-1
-7
-7
-8
-12
-16
-12
-8
-7
-1
6
10
8
7
6
6
9
10
10
13
18
26
28
14
6
3
9
7
5
9
8
3
0
4
8
3
-3
4
4
8
10
4
-6
-2
-10
-25
-26
-25
-21
-16
-13
-9
-8
-1
3
6
11
8
4
-11
-9
-2
-10
-15
-14
-11
-13
-19
-16
-9
-17
-17
-8
-7
-18
-12
-4
2
12
15
7
1
3
-2
2
4
8
14
17
18
10
4
0
0
7
8
9
10
10
12
12
14
8
-1
2
8
12
13
14
5
-3
-9
-17
-6
8
9
15
22
20
16
3
-10
-11
-6
4
10
-4
-11
-16
-15
-8
2
-6
-4
6
14
21
17
22
11
8
12
22
29
26
26
14
8
0
-11
-12
-2
6
-1
-3
-10
-11
-4
-1
0
-5
-3
-11
-15
-23
-38
-43
-36
-22
-15
-14
-26
-31
-29
-27
-19
-15
-11
-12
-15
-14
0
7
-2
-3
15
16
10
8
-1
-6
1
5
14
16
15
12
5
6
4
3
3
2
11
15
15
13
-4
-15
-14
-12
-17
-20
-12
-23
-29
-31
-38
-38
-30
-11
-3
-5
-6
-10
-12
-16
-19
-18
-14
-4
9
10
8
7
4
8
25
35
39
37
31
34
29
15
6
24
34
32
31
33
21
9
4
1
11
11
4
7
11
9
5
10
3
3
5
0
-4
-9
-13
-20
-17
-22
-16
-4
-2
-1
-8
-8
-4
-1
0
5
10
9
5
4
3
7
8
19
21
20
18
10
8
5
7
12
18
17
15
15
7
3
-1
-5
-9
-8
-5
-5
0
-6
-1
-9
-21
-13
-4
1
1
2
-4
-12
-18
-14
0
0
0
4
11
2
-4
-3
-8
-12
-5
7
8
6
6
-1
-6
0
6
5
5
2
-4
-7
-8
-15
-15
-7
-2
3
1
-8
-11
-18
-27
-26
-32
-28
-19
-20
-22
-32
-29
-28
-16
-8
-8
1
-7
-9
-6
-8
-6
2
3
5
10
16
8
7
9
6
8
2
1
2
11
11
13
16
13
14
17
13
4
-3
-6
-12
-19
-20
-22
-22
-21
-14
-10
-10
-11
-10
-10
-11
-13
-5
0
-3
-2
-1
-3
0
-5
-11
-16
-15
-10
-8
-5
8
18
22
24
34
43
40
32
32
33
28
31
34
40
33
25
26
27
31
29
26
31
37
30
25
21
18
19
20
26
31
28
18
19
18
9
3
-6
-5
-4
-6
-7
-11
-3
-8
-20
-21
-15
-11
-24
-19
-16
-19
-22
-25
-27
-33
-32
-30
-27
-32
-31
-24
-32
-35
-29
-25
-21
-15
-9
-9
-13
-15
-15
-18
-25
-32
-34
-31
-30
-36
-35
-35
-34
-29
-28
-27
-25
-25
-29
-26
-16
-17
-18
-13
-3
-6
-11
-7
-8
-8
-6
-4
-1
4
8
0
14
29
27
30
36
35
30
26
18
22
23
16
12
20
35
42
47
41
43
44
46
59
57
58
58
56
55
48
39
34
34
31
31
33
27
21
11
4
-2
0
0
2
7
10
9
3
3
-5
-16
-21
-24
-31
-34
-30
-27
-28
-30
-35
-37
-41
-40
-26
-25
-24
-29
-30
-38
-36
-34
-29
-22
-25
-28
-28
-23
-34
-33
-31
-23
-15
-9
-1
2
8
18
13
7
4
5
4
0
-2
-5
-1
0
2
1
4
8
4
8
8
1
3
2
2
2
6
10
14
11
9
18
16
20
20
12
15
11
17
24
34
27
15
14
3
4
16
21
10
10
7
2
5
4
7
12
17
16
10
-1
4
2
3
4
0
-9
-10
-11
-14
-12
-10
-6
-12
-18
-23
-21
-21
-18
-10
-19
-22
-18
-23
-28
-8
-3
-16
-21
-25
-33
-30
-20
-12
-13
-12
-4
-7
-13
-18
-8
-12
-12
-8
-9
-13
-4
5
4
19
28
24
17
23
28
28
27
24
30
32
34
34
34
32
32
19
18
27
22
20
25
18
17
25
18
18
22
22
22
18
11
1
-3
-10
-13
-13
-9
-11
-15
-10
-10
-15
-13
-13
-3
3
2
-2
-1
13
6
-5
-14
-10
-10
-12
-3
1
-3
-10
-16
-10
-7
-3
1
0
-2
-7
-17
-27
-20
-21
-19
-20
-21
-21
-23
-26
-22
-8
-15
-18
-7
-10
-18
-11
-7
-15
-13
-7
-9
-6
0
6
8
8
-3
-6
5
11
7
1
-1
-2
4
-2
-1
-3
-4
-10
-11
-12
-12
-5
-13
-10
1
5
-3
-4
-2
-5
-8
-4
1
-2
-2
7
5
3
5
10
7
4
10
6
2
9
14
3
-5
-4
-8
-11
-10
0
-3
3
10
6
-3
0
11
13
8
6
5
4
10
14
8
11
21
22
8
6
7
3
5
11
15
4
-5
-10
-13
-12
-4
3
5
7
4
-1
3
16
25
25
18
19
16
-1
-6
-4
1
0
2
10
6
3
0
6
13
16
12
-1
-1
0
7
6
5
11
7
7
-4
-5
1
6
16
19
20
12
7
7
6
9
2
-6
-8
-7
-10
-12
1
0
-6
-12
-14
-14
-16
-19
-19
-14
-8
-7
-16
-15
-12
-15
-19
-15
-16
-22
-12
-5
-1
-3
-1
-5
-8
-3
7
7
12
15
21
12
9
8
5
12
17
12
2
1
-3
-3
12
19
18
9
12
15
6
8
13
12
5
0
1
5
10
10
12
5
0
8
5
-3
0
1
-8
5
13
7
11
11
7
8
7
-6
-18
-11
-9
-9
-11
-15
-21
-24
-26
-36
-24
-9
-3
-5
-9
-15
-16
-19
-21
-15
-14
-17
-14
-16
-23
-23
-17
-8
-9
-6
-7
-2
-3
-10
-9
-5
1
-7
-16
-15
-11
-15
-13
-11
-21
-14
-19
-15
-7
0
10
2
0
3
7
8
4
9
11
9
4
-2
-11
-12
0
2
7
3
3
-2
-10
-14
-17
-11
1
2
3
12
12
-8
-15
-10
-3
0
-4
-4
-3
2
6
13
17
17
20
29
23
21
27
21
20
25
33
29
16
25
26
27
27
21
21
23
31
26
30
34
30
19
19
26
32
19
20
31
27
22
8
6
6
10
15
13
18
16
11
5
0
-4
-9
-8
-7
-15
-19
-24
-29
-34
-31
-28
-26
-19
-19
-18
-27
-35
-42
-51
-59
-52
-34
-27
-32
-39
-45
-45
-40
-36
-21
-12
-17
-19
-16
-22
-18
-10
-3
15
19
11
2
-4
-7
-7
-2
1
6
11
6
8
10
10
16
24
24
23
20
11
12
16
23
20
14
13
16
24
26
23
26
17
6
5
4
6
11
9
4
4
2
4
6
6
3
-6
-8
-7
-18
-23
-15
-14
-10
-10
-6
-7
-12
-10
-5
0
-2
-1
-1
-2
-5
-16
-13
-1
4
6
5
5
-2
-12
-16
-12
-11
-4
14
30
33
23
16
10
8
15
21
24
20
10
3
4
11
12
16
20
24
21
5
-3
-10
0
6
13
10
4
1
-11
-16
-12
-5
-6
-15
-17
-16
-22
-20
-19
-12
-1
3
1
8
12
7
11
18
11
2
0
3
4
6
6
0
-6
-4
-7
-8
-6
-7
-15
-20
-14
-13
-9
-8
-2
-2
1
-1
-4
-14
-25
-24
-16
-9
-6
-7
-12
-10
-8
-5
-4
7
7
1
2
1
-1
-2
-7
-11
-9
-8
-10
-7
-10
-16
-21
-15
-17
-7
2
1
4
6
9
6
11
10
11
12
9
14
8
0
-3
-4
2
2
8
18
27
23
19
20
18
13
6
3
13
17
13
10
0
-6
-11
-20
-21
-11
-7
-9
-4
5
5
7
9
12
19
15
13
7
-3
-5
-4
-5
-8
-8
-16
-18
-14
-9
-5
-4
1
5
4
-1
1
2
3
6
-3
-4
-8
-16
-21
-17
-11
-13
-18
-22
-22
-19
-16
-10
0
4
6
1
3
1
-3
-5
-3
1
0
0
-3
2
12
15
15
22
22
20
19
21
26
30
29
33
30
28
21
10
13
15
16
9
10
10
10
13
10
15
18
13
17
15
14
16
13
11
10
2
-8
-6
-8
-10
-8
-8
-6
-5
-6
-2
3
4
8
0
-1
2
0
-5
-11
-14
-20
-28
-35
-34
-31
-30
-23
-25
-28
-23
-16
-21
-18
-14
-18
-16
-20
-15
-16
-21
-18
-19
-25
-22
-27
-22
-21
-21
-16
-17
-8
-1
5
-4
-1
4
4
4
0
2
1
-1
-3
-10
-8
-7
-3
-4
7
14
5
6
5
7
-2
0
8
11
15
7
11
15
18
18
9
9
13
14
6
5
11
7
7
8
14
15
8
9
17
15
6
1
-1
-5
-3
-2
6
13
16
14
13
24
26
22
15
6
4
1
7
16
19
10
0
2
1
-10
-11
-1
-4
0
0
-13
-17
-12
-3
-1
6
5
6
4
-5
0
-8
-4
3
6
2
1
-6
-3
7
7
7
-2
-10
-18
-16
-18
-21
-11
-6
-10
-32
-37
-37
-33
-10
-2
7
16
6
-7
-24
-18
-15
-5
14
15
24
12
20
9
-16
-14
1
10
19
20
5
-13
-15
-15
0
16
30
36
24
6
-7
-5
-3
16
29
35
36
18
0
10
26
30
36
22
11
15
8
9
9
22
15
-7
-21
-27
-17
-14
0
16
3
-14
-31
-27
-18
-13
17
29
27
-3
-34
-53
-54
-33
-20
-8
6
2
-18
-42
-39
-14
7
19
7
-1
-1
-15
-40
-46
-22
-9
-23
-25
-8
-19
-32
-32
-2
16
17
10
-7
-10
-18
-18
-14
0
5
3
15
25
22
7
-13
-10
-19
3
11
14
33
38
36
8
8
18
16
22
16
0
-31
-47
-34
-22
-7
-4
-6
-3
7
16
10
4
15
-3
-16
-9
10
20
40
58
50
30
-5
-19
-7
32
70
65
48
18
-15
-36
-16
10
29
56
63
39
-11
-42
-35
9
49
73
72
50
21
11
12
24
34
50
45
15
-10
-31
-36
-43
-50
-35
-6
8
-1
-19
-19
-27
-48
-61
-51
-47
-45
-24
-10
-2
-25
-51
-43
-37
-38
-26
3
-16
-33
-27
-33
-28
-15
6
32
54
47
26
15
13
14
2
-11
4
11
-11
-29
-3
3
-10
-7
-6
-3
-27
-21
-5
-4
-32
-54
-43
-43
-11
6
7
2
-23
-47
-59
-38
-31
-2
32
52
68
44
1
-48
-62
-48
-24
-10
-7
-8
-2
-14
-38
-61
-68
-31
15
37
41
61
33
10
7
10
8
13
61
87
96
68
59
27
-18
-13
24
69
78
72
24
-24
-30
-36
-3
34
72
75
50
28
-75
-91
-30
6
11
59
132
88
13
-37
-78
-93
-67
22
74
68
38
-23
-72
-65
-43
-2
62
111
78
29
-35
-140
-136
-69
5
114
128
7
-88
-113
-131
-112
-33
79
159
96
-15
-76
-116
-174
-155
1
144
199
179
57
-77
-161
-142
-117
24
212
168
30
-22
-78
-151
-69
94
157
136
62
-59
-80
-104
-120
24
206
179
31
-24
-104
-166
-30
65
104
46
-83
-50
-17
-36
-19
82
61
-57
-106
-153
-91
36
151
220
178
26
-183
-262
-200
-56
136
272
221
70
-83
-218
-168
-122
-91
94
192
77
-23
-17
-151
-147
-24
6
43
49
95
55
-58
-103
-139
-121
-115
-5
150
226
174
-23
-177
-250
-216
-45
139
225
236
99
-117
-164
-76
50
152
212
181
53
-97
-110
-56
-112
-32
85
154
231
194
29
-155
-155
-270
-198
184
372
299
66
-72
-202
-309
-171
100
257
236
181
20
-124
-211
-298
-150
70
190
188
169
59
-217
-371
-277
-18
186
192
117
-5
-168
-254
-128
58
119
184
248
133
-96
-158
-222
-192
76
290
211
75
-16
-264
-401
-106
257
296
240
128
-121
-381
-390
-86
198
271
226
157
29
-317
-431
-75
220
287
197
69
-36
-177
-318
-231
123
311
145
18
1
-181
-371
-224
130
313
223
113
-6
-414
-341
176
286
125
183
94
-287
-343
-190
-16
281
368
94
-34
-93
-340
-457
4
325
231
129
165
-182
-409
-130
97
159
201
234
6
-250
-285
-34
193
170
63
62
-102
-226
-177
60
266
176
-4
-116
-115
-257
-134
241
321
112
-7
-98
-300
-134
90
205
179
125
41
-174
-143
55
234
98
-54
-17
-192
-70
217
274
89
-8
-67
-287
-177
-92
-23
238
262
36
-26
-47
-74
-81
-85
-14
-112
-178
55
384
267
-8
31
-89
-361
-305
-147
-6
297
403
216
140
-125
-464
-392
19
72
-11
165
283
239
102
-100
-111
-218
-400
-329
52
378
286
167
65
-154
-512
-376
132
183
54
39
228
83
-21
134
-48
-245
-518
-39
263
173
137
208
220
-328
-254
-69
-51
15
148
363
-97
-83
79
-38
-22
-72
-107
-56
65
48
9
173
-28
-75
19
125
-175
-116
142
50
198
23
36
-67
-160
6
-104
95
305
26
-57
1
-53
-301
32
248
138
-26
120
-55
-130
165
-38
-246
-152
214
104
-138
156
265
-130
-459
-125
145
46
46
112
-79
-266
56
59
-94
-205
-1
-30
54
348
148
-71
-104
-263
-279
192
564
164
-232
-7
184
-160
-100
19
-134
-118
199
455
-9
-186
54
-306
-144
235
123
11
192
135
-367
-107
257
-117
-241
199
15
7
217
-8
-368
-50
98
-202
-87
162
-48
-83
120
-78
-188
140
177
-106
-71
9
37
55
-80
-36
542
79
-332
-96
259
-72
-289
-125
29
341
155
-271
-1
385
-270
-334
347
-12
-396
114
87
43
-98
19
239
-321
-81
-212
143
-105
-223
271
240
18
-412
214
41
-234
-229
140
486
-120
-199
232
54
-173
-129
381
186
-416
307
123
-397
-108
446
173
-149
226
-212
-447
74
8
-360
434
203
-647
237
440
-440
-388
391
107
-256
348
97
-294
396
239
-250
63
214
-355
-257
681
144
-160
-151
-34
43
239
146
-340
224
-8
32
5
193
-260
-303
502
384
36
-388
-19
-279
33
461
-215
-54
86
-467
16
345
-112
-210
379
-134
-463
122
-226
-386
292
55
97
-139
29
-200
-191
-4
-28
28
21
110
168
92
-246
-108
328
106
-478
12
-90
130
142
162
-210
-29
10
-245
161
279
-25
-285
105
-124
-430
414
288
-55
138
-421
-322
48
-102
167
290
218
-303
56
-305
-485
161
388
436
-78
599
-681
-414
479
-68
107
253
269
-19
170
-233
-289
197
51
-16
-10
207
54
-158
355
-278
-137
-70
-71
424
-136
218
357
-337
-392
44
319
-533
161
138
183
78
26
-19
-84
334
-835
262
43
-126
364
-138
121
-347
-171
54
49
-10
38
297
-108
-77
-120
464
102
-291
526
-159
-149
-257
387
239
-623
327
-243
37
103
330
-31
-170
-76
-470
78
37
165
42
172
301
-331
388
-495
81
-91
-22
-97
-197
691
-666
269
36
425
-591
-266
-100
-234
330
53
387
-279
101
-237
-113
244
-116
-23
-121
267
261
-454
-2
474
60
-622
396
167
-310
48
-227
-200
-284
495
263
-116
-301
-29
156
-777
-157
1050
98
-567
357
161
-804
-41
955
-873
-356
919
-203
-550
461
316
-514
-129
428
-379
-240
590
187
-768
39
622
-629
-42
976
162
-818
677
533
-1132
-21
976
70
-634
608
233
-553
131
105
-84
-283
438
226
-410
622
-91
-718
179
209
-164
-408
897
-246
-522
628
165
-675
13
403
-773
75
530
-337
-462
467
-227
-233
329
476
-741
84
253
-542
-82
826
-144
-418
937
-442
-596
382
307
-651
225
693
-515
537
389
-688
-193
58
142
-503
358
72
188
507
-199
-529
341
153
-938
326
462
-376
-302
684
-76
-334
169
105
-432
-216
-108
-246
683
-111
-640
694
561
-584
-574
198
408
-605
187
650
99
-649
-160
804
-381
-198
-343
271
311
205
236
-240
402
-1099
377
337
-567
156
-334
611
-553
281
392
-84
-176
-14
425
-628
-316
394
263
-220
608
-253
-699
280
-281
-162
637
-177
-122
242
563
-1016
200
464
-889
426
72
869
-851
261
57
-427
777
-564
-29
925
-604
-340
584
320
-943
145
684
-566
722
-227
-314
34
-73
-117
-218
189
73
-104
417
95
-91
387
-613
485
293
-218
-98
116
-76
-176
327
-320
-232
274
-247
-205
301
-324
31
-93
161
-22
3
1003
-690
-105
187
-297
-435
507
34
81
155
-508
-160
522
-213
-698
1148
30
128
-166
53
223
-431
-307
-130
708
-186
37
39
284
-432
-506
706
-65
-169
-147
275
184
-276
-158
-161
118
-594
467
346
179
-598
-206
270
-487
-241
274
-23
-49
370
276
-288
-51
-957
-101
633
62
-240
271
250
-502
-241
-6
514
-231
-302
-5
-69
182
-154
378
-121
-439
-248
705
231
-293
520
93
-318
-234
-221
225
15
300
-110
458
-387
-540
228
-146
538
-649
823
377
-22
1
-483
229
-491
-106
520
154
-569
525
592
-355
-347
521
-991
-258
494
-102
167
582
86
190
-219
-401
-451
219
680
-550
769
434
-753
-128
50
123
-105
-43
-307
-433
575
-570
375
-24
-695
493
1332
467
-610
124
-347
-267
-252
641
-267
-199
-156
-199
893
-655
-85
-303
407
-422
-93
776
-679
-379
204
559
-219
288
-210
-364
78
74
649
-638
518
-144
-620
671
279
-60
-779
1476
-399
-862
344
-130
-165
-411
1179
-9
-791
148
-324
753
-350
-216
-100
485
234
-806
695
-755
-211
330
470
267
588
-184
-448
659
-1074
137
161
44
19
-179
114
-320
435
-862
187
513
167
-16
-379
460
-142
-152
492
253
-594
-831
576
126
70
31
843
-297
-1085
771
-330
633
-255
-8
-196
-274
178
-844
1212
-489
64
241
345
-338
-494
440
223
21
-51
336
211
-568
-292
957
-384
-886
-87
-229
344
107
-174
1
-1078
423
-392
343
490
-1114
631
775
-364
-115
196
-363
-392
418
-240
-263
96
-436
326
961
-402
-478
-104
-260
209
-230
429
-1279
860
538
159
121
-283
-31
-946
347
1325
1000
99
485
369
8
-1089
-690
197
-408
-363
214
560
77
-291
399
-628
167
180
-75
320
264
-133
2
1006
-440
-1709
257
421
-1219
723
1218
0
-706
137
1412
-1093
217
-441
263
-51
-637
372
-503
324
-846
-257
863
-121
-510
585
846
274
-234
133
-185
-372
-1182
615
750
-726
11
-189
506
-489
-41
915
-1180
-202
-111
1022
-741
234
486
-888
285
82
166
459
441
-794
-564
202
783
30
-361
-9
-443
179
285
699
-179
-14
115
-400
-31
-998
-176
319
817
87
269
149
-684
-52
399
-434
212
594
328
-576
1067
-589
-605
355
-48
-422
-309
1503
-434
227
-525
-369
-979
267
565
593
683
103
-437
-364
-33
-927
227
-159
274
-8
158
962
-521
-74
-50
-262
-258
-236
887
-235
454
-180
-1130
-545
41
657
173
568
-54
-124
177
-193
28
644
820
-993
110
562
-656
125
-575
159
187
-31
1033
231
578
-731
-723
-131
-982
143
-73
644
-320
-802
426
-61
-601
-1005
53
1210
-253
-687
354
-518
-17
-30
-58
300
240
798
527
37
-1063
-375
-204
-297
-457
459
574
-43
1621
-146
-56
-665
-24
148
250
195
-107
600
114
-1376
-77
510
-676
407
58
1033
442
-56
53
-659
475
-272
187
778
-325
247
221
1107
-541
62
-744
-763
-314
257
233
-215
1555
-141
-266
-522
-777
-812
66
1585
1
687
250
-1607
-484
864
769
-123
1006
-411
-1068
-278
911
-701
-68
-40
-204
-124
-380
-212
-1164
-214
55
1010
66
-1045
-56
-979
377
1006
1215
1364
-273
-654
-1499
-300
-556
-653
166
811
853
638
582
-752
-1293
-496
-171
-369
608
680
148
67
-207
-900
25
870
318
-663
525
148
-86
1588
939
-441
-874
-428
-1269
-980
385
-23
193
129
-487
-225
-53
441
737
1323
563
55
1
-316
-96
571
379
193
-29
-1235
-49
-124
-313
-416
802
638
-447
406
-770
-967
-781
526
-229
593
586
-116
-179
-1103
-140
427
784
-248
641
1547
432
288
-496
-1235
-944
102
428
758
426
-294
85
432
-244
-938
381
-543
66
554
509
-910
-984
-876
-470
751
1013
1488
957
426
-979
828
994
-392
-516
126
-85
-1091
-545
-407
-1524
-988
457
1076
896
272
-116
-1157
-758
223
572
397
793
783
522
467
-451
-965
-603
-396
-261
410
1077
446
-883
-1005
-795
-839
-512
77
650
-121
-245
-663
-1644
-769
286
862
943
1412
752
-28
-206
-724
94
101
748
589
436
-1293
-1631
10
936
560
314
506
-240
-312
-1360
-899
93
1228
1193
1736
1609
677
-766
-1236
-711
240
1133
1503
1489
-1034
-2112
-1804
-1318
-1757
-756
294
423
1121
1233
212
-1207
-2105
-1346
-100
1855
1627
984
1000
872
798
-76
-292
-313
58
1182
2068
2185
757
-833
-1542
-1046
-90
282
757
401
-1085
-1240
427
359
-745
-1780
-939
722
1916
1706
766
280
-641
-1386
-458
534
233
672
1184
414
-336
-1064
-1061
-1281
-1696
-862
-84
751
-224
-380
-556
-1161
-677
-323
339
656
-95
-947
-43
118
159
-300
-746
-1328
-462
894
-256
-858
-1715
-1214
-41
298
-85
-1136
-608
-539
380
1326
202
-8
-240
-175
-399
407
1255
1376
1296
1548
1577
429
-188
-271
-258
-326
606
1714
1749
620
-1394
-1952
-1071
-553
32
1303
1399
615
211
6
288
-521
-426
-626
1112
2426
2500
2387
791
-315
-13
1206
1024
287
43
-310
95
1210
1241
-386
-1671
-1976
-878
275
1442
946
-651
-1164
-1063
-310
-512
-1424
-1699
-1862
-1352
-1154
-1482
-2023
-3239
-3612
-3214
-2053
-1694
-2349
-2604
-2730
-2673
-2650
-2381
-2141
-2133
-1334
-324
488
565
419
383
669
1816
2730
3561
3434
3433
4085
4666
4782
4449
4638
4207
3723
4113
4896
5141
4823
3689
2756
2438
1949
1614
791
-8
-657
156
1009
155
-979
-978
-1069
-1470
-1604
-599
357
-326
-778
-399
-307
-1342
-1010
68
-676
-1737
-950
-212
-594
-888
-814
-246
-784
-1442
-923
-894
-1168
-1245
-480
-420
-1184
-1189
4
1283
1619
1634
412
-4104
-9454
-10203
-7029
-3680
-2896
-4072
-5945
-8338
-9220
-9110
-8901
-9641
-10031
-7365
-3673
-980
-877
-2904
-5175
-6294
-3729
835
4266
5371
5144
5430
5833
6408
6713
6280
5884
6839
9668
12180
12309
9926
6980
5358
5375
6615
7841
7568
5837
4155
3433
2758
1404
-460
-2257
-3214
-2603
-1168
-944
-2942
-5842
-7445
-6794
-4783
-3031
-2247
-2561
-2968
-2251
-765
-109
-725
-925
264
2544
4967
6078
4886
2445
1026
1689
3313
4504
4495
3745
3026
2571
2062
1000
-746
-2719
-3123
-1499
210
511
-447
-2374
-4806
-5864
-4444
-3431
-3265
-3186
-2431
-1539
-721
-262
-1306
-2589
-2382
-214
2469
3783
2905
1472
714
1081
1972
3544
4633
2910
-934
-5177
-8057
-8903
-7520
-5407
-4899
-6031
-8071
-10046
-11607
-12912
-13468
-12894
-10811
-7830
-5116
-3976
-4952
-6588
-7293
-5591
-2167
1766
4703
5978
6300
6379
7118
7825
8372
9092
10314
12077
13449
13808
12547
10266
8506
8005
8690
9434
9041
7497
5212
3101
1798
940
54
-1276
-2210
-2577
-2733
-3472
-5068
-7045
-8556
-8285
-6387
-4424
-3669
-4262
-5223
-5536
-4577
-2702
-794
648
1703
2976
4386
5120
4775
3922
3497
4235
5932
7366
7340
5749
3553
2131
1685
1690
1590
1142
496
101
-137
-535
-1394
-2757
-3782
-3520
-2218
-1278
-1265
-1984
-2700
-3093
-2683
-1589
-848
-426
-121
871
1957
2550
2961
2900
2943
2970
3114
3160
3322
3632
2365
-530
-5257
-9666
-11090
-8863
-5275
-4462
-6798
-11212
-14528
-15450
-14553
-12762
-11804
-10914
-9818
-7777
-5963
-5798
-6969
-7775
-5566
-994
4265
7591
7819
6072
4852
6354
9725
12821
14003
13484
12838
12727
12963
12606
11260
9615
8883
9561
10203
9193
5950
1864
-1026
-1509
-107
1085
340
-2784
-6339
-8422
-8456
-7636
-7218
-7097
-6806
-5812
-4490
-3947
-4878
-6590
-6803
-4463
-175
3985
5439
4655
2869
2517
4081
6427
8261
8301
7828
7467
7563
7235
5729
3831
2217
2186
3144
3731
2644
-53
-2638
-3767
-2918
-1311
-700
-1438
-2729
-3495
-3204
-2393
-1814
-1893
-1801
-1029
534
1785
2014
1468
942
1738
3352
5305
5985
5244
4470
3351
2072
-2006
-7486
-10854
-9219
-3754
-1113
-3055
-8944
-14371
-16685
-16157
-12851
-10440
-9546
-10187
-10035
-8329
-7602
-7850
-8726
-7222
-3276
1864
6264
6975
4901
2290
3433
8196
13096
15428
14095
11640
9660
10211
12286
13471
12720
10750
9861
9234
8039
5604
2525
417
-139
1361
2715
1524
-2996
-8552
-11323
-10294
-6794
-4067
-3797
-5994
-8643
-9425
-8300
-6671
-5776
-4755
-2854
-237
1893
2603
1814
901
1670
4673
8725
10952
10066
7351
5171
5080
6492
8011
7936
6207
3980
2582
2063
1535
461
-943
-1585
-1163
-406
-599
-2131
-4134
-5006
-3727
-1395
265
38
-1552
-2531
-1941
84
2253
3541
3969
4318
5133
5719
5520
4803
3929
2109
-3071
-8992
-10708
-5544
287
47
-5951
-13036
-16328
-16593
-14173
-10949
-9694
-10898
-12721
-11317
-9181
-8711
-9944
-9873
-6505
-2063
2613
5030
4210
1416
878
5567
11670
15066
13962
10927
8740
9065
12260
15324
15646
12680
9565
8288
7798
6818
5066
3697
2788
2608
2734
1645
-2017
-7302
-10382
-9405
-5701
-3009
-3518
-6789
-10785
-12277
-10332
-6718
-4540
-4465
-4868
-4203
-2478
-702
414
1017
1777
3714
6856
9277
9248
7209
5492
5939
8159
10194
10164
7762
4451
2441
2526
3657
3920
2534
390
-1125
-1476
-1304
-1555
-2508
-3368
-3202
-1836
-556
-663
-2234
-3542
-3022
-857
1671
3006
2975
2467
2563
3661
5120
6182
6366
5115
194
-7575
-12443
-8676
133
4283
-305
-9083
-15022
-16800
-15028
-11070
-7974
-8486
-11761
-12673
-10400
-8569
-9419
-10435
-8422
-4584
-410
2601
3052
618
-1409
1778
8510
13297
12881
9317
6354
6094
9653
14566
16813
14053
9146
6428
6416
7323
7411
6899
5618
3906
2773
1995
-66
-4183
-7534
-7302
-4265
-1819
-2417
-5868
-10375
-12868
-11195
-6816
-3646
-3843
-5828
-7040
-6497
-4306
-1658
425
1191
1690
3356
5732
7174
6567
5634
5932
7656
9654
10307
8898
5913
3707
3773
5297
6255
5065
2402
-210
-1220
-555
475
666
-518
-1938
-2531
-2172
-1666
-1936
-2453
-2594
-1570
122
1498
1960
1336
1130
2194
4317
6136
6310
4830
464
-6422
-11471
-9236
-503
5174
2195
-6965
-14302
-16447
-14605
-10037
-6283
-6116
-9985
-13098
-11919
-9398
-8447
-8897
-7674
-5181
-2607
-211
957
280
-1105
959
6346
10670
10681
7666
5324
5471
8951
13850
16507
14091
8674
5309
5629
8057
9659
9739
7942
4688
1940
932
851
-710
-2895
-3735
-3007
-2530
-3691
-6193
-9317
-11134
-9867
-6345
-4066
-5202
-7941
-9749
-8982
-6066
-2263
368
334
-729
-659
1680
4411
6021
6324
6118
6402
7329
8492
8499
7148
5711
5506
6404
6941
6163
4073
1667
636
1257
2502
2597
879
-1325
-2694
-2551
-1456
-709
-998
-2094
-2636
-2064
-596
498
782
792
1416
2797
4113
4528
3812
634
-5467
-10834
-9812
-1880
4268
2577
-5710
-12977
-15638
-14193
-9528
-5340
-4935
-9211
-12940
-12137
-9175
-7220
-7127
-6573
-5780
-4504
-2025
427
1151
112
1149
4751
7990
8396
6712
5500
5802
8776
13105
15557
13269
8219
5247
5986
8796
10955
11230
8921
4867
1734
1300
2388
2200
411
-1393
-2256
-2657
-3317
-4491
-6603
-8594
-8654
-6562
-4929
-5626
-7721
-9221
-9119
-7239
-4233
-1823
-1661
-2689
-2620
-629
2256
4217
4861
4436
4088
4743
6286
7587
7499
6505
5753
5809
6104
6033
5156
3838
2856
2840
3330
3233
2017
285
-888
-1069
-412
14
-506
-1763
-2556
-2395
-1406
-332
373
455
247
821
1956
3344
3371
1705
-3210
-8971
-10880
-5790
1627
3446
-1578
-9225
-13920
-14638
-11443
-6322
-3868
-6081
-10701
-12315
-10589
-8019
-6374
-5732
-5672
-6132
-4805
-1919
530
929
757
2333
4353
5790
6105
6226
6475
7738
10771
13353
13134
9883
7135
6826
8587
10807
11831
10755
7285
3856
2669
3554
4325
3515
1881
89
-1162
-1687
-1795
-2643
-4414
-5724
-5706
-4884
-4649
-5328
-6685
-7923
-7967
-6166
-3777
-2671
-3146
-4080
-3754
-1984
544
2566
2880
2197
1748
2586
4282
5732
6179
5471
4590
4323
4901
5459
5392
4739
3941
3581
3434
3251
2600
1565
612
206
147
-83
-797
-1567
-2221
-2386
-1947
-1196
-909
-1152
-1235
-459
731
1533
1340
420
-1948
-5639
-8498
-7551
-2644
948
114
-4925
-9747
-12160
-11371
-7842
-4702
-4401
-7283
-9946
-10029
-8309
-6094
-4952
-4889
-5711
-5818
-3978
-1370
587
1064
1159
1498
2334
3785
5110
5945
6466
7887
9685
10638
9860
8389
7533
7732
8992
10253
10517
8985
6627
4814
4259
4635
4963
4500
3003
1279
122
-303
-583
-1261
-2078
-2776
-3106
-3335
-3759
-4301
-4963
-5110
-4694
-3938
-3513
-3567
-3851
-3822
-2929
-1462
-71
426
161
-96
209
1240
2600
3588
3822
3415
3020
3105
3475
3795
3861
3440
2821
2257
2039
1913
1592
1017
338
-189
-466
-672
-1015
-1553
-2119
-2327
-2199
-1933
-1729
-1576
-1385
-1038
-529
63
411
393
-89
-668
-1919
-3555
-4962
-4385
-2153
-611
-1222
-3956
-6541
-8071
-7871
-6159
-4473
-4153
-5578
-7072
-7347
-6529
-5148
-4272
-4255
-4881
-4915
-3650
-1781
-154
531
548
287
566
1805
3438
4710
5386
5959
6472
6827
6999
7042
7006
6915
7228
7758
8114
7806
6783
5593
4606
4274
4196
4068
3514
2583
1659
931
484
141
-151
-548
-1064
-1491
-1830
-1883
-2039
-2219
-2389
-2363
-2095
-2026
-1833
-1674
-1441
-1194
-1010
-807
-703
-457
-139
223
501
615
564
445
532
670
799
761
698
704
726
709
475
139
-237
-248
-63
95
-103
-569
-1086
-1446
-1458
-1241
-931
-837
-737
-755
-1016
-1410
-1675
-1378
-866
-440
-242
-307
-521
-883
-996
-956
-1098
-1678
-2296
-2375
-1901
-1326
-1147
-1642
-2586
-3364
-3485
-2940
-2332
-2142
-2262
-2522
-2695
-2666
-2406
-1951
-1768
-1700
-1457
-964
-428
-56
182
330
426
683
1200
1766
2245
2453
2644
2894
3223
3589
3848
3968
3737
3427
3157
3025
3013
2865
2660
2354
2051
1838
1623
1511
1290
1018
733
514
362
309
356
447
394
299
281
268
260
162
144
148
167
183
190
215
195
120
85
131
210
252
249
259
310
392
402
261
28
-169
-205
-78
66
46
-220
-502
-757
-890
-880
-797
-731
-744
-796
-906
-1083
-1247
-1345
-1275
-1099
-1015
-988
-1068
-1151
-1203
-1154
-960
-839
-830
-902
-982
-1004
-1095
-1193
-1240
-1204
-1073
-923
-769
-810
-1026
-1252
-1273
-1067
-864
-719
-701
-798
-862
-738
-476
-312
-397
-561
-617
-472
-201
79
280
311
247
128
78
131
302
556
749
780
718
598
497
449
610
856
1024
1042
902
764
681
788
926
992
868
690
599
644
810
945
1022
997
885
824
835
971
1094
1103
1118
1172
1274
1252
1200
1184
1185
1179
1224
1340
1365
1308
1148
988
868
799
822
891
863
664
345
120
-13
-87
-149
-221
-338
-507
-695
-901
-1035
-1152
-1239
-1293
-1256
-1218
-1305
-1435
-1515
-1515
-1485
-1460
-1446
-1417
-1361
-1267
-1154
-1065
-1089
-1199
-1246
-1115
-871
-659
-529
-531
-610
-687
-673
-519
-330
-161
-64
-6
75
149
174
135
123
161
238
307
331
345
340
287
207
84
-21
-84
-78
-43
-48
-108
-227
-329
-366
-307
-202
-144
-144
-197
-241
-243
-189
-99
-65
-117
-191
-205
-156
-115
-92
-54
18
59
39
22
72
259
435
558
673
797
927
1008
1095
1184
1304
1418
1551
1695
1780
1765
1626
1492
1408
1384
1417
1447
1467
1342
1100
848
687
636
607
537
392
219
-3
-212
-373
-473
-553
-640
-714
-800
-898
-1017
-1119
-1147
-1178
-1166
-1122
-1067
-1071
-1132
-1129
-1130
-1126
-1125
-1057
-944
-841
-792
-822
-851
-837
-719
-580
-490
-449
-381
-238
-64
52
32
-75
-105
31
259
410
449
418
357
325
333
395
418
362
282
238
254
290
228
146
59
48
76
87
91
25
-69
-126
-135
-122
-149
-198
-262
-337
-412
-467
-489
-540
-559
-546
-531
-560
-644
-691
-680
-577
-394
-213
-72
-60
-82
-20
146
383
604
774
825
804
811
886
976
1038
1043
1002
982
960
984
992
934
811
710
710
705
645
514
376
259
197
189
163
91
5
-68
-114
-164
-219
-285
-340
-344
-333
-327
-356
-405
-437
-456
-479
-500
-483
-449
-431
-417
-414
-417
-413
-386
-353
-321
-304
-260
-121
-22
-29
-117
-159
-88
31
158
206
177
109
64
96
140
124
76
50
84
112
101
4
-162
-260
-241
-110
-2
19
-21
-101
-151
-131
-45
12
-12
-43
-35
2
30
12
-40
-123
-218
-268
-249
-205
-212
-248
-290
-304
-284
-231
-155
-82
-29
-7
39
151
291
390
430
404
377
389
445
515
542
529
466
400
367
325
268
216
201
191
159
93
6
-54
-104
-149
-193
-234
-258
-256
-237
-241
-297
-388
-431
-399
-312
-255
-266
-295
-337
-350
-358
-312
-256
-215
-206
-200
-189
-212
-225
-197
-154
-145
-112
-40
70
152
180
187
163
145
172
272
390
438
397
334
318
347
377
371
312
216
180
206
213
165
79
41
43
45
46
32
-18
-70
-89
-34
51
85
69
37
13
-16
-3
35
56
17
-68
-110
-103
-65
-27
-26
-93
-184
-197
-97
22
70
41
23
63
118
183
236
255
252
249
223
192
162
137
148
174
180
116
9
-59
-85
-73
-59
-79
-123
-170
-187
-210
-261
-331
-379
-376
-311
-227
-212
-281
-365
-403
-355
-252
-160
-143
-194
-243
-284
-245
-155
-93
-100
-169
-216
-222
-212
-181
-159
-156
-171
-149
-68
28
80
80
62
51
54
78
146
211
236
223
251
298
291
242
192
209
246
286
288
192
93
34
66
125
123
81
23
-10
9
55
97
98
83
64
70
119
154
162
141
113
98
91
112
159
175
163
112
71
38
16
65
130
233
253
239
181
137
129
125
154
156
163
115
60
16
20
34
30
9
-29
-99
-185
-195
-182
-175
-213
-224
-239
-283
-331
-398
-418
-415
-341
-282
-264
-322
-393
-397
-350
-254
-167
-115
-128
-177
-228
-237
-145
-12
57
57
8
-71
-93
-42
53
126
60
-22
-63
-13
40
54
56
26
8
6
30
96
136
173
230
222
241
176
160
130
185
274
258
212
104
48
-32
-28
34
62
1
-90
-121
-110
-72
-33
-17
-18
-12
32
98
87
84
57
57
109
103
115
127
163
100
82
131
195
222
195
198
214
254
249
229
224
235
226
233
208
162
111
121
103
100
88
67
-12
-106
-123
-141
-124
-209
-225
-266
-303
-317
-327
-334
-397
-368
-376
-372
-364
-318
-296
-301
-301
-295
-275
-230
-166
-173
-186
-178
-115
-57
-17
-19
-35
-39
-46
-12
-7
-1
7
3
2
-13
25
49
99
109
83
49
33
77
59
70
87
164
214
126
67
41
99
179
215
216
153
102
23
27
67
115
131
56
40
23
69
71
24
5
-9
56
69
117
84
38
45
35
40
38
39
46
63
111
124
65
58
72
145
229
277
261
129
85
101
107
138
136
131
33
-25
0
47
99
73
36
-73
-93
-108
-85
-14
23
-2
-113
-152
-180
-135
-88
-102
-163
-197
-226
-206
-175
-177
-180
-198
-180
-207
-212
-254
-309
-329
-252
-236
-250
-214
-101
167
209
187
14
-159
-311
-433
-329
-195
66
276
351
266
56
-151
-282
-259
-222
-109
61
246
288
224
113
-43
-98
-88
29
46
67
171
219
237
143
81
-39
-66
-8
69
184
231
215
137
129
136
104
73
118
107
84
73
60
125
161
152
106
92
73
25
-7
-64
-56
66
147
186
149
50
8
-2
39
26
3
-3
5
28
85
108
74
40
-6
-61
-62
-2
73
133
92
58
24
-4
-57
-92
-100
-119
-59
-53
-45
-59
-49
-90
-74
-70
-118
-91
-162
-180
-155
-110
-35
1
13
-63
-107
-153
-135
-99
-55
-42
-133
-192
-244
-162
-155
-200
-147
-156
-123
-397
-467
-388
-146
14
85
378
359
332
-39
-232
-771
-1029
-781
-162
522
707
969
675
470
-15
-360
-565
-630
-159
255
709
804
901
676
382
144
-160
-293
-289
-99
99
390
583
621
378
-176
-735
-998
-639
10
545
1059
1223
1022
420
-199
-744
-1020
-754
-325
262
700
944
780
377
-105
-453
-557
-607
-393
-88
195
450
505
401
177
-56
-286
-474
-483
-395
-219
-48
115
254
253
28
-201
-386
-467
-405
-220
-62
1
2
-56
16
5
16
-100
-199
-165
-186
-72
15
130
45
-10
-71
-521
-977
-1125
-560
101
663
1055
1129
881
306
-66
-453
-663
-365
153
402
34
-471
-1070
-1688
-1546
-622
239
775
1319
1639
1265
594
-53
-783
-1094
-861
-340
157
678
1126
1127
940
575
91
-442
-731
-632
-529
-227
223
617
777
707
501
42
-350
-544
-644
-488
-153
283
540
604
536
322
22
-268
-455
-528
-407
-148
154
368
501
514
344
137
-56
-164
-155
-119
-18
131
283
294
283
165
-32
-198
-513
-688
-704
-311
86
442
787
714
661
205
-250
-693
-837
-691
-554
-51
362
595
433
196
-47
-345
-462
-605
-545
-344
-62
-53
-370
-556
-424
-169
50
437
742
803
588
232
-463
-1136
-1213
-723
3
712
1263
1520
1478
1053
337
-494
-1043
-1170
-928
-490
27
555
785
705
371
-154
-683
-926
-866
-775
-474
-7
299
492
531
301
-41
-273
-402
-495
-414
-163
130
281
168
-146
-334
-196
8
306
468
493
233
-155
-408
-657
-682
-482
43
593
1150
1389
1154
589
-22
-377
-615
-491
-64
323
618
812
655
411
157
-120
-434
-444
-308
-123
142
195
161
104
63
-219
-263
-337
-390
-298
-268
-121
-21
149
155
134
32
-123
-234
-353
-325
-151
-109
72
105
162
111
-34
-94
-127
-1
56
125
24
20
-50
-133
-3
39
99
47
-3
11
-1
21
-99
-249
-323
-204
-97
-113
-167
-461
-774
-773
-282
109
454
830
916
868
560
325
174
-224
-215
-12
141
264
178
316
356
257
85
-77
-143
-256
-285
-314
-231
-56
158
149
-25
-168
-231
-336
-408
-335
-56
210
422
554
550
253
-110
-240
-400
-299
-29
197
478
437
281
-6
-243
-130
136
259
66
-54
101
351
330
189
7
-123
-391
-619
-364
-57
62
-9
-74
-45
200
460
398
-239
-513
-579
-662
-365
-216
18
190
332
285
-35
-121
-507
-326
-81
37
296
167
155
203
171
-183
-315
-200
-374
-238
-25
-93
69
332
374
55
-469
-1047
-1197
-624
-70
599
965
825
412
183
-223
-677
-675
-444
13
268
329
491
425
94
45
127
126
-317
-209
194
424
770
590
176
-206
-177
-263
-657
-100
240
527
555
-90
-578
-679
-105
-57
130
512
617
386
-85
46
165
297
330
410
601
12
-366
-659
-1111
-752
65
811
509
339
-162
-1419
-1722
-1631
-1105
114
1302
1735
1753
1963
1239
-211
-811
-1200
-1091
-97
1101
1308
1188
1054
888
850
-100
-813
-1508
-1500
-1326
-421
676
1240
1231
583
-137
-920
-1985
-1789
-1463
-1163
688
1855
1719
888
614
-859
-2112
-1332
-861
-270
997
1809
1813
1403
322
-1653
-2110
-1432
-527
433
1255
1886
1659
1089
21
-1191
-1821
-2088
-1157
-334
510
1208
1430
1267
858
-935
-1129
-1028
-1968
-1428
-1018
351
1018
1044
1767
739
-142
-884
-1393
-1026
-1223
-46
269
1317
1371
890
1183
382
-476
-1616
-690
-599
-1253
-547
697
2369
1896
1522
1002
-488
-1871
-2177
-2563
-1575
1013
3039
2591
1978
1298
-1581
-2038
-1974
-2326
-2246
572
1294
1359
2054
1614
180
-1568
-864
-2245
-516
-288
61
1231
2495
2391
426
896
-1848
-1385
-584
-699
-4
1257
2204
876
1454
-281
-1816
-2587
-1812
-717
1373
2741
1754
434
-1306
-2064
-448
-766
-702
162
1312
1429
243
1279
-1042
-698
-1134
-80
874
161
988
-499
853
449
-293
-984
-1085
-87
-437
641
351
243
1024
459
-634
-649
-649
-600
69
409
209
-124
534
-375
387
-583
-672
-579
-471
629
654
114
-49
-1036
-717
-298
-164
245
-1203
924
1244
925
212
-180
-1301
-1568
270
329
631
1675
1402
568
-1754
-1198
88
219
110
600
-807
-875
1970
329
-707
25
135
-623
318
762
-1043
-48
64
-1190
279
1353
701
-890
852
62
-1822
23
330
-67
-37
1444
100
-282
-181
-1550
648
2142
-219
-622
-633
-955
289
530
146
-256
603
-1606
-43
1196
-818
-606
1256
124
-1665
-614
117
-89
1440
1308
-1195
371
864
402
-337
-453
-555
-1289
1328
428
-54
907
-881
275
458
27
-502
-1111
-513
-637
2247
156
-1204
1387
-1061
-708
581
1098
-694
1320
79
-2287
1051
-263
-1259
320
2638
-605
214
1389
-1699
-270
1384
-2063
-1424
1635
-163
-623
2040
105
-2515
876
542
-565
-1157
105
140
598
963
257
937
-184
-945
203
22
-1271
-340
296
-433
1278
1331
248
-703
-1064
-1130
-1292
1239
-272
38
599
1101
528
-584
351
-1587
-1130
767
637
155
211
-150
-585
-542
982
-90
-635
56
-540
1120
-187
407
-203
-43
1504
-1305
736
457
-200
554
464
-470
-380
-251
-713
693
868
-150
535
1355
-536
-124
-1206
-3011
-868
443
1692
1390
1736
-874
-2665
182
-880
-1082
1657
1433
-1049
1185
1070
-443
-907
-27
-501
-924
1553
60
-379
832
318
215
-35
592
-508
-1310
-937
-805
1191
1039
893
1838
-1365
-1323
-122
-455
-397
-556
1333
242
-89
1194
417
-331
-1430
-1016
430
22
378
359
-307
33
-2
-208
68
195
-385
-242
77
214
-416
618
265
237
-302
-38
-497
-926
107
-621
1520
361
-65
107
1
-299
-1491
114
-125
-168
161
2373
-215
294
262
-654
-1422
-517
-152
-227
2219
597
-606
1029
185
-1220
-839
336
-748
-2015
1816
1023
368
627
-290
-938
-474
373
-1521
-405
1317
242
103
1681
-545
-1413
728
-1055
-223
78
1336
859
-302
-173
-696
177
257
36
-286
751
-30
-914
414
1593
-561
-563
751
-512
-765
1015
230
-442
983
-285
-950
373
885
-872
-504
400
-651
101
580
-600
174
-1388
-487
748
-630
595
395
-31
-635
897
-68
-685
171
691
-262
279
1437
-547
-499
-440
-459
19
207
1004
55
-86
-841
-109
-826
22
1092
-970
540
-297
570
-265
-866
28
-755
1231
-454
449
508
-425
-375
816
-241
-1806
0
211
279
532
1643
-949
-26
-49
-1503
-477
2573
8
-944
2021
-1175
-586
546
-444
-915
35
2027
-278
300
-1073
-272
-267
-3
177
-268
1188
-221
-557
515
301
424
810
-513
-378
390
-54
40
1373
-587
-1158
132
1153
-153
-120
542
-828
-353
-968
225
-80
510
284
871
1079
-845
-1584
-507
846
-285
-257
466
1172
703
-42
-1481
538
-112
-1814
949
-38
-360
-377
135
807
-29
65
-1257
-804
-227
-795
496
1170
391
-644
242
1109
-1813
-652
1115
-617
279
126
-44
870
152
-634
-962
1097
112
-1353
482
869
-532
320
638
-1192
-384
-373
-115
326
1694
125
-531
786
-836
402
1633
526
-1194
-575
-21
-380
485
1321
-808
201
1540
-1235
-1472
260
-946
-922
1009
1286
892
251
-591
-1689
-150
-660
-87
1245
-3
721
53
-171
-823
334
-130
-216
318
972
1159
591
-1246
-21
850
466
-544
-399
727
-31
-49
-1010
459
242
429
-733
-822
-348
-628
223
347
307
659
-446
-285
-338
-270
-313
1166
-130
377
525
-1256
-47
-662
-36
-611
1320
605
-886
464
-1027
194
-634
722
392
-1219
676
734
205
-1233
142
-477
-419
105
-149
1117
68
361
-1456
-657
789
-314
-42
723
560
-486
-322
1008
-541
537
-221
58
837
-138
-751
61
1127
-552
-203
904
57
-1660
97
-1057
347
333
499
947
-4
-225
-1859
-35
-698
-162
901
1440
798
-251
-1069
-626
-416
-1037
-61
1422
1438
-385
970
-228
-1648
-808
30
-65
497
655
-421
569
213
41
20
615
-991
-298
827
-656
989
244
444
906
-530
48
250
306
-958
-912
26
1143
519
-63
736
-328
-533
-360
-1333
112
-34
547
-44
167
99
-659
632
-837
199
292
-463
38
444
-346
6
703
-200
15
-39
-594
-277
-619
-218
-160
761
184
367
588
-253
-950
941
87
-910
806
514
-775
531
1646
-672
240
-193
-903
221
298
-840
-216
1736
-342
-319
-126
-1298
-281
433
-143
-284
411
-105
1039
1131
-1290
-1235
437
-175
-269
985
379
280
217
68
162
137
-1095
-481
831
775
-141
-169
272
-703
-69
-740
609
430
-977
-119
1209
-571
-456
162
-1076
-439
686
676
-342
139
-194
-657
886
48
-1248
490
1821
-738
-777
601
38
-488
-172
-258
518
367
381
-458
380
-118
-987
469
-281
26
617
464
-507
370
201
-660
428
-292
-943
-101
14
-511
1340
529
-749
-313
1
-729
-178
-529
1000
1104
-119
-1058
-495
1529
-83
396
312
-312
142
-405
-270
399
807
-493
201
119
-398
451
-230
-406
-798
171
301
193
-56
-733
73
-305
603
514
-634
752
-374
-115
688
-563
418
820
658
-42
-883
231
52
-939
1170
96
-91
149
-120
-1244
-511
321
72
249
446
234
-1164
288
-352
-265
-212
64
390
-262
647
-967
1088
821
-831
-310
316
-596
-700
958
73
-955
949
-20
195
657
-1388
-857
84
-587
480
1877
547
-516
-88
13
-1209
195
-392
784
657
-182
-583
33
-20
-755
23
228
568
-242
211
-862
410
-599
-289
964
608
289
-433
236
-745
-586
278
1412
-76
588
-149
-897
527
-504
-385
-133
722
736
1152
336
-1933
-12
156
-277
208
459
331
-578
334
-369
494
1220
-1343
-950
498
106
70
170
-717
18
1041
-989
332
-473
413
-1398
618
391
-280
921
-1033
218
-616
217
81
-137
824
-670
-21
347
436
140
-157
379
-598
-508
301
-24
91
257
-389
392
-182
-461
-893
229
236
233
1138
769
-334
-48
-539
-881
-738
-812
1167
1026
709
-101
116
-74
-692
-393
194
-482
286
336
191
499
-676
367
-1339
957
104
-1084
296
380
246
338
937
-354
-60
-349
291
-75
-231
-669
-533
868
756
216
-352
114
-1693
-688
736
244
925
-586
-674
-632
1314
-35
485
556
-883
-181
-1
-201
-844
-29
1238
320
604
-615
-41
14
-1039
-359
113
836
335
-433
-184
88
-492
71
-645
262
962
-265
-86
722
437
-809
-539
979
-322
234
193
-972
605
-90
-171
-274
-118
7
-805
1105
139
409
399
-420
30
-103
-883
511
452
-65
-267
486
406
-386
1261
-280
-37
-531
-173
-398
331
-283
203
1069
39
-70
-938
769
-531
-466
279
-91
275
-80
450
468
28
-53
-734
16
-282
-694
362
596
146
497
-594
-320
-586
-783
-493
863
469
-687
652
-774
-242
38
-232
620
433
94
-442
-341
213
-684
243
408
-184
749
293
-566
-1116
370
-585
46
1158
304
99
322
-157
-531
495
-551
282
-71
602
-81
788
-16
-570
103
-1296
-160
-95
1226
-212
-166
864
-910
-58
-192
78
913
-1117
-304
339
644
-824
1524
699
-1926
-493
-306
-118
220
1407
665
-179
622
-564
-705
-69
219
-741
25
1517
155
671
-399
-645
230
-1427
-374
459
259
-22
768
397
-555
680
103
-891
-813
-221
23
1357
87
-25
453
-472
-122
-1014
-687
383
1105
80
-554
759
-198
-540
-243
-60
734
-786
227
440
-329
963
-74
-881
211
293
-935
-35
-191
-150
829
391
-81
-176
196
-1000
248
-405
-238
229
547
719
46
551
-415
-1343
-41
-167
185
982
522
-72
703
-806
-638
-274
-655
-662
692
867
435
784
-835
-789
28
-205
-941
627
140
325
452
439
48
459
-506
-762
919
395
-108
75
487
-920
236
371
-74
2
-186
-811
-618
830
-278
151
1015
-1006
-445
924
-591
-1140
502
302
-199
375
-98
-811
1133
-413
-1128
1105
1064
-429
415
-110
-984
307
140
-346
194
676
-659
633
325
-707
354
-323
-660
223
105
706
-79
-65
-207
97
647
-585
-1160
927
-167
-1080
831
1021
76
1
-385
-933
-907
535
-215
185
1326
-97
-138
-104
-275
-515
-349
-220
-27
323
783
448
126
-150
-627
141
-997
297
639
-212
-44
253
803
56
162
-502
-705
-681
59
690
889
381
249
331
-1234
-460
-943
134
823
-121
793
70
437
-851
-232
-273
-32
161
99
618
-692
1124
83
671
-394
-728
-548
-391
-297
-219
1417
339
770
-356
-428
-1009
-554
-296
603
1358
-73
398
356
-779
-728
-1086
-273
912
468
-96
375
579
-598
-349
-735
53
113
-382
1065
455
294
-223
80
-475
-862
-376
345
397
480
-149
-25
338
316
-662
-504
1003
-966
-126
703
357
-556
321
516
-437
-461
-1282
-225
962
306
-296
921
362
-550
-83
-345
-1295
597
797
-11
664
328
-511
-124
379
-1031
205
581
18
764
189
-475
411
-375
13
-266
410
-93
189
14
-489
99
211
252
-625
-226
-301
220
-811
383
449
627
-73
-128
510
-698
-247
-162
-17
288
497
361
-655
-182
8
-1102
-219
75
98
-522
146
931
-108
-124
540
-25
-125
74
-62
519
0
-736
267
-188
-3
307
308
-1046
-97
572
-326
873
-181
191
-267
-27
-89
-392
288
4
-333
31
675
-424
-487
-54
216
551
209
-307
-192
-56
-46
320
470
247
-165
-321
-220
603
137
343
232
-822
8
-181
-170
356
-116
117
220
-499
-436
-266
185
-115
761
342
-957
75
-94
-62
-723
602
810
-456
263
-452
-555
372
55
-461
210
452
609
-76
496
-28
123
-106
-527
-126
-747
877
120
829
-39
-390
668
-1298
-623
339
-190
236
560
372
-804
297
388
-1600
816
-487
-330
406
238
386
277
1200
-1481
-306
-368
-472
-168
860
25
-223
1000
-407
334
-823
-189
-483
951
-30
-239
1500
-464
238
-513
22
-215
204
-393
-1041
430
707
65
-269
1077
-1386
-97
149
-1044
-220
734
1227
118
1118
-1153
-850
109
-876
117
1174
1060
121
5
-116
-695
-615
-383
708
38
-55
237
203
-142
-415
408
306
-276
-640
-410
-293
466
184
223
149
63
91
-180
-810
-524
665
386
350
1066
612
-831
-710
-682
-693
844
1033
-448
396
3
-841
-619
-137
-131
453
303
386
377
572
-485
-1072
463
315
-439
893
-106
-108
-248
-255
-3
11
637
-547
64
409
-441
-1513
-67
231
-79
473
1005
715
-934
46
-510
-522
544
101
-163
692
471
-174
450
-687
-431
-310
472
-522
617
1124
-1220
566
418
-332
-335
-603
-136
-1363
835
830
-723
1295
-415
-63
-252
681
-889
-780
902
-214
68
1065
644
-577
-353
-385
-72
-49
333
-336
-501
668
692
-134
362
-675
-451
35
-66
199
46
1067
-561
218
183
-689
-206
316
199
-307
512
66
-647
-88
186
-467
22
960
-201
-664
-124
-323
-109
900
422
162
-168
-567
252
-753
-118
-112
730
-363
1456
-372
-236
849
-1494
40
-678
497
-99
1151
173
-445
220
-630
681
-127
-881
-202
455
279
-10
-43
215
-194
-351
-480
-503
-391
352
-556
363
461
-296
376
325
347
-832
-456
630
97
-117
784
588
-3
-345
318
-818
-260
396
-283
862
551
331
-733
-147
-672
-208
-415
-374
1017
173
512
776
-180
-1819
-357
157
-479
960
1548
-367
159
412
-353
-195
144
-1195
-829
1031
773
516
393
-368
-477
247
-671
-358
412
17
363
683
-109
93
-190
-1022
-615
207
-999
179
1264
-7
-195
560
-222
-1168
762
-684
-292
1136
371
-125
761
-578
-409
-4
92
-162
-205
711
-1061
531
-190
-225
215
-526
-266
-651
915
-60
-561
779
9
-468
310
546
-479
634
102
-941
93
235
-125
275
321
-264
-519
555
-312
-429
373
520
-630
123
441
-1035
780
-194
-881
353
701
481
-187
677
-766
-1019
516
255
-28
271
428
-137
-238
192
-55
-48
-65
-303
417
501
386
-57
-504
75
361
-400
-250
-93
-414
-279
217
957
149
491
-212
-815
-481
67
287
457
697
-481
403
271
-380
-756
235
-247
-848
391
654
368
38
279
-502
-240
130
-437
-62
625
549
-262
723
29
-479
-653
-483
-425
488
-32
-409
301
259
-296
-777
295
-525
78
532
128
196
-24
200
21
171
581
-703
128
207
-487
431
165
163
2
-250
5
-61
-328
-401
291
-65
235
-92
680
-162
-778
540
-395
226
250
-404
213
113
392
-436
-520
575
-676
-409
60
652
-49
293
232
-916
-309
367
-303
-438
432
141
523
393
-204
-589
-72
-33
-599
423
488
-13
593
-49
131
-184
-608
-553
210
168
-99
668
484
-201
-346
-646
-52
-296
87
544
120
613
250
69
-82
-127
-1005
-189
598
-147
-82
887
488
-238
447
-404
-1208
-289
493
-124
472
941
-593
344
258
-826
-412
395
160
-168
95
457
-158
448
90
-558
-55
-247
223
-170
-6
-336
276
17
-155
61
-227
-455
-117
698
-709
206
515
-286
29
304
2
-312
545
-89
-1205
1028
389
-161
201
173
-843
-495
659
-379
344
415
141
107
-433
545
-915
-299
-164
265
402
11
906
-624
-103
-111
-431
-143
-8
506
-620
550
668
508
94
-1040
-251
-351
504
-241
-273
594
-2
233
-206
27
-153
-919
-236
-81
413
586
-227
380
307
98
-816
-142
70
116
-319
593
252
368
826
-487
233
-540
-488
-611
-63
219
403
562
151
371
-286
-1002
-366
61
14
-98
401
447
120
-100
410
-737
-755
75
-104
162
874
470
54
277
96
-617
-562
-255
-545
826
417
406
104
275
120
-967
-553
38
74
-91
607
197
-626
-204
-351
-139
319
-345
-663
-58
605
111
117
460
618
-665
-373
228
463
-577
-1
640
-140
154
253
67
-392
155
56
-302
178
243
-913
114
499
-66
27
254
-222
-783
-300
487
152
88
197
264
-390
-102
293
-66
156
-108
236
-219
280
336
-681
448
313
-217
-175
-657
-78
-632
676
831
-370
576
27
-412
-481
149
-459
-947
1278
35
375
619
261
-692
-735
64
-650
350
780
199
-17
361
-227
77
567
-710
-891
-68
305
332
430
318
196
-281
-303
-104
-669
35
162
398
-49
143
76
-370
127
-625
-202
19
-301
696
85
-190
233
36
500
-551
66
-140
-118
280
-375
-205
198
309
32
21
-202
-17
-61
-292
-132
174
139
-26
224
-196
-104
104
150
77
-251
-242
84
-19
330
521
-256
-65
-39
89
-162
-67
199
-510
273
241
-153
-234
103
555
-150
-497
94
213
-90
413
670
146
-671
91
-564
-309
493
345
142
174
-43
-383
-298
-50
-277
-14
-66
323
335
-84
180
245
-126
-659
-33
-113
162
142
265
413
-409
485
-96
-560
28
-403
-21
187
753
-135
-262
82
-8
-326
-212
329
-423
350
122
-66
-47
173
-56
-480
146
-400
302
375
-297
598
-214
60
329
-55
-463
201
-221
-182
444
314
-797
-281
584
-695
-85
22
-939
161
1007
210
1
316
-37
-401
190
-428
-414
836
248
-468
263
360
362
201
-190
-646
-195
292
-342
161
556
194
239
-67
-453
-86
25
-162
34
91
91
146
135
-46
20
-130
-332
-72
30
178
-119
-192
127
-1
32
280
-172
-34
188
290
-371
-516
-72
-174
258
330
202
485
-51
-706
-329
79
60
-400
119
238
189
280
120
-282
-134
-664
-67
104
530
-120
-328
388
-202
-375
-137
229
-245
-153
189
5
245
249
-452
-130
299
209
-143
288
-199
-222
184
449
109
-279
-93
-212
636
187
-323
140
-116
-268
-68
133
112
144
194
-479
317
150
-373
61
-692
196
637
131
7
-33
184
-651
126
262
-327
222
67
-18
365
195
-596
-275
776
-125
-50
31
-192
-54
-20
365
-329
424
-164
-249
245
203
147
-112
-238
-396
228
167
-422
517
97
-354
-382
146
280
28
380
-274
-277
194
-344
64
14
-42
-326
59
490
-177
-332
-204
68
143
11
297
-170
82
-213
48
-228
59
-1
35
557
37
-163
-248
283
-579
-85
170
-20
176
-182
-199
29
175
-181
418
171
-526
-60
624
75
118
122
128
144
-437
-224
329
398
-484
182
74
-65
-14
-274
145
191
-202
-677
297
396
-282
-67
617
114
-130
-313
-365
-225
-80
332
262
423
57
151
-158
-220
-363
-187
-17
218
48
101
530
172
-598
-455
334
-212
-81
187
84
-266
267
-222
-22
440
27
-235
-163
-35
-921
118
647
-86
-36
328
188
-47
-269
-464
-145
23
30
576
401
352
145
-312
99
-334
-430
-570
376
583
-265
332
368
-214
-373
-54
-385
-838
131
432
16
509
186
-368
536
-70
-1042
-553
108
342
282
747
416
-147
96
-601
-130
-189
-466
400
425
365
298
448
-169
-790
-275
-594
157
217
-245
186
606
413
-480
9
46
-610
-100
292
235
159
482
309
109
46
-539
-541
-307
186
-316
134
558
279
-174
-9
118
-509
-255
-134
208
203
279
163
275
77
-241
-273
-125
115
54
-201
238
240
-7
365
19
-229
-403
-165
-225
123
256
80
149
-106
-346
162
-129
-168
162
-123
212
191
156
-227
-72
247
33
22
377
-606
-437
107
34
-154
9
135
-262
-34
72
35
-124
42
-18
118
259
76
88
115
-158
-221
267
193
-9
198
48
-104
215
192
-65
-6
126
-188
-312
84
63
21
-98
-148
-403
74
77
-179
-224
36
250
330
199
-53
89
57
-284
-268
-10
40
-94
273
329
-119
-5
2
-77
-238
-259
-17
-203
148
340
-131
282
354
-74
-215
-176
-98
-427
-55
110
-111
356
219
82
-148
-207
-320
118
-127
-146
198
65
-115
283
350
-224
8
-116
-230
-125
306
-127
-17
210
114
-108
29
134
-278
-304
101
-13
-218
-120
358
374
36
0
-117
-510
-152
245
-134
243
25
-335
-48
485
-90
-203
-150
-82
187
-255
-101
-191
35
65
178
322
297
-165
-91
-19
-137
91
142
137
198
271
179
73
108
-46
-230
-226
297
178
127
219
-370
-325
25
327
-23
-303
-68
-47
-84
67
-47
140
455
-110
96
63
-136
-282
-229
-28
-27
402
110
-174
-47
-170
-265
-87
288
105
-196
404
-113
-268
133
-97
-267
-302
128
54
-115
267
78
-182
-146
-142
66
-386
196
246
12
313
-7
191
-324
-292
-140
178
283
208
415
276
-61
-214
-190
179
-18
153
251
-95
149
198
39
-266
-328
-87
-49
118
4
-161
-70
180
171
-158
287
-89
-375
-260
8
287
286
115
-69
101
-357
-225
-167
-238
-187
302
264
214
241
-9
-379
-124
72
75
66
-38
189
150
77
-179
-228
-91
-31
154
190
93
-72
-156
304
-183
-215
-154
-6
135
-112
289
46
-230
48
50
-247
89
198
-41
-258
271
87
-27
5
52
163
-275
-88
-300
-247
-148
215
382
35
-101
-137
-174
-207
145
-79
127
160
-50
21
249
-54
-213
54
-158
-214
-39
200
8
208
297
31
-190
55
-191
-165
23
-45
273
48
47
231
126
-231
-240
-286
-143
220
144
222
264
203
-190
-284
-321
-103
157
336
47
9
59
-40
172
19
-234
-333
-139
-157
146
357
215
37
-34
-104
-357
-338
-275
75
487
39
437
358
-181
-379
-110
16
-86
427
63
-172
291
-52
-287
121
123
-155
-229
20
-404
-253
482
297
185
-23
-99
-150
-105
7
-91
177
-47
-137
93
85
196
-103
-95
126
-39
-68
-46
-2
-60
270
356
177
104
-422
-223
-58
-48
158
127
38
-200
28
161
-167
-30
-107
52
242
-151
-68
-18
-147
-259
-21
292
17
108
-19
-324
50
79
-125
130
435
24
-106
45
-125
-187
86
-31
-63
115
24
-141
-262
-24
-42
175
-13
-190
-220
-130
96
72
305
149
128
-87
-73
15
-192
199
253
158
-26
214
252
-207
-81
91
74
-295
-76
200
18
-54
-320
-109
3
-26
13
96
179
-201
-237
-70
94
26
-108
299
135
9
88
85
-134
-38
143
230
-24
-114
34
127
133
-201
-236
-181
84
4
109
162
-28
-143
-78
-99
-89
-21
-121
-147
111
243
-74
-30
19
-91
-55
36
-204
-280
127
-57
-177
250
192
-231
-91
142
-66
-23
-63
3
157
275
117
-192
-141
-155
-79
-41
-1
138
22
30
69
-14
12
77
127
30
-94
-30
81
67
42
-31
169
16
-126
-12
15
28
-72
151
87
42
-62
-101
22
11
31
-5
77
-77
-52
47
243
11
-179
153
254
16
-129
94
-25
-92
93
58
-77
-55
-84
-176
134
237
-363
-109
261
-177
-178
184
235
-73
162
322
24
-148
-233
-76
49
67
-153
-33
142
-22
-8
-84
-87
4
-171
-45
149
132
-88
-52
56
-191
-126
-158
-83
59
109
7
-20
55
-36
95
-132
-379
-20
-30
-204
106
346
28
-191
113
-55
-95
121
82
166
106
-11
39
136
-7
-197
140
301
142
-71
-164
74
18
-195
-90
327
164
-249
14
206
-2
-46
15
-37
-96
-1
14
78
26
-66
-85
87
63
88
67
-36
2
-24
49
-87
30
88
75
129
-51
-227
-208
-1
-131
135
367
37
-319
-174
88
-50
-17
-43
-234
-218
147
154
52
-2
-187
-19
304
180
18
95
-110
-246
-59
189
133
22
-49
-17
-13
-275
-307
-80
83
-2
25
137
-232
-286
-67
-51
59
48
-81
-279
-45
-115
-146
224
188
54
47
104
-139
-98
76
44
134
140
68
154
52
-204
-123
90
47
117
253
82
-108
-185
-100
39
123
-88
-96
37
-7
41
4
-20
-115
-5
-55
-103
151
174
135
27
217
219
5
-104
-269
-96
192
263
198
324
139
-161
-52
55
-163
-79
94
-55
112
231
7
-221
-6
7
-109
-58
-108
-190
-1
127
-11
36
-2
-38
-82
-123
-116
-50
-89
-66
225
105
-131
-110
-26
-28
70
242
72
-20
4
-42
-84
-189
-244
-86
135
228
87
36
-44
-216
-289
-153
3
61
148
97
182
191
-56
-129
-83
-126
-98
108
120
72
121
210
163
9
-74
-108
56
-92
-138
-65
-29
162
196
108
-37
93
-53
-150
-88
-32
67
-4
35
-22
161
103
-165
-162
-108
-36
-142
-25
-25
-107
84
179
62
-120
-72
46
48
-53
-179
-137
29
150
126
57
10
-52
-61
-86
-36
58
77
106
89
97
-5
-72
-98
-244
-225
-7
228
93
-74
64
19
-67
-44
19
-44
2
116
74
89
121
47
-77
-53
17
50
115
198
104
44
33
34
69
137
117
-13
-23
74
32
-136
-141
-31
-1
-61
-23
45
-1
-131
-124
23
85
-71
-106
-4
19
-17
-65
46
46
-104
-118
-14
11
-91
-12
106
110
33
-70
-110
-109
-148
-156
19
80
-28
-37
92
-34
-142
-137
-138
-190
-47
144
55
67
120
77
-47
-51
-57
-42
26
6
149
236
202
47
-30
-51
-110
-68
-41
7
77
17
14
126
127
-96
-173
-107
-52
121
184
158
66
-30
-172
-80
11
-117
-35
71
9
-19
5
-71
-223
-182
-112
18
171
135
139
135
58
-88
-81
11
-15
97
211
256
211
157
-3
-183
-116
-42
7
78
78
55
69
16
-80
-138
-187
-241
-142
4
70
94
145
111
-24
-15
-58
-170
-137
20
136
173
160
31
-99
-151
-138
-95
-26
68
140
145
118
49
-11
-121
-175
-117
-92
3
194
277
177
61
-44
-164
-134
-37
-16
81
247
176
83
83
-39
-246
-304
-188
-41
98
186
202
129
5
-217
-192
-160
-234
-69
148
177
132
124
6
-123
-184
-170
-99
-57
-63
-51
109
223
137
2
-110
-113
-203
-225
-8
131
142
200
185
7
-103
-191
-247
-91
21
13
71
141
96
27
52
15
-96
-148
-171
-146
23
227
283
188
78
-6
-120
-157
-120
-96
80
205
151
47
74
78
-63
-113
-98
-87
-108
-139
-69
72
187
60
-49
-2
-81
-152
-149
-12
102
176
171
140
154
38
-82
-75
-14
-50
-89
-53
21
87
73
37
65
33
-51
-118
-124
-83
14
125
138
101
69
44
-17
-74
-93
-57
-14
60
112
54
11
9
-18
-117
-201
-193
-81
77
111
103
43
27
-18
-91
-113
-108
-25
-3
50
87
93
41
2
46
44
22
16
52
-17
-115
-128
-140
-139
-23
140
164
107
69
-55
-189
-186
-128
-14
135
210
160
82
-2
-76
-31
14
19
22
42
54
3
-62
-67
24
88
98
82
33
-4
-25
-51
-57
16
67
95
112
93
-14
-149
-207
-171
-71
24
87
147
182
129
11
-136
-225
-226
-108
-4
63
92
51
-7
-31
-59
-78
-32
9
28
78
62
-19
-19
44
84
80
89
77
39
-16
-39
-47
-22
38
115
114
74
40
-49
-154
-205
-116
26
103
92
35
5
-53
-156
-180
-68
23
49
66
20
-6
-13
-17
-14
53
102
31
8
17
-29
-86
-60
3
28
48
44
33
3
-93
-193
-223
-187
-124
9
140
169
114
-13
-106
-116
-85
-66
-44
24
79
105
84
47
15
-8
-29
-42
-1
29
56
80
77
78
66
33
-12
-36
-14
2
42
62
50
11
-35
-22
32
78
52
28
33
-9
-68
-75
-37
-40
-24
8
30
51
53
-7
-83
-102
-111
-98
-58
52
130
141
107
6
-65
-97
-113
-92
16
126
161
117
36
-19
-67
-105
-60
12
7
-13
21
25
-51
-84
-70
-53
-17
-2
-25
-21
-17
-87
-122
-102
-116
-117
-76
-3
43
48
11
-10
-2
-31
-60
-48
-5
64
123
145
142
88
9
-53
-88
-97
-51
47
126
142
112
70
8
-76
-147
-157
-74
28
112
168
147
68
-26
-95
-132
-97
-40
-3
54
144
196
156
92
-2
-96
-110
-66
-43
4
99
209
261
191
61
-50
-115
-161
-174
-113
20
168
252
253
170
37
-104
-184
-213
-199
-96
36
167
215
153
39
-90
-204
-262
-220
-112
21
120
148
138
86
-24
-98
-108
-126
-112
-41
19
79
145
147
95
37
-48
-123
-160
-178
-122
-4
109
162
150
98
37
-64
-181
-204
-156
-51
55
108
93
69
66
-1
-79
-137
-158
-113
-70
-31
-4
8
21
54
58
18
-12
-45
-43
-29
-9
26
61
58
42
64
62
54
40
18
7
23
22
-9
2
51
97
116
80
1
-64
-102
-119
-120
-70
-3
63
105
95
57
-15
-73
-103
-108
-101
-58
27
94
112
89
60
29
-13
-46
-91
-92
-38
4
45
65
76
64
44
0
-41
-25
24
50
40
15
4
42
57
21
-21
-49
-62
-47
-19
-17
-11
3
-9
-28
-30
-51
-54
-21
-12
6
15
8
-10
4
30
33
28
3
35
80
65
50
53
52
40
41
11
-32
-30
-14
6
-12
-32
-48
-48
-38
-20
-12
-11
-4
5
-6
-17
-8
9
38
68
65
44
-4
-58
-80
-59
-17
23
49
40
20
-16
-41
-56
-56
-35
-1
29
7
-19
-35
-52
-47
-56
-65
-63
-51
-11
19
28
11
4
-7
-18
-27
-53
-49
-34
-25
-15
-10
-13
-16
-13
-20
-30
-32
-37
-31
22
60
63
50
18
-4
-3
-13
-33
-45
-39
-16
25
41
27
15
-2
-26
-35
-34
-51
-49
-30
2
12
9
-8
-31
-45
-49
-47
-27
16
43
60
81
89
75
61
45
34
43
63
65
70
77
68
55
39
29
35
48
47
33
23
28
36
52
49
27
14
14
14
15
16
15
33
42
28
25
21
4
-18
-8
14
26
36
31
9
-20
-46
-52
-42
-27
-15
6
28
29
-3
-36
-47
-48
-36
-36
-38
-28
-2
13
9
-5
-17
-22
-12
3
13
13
21
27
23
28
34
32
18
-9
-27
-39
-45
-61
-59
-51
-44
-35
-42
-42
-45
-44
-42
-43
-43
-31
-3
3
-3
-3
-7
-13
-15
-7
-7
3
-10
-21
-30
-44
-54
-59
-50
-40
-20
-29
-41
-40
-33
-22
-18
-16
-21
-19
-21
-34
-31
-25
-9
14
30
28
0
-17
-39
-38
-2
30
48
40
33
31
30
18
9
31
63
84
79
71
60
50
44
44
44
60
73
67
56
38
27
18
20
18
21
34
45
60
57
35
21
5
-11
-13
-1
0
2
4
-8
-21
-35
-42
-40
-40
-43
-50
-63
-67
-65
-77
-72
-57
-36
-21
-18
-15
0
6
5
5
15
6
-4
1
6
14
21
28
29
46
46
37
31
23
30
28
32
26
17
16
5
12
10
5
17
26
23
6
-10
-22
-31
-34
-47
-42
-28
-10
-2
-8
-22
-30
-27
-32
-33
-23
-13
-4
4
10
7
-5
-10
-14
-7
-4
-2
-3
-11
-12
-16
-16
-14
0
15
30
37
27
19
7
-3
1
6
15
17
13
5
-3
-12
-12
-9
4
2
-6
-9
-15
-17
-19
-18
-17
-20
-16
-17
-18
-9
-1
13
22
21
14
5
-5
-1
10
15
5
2
3
6
11
-5
-10
1
0
1
-10
-23
-17
-10
-4
-3
10
8
-7
0
3
-7
-14
-15
-12
-8
-3
4
11
12
10
7
3
1
-1
2
10
2
-6
-4
9
25
24
16
8
0
-2
-2
-4
-7
-7
7
20
21
19
15
21
36
46
43
29
18
20
32
40
40
40
29
17
14
5
0
0
-2
-3
-3
-6
-10
-18
-21
-21
-30
-34
-38
-41
-38
-27
-29
-26
-22
-40
-48
-43
-38
-35
-21
-13
-13
-11
-20
-16
-15
-9
-6
-10
-10
-22
-22
-21
-16
-8
-9
1
10
15
9
14
18
17
14
10
16
16
12
3
-6
-9
-16
-20
-18
-4
6
6
7
7
3
-7
-11
-8
-8
0
6
4
0
-7
-6
-9
-10
-8
-10
-8
-5
6
9
15
20
23
24
28
26
21
25
28
31
31
27
24
15
14
24
36
31
24
27
25
19
13
11
5
1
3
3
6
2
1
-3
-6
-3
-7
-11
-5
5
4
1
-4
1
11
20
18
16
15
-1
-6
-17
-27
-28
-26
-14
-6
-7
-8
-10
-11
-6
-1
2
5
-2
-1
-2
4
6
9
10
4
4
2
-4
-4
0
3
1
9
17
19
27
33
32
31
25
24
18
13
15
12
10
9
3
2
-8
-12
-12
-9
-4
-3
-7
-15
-21
-17
-11
-17
-19
-20
-27
-32
-35
-35
-29
-29
-26
-17
-20
-22
-27
-25
-23
-21
-20
-21
-18
-15
-18
-25
-26
-26
-28
-33
-35
-33
-24
-20
-18
-15
-21
-25
-14
-4
-3
-3
4
13
14
10
13
13
12
13
6
1
-1
4
2
3
11
18
17
18
16
12
13
12
17
23
21
12
2
-11
-6
5
2
1
1
0
-7
-7
1
2
0
5
10
15
9
3
3
3
3
0
-9
-6
-6
-6
-2
-8
-10
-14
-25
-24
-17
-14
-6
-5
0
0
-8
-15
-17
-11
-10
-9
-5
-7
-14
-9
2
6
13
18
22
32
32
23
19
21
34
41
44
42
33
24
17
20
18
10
9
11
17
19
19
14
12
13
8
7
6
3
0
7
4
2
3
-1
-5
-14
-11
-9
-5
-3
6
4
5
7
5
13
13
13
12
12
13
17
21
22
32
29
27
27
24
27
30
37
43
40
36
27
23
19
18
25
28
20
12
3
-11
-12
-8
-1
2
1
2
-6
-11
-21
-23
-23
-26
-28
-31
-36
-45
-45
-46
-42
-40
-37
-37
-36
-33
-38
-38
-40
-39
-40
-36
-29
-26
-25
-24
-24
-24
-24
-25
-19
-11
-8
-7
-5
-1
-5
-5
-4
-10
-6
-3
-5
-8
-8
-7
-9
-5
-3
-5
-9
-9
-15
-15
-21
-27
-23
-28
-33
-32
-30
-32
-30
-28
-29
-24
-19
-13
-6
-5
-9
-13
-14
-13
-10
-6
-1
1
2
3
2
5
6
16
21
26
29
33
32
31
31
34
32
34
37
37
41
36
37
35
31
32
36
43
50
52
59
65
62
52
50
44
37
33
29
28
18
12
4
5
7
2
1
-5
-2
2
-3
-1
2
-2
-7
-13
-8
-10
-9
-13
-26
-31
-30
-28
-23
-17
-14
-13
-10
-1
2
5
3
3
5
6
6
-1
-6
-9
-13
-12
-9
-4
-7
-7
-6
-3
-1
3
5
-1
3
0
0
-8
-11
-15
-19
-17
-20
-22
-17
-13
-13
-15
-14
-6
-2
2
3
0
1
1
-7
-8
-7
-9
-12
-13
-17
-16
-16
-19
-10
-4
-6
-5
0
1
1
5
5
3
-3
-8
-10
-6
-1
-2
-4
-3
-5
-3
-2
-1
0
-1
1
3
10
11
9
3
3
0
-2
-2
-5
-6
-9
-6
-3
-3
1
1
3
1
3
-1
-6
-5
-6
-6
-5
-3
1
-2
-1
3
5
10
8
9
7
8
10
9
15
17
21
19
17
17
12
17
15
17
17
10
10
11
11
11
14
12
10
4
2
-1
-5
-6
1
4
4
0
-4
-1
-1
5
12
2
-1
-9
-16
-17
-19
-16
-15
-5
-1
1
-1
-2
2
4
12
15
17
16
11
13
10
13
10
1
2
-5
-7
-9
-13
-12
-13
-12
-4
-2
1
3
-3
-3
-8
-10
-11
-16
-17
-18
-18
-22
-17
-16
-15
-11
-10
-10
-12
-13
-16
-16
-13
-15
-8
-4
-4
-2
-4
-2
3
0
3
5
-1
2
8
12
19
20
16
22
24
21
13
12
14
8
7
6
11
14
11
14
16
15
7
5
7
8
10
6
8
3
-6
-6
-9
-6
2
5
7
-1
-12
-20
-24
-17
-11
-3
-11
-8
-11
-11
-9
-10
-9
-6
-2
-14
-19
-27
-27
-29
-27
-10
-3
-1
-5
-6
-8
-18
-18
-6
-4
2
6
4
0
-8
-5
-2
8
10
11
7
2
5
3
3
6
12
22
22
21
15
14
10
6
10
13
16
8
3
4
7
14
12
14
20
11
8
7
9
6
5
5
1
-2
-4
-1
-5
-10
-15
-24
-25
-22
-17
-10
-6
-1
-1
7
-1
0
-1
3
4
1
-2
-16
-14
-12
-2
11
17
14
14
19
18
5
-2
-3
1
9
14
21
20
23
21
27
27
30
23
9
11
0
-7
-3
3
1
8
8
1
-6
-9
-7
-5
-8
-8
-9
-18
-21
-26
-27
-26
-26
-16
-8
-13
-19
-29
-25
-25
-22
-16
-12
-2
-1
-3
-2
2
1
0
4
13
10
-1
-1
2
-3
0
2
11
15
14
15
6
3
0
-2
5
13
20
15
8
4
-2
-4
-3
-13
-6
-8
-7
-7
-7
1
6
14
15
18
3
-12
-12
-12
-6
-7
-7
-3
-8
-9
-8
-4
3
6
9
3
-2
-9
-12
-7
-7
-2
-7
-4
5
5
9
4
6
4
1
-2
0
2
5
5
0
2
0
7
15
16
19
12
-4
-11
-12
-17
-12
-12
-7
-11
-19
-17
-17
-11
-2
9
12
16
15
7
8
15
14
21
30
29
23
14
15
13
13
13
15
8
10
10
6
8
-2
5
1
1
0
10
13
6
3
-1
-3
-10
-10
-14
-11
-6
-1
1
3
7
6
3
3
0
-10
-11
-11
-10
-12
-8
-13
-16
-23
-31
-26
-19
-14
-13
-7
0
2
0
-9
-9
-3
-3
1
2
-1
-3
-6
-7
-4
-8
-6
-1
1
2
4
-4
-11
-13
-29
-35
-31
-20
-14
-14
-14
-11
-5
-8
-7
-1
4
1
-1
-2
-1
11
15
23
33
30
27
28
28
22
7
-5
8
16
15
10
8
6
3
0
4
9
9
4
0
-7
-8
-11
-17
-13
-4
0
7
17
8
-8
-15
-17
-16
-13
-8
-5
-9
-13
-20
-19
-15
-10
-15
-22
-18
-19
-25
-11
-1
5
4
0
0
-4
-5
0
2
7
10
8
5
-2
-7
3
9
14
21
24
24
13
13
13
15
9
7
15
20
23
18
21
13
8
9
4
10
22
21
18
17
13
5
-6
-1
9
11
14
12
7
5
-3
3
7
18
17
18
21
21
21
20
24
32
29
22
17
21
25
18
21
12
12
9
2
4
6
10
3
-4
-8
-16
-21
-25
-22
-22
-27
-33
-35
-32
-35
-28
-29
-33
-37
-42
-42
-41
-31
-26
-32
-29
-33
-30
-31
-28
-22
-17
-18
-24
-21
-22
-24
-23
-24
-10
-5
-6
-11
-9
-5
-7
3
16
26
17
12
13
19
19
21
28
23
27
29
24
25
23
24
19
20
22
24
22
10
15
7
-2
-10
-7
-4
-5
-7
-15
-15
-11
-9
-2
8
12
6
-4
-3
-5
-9
-9
-12
-12
-16
-19
-24
-24
-12
-15
-18
-7
-7
-12
-11
-4
7
11
12
14
13
9
10
13
10
11
11
6
11
15
15
14
11
16
13
13
13
16
16
19
16
5
5
5
7
13
17
18
10
7
4
-1
3
3
2
-3
-5
-11
-18
-15
-18
-13
-14
-20
-19
-24
-27
-25
-24
-25
-23
-24
-26
-23
-17
-12
-20
-20
-20
-21
-19
-18
-10
-10
-11
-4
-10
-14
-6
-1
-2
-2
-3
-3
1
-1
5
8
6
12
11
17
12
17
15
16
18
14
15
7
8
13
15
19
21
20
16
16
17
22
27
30
30
29
26
21
21
19
18
18
17
12
11
5
3
0
2
6
6
9
11
15
12
14
7
-1
0
-2
-5
-5
-9
-10
-5
-7
-3
-4
-3
-1
-4
-4
-9
-7
-12
-17
-12
-10
-6
-11
-9
-9
-10
-11
-9
-9
-9
-9
-9
-10
-9
-7
-10
-4
-6
-1
6
5
3
3
3
0
8
11
7
10
9
10
7
10
11
10
9
8
5
-1
0
-3
-6
-8
-6
-1
-3
-4
-10
-18
-24
-23
-23
-26
-24
-26
-18
-16
-16
-15
-17
-15
-15
-12
-16
-12
-13
-20
-21
-19
-10
-11
-7
1
3
0
-8
-12
-10
-5
-6
-4
4
7
4
1
1
-2
3
0
3
8
-3
4
0
1
5
3
7
12
13
10
3
4
4
-2
-9
-6
1
2
1
1
3
2
-1
0
2
-2
-1
0
0
3
-4
-3
-2
0
8
6
7
2
-1
3
4
10
13
11
15
14
14
12
13
16
18
17
15
13
10
9
13
17
14
17
18
15
9
9
5
6
11
8
7
9
11
10
8
14
14
14
11
15
14
5
3
-3
-2
-1
-1
5
2
2
1
-1
-2
-5
-9
-5
-2
-3
-6
-9
-6
-10
-11
-9
-10
-15
-21
-19
-21
-24
-21
-21
-22
-17
-14
-11
-11
-8
-4
-3
-1
1
3
3
6
13
13
13
15
13
10
8
12
6
5
8
12
11
10
15
14
11
11
10
7
6
5
-1
-3
-3
-6
-11
-19
-18
-15
-15
-15
-14
-20
-16
-12
-15
-11
-9
-7
-9
-10
-4
-2
1
3
4
3
3
-4
-10
-10
-13
-9
-6
-5
-6
-6
-16
-17
-14
-16
-11
-10
-14
-13
-17
-12
-8
-14
-16
-4
-4
-2
2
-3
-1
6
7
6
7
7
5
1
0
0
2
9
8
7
9
3
-2
-7
-8
-5
-1
-3
1
8
9
10
13
21
18
21
23
25
21
17
22
22
21
17
18
16
11
13
11
5
4
1
-2
1
5
3
7
9
3
1
0
-3
-5
-4
2
4
1
3
0
-2
-4
-5
-9
-6
2
0
-4
-7
-8
-8
-7
-3
-5
-1
-6
-8
-2
-2
1
-3
-6
-4
-6
-9
-14
-6
-10
-2
4
2
-1
-4
-5
-16
-16
-5
3
7
12
6
5
7
4
2
4
8
13
12
8
13
4
-3
-4
4
2
6
4
-5
-2
-9
-12
-10
-12
-9
-10
-13
-14
-14
-14
-20
-11
-14
-19
-12
-8
-10
-9
-5
1
-1
-3
-1
2
-1
-5
-1
-1
-1
-7
0
-3
-5
-8
-6
-2
-7
-2
1
6
6
3
-3
-4
-5
-3
-6
3
5
4
5
3
-2
-15
-7
-3
-5
1
0
5
-2
-1
1
0
3
0
12
13
18
19
26
25
17
22
23
29
21
23
27
25
25
25
30
33
29
30
32
31
28
28
29
29
28
24
28
24
19
10
6
12
8
13
10
5
-5
-17
-19
-19
-20
-22
-19
-22
-30
-37
-43
-43
-49
-51
-46
-47
-42
-32
-36
-41
-42
-42
-32
-30
-23
-25
-22
-23
-24
-22
-22
-15
-16
-18
-13
-6
-6
-12
-8
-10
-9
0
-3
3
4
4
4
12
11
4
3
1
6
12
9
12
16
16
19
18
15
15
18
14
14
16
15
13
17
26
27
32
31
29
30
24
23
15
20
19
18
25
21
19
12
21
20
24
23
19
20
13
13
5
7
12
14
9
3
-5
-19
-17
-20
-20
-23
-18
-16
-26
-22
-21
-16
-21
-13
-9
-11
-12
-21
-19
-17
-9
-2
1
0
-5
-7
-10
-6
-13
-16
-17
-15
-8
-17
-20
-19
-26
-26
-24
-23
-25
-28
-27
-32
-33
-40
-37
-34
-31
-26
-19
-13
-9
-3
-8
-9
-11
-2
9
9
13
19
25
17
14
21
19
26
31
36
39
37
40
39
34
33
36
33
33
40
34
31
30
25
20
17
19
11
9
4
0
-4
-6
-6
-3
-2
-15
-16
-6
-5
5
2
2
4
2
1
-6
-1
-2
-5
-11
-12
-15
-23
-25
-14
-3
5
5
9
8
7
9
10
13
15
19
16
17
16
14
15
13
14
16
16
14
14
11
5
5
5
12
6
2
-6
-11
-4
-4
-6
-6
-3
-7
-3
-10
-22
-24
-26
-19
-16
-20
-24
-41
-49
-48
-47
-45
-51
-50
-50
-44
-38
-45
-52
-53
-41
-35
-30
-31
-31
-32
-30
-23
-15
-11
-2
7
18
23
28
27
22
24
24
30
27
29
38
38
39
37
39
37
37
38
31
25
22
18
16
16
19
19
11
7
3
-10
-13
-8
-10
-6
0
1
-6
-4
-6
-5
0
2
4
3
11
14
9
-2
0
-2
3
5
10
12
5
0
-9
-7
-7
-6
3
8
19
19
16
15
14
18
16
20
17
25
18
12
15
14
18
15
19
12
8
6
3
5
3
7
9
10
12
11
16
12
13
13
16
22
16
12
2
3
2
-1
-3
-10
-5
-10
-14
-13
-17
-23
-30
-26
-26
-24
-22
-27
-24
-21
-18
-18
-21
-22
-30
-32
-32
-42
-44
-44
-43
-39
-28
-25
-30
-14
-11
-15
-23
-25
-21
-13
-5
-3
4
-2
-3
3
6
2
2
9
8
22
23
10
9
4
2
10
5
1
-1
-7
-8
0
1
-3
-8
-3
6
10
0
-3
-2
3
14
7
1
2
-2
-7
0
9
8
10
13
20
19
15
15
13
12
11
14
11
9
12
18
20
11
10
11
8
15
22
26
27
21
19
21
18
14
14
13
23
19
12
9
4
7
4
17
21
20
20
21
30
24
21
9
5
9
8
2
