SAMPLES:	15914
BITSPERSAMPLE:	16
CHANNELS:	1
SAMPLERATE:	16000
NORMALIZED:	FALSE
5
12
9
8
0
6
-2
-5
-5
-9
-13
-21
-17
-14
-18
-11
-11
-6
-2
-3
3
5
4
0
-8
-9
-6
-10
-9
-10
0
4
1
8
23
23
10
3
3
-1
0
-7
-4
4
-3
-9
-12
-15
-21
-27
-23
-15
-6
-4
-6
0
1
-7
-12
-8
-13
-16
-13
-9
-3
-10
-13
-15
-13
-4
-5
0
-1
6
15
13
19
23
24
10
8
11
8
13
5
9
15
8
12
9
6
2
-14
-14
-3
4
-3
-4
1
8
6
0
-5
-13
-19
-19
-17
-11
1
4
6
10
16
16
13
3
4
1
-1
8
3
8
10
10
16
18
14
8
-1
3
9
9
9
17
12
6
3
-7
-9
-18
-10
-2
-3
-3
-20
-24
-34
-33
-27
-26
-17
-17
-9
-7
2
2
-3
2
2
7
4
3
5
5
7
10
15
18
11
9
8
10
10
17
15
7
17
19
18
18
6
4
-5
-20
-23
-18
-13
-13
-13
-8
-6
-11
-13
-11
-10
2
9
9
13
10
-1
2
1
-5
-5
-15
-15
-21
-27
-21
-20
-19
-12
-10
-5
2
10
15
16
16
17
18
6
5
3
6
1
-3
-7
-13
-15
-18
-16
-14
-9
-1
4
9
12
3
1
2
-9
-8
-9
-2
2
-8
-9
3
4
7
16
25
37
40
37
31
23
4
-3
-8
-11
-7
-8
0
-2
0
1
2
7
11
5
-3
6
5
0
-4
-6
-9
-8
-8
-7
-3
-6
-8
-10
-11
-12
-21
-24
-16
-14
-15
-17
-28
-30
-24
-5
14
28
28
29
21
20
19
15
18
17
21
27
26
29
33
36
35
25
17
4
4
-4
-4
2
0
-7
-9
-8
-5
3
4
8
9
11
3
9
10
-3
-7
-4
6
8
7
7
-1
-12
-27
-43
-45
-50
-49
-47
-44
-45
-42
-42
-38
-36
-41
-34
-26
-24
-19
-13
-3
5
3
18
31
38
49
53
53
44
42
34
35
30
18
15
10
4
3
4
1
2
-9
-12
-5
-18
-19
-21
-21
-13
-20
-9
4
14
7
11
15
7
13
13
17
16
10
19
13
10
9
7
7
8
14
0
-4
3
-1
4
4
-1
-7
-22
-20
-18
-15
-12
-12
-8
-12
0
1
2
1
-1
7
3
11
10
15
16
3
1
-2
1
9
15
18
1
-10
-19
-22
-19
-21
-19
-26
-12
-16
-6
4
-4
-2
-8
-1
5
6
5
-1
-8
-14
-18
-23
-11
1
-2
9
2
-2
4
-2
6
-2
-8
-7
-18
-19
-20
-10
-8
-16
-15
-25
-23
-26
-26
-18
-8
2
-4
-6
-5
3
-1
-1
0
0
5
11
9
4
4
-1
-6
-1
10
17
22
20
23
23
24
27
17
8
-6
-12
-7
-3
-2
0
1
-3
-11
-22
-17
-13
-1
3
2
4
13
20
26
27
25
25
28
47
55
62
55
41
35
29
20
3
-2
-3
-8
-2
-5
-8
-5
-5
-10
-8
-13
-26
-37
-48
-38
-27
-23
-28
-22
-18
-17
-9
-5
8
17
25
27
31
29
24
21
8
-5
-13
-8
3
-4
1
-4
-7
-7
-5
-4
-10
-14
-10
-8
-7
5
10
10
8
3
15
33
38
33
34
38
28
24
6
2
3
-5
-1
8
-1
-2
1
-3
4
7
3
-1
-6
-15
-23
-27
-38
-34
-27
-19
-20
-23
-13
-13
-19
-29
-20
-8
-6
-4
-7
-9
-14
-22
-22
-13
-13
-18
-12
-1
13
12
20
25
29
36
27
28
35
18
12
9
13
15
12
14
5
5
-1
-13
-11
-3
2
-5
-15
-13
-18
-33
-40
-42
-35
-25
-23
-11
3
3
-8
-17
-11
-12
-18
-16
-13
-3
6
5
14
15
11
6
11
24
16
0
1
-3
1
3
1
6
2
-2
-2
4
1
-11
-12
-1
1
3
-10
-17
-20
-14
-4
1
-1
-13
-14
-9
-8
-5
-7
-6
-9
7
15
21
16
5
4
8
19
11
3
2
0
4
2
6
5
-20
-26
-21
-14
-13
-24
-30
-36
-38
-32
-11
-2
7
10
1
9
5
1
12
5
9
6
11
20
3
-2
2
17
22
18
25
18
24
25
28
35
21
12
-5
4
11
2
6
2
6
2
0
8
7
14
8
23
30
24
29
13
16
32
45
37
32
32
37
36
31
38
35
20
10
2
2
0
-2
-3
6
3
-13
-19
-17
-9
-11
-6
5
1
-2
-6
1
8
0
-2
-2
-9
-3
-12
-12
-13
-15
-17
-19
-20
-19
-26
-37
-40
-34
-41
-40
-33
-38
-25
-14
-1
5
-4
1
-8
-16
-9
0
12
9
1
-1
-7
-2
-3
-8
2
2
-11
-6
-2
-8
-16
-29
-24
-22
-13
-7
1
16
14
16
-2
-10
-12
-25
-16
-17
-12
-10
-28
-30
-28
-31
-29
-23
-10
-11
-11
-4
-1
5
4
-3
-11
-13
-13
-14
-5
-2
1
-1
9
16
9
12
-7
-19
-16
-13
-13
-1
3
2
13
20
15
17
17
6
4
-9
-3
2
8
26
25
25
15
12
13
10
11
7
6
3
14
27
32
26
22
12
-4
-4
-4
9
27
29
30
33
30
14
12
19
31
38
21
22
31
28
26
19
22
24
21
16
19
20
18
20
18
24
32
17
17
23
19
17
17
19
2
5
5
-12
-14
-29
-38
-48
-51
-46
-47
-39
-22
-16
-10
-7
-22
-23
-20
-13
2
6
6
13
9
9
13
9
6
-9
-9
-13
-22
-19
-15
-12
-13
-16
-28
-36
-21
-4
4
-3
-9
-11
-17
-11
-5
-11
-23
-34
-42
-48
-27
-20
-24
-28
-25
-19
-18
-23
-15
-4
-3
9
1
-4
1
6
16
12
3
-5
-8
-10
-14
-11
2
11
16
23
14
8
8
-4
5
2
-6
-18
-28
-25
-23
-25
-37
-34
-33
-30
-23
-9
0
1
-9
-7
-3
0
-1
4
9
12
23
27
18
19
22
22
32
22
14
2
2
7
18
26
33
48
61
65
60
56
60
62
64
54
32
27
23
20
23
28
10
-7
-3
2
4
-3
-23
-36
-30
-35
-33
-34
-34
-33
-45
-41
-24
-11
-5
5
13
20
24
21
22
20
11
5
16
6
-3
-10
-18
-2
-12
-16
-25
-15
-5
-14
-12
-20
-27
-28
-23
-4
9
26
24
27
28
17
20
5
-1
1
3
1
-4
3
8
5
-3
-6
-2
-9
-9
-17
-12
-12
-12
-15
-14
-11
-19
-2
6
19
29
13
8
6
3
1
-4
-13
-17
-23
-24
-19
-18
-18
-11
-10
-1
9
8
-1
-5
-8
-5
3
-1
1
-5
-17
-9
-12
-14
-28
-36
-26
-19
-12
-12
-6
-4
1
3
2
16
21
13
19
34
35
43
37
27
28
26
40
41
44
45
37
33
32
28
20
21
13
-2
-5
-15
-23
-20
-28
-33
-39
-43
-36
-45
-43
-32
-31
-29
-26
-15
-8
-10
-11
-6
-7
-8
-12
-10
-15
-8
-6
-8
-8
-5
1
10
19
20
23
24
31
31
33
35
25
11
2
-8
-10
-9
-11
-3
-1
1
3
10
13
10
8
9
7
9
11
14
7
-7
-12
-33
-32
-27
-14
-2
-6
-11
-22
-33
-34
-31
-38
-35
-33
-31
-21
-10
-2
-3
-9
-12
-14
-16
-18
-19
-19
-12
0
2
13
16
26
40
41
54
52
41
25
15
6
-5
-16
-14
-16
-15
-9
-9
-15
-20
-15
-18
-14
-1
8
11
10
7
6
0
-5
-4
-3
-6
-2
5
8
14
20
19
23
23
28
42
46
48
40
30
30
30
24
20
14
-2
-12
-9
-13
-12
-10
-3
-2
3
4
2
5
3
13
16
3
-8
-11
-3
-6
-3
-7
-14
-18
-25
-18
-14
-12
-9
-10
1
6
-3
-13
-13
-6
-3
2
0
-9
-16
-14
-5
10
10
3
-3
-8
1
1
3
5
17
25
19
18
20
17
3
2
9
11
15
20
23
30
36
48
44
32
25
22
17
20
13
13
5
-7
-11
-20
-15
-11
-24
-37
-54
-64
-54
-45
-34
-29
-35
-35
-42
-46
-46
-46
-43
-43
-51
-45
-48
-53
-43
-41
-35
-34
-29
-16
-13
-4
7
5
11
1
0
4
14
27
33
33
36
43
48
45
40
49
56
65
57
48
45
41
40
44
40
31
9
5
-2
-5
-8
-15
-2
-5
4
8
9
9
9
9
17
24
11
-4
-13
-10
-14
-25
-33
-39
-42
-33
-29
-26
-26
-19
-17
-9
0
2
14
8
2
-6
-14
-20
-24
-20
-13
3
15
15
11
7
14
12
7
-1
-8
-4
-5
-5
-17
-10
1
-13
-18
-27
-24
-27
-34
-18
-15
-12
-22
-5
12
22
34
16
14
4
7
10
11
19
1
-12
-10
-21
-29
-31
-19
-2
10
35
45
39
30
30
31
41
41
24
25
25
18
26
38
52
49
42
23
30
20
4
4
-8
-4
0
15
4
-8
-22
-36
-37
-27
-17
-13
-22
-30
-32
-38
-33
-35
-43
-27
-28
-20
-12
-24
-15
-19
-21
-17
-13
-10
-19
-13
-4
-8
-4
3
15
34
35
43
43
40
21
-3
-5
-13
-2
0
11
20
12
6
3
8
22
26
32
26
12
10
-8
-10
-4
7
16
10
17
22
15
1
-20
-25
-27
-25
-16
-23
-32
-54
-69
-67
-48
-31
-20
-19
-5
6
-4
-4
8
10
-2
-5
2
20
8
-13
-29
-38
-26
-23
-9
3
21
28
21
11
-6
-12
-31
-31
-19
-30
-25
-27
-16
-6
-4
7
-2
-8
-22
-28
-24
-25
-14
-3
7
30
37
34
32
30
23
9
3
5
12
12
8
6
12
23
28
32
34
49
62
68
72
75
68
65
63
70
63
55
30
22
30
27
30
6
2
-20
-37
-18
-33
-41
-39
-38
-14
-16
-21
-18
-27
-30
-24
-29
-25
-29
-39
-37
-36
-41
-46
-59
-44
-28
-42
-35
-29
-11
9
24
30
14
6
-5
-10
-12
0
4
-10
-8
-1
17
39
39
50
38
32
23
10
18
18
19
16
26
32
36
29
29
16
-1
-14
-14
-3
16
26
26
31
36
34
13
4
-6
-11
-20
-26
-23
-30
-48
-51
-40
-31
-29
-20
4
20
31
38
29
16
7
-5
-9
-18
-34
-44
-52
-50
-27
-24
-30
-27
-24
-9
-3
-10
-10
4
7
12
16
34
48
44
32
6
-25
-61
-72
-62
-35
7
36
58
62
58
44
9
-20
-49
-75
-81
-59
-32
-16
5
15
5
-6
-17
-17
-16
1
15
14
14
-4
-5
-12
-14
-11
-19
-24
-19
-7
-2
7
16
24
53
85
99
85
58
30
16
8
8
20
24
25
18
1
-14
-28
-28
-34
-35
-20
-4
1
-1
-10
-15
-21
-27
-19
-9
-5
-2
-2
-1
-6
-13
-16
-19
-22
-21
-29
-24
-3
1
11
19
23
29
28
26
21
14
25
34
18
-5
-23
-36
-46
-41
-33
-17
0
21
35
37
28
40
48
51
64
43
36
12
-6
-8
-18
-19
-17
-14
-13
-5
0
-4
-5
-6
0
21
33
27
0
-25
-53
-81
-80
-73
-64
-46
-33
-33
-22
-4
2
-7
-5
-1
11
23
20
19
6
-10
-16
-13
-16
-30
-31
-20
9
53
76
89
89
83
60
38
24
-16
-46
-52
-46
-27
-18
-23
-35
-28
-15
-4
-1
4
21
46
53
40
36
9
-14
-27
-24
-16
-17
-32
-48
-45
-30
19
73
116
121
109
88
64
45
27
45
38
24
16
2
-7
-33
-53
-59
-47
-21
7
29
32
28
13
5
10
12
6
-7
-24
-16
-27
-38
-58
-74
-73
-60
-21
-9
-8
-36
-50
-24
8
14
0
-21
-37
-56
-64
-76
-69
-44
-10
19
42
51
33
16
-6
8
35
53
57
56
51
40
38
22
16
-10
-8
-8
-1
3
-10
-21
-21
-16
-18
20
21
44
18
-18
-56
-79
-62
-44
-26
-36
-24
-52
-53
-55
-52
-13
4
5
-18
-27
-24
-15
-18
-18
-12
0
33
34
50
40
34
-1
6
-1
-19
-17
-32
4
27
42
51
37
13
-1
-20
-9
-10
-16
-12
-27
-36
-40
-25
-20
-30
11
17
29
39
13
28
16
10
11
31
42
21
22
-10
7
-5
-17
-18
-30
5
-28
-22
-4
26
61
72
84
57
64
49
67
34
9
-2
14
56
59
75
53
1
-1
26
45
51
63
48
32
7
-34
-18
-24
-5
-18
7
25
34
0
-52
-73
-77
-79
-79
-18
5
46
37
50
36
-4
-21
-19
-32
-44
-53
-67
-46
-3
-2
30
16
-9
-8
-43
-8
-48
-27
-50
-22
-12
-27
-9
10
42
34
41
-4
15
53
59
53
35
-18
-46
-44
-57
-47
-43
-43
-32
-22
-33
-9
-25
-49
-23
-29
8
-9
-20
-50
-64
-48
-64
-27
-50
-11
11
35
26
29
19
33
36
28
31
13
19
1
17
-42
-19
-59
-56
-6
-10
34
36
36
9
3
20
32
3
10
-20
-5
-41
14
-12
-49
-29
-37
19
-3
22
46
41
66
3
1
-30
-28
-21
-42
12
8
76
65
68
36
3
-1
-11
-7
-30
3
46
31
34
-11
41
81
74
32
19
12
-16
38
24
67
15
45
-17
-46
-59
-74
-18
-21
75
35
29
-12
-80
-86
-145
-133
-92
-29
47
37
92
48
56
37
0
11
-33
14
38
57
90
42
32
3
11
71
39
46
-36
10
-3
26
-34
15
8
47
3
-125
-29
-140
-51
-110
45
57
112
61
-5
-11
-50
8
2
41
8
-1
-51
-32
-118
-97
-169
-43
21
97
164
0
61
-85
-28
-87
-91
-3
-3
96
-3
19
-86
-21
-59
5
26
-6
58
-93
-60
-109
-64
-24
35
136
142
127
-9
-90
-140
-181
-108
-99
-15
-81
-7
-46
51
-2
-31
-6
51
77
79
45
25
86
-59
-33
-156
-27
-27
54
-53
5
113
139
143
44
116
52
74
1
-71
-28
-54
44
75
76
125
44
73
-7
24
-41
-58
-27
-42
82
47
149
37
46
-41
-22
-68
-115
-55
11
105
79
48
-83
-50
-57
25
32
-19
24
-49
49
50
81
13
-105
29
37
63
-131
-163
-105
-79
162
54
-38
-113
-229
2
-83
105
73
65
136
77
115
-11
-112
-134
-84
88
70
185
81
87
-55
-143
0
-21
106
-35
63
-7
-34
-104
-172
-8
-67
32
1
61
-40
-59
-72
-144
44
-54
161
-14
17
-125
-164
16
82
233
45
5
-95
-101
-10
27
99
112
-65
-99
-145
-53
62
-20
7
6
41
74
71
75
46
59
35
3
53
62
35
-70
-262
-172
-142
45
190
26
122
-14
103
145
46
19
-73
43
89
-12
-15
-41
-18
26
-70
-105
135
54
65
-95
-172
43
-134
85
-6
63
32
-80
-8
-62
-10
28
23
99
-16
4
-42
60
58
-39
58
-71
50
-125
-42
-95
-105
-20
-289
-31
-14
169
225
-24
125
-72
32
-60
-87
17
-70
40
-112
-87
-68
-115
1
75
59
7
-68
1
84
33
-84
-81
-221
35
42
103
41
-52
116
84
75
-20
-127
-99
-82
-34
60
97
110
-2
50
-32
101
15
128
205
140
103
-164
-85
-28
79
47
53
139
109
28
-59
-154
-43
-123
-200
-203
-181
179
138
320
100
-6
-107
-86
58
-97
-89
-120
60
132
160
-41
-76
-143
-40
103
194
281
231
125
95
-104
-164
-285
-139
-86
-9
187
91
72
-177
-220
-243
-153
50
0
49
-57
-16
43
79
46
-175
-58
-92
115
50
76
143
11
49
-102
-121
-100
18
153
77
35
-48
67
137
65
12
-103
151
188
300
159
-186
-196
-318
-129
-182
-200
41
68
385
174
15
-146
-184
132
7
115
-79
104
-17
-211
-139
-30
264
220
69
-124
-24
67
32
-138
-279
-142
61
95
57
-48
-60
51
-37
-48
-8
-52
-99
-126
90
205
328
199
-14
-17
-40
2
60
-91
67
100
125
86
-267
-55
-102
56
9
-32
41
-97
-155
-201
-87
180
125
-7
-285
-90
75
138
2
-164
-273
-278
128
18
176
-168
102
24
-109
-107
-289
18
-65
181
13
-63
48
164
196
-55
-182
-179
61
202
131
-90
-231
-66
-54
58
-8
130
36
-68
-147
-71
203
68
-43
-385
-252
240
751
620
227
-213
-319
-105
-5
384
245
193
149
63
292
48
10
-309
-302
-77
-14
176
-49
-126
-187
-48
-9
-31
57
162
202
97
-26
-48
11
105
74
-106
-231
-302
17
270
289
91
91
131
101
-93
-229
-141
7
103
76
-124
15
177
564
350
-155
-526
-902
-413
-227
45
-140
-154
77
223
113
-174
-310
-216
2
-76
124
131
172
61
-124
105
273
316
289
196
20
-122
-409
-400
-256
-38
126
14
53
-134
-11
121
179
16
-55
-89
-30
-105
-205
-313
-194
228
431
473
-82
-453
-455
102
601
497
-310
-765
-759
35
430
382
-132
-479
-28
311
447
-10
-298
-22
349
429
106
-421
-479
-461
-25
93
108
135
194
321
221
92
-111
-101
-119
139
131
169
154
154
105
-30
56
16
394
731
553
308
-151
-197
-282
-310
-162
37
320
348
239
-74
-343
-475
-267
97
140
6
29
172
381
394
309
134
-91
22
70
84
-129
-202
-377
-543
-347
-82
223
74
-23
-72
-87
13
-42
83
-83
-177
-247
-285
100
162
346
286
323
66
-538
-859
-670
17
550
444
248
-38
75
209
122
195
-166
-389
-568
-606
-398
-435
-279
28
59
283
141
-52
-317
-528
-359
-200
247
366
307
390
138
-89
-347
-709
-592
-338
200
512
748
745
393
170
-260
-299
-377
-311
-145
107
338
38
-247
-189
-122
72
96
296
520
591
469
78
-86
-239
-213
-228
97
365
187
-27
-329
-90
243
276
161
-236
-160
-110
-70
0
-42
426
631
652
633
173
-27
-316
-110
-45
-115
47
-40
217
13
-191
-506
-776
-296
204
344
-61
-385
-260
-117
-147
-233
-150
-73
215
580
621
549
58
-468
-505
-410
-178
-145
-87
-115
111
347
695
608
244
102
-263
-197
-274
-108
-88
-14
-780
-2141
-2688
-1582
242
1479
1954
1298
830
388
172
-17
-85
135
658
1194
1808
1629
1155
694
163
-105
-664
-717
-691
-522
-633
-606
-511
-350
-217
-502
-793
-1025
-880
-683
-352
-23
82
304
76
-115
-225
-398
-321
-157
47
181
50
28
88
205
191
-180
-156
-28
380
364
107
27
-200
-580
-869
-600
-5
528
547
-5
-334
-46
436
812
639
435
114
-220
-285
-27
148
25
-417
-653
-436
-130
252
205
231
199
20
177
322
476
508
256
-52
-175
-79
115
408
584
758
493
146
-125
-84
132
73
-216
-264
-266
-89
157
50
-87
-432
-607
-710
-312
167
318
381
239
97
-65
-88
0
68
-20
-151
93
305
433
462
70
-62
-300
-411
-258
106
522
575
368
59
56
220
423
252
-141
-399
-507
-334
-143
-128
1
6
-94
-91
-24
-6
-227
-306
-352
-403
-348
-267
80
289
242
73
45
285
551
616
494
280
40
31
136
243
238
206
137
-137
-232
-206
-145
-51
-162
-277
-486
-672
-632
-504
-273
-213
-228
-306
-62
217
392
335
130
-95
-354
-111
259
588
647
591
402
415
604
617
620
326
3
-221
-179
-162
-96
-206
-403
-377
-436
-208
-175
-341
-453
-600
-662
-672
-678
-570
-363
-129
-30
-25
2
86
233
384
404
274
61
35
46
65
65
25
-64
-226
-414
-656
-718
-860
-751
-677
-688
-566
-439
-177
73
289
288
243
71
-50
-49
-112
-108
-146
-155
-109
-86
174
322
577
833
757
767
665
641
429
194
-12
49
228
171
284
218
179
116
-26
-37
60
227
307
369
320
375
383
320
263
31
-221
-360
-361
-312
-223
-310
-362
-436
-517
-423
-492
-578
-762
-888
-923
-991
-879
-665
-443
-174
111
437
690
804
852
876
762
576
348
163
118
160
260
277
427
635
733
848
832
957
1022
952
831
689
743
830
926
1043
1075
1135
1099
966
919
773
685
513
270
225
221
282
353
470
511
475
311
103
-23
-193
-279
-398
-420
-393
-349
-248
-200
-72
-102
-292
-533
-903
-1223
-1410
-1457
-1373
-1238
-986
-628
-436
-339
-312
-251
-99
18
157
259
454
725
785
569
43
-434
-663
-684
-611
-754
-757
-517
7
786
1405
2223
3048
3117
2089
-516
-3787
-7157
-10113
-12059
-13215
-13203
-12546
-10967
-8469
-5567
-2204
360
2401
3555
4126
4586
4650
5238
5764
6534
7196
7711
8612
9229
9676
9202
7936
6030
3566
1435
-533
-1668
-2371
-2726
-2682
-2323
-1196
-74
1096
1710
1868
1757
1225
1128
1209
1863
2799
3514
4263
4712
5325
5704
5568
4970
3693
2437
1050
95
-438
-603
-488
-633
-731
-999
-1015
-1079
-1405
-1933
-2741
-3193
-3326
-2878
-1815
-532
779
1561
2188
2557
2725
2648
2097
1444
436
-472
-1094
-1335
-1261
-1232
-1322
-1665
-2212
-2761
-3350
-3712
-4082
-4394
-4548
-4301
-3400
-2196
-919
58
845
1274
1342
1220
797
291
-597
-1475
-1909
-1663
-1055
-524
-211
-280
-238
-446
-662
-935
-1298
-1434
-1634
-1349
-589
317
634
-486
-2404
-4717
-6919
-9322
-11925
-13784
-14711
-14128
-12466
-9723
-6069
-2327
1304
3819
5812
7175
8010
8391
7939
7775
7375
7252
7315
7673
8548
8637
8153
6675
4970
3275
1297
-481
-2337
-3233
-3524
-3286
-2149
-491
1895
3751
5049
5851
6242
6486
6348
6293
6103
6086
6013
5920
6135
6301
6336
5539
4004
2211
409
-1054
-2332
-3209
-3934
-4575
-4931
-4722
-3793
-2534
-1199
-525
-146
59
362
1005
1593
2401
2826
2907
2966
3022
3309
3196
2745
1728
312
-1234
-2502
-3083
-3422
-3357
-3339
-3344
-3162
-2748
-2023
-1446
-1238
-1252
-1446
-1653
-1558
-1116
-427
182
348
270
108
130
227
102
-339
-1026
-1718
-2277
-2512
-2462
-2301
-2393
-2632
-3006
-3095
-2832
-2494
-1988
-1667
-1216
-938
-974
-932
-795
-225
290
658
1007
1355
1766
2026
1620
262
-1906
-4685
-7556
-10644
-13348
-15123
-15709
-14736
-12885
-10009
-6656
-3154
619
3600
6175
7651
8470
8892
8559
8724
8520
8694
8652
8426
8356
7350
6493
4832
3035
918
-1573
-3209
-4728
-5013
-4528
-3274
-1358
551
2836
4680
6270
7375
8031
8281
7917
7758
7455
7343
7170
6900
6539
5705
4598
2929
1258
-495
-2398
-3982
-5324
-5810
-5656
-4847
-3621
-2657
-1852
-1589
-1107
-415
436
1397
2249
2917
3293
3656
4009
4445
4312
3765
2638
930
-543
-1886
-2599
-3250
-3732
-3941
-4085
-3802
-3209
-2348
-1721
-1389
-1409
-1338
-1240
-810
1
674
1314
1543
1759
1843
1795
1617
1068
173
-1101
-2119
-2921
-3171
-3060
-2809
-2493
-2456
-2325
-2371
-2307
-2122
-1755
-1445
-1473
-1445
-1442
-918
66
909
1600
1694
1583
1197
223
-592
-844
-355
602
1244
1170
-111
-2862
-6164
-9905
-13321
-15813
-16968
-16378
-14873
-11931
-7948
-3273
1342
5017
8026
9352
9756
9410
8904
8586
7820
7528
6986
6672
6520
6099
5637
4075
2224
-338
-3124
-5197
-6439
-6028
-5020
-3184
-819
1840
4862
7397
9535
10571
10586
9792
8388
7254
6303
5803
5326
4746
4112
3174
2160
856
-699
-2458
-4349
-5754
-6631
-6566
-5486
-3858
-1785
43
1749
3154
4013
4450
4049
3080
1638
365
-333
-286
396
892
1249
1134
743
197
-766
-1599
-2553
-3546
-4068
-4137
-3436
-2348
-1203
-85
613
763
653
448
271
188
77
-1
112
455
1152
1871
2208
1930
1157
7
-1322
-2494
-3471
-3959
-4199
-4338
-3818
-3093
-2060
-1025
-320
119
187
284
246
490
780
832
608
85
187
637
1048
1309
1002
384
-448
-1141
-1060
-190
970
1586
939
-1596
-5126
-8989
-12714
-15359
-17362
-17416
-15881
-13119
-8856
-4234
1248
5592
8732
10335
10469
10357
9029
8354
7299
6567
6186
5235
5265
4640
4438
3340
1119
-1285
-4216
-5821
-7049
-6552
-4883
-2680
386
2907
6180
8887
10875
11833
11160
10189
8220
6566
5159
4170
3921
3119
2732
1765
823
-73
-1664
-2835
-4708
-5785
-6341
-6143
-4577
-2730
306
2638
4516
5424
5510
5690
4834
4162
2603
1168
64
-980
-1211
-2458
-3224
-4220
-4005
-3483
-3464
-2660
-2897
-1965
-1774
-1285
-17
525
1703
1733
1734
1360
1048
610
-171
-546
-1200
-1025
-1189
-779
187
839
1493
1189
789
194
-567
-1281
-2098
-2564
-2888
-2995
-2874
-2385
-1430
-816
-395
-339
-320
-39
88
397
721
1005
1240
1212
1026
619
427
119
-269
-473
-999
-951
-1085
-707
155
993
2230
1566
-702
-4924
-9932
-14175
-17710
-18596
-17570
-14808
-11063
-6715
-1356
3648
7939
10676
11615
11036
9306
7693
6300
5564
5424
5340
4993
4131
3582
2906
1698
-246
-2858
-5360
-7427
-8040
-6630
-3551
392
4200
7350
9781
11547
12340
12092
10907
8863
6272
3780
2130
1598
1757
1921
1887
1207
-16
-1366
-2783
-3937
-5087
-5702
-5538
-4527
-2279
713
4172
6592
7588
7314
6063
4542
2642
1217
-167
-1401
-2376
-2904
-2700
-2870
-3133
-3792
-4055
-4103
-4002
-3374
-2826
-1436
-330
851
1989
2708
3433
3264
2576
1540
442
-607
-1334
-1746
-1713
-1188
-771
-183
406
921
1105
713
70
-663
-1430
-2163
-2553
-2456
-1965
-1411
-985
-635
-357
-209
-68
-161
-360
-573
-700
-321
550
1428
2087
2292
1809
1074
-197
-893
-1119
-860
-658
-938
-856
-674
384
1653
2927
2960
502
-4184
-10281
-15579
-19041
-19575
-17604
-13996
-9502
-4817
504
5504
9830
12554
12856
11246
8177
5561
4082
3777
4368
4665
4528
3465
2274
1459
358
-1258
-3979
-6846
-8863
-9001
-6426
-1941
3472
8063
11027
12555
12917
12735
11623
9621
6780
3479
912
-607
-419
641
1489
1692
571
-1124
-2983
-4324
-4911
-5028
-4706
-3890
-1973
1076
4862
8223
9958
9482
7223
4208
1331
-728
-2116
-2825
-3220
-3333
-3047
-2389
-1169
-1107
-2112
-4243
-6040
-6124
-5406
-2844
-478
2073
3670
3978
4714
4189
3878
2372
167
-1733
-3417
-3493
-2730
-1142
232
1225
1348
838
435
-13
-228
-922
-1749
-2388
-2615
-2137
-1329
-390
86
-83
-831
-1597
-1757
-1429
-819
-167
590
1326
1945
2601
3010
3011
2048
467
-1318
-3011
-3901
-3687
-2241
-793
392
972
1584
2663
3545
4417
3461
728
-4242
-10578
-15991
-19817
-19722
-17249
-13161
-8426
-4126
1021
5442
9393
11777
11925
10532
7551
5447
4327
4756
5842
5987
5619
3702
1919
117
-1749
-3532
-6248
-8436
-9833
-8892
-5303
-172
5619
9752
12265
13030
12704
12026
10424
8882
6219
3401
1213
-107
381
1137
1743
1190
-512
-2654
-4867
-5847
-5874
-4963
-3498
-1760
654
3309
6306
8735
9566
8783
6524
3550
840
-1251
-2317
-2625
-2910
-2874
-2794
-2605
-2663
-3445
-4349
-5109
-5098
-4557
-3200
-1153
775
2762
3681
4016
3840
2825
1870
353
-993
-1766
-2193
-1989
-1454
-515
162
517
410
142
-106
-618
-921
-1233
-1395
-1334
-1163
-841
-548
-322
-373
-656
-975
-1192
-1204
-1052
-378
390
1236
1778
1893
1830
1469
947
128
-761
-1607
-1990
-2192
-2332
-1861
-1064
95
1198
1696
2273
2548
3340
3906
2845
-101
-5849
-12182
-17772
-20700
-19669
-16446
-11569
-6648
-1832
3089
7200
10718
12514
12204
10099
7007
4846
3903
4600
5739
6010
5141
2768
430
-1843
-3727
-5475
-7693
-9382
-9970
-7957
-3487
2434
8245
12021
13804
13470
12243
10719
8957
7276
4808
2268
217
-515
135
1060
1629
789
-1430
-4076
-6092
-6636
-5801
-4174
-2048
295
2851
5650
8277
10051
10143
8340
4972
1354
-1419
-2997
-3432
-3297
-2767
-2521
-2610
-2843
-3189
-3508
-4059
-4377
-4288
-3321
-1722
636
3054
4509
5285
4304
2860
1135
-493
-1275
-2299
-2715
-2682
-2136
-1216
-146
685
992
814
-126
-562
-976
-997
-583
-385
-95
-183
-482
-638
-745
-922
-1243
-1818
-2286
-2323
-1716
-475
962
1945
2420
2403
2103
1643
694
-239
-865
-1567
-1747
-1669
-1051
121
757
1454
1650
1731
2241
2682
3173
2252
-1103
-6626
-12991
-18128
-20563
-19790
-16361
-11302
-5978
-1027
3691
7650
10782
12367
11826
9749
6815
4875
4314
4902
5985
6165
5192
2681
-235
-2807
-5042
-6861
-8775
-9838
-9368
-6811
-2009
3770
9244
12867
13969
13403
11776
10045
8302
6467
4593
2558
1200
695
997
1408
997
-453
-2896
-5295
-7055
-7299
-5938
-3708
-789
1908
4670
7127
8808
9836
9216
7241
3947
494
-1846
-2887
-2502
-1843
-1067
-1005
-1373
-2222
-3703
-4894
-5936
-6042
-5338
-3905
-1660
1054
3407
4897
5084
3920
2266
270
-1206
-2099
-2363
-2015
-1445
-516
496
1449
1689
1317
379
-738
-1618
-2134
-1840
-1315
-643
-214
-34
-211
-604
-1063
-1632
-2181
-2564
-2480
-1750
-544
879
2206
2846
2927
2326
1447
513
-256
-864
-1583
-1977
-2281
-1906
-1091
-11
1244
1670
1827
1888
1972
2799
3183
1769
-2137
-8648
-14962
-19460
-20698
-18174
-13914
-8604
-3984
282
4565
8002
10911
11732
10766
8307
5592
4548
4871
6677
7959
7572
5192
1327
-1936
-4752
-6526
-8109
-9524
-9912
-8934
-5079
532
6712
11491
13600
13474
11728
10099
8737
7700
6680
4999
3462
2128
1686
1911
1742
710
-1752
-4703
-7323
-8381
-7395
-5083
-1851
955
3370
5543
7337
8998
9217
8009
5502
2413
79
-1486
-1544
-1127
-591
-749
-1746
-2575
-4001
-5070
-6401
-7185
-6548
-5223
-2540
274
3014
4907
5065
4185
2510
948
-362
-1083
-1321
-1142
-668
-265
424
737
722
135
-964
-1874
-2416
-2282
-1579
-500
490
1101
929
318
-373
-1034
-1517
-1986
-2125
-1865
-1219
-214
910
1881
2279
2072
1331
692
465
303
121
-367
-786
-1108
-1350
-1142
-454
-21
710
1094
1589
2379
2376
3347
2281
-547
-5805
-12869
-17441
-20693
-19249
-15483
-10789
-4990
-1365
3380
6566
9058
10757
9509
8354
5523
4679
5518
6917
9513
9176
7868
3899
-586
-3854
-7308
-8531
-10345
-10593
-9160
-6140
-205
5317
10605
12959
12652
11255
9014
8129
7295
7172
6792
5710
4936
3924
3685
2739
940
-1802
-5290
-8001
-9245
-8126
-5495
-2286
788
3139
5047
6170
6871
6784
6099
4747
3195
2095
1454
1715
1716
1575
379
-1553
-3448
-5878
-7445
-8360
-7966
-5870
-3925
-1331
860
2404
3686
3393
2860
1715
284
-474
-760
-293
469
1242
1298
1232
423
-383
-998
-1987
-2063
-2225
-1738
-889
38
1001
1285
966
-45
-1109
-2232
-2715
-2721
-2426
-1566
-702
441
1518
2364
2519
2193
1285
446
4
-441
-141
108
237
169
-201
-160
27
417
674
543
255
279
1117
2315
2090
-825
-7033
-13996
-19297
-20884
-18117
-13595
-7748
-3084
705
4255
6633
9325
9953
9246
7091
4546
4294
5397
8651
10775
10738
7892
2433
-2455
-6686
-8605
-9483
-9867
-9182
-7728
-3721
1694
7618
11780
12816
11436
8481
6663
6195
7303
8854
9057
8422
6532
4746
3335
1568
-536
-3736
-6966
-9275
-9482
-7292
-3595
246
2735
3960
4086
4183
4522
4951
5207
4574
3502
2448
2280
2790
3166
2674
627
-2197
-4972
-6747
-7057
-6771
-6339
-5859
-5161
-3007
-846
1590
3252
2958
2437
392
-392
-72
549
2169
2531
2582
1789
871
126
-345
-917
-1815
-2314
-2992
-2274
-1019
373
1406
945
-69
-1603
-2724
-2864
-2282
-1322
-508
153
808
1629
2294
2645
2286
1274
249
-368
-365
-62
362
476
197
-811
-1540
-1654
-1125
-330
325
1244
1980
2690
3139
2666
389
-4995
-11720
-17802
-20881
-19485
-15168
-9116
-3636
70
2754
4254
5474
6375
6145
5591
4715
5206
7325
10314
13019
13240
10616
5026
-1279
-6370
-9317
-9684
-9044
-7373
-5438
-2973
389
3827
6722
7639
6744
4999
4025
4916
7156
10294
12398
12564
10704
7300
4187
1124
-1460
-3963
-6184
-7259
-7139
-5338
-2913
-582
580
428
-266
-738
291
1965
4023
5649
6347
6591
5859
4998
4060
2237
51
-2402
-4425
-5361
-6070
-5640
-4588
-3502
-2481
-2219
-1892
-1620
-1128
-606
-67
558
1073
1891
2538
3132
3131
2263
922
-646
-1559
-1899
-1578
-724
138
753
749
431
77
-418
-1165
-1957
-2525
-2680
-2357
-1698
-645
351
867
825
334
-65
-434
-439
75
874
2088
2677
2976
2676
1387
181
-1256
-1969
-2059
-2248
-1252
-536
641
1920
2601
3806
2308
-1072
-7248
-14054
-18393
-20556
-17349
-12444
-6312
-1246
785
2827
2714
3177
3263
2894
3688
4129
6826
9896
13084
14766
12865
8606
1742
-3792
-7439
-8564
-6953
-5318
-2924
-1616
-422
1150
1967
2664
1990
1369
1409
2811
6248
10042
13380
14140
12427
9142
4941
1831
-718
-1966
-2632
-3127
-3033
-2882
-1904
-1387
-1618
-2809
-4286
-4700
-3922
-1241
2081
5581
7634
7845
6997
5131
3655
2030
771
-367
-1200
-1543
-1430
-1469
-2160
-3286
-4805
-5235
-5803
-5133
-3997
-2573
-413
239
1546
1971
2193
2577
1970
1675
1035
482
317
443
653
1027
807
316
23
-586
-878
-1166
-1503
-1588
-1928
-2014
-1791
-1558
-1171
-856
-640
-353
-177
-33
171
262
559
1018
1466
1968
1920
1662
861
76
-391
-619
-191
-95
-16
-636
-1089
-975
-505
697
1578
1538
-401
-4655
-10157
-15453
-18914
-18523
-14780
-9352
-4037
-957
989
1468
1342
1727
2053
3282
4698
6836
9696
12354
13806
12784
9489
4397
-659
-4208
-5717
-4711
-2994
-1340
-597
-844
-1114
-1573
-1556
-1502
-870
281
2408
5757
9294
12291
13191
12119
9233
5722
2946
1254
974
1088
1232
994
113
-1015
-2534
-4005
-5461
-6475
-6484
-5218
-2513
664
3958
5992
6340
5286
3465
2102
1269
1177
1766
2264
2444
2138
917
-824
-3003
-5024
-5616
-5907
-5087
-3668
-2328
-504
-5
289
73
-534
-573
-519
248
1192
2008
2387
2266
1820
1141
530
-40
-190
-194
-161
-48
-158
-301
-778
-1394
-1885
-2217
-2302
-2163
-1701
-1233
-815
-474
-231
67
270
460
760
973
1352
1705
1814
1711
928
551
378
279
368
-616
-741
-862
-583
275
588
1070
-444
-3694
-8146
-13067
-16883
-18468
-16305
-11774
-6388
-2507
-788
-134
-1034
-1044
-295
1488
4619
7221
10365
12612
13595
13127
10210
6410
1999
-1185
-2581
-2192
-457
741
980
-553
-2736
-4552
-5644
-5078
-3592
-1055
1952
4846
7848
9737
10518
9795
8144
6239
4802
4627
5083
6067
6111
5116
2949
-128
-2813
-5257
-6561
-6912
-6301
-4757
-3032
-1240
85
1015
1283
1153
1088
1314
2195
3386
4643
5502
5272
3825
1457
-708
-2207
-2516
-2431
-2065
-1984
-2459
-2788
-3520
-3551
-3279
-2875
-2086
-1453
-441
498
1176
1449
1358
858
318
320
728
1627
2076
1995
1584
630
-137
-654
-872
-777
-988
-1309
-1791
-2123
-2039
-1680
-1380
-1358
-1504
-1567
-1236
-577
163
846
1195
1239
1174
1010
859
705
727
998
1312
1355
1069
457
49
-15
285
825
126
-1792
-5532
-10109
-14334
-17521
-17245
-14295
-9846
-5795
-4051
-3390
-3810
-3999
-2862
-718
2903
6450
9638
12294
13689
13760
11796
8805
5449
2749
1474
1504
2762
3314
2506
129
-3151
-5917
-7667
-7387
-5649
-3049
-227
2006
4042
5251
6032
6273
5956
6023
6245
7281
8561
9449
9611
8048
5531
2462
-332
-2062
-3150
-3447
-3547
-3664
-3777
-4023
-3909
-3548
-3081
-2575
-1829
-887
61
1442
2786
4069
4471
3689
2600
1258
913
1053
1274
1504
676
-373
-1683
-2649
-2797
-2889
-2799
-2732
-2609
-2183
-1735
-1220
-878
-851
-1079
-1223
-763
149
1443
2237
2353
1845
890
475
442
1018
1505
1427
943
0
-846
-1526
-1874
-1974
-1838
-1919
-1935
-1849
-1552
-1105
-1015
-860
-703
-371
305
780
1176
1554
1574
1662
1511
1090
973
588
763
1396
2237
2511
441
-3745
-9079
-13994
-17210
-17296
-14325
-9661
-6067
-4888
-6046
-7779
-8535
-7461
-3865
649
5657
9496
11825
13188
12934
11466
9050
6663
5516
5825
6976
8327
8242
5988
1774
-3200
-6861
-8427
-7486
-5253
-2779
-1148
-853
-1045
-1250
-622
628
2240
4137
6262
8341
9884
10713
10257
8820
6609
4615
3528
3155
3202
2682
1398
-734
-3105
-5201
-6120
-6077
-5235
-4219
-3474
-2462
-2096
-1559
-1250
-942
-53
615
1892
3211
4186
4106
2825
1202
143
254
524
1325
1237
648
-361
-1830
-2431
-2781
-2748
-2643
-2424
-2115
-1573
-1342
-1192
-1148
-1449
-1582
-1537
-682
458
1660
2342
2499
2125
1561
1220
994
1227
1094
926
621
148
-142
-767
-1313
-2041
-2479
-2391
-1866
-1101
-678
-760
-1250
-1563
-1502
-564
500
1476
1468
1196
887
972
1880
2814
3553
1343
-3199
-9190
-14118
-16367
-15188
-11391
-7424
-5622
-6708
-9469
-11816
-11952
-9586
-4995
32
4730
8003
9619
10146
9774
8939
7910
7662
8642
10531
12253
12595
10795
6930
2028
-1968
-3995
-3739
-2246
-1072
-1005
-2408
-4321
-5792
-5923
-4657
-2454
-57
2223
4095
5556
6458
6550
6301
6108
6369
7133
7985
8420
7827
5989
3424
860
-821
-1597
-1500
-1499
-1749
-2737
-4036
-5029
-5779
-5680
-5423
-4335
-3202
-1673
-439
347
379
-218
-446
-127
1672
2988
4520
4353
3522
2432
854
568
229
587
599
237
-535
-1225
-2045
-2827
-3091
-3504
-3050
-2816
-2122
-1556
-1373
-1249
-1416
-1030
-407
729
1675
2525
2722
2294
1725
1095
1094
1242
1380
1341
962
490
-55
-595
-1184
-1701
-2143
-2062
-1798
-1268
-972
-846
-932
-1149
-1147
-773
1
828
2125
1627
-14
-4592
-9305
-12832
-14579
-12128
-8986
-5432
-5059
-7322
-10598
-12681
-12050
-8920
-3839
414
3999
5231
5514
5648
5703
6596
7398
8754
10385
11947
12633
11876
9832
6612
3744
1794
1438
2200
2563
2087
4
-2526
-4667
-5580
-4998
-3616
-1938
-832
-165
213
564
1235
1928
3046
4445
5703
6909
7333
7186
6309
4925
3805
3349
3329
3587
3254
2210
580
-1407
-2729
-3387
-3452
-3358
-3457
-3613
-3733
-3905
-3613
-3321
-3143
-2892
-3158
-2140
-875
719
2315
2063
2118
1305
1246
2073
2646
3377
3144
2322
1310
575
-91
-111
-599
-1086
-1389
-2192
-2310
-2659
-2759
-2770
-2963
-2628
-2086
-1407
-657
-264
-181
-114
-116
356
1035
1621
2067
2045
1685
1370
1223
1383
1421
1168
572
213
-136
-425
-423
-729
-535
-904
-1258
-1303
-1089
-236
502
910
-674
-4590
-9992
-14108
-14481
-11790
-6834
-4230
-4657
-7741
-12128
-13388
-11986
-7172
-1758
1766
3254
2991
2732
3007
4433
6040
8001
9635
10580
11587
11415
10567
8711
6262
4819
4253
4774
5129
4486
2559
-309
-2830
-4255
-3809
-2683
-1545
-1418
-2172
-2831
-3104
-2133
-654
1013
2325
3095
3756
4199
4743
4984
5084
5205
5147
5317
5290
5131
4480
3197
1649
356
-106
-217
-274
-1104
-2353
-3677
-4387
-4582
-4272
-3941
-3976
-4147
-4386
-3813
-2910
-1621
-947
-231
11
403
1277
1797
2840
2952
2983
2809
2444
2490
2351
2079
1518
925
98
-348
-869
-1335
-1640
-2248
-2584
-2749
-2812
-2625
-2557
-2532
-2515
-2287
-1736
-1022
-300
212
456
561
761
1175
1886
2325
2403
2150
1755
1696
1697
1821
1828
1568
961
348
-232
-344
-2
204
854
-459
-3424
-8468
-13627
-14833
-13264
-8495
-5320
-5829
-8897
-13493
-14999
-12970
-7945
-2606
511
942
-99
-212
914
3838
6833
8905
10328
10406
10787
10996
10714
10271
8867
7965
7481
7445
7105
5644
3278
406
-1472
-2345
-1778
-1173
-1457
-2659
-4585
-5556
-5315
-3755
-1836
-564
-8
-56
244
1095
2466
3848
4753
5290
5561
5827
5847
5677
5293
4733
4228
3669
3386
2841
2013
835
-863
-2120
-3027
-2998
-2894
-3050
-3852
-5359
-6334
-6520
-5108
-3607
-2387
-2293
-2836
-2731
-2132
-348
1111
2343
2767
2643
2657
2860
3335
3611
3725
3164
2803
2320
1891
1387
484
-311
-1076
-1575
-1818
-2080
-2589
-3163
-3657
-3800
-3484
-2991
-2442
-2117
-1934
-1710
-1299
-756
136
964
1481
1642
1564
1775
2200
2757
3390
3540
3035
2057
1164
1429
1778
2623
2754
558
-3176
-8504
-11823
-12179
-10421
-6955
-5999
-7586
-11224
-15005
-15218
-12681
-7995
-3895
-2295
-2418
-3582
-3241
-1196
2203
5906
8202
9598
9679
9695
9978
10242
10925
11212
11422
11133
10240
8847
6756
4790
3004
2006
1724
1223
413
-1456
-3545
-5242
-5981
-5358
-4354
-3375
-3331
-3750
-4062
-3660
-2240
-557
1124
2189
2863
3356
3855
4536
5181
5746
5940
5937
5748
5352
4892
4139
3328
2435
1628
989
327
-470
-1611
-2930
-4297
-5228
-5520
-5190
-4615
-4500
-4763
-5521
-5600
-4832
-3416
-1614
-636
-122
-49
138
1016
2203
3279
3979
4089
3829
3592
3366
3360
3362
3071
2568
1803
920
159
-595
-1328
-1981
-2496
-2827
-3117
-3399
-3615
-3859
-3812
-3603
-2976
-2315
-1789
-1387
-1318
-992
-476
564
1723
2630
3287
3184
2903
2715
2761
3307
3810
4443
3571
479
-4638
-9242
-10016
-7974
-4173
-2893
-5454
-9834
-14745
-15615
-12842
-8246
-4060
-3707
-5301
-7538
-7753
-4886
-885
3356
5585
6212
6048
5860
7241
8911
10792
11985
12310
12350
11444
10519
9098
7934
7107
6358
6030
4981
3417
1194
-1269
-2732
-3291
-3101
-2871
-3358
-4420
-5806
-6449
-6135
-4761
-3108
-2184
-1711
-1869
-1489
-451
1109
2807
3785
4343
4364
4420
4591
5013
5504
5535
5260
4394
3534
2682
1901
1327
735
194
-716
-1789
-2792
-3598
-4042
-4236
-4306
-4298
-4358
-4475
-4554
-4450
-4017
-3230
-2298
-1429
-679
-107
380
852
1419
2156
2871
3412
3769
3764
3549
3233
2955
2682
2348
1914
1265
557
-205
-952
-1400
-1926
-2336
-2733
-3023
-3128
-3216
-3243
-3365
-3263
-3001
-2401
-1806
-1339
-621
-142
416
1042
1514
2397
3066
3740
3080
168
-4051
-7290
-6735
-3796
-869
-1088
-5072
-9707
-13135
-12688
-9159
-5489
-3508
-5051
-8095
-9770
-8822
-5168
-1304
1192
2118
1595
1496
2329
4780
7723
9718
10675
10481
10467
10321
10295
10488
10442
10484
9837
8730
7336
5612
4093
2713
1942
1586
877
-354
-2135
-3768
-4617
-4704
-4192
-3748
-3776
-4252
-4873
-4665
-3910
-2425
-1171
-417
208
338
829
1442
2419
3360
3923
4067
3900
3858
3768
3770
3731
3407
3045
2400
1401
569
-275
-821
-1074
-1456
-1712
-2377
-3096
-3726
-3983
-3709
-3373
-3144
-3145
-3089
-2941
-2521
-1930
-1204
-489
-56
201
588
1107
1716
2290
2668
2902
2810
2587
2457
2307
2329
2195
1858
1247
453
-173
-717
-943
-1179
-1377
-1691
-2092
-2612
-2905
-2620
-2281
-1965
-1878
-1869
-1469
-1153
-359
682
1892
2052
-766
-5472
-9312
-8496
-3987
483
675
-3968
-9842
-13312
-11860
-6826
-1982
-529
-3269
-7804
-9993
-8265
-3771
710
2403
1692
-236
-1213
119
3166
6763
8598
8775
7913
7272
7662
8442
9659
10336
10494
9960
8729
7464
6170
5326
4832
4629
4276
3271
1454
-640
-2108
-2662
-2433
-2077
-2160
-3026
-4300
-5343
-5426
-4405
-3021
-1945
-1653
-1958
-2299
-2029
-787
926
2321
2767
2368
1857
1842
2489
3388
3983
3868
3045
1928
1339
1554
1889
1779
847
-347
-1106
-1372
-1341
-1236
-1477
-2067
-2629
-2994
-2936
-2583
-2358
-2203
-2147
-1984
-1657
-1417
-1014
-703
-305
81
540
1045
1373
1480
1399
1545
1723
2045
2274
2156
1794
1246
813
641
596
481
164
-368
-854
-1107
-1398
-1637
-1744
-1538
-1218
-1085
-1300
-1398
-1365
-710
-88
815
591
-2223
-6865
-10250
-8115
-2683
1179
-746
-6948
-12281
-13190
-9522
-3934
-385
-1098
-5280
-9517
-9743
-5511
-209
2944
2287
-49
-1727
-1483
1334
4897
7747
8159
6808
5570
5877
7312
8739
9694
9898
9681
8741
7605
6894
6591
6523
6150
5701
4872
3459
1491
-166
-702
-457
-104
-642
-1916
-3628
-4971
-5200
-4322
-3005
-2426
-2950
-4055
-4722
-4128
-2640
-867
353
599
96
-412
-2
1261
2843
3611
3439
2586
1749
1558
2058
2952
3238
2751
1452
234
-250
-161
157
225
-105
-836
-1676
-2381
-2497
-2169
-1767
-1465
-1633
-2015
-2364
-2467
-2086
-1301
-620
-164
-190
-366
-331
-28
601
1096
1524
1638
1563
1417
1326
1475
1595
1557
1436
1235
834
265
-231
-273
-6
310
71
-462
-1055
-1241
-908
-401
93
58
294
-385
-2503
-6288
-9406
-8128
-4008
-307
-1632
-6862
-11870
-13242
-10163
-5362
-1699
-1967
-5568
-9656
-10308
-6501
-1212
2317
2000
-324
-2272
-2051
822
4737
7808
8109
6500
4737
4825
6818
9024
10472
10439
9433
8019
6952
6808
7400
7958
7686
6692
5226
3704
2272
1382
1419
1568
1292
48
-1575
-3092
-3968
-3921
-3169
-2407
-2570
-3694
-4991
-5341
-4553
-3231
-1855
-1289
-1555
-2236
-2401
-1434
353
1945
2389
1918
998
674
1139
2382
3526
3751
2869
1477
769
853
1499
1829
1590
830
-147
-887
-1225
-1016
-821
-852
-1193
-1657
-1953
-2129
-2026
-1684
-1288
-1164
-1224
-1421
-1390
-1040
-545
18
368
383
297
240
492
1048
1617
1849
1535
1018
765
879
1098
1261
1152
796
321
-56
-106
42
192
237
197
140
20
-93
90
-1223
-4034
-7732
-8419
-5570
-1706
-1054
-5139
-10399
-13107
-11268
-6834
-2842
-2362
-5494
-9561
-11149
-8159
-2927
930
1276
-1168
-3176
-3076
-160
3913
6984
7645
6068
4367
4354
6434
8905
10418
10387
9420
8215
7372
7418
7999
8559
8332
7308
5997
4661
3560
2745
2566
2584
2218
1084
-532
-1977
-2850
-2914
-2569
-2124
-2369
-3377
-4732
-5378
-4864
-3680
-2599
-2285
-2556
-3393
-3739
-3224
-1567
234
1158
953
123
-128
224
1369
2494
3199
3050
2201
1419
1165
1703
2312
2589
2132
1274
325
-248
-215
126
410
99
-549
-1423
-1876
-1703
-1331
-767
-740
-1144
-1771
-2115
-1847
-1114
-400
-84
-206
-649
-837
-684
6
706
1075
962
585
438
478
756
902
1222
1365
1201
678
95
146
507
1112
1088
890
529
457
338
-1078
-3679
-6731
-7014
-4898
-1990
-2097
-5689
-9957
-12207
-10615
-7120
-4053
-3903
-6692
-10126
-11210
-8445
-4077
-734
-528
-2476
-4156
-3903
-988
2896
5973
6561
5352
4041
4348
6504
9031
10755
10814
9775
8550
8050
8440
9351
9878
9497
8283
6710
5440
4617
4344
4288
4006
3079
1521
-74
-1224
-1649
-1657
-1655
-1842
-2661
-3722
-4597
-4851
-4479
-3910
-3509
-3463
-3716
-3972
-3912
-3368
-2461
-1612
-1095
-865
-791
-585
-218
436
1204
1908
2188
1999
1658
1435
1700
2141
2555
2534
2000
1202
599
499
809
1081
917
274
-611
-1191
-1178
-831
-451
-514
-981
-1552
-1885
-1724
-1312
-880
-682
-764
-989
-1055
-859
-474
-48
94
179
109
234
395
566
697
899
1132
1103
1069
787
774
807
1130
1205
1127
968
845
848
-155
-1821
-4252
-5533
-5139
-3685
-2580
-3906
-6814
-9683
-10446
-8749
-6365
-4931
-5689
-7777
-9726
-9514
-7116
-4062
-2173
-2376
-3480
-4209
-3091
-541
2501
4486
4763
4200
3836
4826
6873
8910
10072
10015
9334
8676
8617
9181
9845
10044
9503
8384
7105
6157
5562
5304
4967
4352
3250
1975
611
-342
-901
-1123
-1228
-1747
-2542
-3543
-4256
-4512
-4376
-4113
-3879
-3826
-3983
-4171
-4313
-3884
-3081
-2164
-1551
-1472
-1641
-1677
-1212
-168
957
1661
1654
1175
908
1064
1698
2505
2961
2780
1981
1144
784
1099
1729
1933
1520
616
-251
-609
-443
32
196
-130
-897
-1507
-1619
-1356
-876
-693
-826
-1162
-1406
-1348
-1000
-624
-429
-472
-647
-590
-326
1
229
297
554
761
836
780
695
788
1069
1310
1448
1216
1012
1016
1344
1119
-326
-2857
-5006
-5183
-4005
-2288
-2531
-4610
-7837
-10074
-9835
-7669
-5171
-4631
-6107
-8777
-10096
-9066
-6096
-3178
-2091
-2814
-4323
-4621
-3009
129
3069
4360
4131
3250
3414
4743
7028
9098
9968
9681
8675
8259
8564
9542
10216
10269
9445
8249
7135
6325
6021
5741
5394
4581
3503
2165
928
-72
-665
-860
-920
-1284
-2205
-3486
-4478
-4781
-4320
-3688
-3372
-3661
-4493
-5163
-5165
-4090
-2721
-1755
-1814
-2518
-2949
-2591
-1311
116
1065
1058
538
145
441
1292
2217
2706
2558
2019
1473
1314
1575
2025
2216
1900
1190
563
279
329
407
390
96
-253
-688
-956
-946
-913
-810
-922
-1010
-1127
-1234
-1317
-1193
-1042
-887
-807
-789
-668
-505
-347
-277
-43
182
370
479
538
850
1035
1244
1210
1172
1330
1621
1857
1040
-402
-2103
-3253
-3582
-3525
-2939
-2880
-3842
-5985
-8243
-8944
-7976
-6155
-5231
-5753
-7337
-8794
-8937
-7442
-4879
-3069
-2825
-3732
-4398
-3568
-1486
1134
3065
3787
3523
3126
3735
5465
7627
9026
9308
8835
8376
8382
8899
9673
10048
9772
8832
7750
6947
6477
6173
5718
5159
4311
3267
2030
990
216
-313
-658
-1055
-1668
-2491
-3278
-3871
-4004
-3884
-3762
-3719
-4015
-4393
-4616
-4508
-3909
-3120
-2374
-2316
-2635
-2945
-2519
-1292
-121
586
425
97
-26
421
1349
2211
2619
2220
1690
1336
1481
2009
2236
2146
1664
1170
784
642
716
751
537
91
-321
-478
-496
-595
-781
-990
-1077
-1101
-1054
-1040
-1086
-1210
-1342
-1320
-1156
-804
-631
-606
-630
-618
-228
105
406
494
475
542
782
1143
1338
1426
1316
1467
1312
651
-868
-2461
-3254
-3305
-2749
-2459
-3030
-4531
-6600
-7966
-7837
-6468
-5293
-5176
-6300
-7793
-8509
-7893
-6016
-4092
-2992
-3224
-4047
-4211
-2988
-694
1475
2884
3189
3029
3112
4052
5793
7429
8448
8511
8259
8225
8499
9038
9407
9532
9123
8426
7676
7094
6657
6072
5377
4645
3970
3269
2405
1384
326
-519
-1073
-1310
-1600
-1977
-2770
-3693
-4308
-4399
-3903
-3549
-3603
-4091
-4527
-4588
-4187
-3491
-2816
-2413
-2450
-2435
-2270
-1630
-794
-187
141
123
328
568
1013
1518
1808
1933
1772
1743
1795
1944
1993
1818
1660
1431
1329
1138
982
745
445
169
13
-5
-132
-340
-723
-993
-1097
-1101
-951
-849
-846
-1043
-1366
-1519
-1412
-961
-561
-430
-530
-644
-573
-359
67
444
724
747
570
533
477
854
1252
1849
1671
564
-1028
-2526
-2924
-2953
-2570
-2507
-2863
-3990
-5812
-7169
-7419
-6541
-5599
-5295
-5713
-6564
-7292
-7474
-6603
-5029
-3537
-2894
-2977
-3162
-2746
-1542
-67
1599
2879
3591
3889
4177
4907
6033
7112
7855
8392
8637
8752
8621
8603
8657
8630
8452
8023
7646
7045
6233
5376
4639
4106
3571
2909
2095
1161
166
-687
-1292
-1567
-1782
-2204
-2747
-3353
-3788
-4072
-4134
-3920
-3729
-3615
-3797
-3926
-3769
-3454
-2915
-2583
-2256
-2015
-1619
-1192
-740
-416
-108
207
464
881
1253
1534
1586
1490
1452
1577
1780
1929
1927
1719
1267
974
814
879
888
669
343
-30
-249
-475
-551
-593
-758
-1021
-1232
-1302
-1254
-1143
-1099
-1198
-1332
-1438
-1302
-1059
-766
-670
-672
-600
-571
-371
-211
70
448
549
668
550
500
660
957
1485
1330
606
-845
-2170
-2969
-3117
-2810
-2483
-2597
-3599
-5079
-6378
-6745
-6458
-5712
-5107
-5030
-5461
-6089
-6305
-5850
-4811
-3607
-2789
-2392
-2054
-1591
-857
95
1207
2292
3228
4026
4778
5482
6068
6499
6902
7354
7927
8389
8641
8622
8322
7827
7295
7046
6938
6697
6263
5462
4476
3499
2807
2220
1763
1251
531
-252
-1119
-1585
-1992
-2331
-2667
-3080
-3347
-3593
-3649
-3632
-3596
-3633
-3780
-3801
-3457
-2952
-2517
-2267
-2174
-1985
-1635
-1143
-599
-136
173
360
501
618
901
1190
1433
1612
1599
1589
1525
1428
1410
1384
1295
1172
992
849
673
431
179
-122
-301
-482
-573
-630
-818
-1017
-1230
-1303
-1265
-1175
-1066
-1124
-1143
-1163
-1170
-1100
-992
-808
-589
-436
-254
-86
-82
-112
-180
-92
54
172
284
494
709
891
861
348
-594
-1753
-2361
-2594
-2327
-2406
-2697
-3326
-4105
-4796
-5343
-5351
-5261
-5143
-5061
-5015
-4946
-4841
-4687
-4419
-3988
-3456
-2813
-2084
-1269
-494
163
701
1277
2005
2926
3873
4725
5451
5911
6236
6467
6734
7135
7459
7636
7602
7484
7145
6830
6445
6042
5589
5042
4517
3955
3409
2817
2132
1419
688
99
-352
-751
-1042
-1431
-1866
-2334
-2688
-2900
-2979
-2925
-2944
-2930
-3025
-3045
-2878
-2723
-2368
-2148
-1896
-1727
-1555
-1242
-939
-511
-248
-11
140
287
477
624
891
1040
1090
1055
971
935
974
1026
908
778
589
464
306
225
85
-83
-300
-593
-650
-677
-710
-919
-1220
-1404
-1494
-1423
-1319
-1247
-1173
-1173
-1139
-1098
-972
-900
-745
-547
-506
-532
-503
-363
-185
-16
90
100
66
88
156
183
220
209
403
545
424
31
-780
-1518
-2239
-2533
-2590
-2464
-2349
-2576
-2963
-3634
-4065
-4329
-4356
-4122
-3954
-3611
-3458
-3137
-2957
-2806
-2539
-2391
-1948
-1281
-392
472
1212
1688
2074
2464
2844
3355
4115
4796
5221
5441
5645
5852
6057
6136
6070
5962
5619
5387
5163
4978
4709
4268
3725
3163
2684
2253
1905
1512
1055
529
39
-472
-794
-1005
-1202
-1340
-1622
-1766
-1872
-1940
-2081
-2144
-2176
-2118
-2035
-1839
-1653
-1569
-1531
-1478
-1314
-1056
-811
-571
-351
-183
-107
-87
-78
16
252
383
464
464
436
396
296
186
242
199
76
-102
-321
-433
-598
-668
-713
-839
-964
-1090
-1130
-1191
-1206
-1152
-1034
-999
-952
-867
-861
-921
-944
-764
-589
-470
-454
-497
-505
-394
-254
-50
65
36
-21
-24
43
-46
-108
-167
-80
68
172
307
350
444
535
331
-115
-923
-1503
-1666
-1571
-1483
-1667
-1854
-2084
-2379
-2762
-2887
-2885
-2853
-2877
-2974
-2883
-2685
-2399
-2146
-1939
-1788
-1628
-1368
-985
-311
355
909
1185
1438
1798
2229
2822
3242
3652
3989
4217
4396
4623
4831
4856
4744
4547
4405
4343
4221
4128
3882
3499
3084
2643
2257
1929
1616
1265
884
627
397
222
45
-216
-594
-958
-1156
-1183
-1151
-1134
-1197
-1358
-1489
-1622
-1548
-1424
-1281
-1225
-1156
-1072
-993
-917
-721
-558
-522
-564
-611
-490
-322
-128
4
137
28
-126
-293
-371
-340
-301
-301
-342
-344
-415
-567
-628
-754
-745
-726
-773
-947
-1145
-1181
-1139
-921
-720
-629
-802
-925
-872
-679
-561
-555
-601
-525
-359
-220
-78
-109
-98
-43
-9
154
248
275
247
22
-73
-38
105
248
312
343
307
202
118
161
257
297
313
20
-374
-800
-1065
-1059
-1065
-1214
-1452
-1681
-1883
-2132
-2355
-2446
-2411
-2243
-2233
-2294
-2188
-2030
-1832
-1721
-1616
-1464
-1268
-956
-527
48
500
762
901
1111
1526
1888
2319
2627
2949
3167
3324
3487
3556
3710
3734
3677
3556
3526
3438
3291
3157
2968
2773
2490
2174
1888
1725
1567
1314
1011
803
635
397
79
-182
-317
-464
-488
-492
-562
-604
-691
-829
-944
-1088
-1147
-1158
-1068
-954
-965
-953
-929
-878
-695
-599
-600
-646
-751
-759
-723
-625
-569
-527
-474
-529
-545
-563
-493
-647
-827
-974
-920
-775
-713
-528
-580
-543
-499
-576
-620
-616
-584
-482
-441
-428
-370
-354
-84
116
254
159
-79
-261
-421
-219
-17
246
353
118
-167
-372
-320
-59
63
15
-208
-346
-369
-232
-123
-167
-197
-268
-311
-193
-29
152
125
121
213
349
281
-117
-660
-1111
-1214
-1052
-933
-918
-971
-1188
-1397
-1624
-1762
-1831
-1752
-1737
-1770
-1736
-1587
-1360
-1188
-1083
-1029
-972
-965
-782
-393
1
395
694
919
1196
1563
1835
2022
2206
2401
2543
2739
2941
3173
3326
3358
3268
3168
3094
3070
2913
2610
2364
2119
1999
1914
1841
1707
1480
1213
798
305
-46
-219
-205
-272
-446
-615
-793
-833
-745
-723
-734
-889
-1075
-1107
-1229
-1251
-1303
-1228
-1051
-755
-529
-459
-598
-798
-866
-902
-837
-781
-508
-281
-167
-110
-196
-275
-482
-566
-474
-323
-202
-143
-90
-80
-140
-292
-458
-448
-143
-196
-379
-427
-260
16
-8
-261
-497
-352
-250
-233
-242
-138
105
68
-34
-25
-128
-431
-483
-395
-82
291
354
225
-91
-400
-748
-829
-619
-278
165
195
117
-178
-502
-558
-481
-360
-447
-565
-583
-244
196
420
298
-162
-562
-857
-1132
-1382
-1582
-1556
-1368
-1168
-962
-858
-793
-949
-1099
-1271
-1487
-1523
-1468
-1173
-783
-459
-111
40
197
348
405
436
515
637
882
1257
1620
1951
2136
2273
2377
2410
2463
2520
2563
2441
2277
2215
2251
2331
2301
2191
1930
1756
1482
1210
933
692
647
594
534
382
202
-9
-149
-232
-398
-605
-691
-682
-641
-608
-577
-497
-563
-750
-915
-928
-807
-572
-393
-358
-382
-504
-432
-447
-386
-265
-208
-108
-230
-236
-156
-4
181
-81
-261
-313
-129
-19
-19
72
107
163
30
-94
-322
-383
-291
-410
-549
-558
-351
-116
-189
-379
-642
-721
-715
-462
-207
-435
-688
-710
-475
-283
-371
-308
-325
-312
-441
-661
-899
-1113
-736
-112
313
333
-7
-427
-700
-837
-724
-506
-241
-149
-168
-210
-285
-407
-449
-357
-147
72
135
26
-16
-122
-385
-603
-702
-578
-433
-352
-444
-562
-534
-584
-555
-576
-638
-686
-732
-610
-461
-264
-72
50
135
213
284
280
318
463
635
763
1052
1377
1516
1665
1635
1524
1470
1344
1417
1444
1621
1807
1763
1604
1347
1192
1113
1030
857
743
714
719
725
701
643
513
235
-79
-190
-53
110
131
-35
-75
-129
-166
-256
-362
-321
-379
-410
-275
-6
125
128
49
-4
97
97
100
51
-26
69
19
-70
-46
87
371
374
77
-362
-425
-360
-301
-97
-62
-103
-206
-314
-537
-743
-678
-628
-577
-507
-485
-607
-917
-734
-515
-582
-882
-1074
-637
-448
-497
-560
-573
-494
-494
-402
-516
-542
-540
-507
-406
-297
-210
-176
-122
-144
-165
-332
-464
-542
-376
-151
6
-7
-210
-228
-341
-421
-423
-430
-380
-488
-378
-40
20
134
22
155
205
168
116
-42
-156
-306
-267
-220
-66
-55
73
176
41
-105
-353
-607
-610
-441
-268
-141
-83
26
144
145
185
101
30
-20
83
279
477
719
869
885
793
907
960
993
915
837
766
674
801
950
993
1029
890
901
805
585
332
224
359
465
781
831
635
423
269
316
292
376
492
524
481
353
351
181
226
197
212
273
299
358
282
258
416
433
309
3
-213
-206
-1
46
-158
-403
-321
-94
18
-81
-418
-584
-749
-577
-427
-271
-388
-508
-590
-790
-876
-849
-622
-461
-337
-310
-430
-537
-726
-852
-742
-478
-272
-251
-319
-338
-488
-399
-256
-152
-82
-124
-153
-398
-534
-644
-383
150
111
-31
-431
-203
-30
111
31
-475
-929
-1140
-810
-79
447
404
26
-446
-542
-462
-269
-86
-144
-239
-205
-32
135
64
-36
-111
-30
66
47
32
62
17
77
-59
-109
3
97
66
-134
-127
-119
-1
44
-55
-116
-196
-178
-43
115
159
90
20
-63
-35
87
285
331
244
142
107
140
284
491
505
570
753
860
769
488
418
511
605
555
562
675
762
984
1027
942
757
457
280
268
455
602
663
668
654
567
478
455
249
30
-121
9
233
503
517
297
259
123
40
-320
-425
-287
152
550
322
21
-302
-279
-348
-722
-703
-432
216
258
90
-197
-650
-834
-834
-356
-204
-188
-207
-159
-173
-350
-531
-559
-506
-175
-163
-328
-354
-330
-42
-164
-105
-320
-371
-302
-369
-224
-347
-276
-446
-475
-408
-356
-298
-332
-390
-477
-580
-429
-290
-87
36
-190
-169
-97
-105
-76
-176
-179
-136
-100
-125
-318
-333
-128
113
175
-56
-342
-465
-402
-219
-112
-134
-200
-166
27
251
213
-80
-273
-201
14
102
88
-76
-118
20
58
-26
-375
-338
-118
228
525
404
103
-166
-111
65
187
178
143
170
269
482
410
434
272
197
276
247
257
119
87
254
576
667
616
472
401
418
441
507
372
407
365
364
502
514
652
597
453
290
274
297
32
20
-35
231
440
445
267
158
70
130
142
189
218
74
123
98
80
86
136
71
47
-156
-128
-57
168
47
-78
-194
-166
7
-31
-138
-299
-337
-246
-74
-46
-47
-182
-193
-244
-204
-143
-244
-289
-417
-290
-178
-316
-329
-458
-258
-161
-67
-247
-368
-530
-596
-478
-421
-76
196
307
101
-100
-485
-636
-727
-552
-244
-18
243
277
-144
-544
-726
-455
-256
-120
-210
-215
-95
-244
-235
-158
-81
-239
-350
-319
15
311
233
125
-181
-99
44
127
98
-149
-74
-23
182
246
232
145
53
-97
-142
-130
-107
51
161
231
141
207
288
194
13
-208
-329
-316
-209
204
444
495
384
87
-42
-90
-9
-25
-4
334
476
581
337
172
113
127
160
229
368
397
495
404
357
151
-29
-75
95
349
602
576
460
333
278
92
-81
-158
-55
46
33
59
209
510
527
176
-294
-508
-200
72
-10
-153
-301
-172
0
187
132
104
70
-62
-343
-576
-380
-66
165
116
93
158
154
364
276
69
-71
-197
-192
-378
-443
-249
110
632
677
472
-79
-532
-825
-713
-310
-12
-61
-31
105
126
138
-83
-222
-419
-305
-354
-504
-672
-474
1
354
316
65
-195
-224
-49
94
-23
-271
-439
-177
84
307
194
85
251
343
253
-105
-263
-415
-378
-151
-108
-35
-114
-192
-181
-184
-82
24
64
-192
-301
-364
-124
-15
199
318
138
-12
-260
-88
-34
126
55
9
-60
-56
-52
-111
-90
-169
-18
-14
42
168
99
-27
-38
-32
-102
-107
99
109
21
229
406
401
134
-247
-321
-297
59
317
618
825
672
272
-325
-492
-430
-325
-113
226
626
765
619
123
-135
-302
-374
-302
-97
114
162
227
342
266
25
-86
48
123
229
121
53
-96
64
270
251
124
70
187
317
409
259
84
113
145
110
-10
-152
-117
-119
-3
315
336
68
-202
-327
-295
-325
-412
-327
-44
207
303
255
71
-98
-311
-365
-189
-92
139
165
107
48
87
39
-285
-366
-307
-112
-49
74
110
-125
-185
-253
-162
-119
-145
63
-35
6
-57
65
94
-159
-211
-37
208
103
-128
-129
-73
-58
-108
-49
185
450
352
0
-394
-665
-410
-161
143
-24
-148
-146
-45
150
129
64
-134
-146
-74
-100
-252
-426
-266
44
239
357
292
132
-148
-212
-334
-466
-483
-458
-102
238
431
263
-23
-158
-194
-217
-241
-179
-137
30
142
301
254
129
50
-88
-200
-266
-27
267
338
225
46
29
149
256
99
-95
-116
-73
137
225
247
236
96
21
25
237
398
395
271
77
144
60
29
-1
-55
-18
171
324
273
189
64
-87
-145
-222
-142
-164
-30
83
183
324
256
215
131
-101
-147
-142
83
36
-32
-32
95
233
286
575
435
203
-144
-310
-243
-72
197
42
42
82
354
376
226
43
-211
-359
-507
-362
-100
96
268
196
130
-68
-310
-338
-259
-149
-183
-210
-246
-136
-17
20
0
-47
21
-14
-276
-471
-469
-188
229
381
293
-58
-318
-397
-471
-349
-294
-36
84
169
167
-93
-260
-561
-590
-535
-166
74
205
137
113
73
-107
-183
-269
39
230
446
160
-97
-300
-208
1
122
140
75
192
150
64
-86
-49
-112
49
71
0
-127
-90
293
587
626
352
144
118
94
65
-4
51
181
211
180
234
351
304
77
-220
-356
-301
-142
-84
-43
-114
-210
-313
-217
-77
-89
94
186
99
-207
-181
253
584
214
-394
-574
-327
227
581
553
223
24
-49
13
-101
-330
-165
117
470
396
182
25
-125
-223
-242
-173
-93
44
214
334
260
-9
-335
-397
-219
142
162
116
2
18
200
91
-61
-308
-293
1
34
41
-49
-63
20
39
62
129
147
80
12
-146
-295
-210
-75
13
-15
-5
-147
-75
31
-65
-82
-163
61
-205
-314
-276
22
406
598
484
43
-286
-412
-275
-287
-247
-37
225
424
299
-45
-192
-182
-194
-438
-466
-353
82
371
535
386
102
-44
-171
-166
-268
-52
30
73
178
223
368
172
91
-94
12
161
-110
-261
-306
39
276
207
110
15
146
217
111
-255
-430
-279
-142
78
189
271
215
116
30
-101
-200
-27
178
227
109
-109
-84
96
166
237
16
-1
-41
78
214
108
117
-23
-92
-314
-259
-157
152
295
271
158
-40
-104
-167
-170
-287
-235
-26
233
312
173
33
-171
-81
-78
-127
-9
7
71
-1
68
13
-60
-74
-4
128
138
128
54
-18
22
187
164
-68
-320
-278
-176
82
284
137
-133
-325
-338
-156
-90
9
30
-45
-173
-200
-157
-163
-183
-207
-80
66
14
40
-115
-1
23
19
96
-110
-78
-112
164
194
132
25
-119
-31
-10
209
252
25
-115
-145
-115
-84
-52
126
80
157
148
196
175
170
42
-136
-105
-110
-43
-45
78
69
149
114
112
40
-131
-379
-250
-59
58
153
99
93
100
187
111
126
107
126
37
-21
47
128
155
188
144
134
52
-12
-239
-233
-203
82
302
149
-163
-448
-217
-169
56
-95
-181
-240
-57
35
-36
-81
-148
-62
-12
62
-107
-83
-172
-108
34
160
137
109
161
183
303
45
-213
-368
-342
-20
233
494
420
288
45
-27
-58
-93
-115
-134
-139
-70
176
254
230
-65
-55
-17
-22
-115
-164
-120
14
44
-127
-220
-246
-71
-20
157
152
77
59
69
45
-63
-118
-182
-20
166
46
-100
-99
-17
29
53
111
197
140
103
165
2
-168
-309
-133
113
203
166
96
-128
-128
41
150
212
120
44
-150
-351
-245
-90
314
280
114
151
106
25
-256
-508
-451
-166
75
491
470
304
-100
-230
-89
129
122
-114
-85
-35
92
240
282
319
102
-101
-270
-279
-87
2
43
-90
-152
-159
-130
-241
-52
252
288
-51
-347
-482
-366
-127
14
188
80
-39
-55
215
371
180
-18
-141
-37
-92
-148
-98
-17
-22
-31
-69
-222
-181
-214
-2
-70
-77
-43
78
119
122
48
-127
-168
34
180
382
342
184
-33
-108
19
50
-37
-89
-114
-29
87
187
99
-134
-130
-99
49
120
35
-55
-102
-75
-106
-55
16
107
54
45
85
-46
-224
-55
166
142
21
27
216
276
190
-5
47
-3
21
120
61
84
119
297
180
-9
-151
-148
-159
-220
-26
300
261
37
-99
52
145
-228
-340
-134
76
154
139
104
141
-35
-163
-221
-192
1
238
323
83
8
-168
-181
-158
-89
-91
-69
16
101
52
-113
-139
-93
-53
-134
-107
-51
75
-8
-53
-82
-46
-20
34
142
95
-7
-36
-20
10
29
97
10
-57
-79
-151
54
37
-3
-82
-139
26
49
-127
-369
-339
-120
16
128
96
-6
-114
-230
-197
-45
68
77
-14
-140
-96
14
125
158
77
11
-20
-31
-15
102
144
138
66
13
104
72
106
28
-135
-63
113
229
129
24
-88
-19
140
222
90
36
78
128
-25
-234
-109
25
203
244
148
41
-66
-74
11
-5
-66
-171
-82
141
412
468
250
-23
-248
-155
-102
-62
-59
-51
112
222
286
181
-4
20
44
-12
-110
-162
-166
-85
20
52
96
25
72
79
-18
-70
-143
-130
-122
-184
-165
-186
-25
241
322
176
-96
-179
-90
-75
-81
-121
-154
0
93
190
111
120
22
-135
-249
-285
-89
62
244
202
4
-141
-150
-104
-92
-137
-171
-102
76
209
166
-35
-272
-317
-319
-286
-181
-6
54
37
116
70
-69
-215
-225
-94
12
72
15
-6
112
219
217
63
-55
-33
87
171
172
165
147
136
39
-81
-47
108
179
21
-129
-172
-94
70
7
-112
-285
-335
-160
24
101
187
241
293
128
-161
-371
-288
-8
228
278
148
172
182
232
79
-205
-331
-245
-51
117
178
168
270
222
128
-30
-149
-177
-138
-39
49
150
190
187
170
127
-7
-174
-277
-321
-213
-23
121
134
90
81
82
79
-9
-118
-207
-216
-162
-91
40
375
578
436
48
-253
-162
-32
28
-163
-292
-137
148
237
125
142
141
69
-112
-253
-260
-123
-122
-117
-59
-60
40
123
191
204
-11
-218
-202
-95
36
21
-76
-98
-48
-38
-59
39
78
88
-58
-234
-142
9
111
62
-17
-65
-7
125
119
44
-14
-42
-90
-79
-42
63
122
98
30
-41
0
20
84
52
-55
-79
-74
-115
-151
-94
91
104
-58
-153
-184
-85
-62
-32
3
4
105
32
-66
-62
-86
31
105
101
29
-10
43
51
96
30
-12
-26
13
98
111
62
-19
-31
58
258
343
209
5
-55
-68
-36
-57
-44
80
30
20
6
16
71
91
76
-79
-188
-87
-20
-34
-99
-121
-68
25
135
68
-61
-123
4
96
8
-154
-215
-63
52
155
184
187
172
168
186
128
-14
-157
-93
-16
-8
-56
-94
-40
27
98
119
72
9
-115
-173
-183
-218
-185
-80
61
112
174
87
20
-37
-92
-80
-119
-105
-61
-84
-51
-9
76
133
102
94
55
11
-33
-30
-77
-139
-149
-71
82
135
89
66
116
174
93
1
-76
-94
-57
-52
-85
-69
60
158
101
-57
-156
-52
46
63
-12
10
178
190
131
-16
-103
-111
-137
-111
-53
-50
-47
-54
-3
-1
-106
-175
-147
-54
-6
-29
-51
20
41
60
47
50
26
-81
-109
-62
54
86
45
9
20
34
-24
-69
-86
26
83
22
-39
-81
-18
-14
28
70
132
108
62
22
-16
-95
-177
-97
80
214
243
128
16
-118
-112
-4
-40
-73
-77
37
222
287
81
-152
-246
-141
33
71
6
-57
48
116
94
37
-2
1
-25
-51
1
51
59
-4
-54
-29
22
73
133
129
137
140
92
-10
-98
-76
-9
55
91
85
125
133
115
42
-93
-176
-176
-129
-62
-6
30
55
74
42
-34
-70
-52
-29
-53
-58
14
69
33
-83
-157
-156
-73
-30
-14
-17
-18
27
40
32
-43
-108
-89
-19
13
26
46
51
32
44
16
-17
-85
-119
-97
-72
-30
-5
22
66
68
37
-25
-93
-93
-160
-155
-95
-5
93
131
134
118
47
-62
-165
-225
-181
-30
111
152
125
123
93
12
-9
-54
-95
-140
-75
85
168
153
69
21
27
15
-30
-139
-161
-33
37
67
80
50
-1
-65
-104
-155
-152
-101
-16
33
-37
-54
-42
8
46
-17
-78
-99
-17
84
141
111
56
39
35
49
59
32
-15
-37
0
69
83
98
98
102
90
76
52
-33
-133
-121
-56
33
103
146
194
132
65
15
-62
-117
-189
-230
-166
-50
64
72
67
69
24
-37
-61
-64
-58
-42
-11
71
137
150
133
87
69
65
74
67
48
32
-3
-14
4
7
-20
-52
-59
-46
-35
-34
-8
8
-31
-37
-7
7
-40
-114
-161
-121
-26
46
159
239
240
179
59
-22
-42
-45
7
115
204
228
187
137
74
-7
-114
-194
-202
-161
-73
26
80
64
-16
-89
-173
-232
-228
-183
-162
-121
-38
57
107
76
29
-36
-90
-101
-59
-14
13
34
36
68
97
77
33
-49
-109
-138
-134
-95
-72
-30
0
9
18
16
36
36
10
-12
-7
-21
-31
-24
-17
5
23
26
32
42
20
1
13
23
22
-12
-41
-43
-62
-62
-50
-32
32
44
54
30
34
37
6
15
14
39
21
8
-2
-25
4
29
87
107
91
54
-2
-20
-35
-36
-23
-10
-6
-25
-37
-27
-7
-32
-60
-92
-85
-64
-57
-55
-56
-24
-6
-2
-8
16
34
54
74
55
30
10
15
45
66
87
95
91
83
63
75
83
63
36
13
26
50
62
64
30
-6
-33
-75
-73
-47
-26
-37
-48
-86
-91
-76
-77
-88
-93
-91
-108
-93
-64
-20
-13
-2
20
19
34
28
28
43
58
80
79
59
41
24
19
4
17
16
24
44
8
-44
-93
-103
-97
-94
-63
-26
-7
-18
-29
-27
-16
-14
-48
-45
12
72
102
96
82
76
95
86
81
54
17
30
73
126
146
127
104
70
34
1
-12
-31
-78
-99
-87
-40
27
77
115
82
43
-6
-75
-77
-66
-34
-11
25
84
138
146
109
43
-46
-106
-133
-123
-94
-64
-39
7
58
55
6
-49
-121
-171
-189
-172
-139
-103
-35
18
66
79
66
36
-11
-50
-83
-101
-66
-4
48
89
145
175
150
89
32
-5
-37
-38
-10
24
61
62
41
29
7
-14
-50
-92
-106
-107
-94
-69
-25
-5
6
10
-1
-35
-96
-119
-114
-81
-49
-27
11
42
68
73
36
-9
-61
-70
-34
-8
12
25
46
45
28
6
-22
-29
-58
-52
-16
22
66
72
77
69
36
-3
-37
-53
-77
-80
-69
-62
-49
-32
-4
10
-14
-32
-47
-32
-8
1
25
50
100
122
124
138
151
137
90
36
1
-3
-3
12
30
49
40
9
-12
-27
-46
-75
-87
-90
-77
-50
-33
-12
-7
3
21
38
53
44
33
-5
-2
27
29
48
74
95
104
75
62
52
27
9
-6
15
37
42
32
22
18
-16
-56
-88
-89
-86
-72
-44
-34
-28
-27
-36
-19
-15
-26
-41
-71
-72
-72
-52
-9
30
63
68
51
42
30
12
-1
-9
-4
14
41
48
45
28
-14
-29
-21
-12
8
35
60
44
37
41
29
16
-8
-24
-34
-30
-33
-31
-15
-6
1
-10
-7
3
-11
-38
-49
-44
-39
-33
-23
2
29
54
64
49
37
37
12
-8
-21
-11
3
8
12
20
12
2
-11
-25
-10
1
-4
2
11
7
1
-4
-9
-21
-40
-67
-67
-52
-59
-50
-28
-3
8
18
7
-24
-39
-49
-22
0
5
0
-1
7
1
-23
-39
-39
-49
-63
-71
-64
-32
-17
-20
0
3
-5
8
11
-2
-14
-31
-30
-15
-11
4
8
13
12
5
5
-11
-20
-40
-47
-13
19
36
26
15
16
21
16
0
-18
-22
-5
5
21
37
55
39
28
23
26
24
13
33
38
43
55
57
65
79
112
118
97
91
83
75
78
62
60
55
45
42
46
49
26
19
8
21
22
-6
-14
-17
1
-5
-10
0
-9
-23
-34
-23
5
8
3
14
31
45
26
13
7
8
1
-19
-21
-29
-50
-59
-57
-35
-22
-31
-53
-80
-87
-88
-95
-76
-68
-62
-60
-72
-71
-63
-49
-43
-52
-46
-39
-27
-3
4
3
-12
-14
-16
-11
-6
-5
-1
-23
-35
-25
-34
-39
-49
-47
-46
-38
-29
-35
-30
-29
-6
16
29
21
17
18
20
24
30
39
48
57
62
60
62
50
37
39
30
29
31
30
32
36
40
38
38
34
30
18
17
16
16
20
26
27
26
11
-2
-6
-7
-6
-11
-6
3
16
2
5
-3
-8
-13
-7
6
7
7
7
-4
-5
-7
-17
-8
-8
-15
-24
-35
-38
-41
-35
-25
-19
-17
-18
-6
8
12
16
5
-7
0
-1
12
-3
2
6
8
15
17
34
18
18
19
29
31
22
24
14
18
15
-1
-3
-11
1
8
7
20
17
18
2
-6
-18
-28
-24
-27
-24
-32
-35
-33
-45
-47
-58
-48
-35
-22
-14
-19
-20
-28
-22
-14
-4
-6
2
13
2
6
13
11
8
3
-3
-5
1
21
35
38
42
46
32
24
13
14
23
15
13
-7
-26
-29
-25
-12
2
19
24
31
35
40
31
14
7
5
18
23
27
26
23
31
20
10
-2
-24
-30
-33
-24
-8
-8
-5
-14
-11
-27
-38
-42
-47
-34
-21
-13
-4
2
-3
1
8
20
26
16
9
11
-2
-9
-21
-34
-35
-34
-23
-6
4
13
22
26
25
5
-15
-24
-35
-21
-18
-28
-25
-24
-14
-13
-13
-2
5
15
30
31
31
17
13
13
11
20
23
21
0
-3
-16
-23
-22
-24
-20
-20
-6
1
12
14
16
30
17
17
10
9
4
-14
-21
-24
-12
-10
-6
2
9
13
4
-7
-4
-16
-14
-4
-8
-12
-14
-7
0
-10
-5
-5
-2
0
-6
3
12
12
6
12
12
12
8
-12
-26
-36
-42
-28
-7
0
-4
-10
-18
-21
-17
2
14
24
36
51
50
48
28
20
20
-9
-20
-22
-21
-23
-22
-6
7
17
21
25
28
16
19
11
17
13
10
8
3
12
14
30
17
1
2
8
24
19
24
33
27
29
25
32
17
5
3
0
-3
-8
-2
-6
-5
11
6
11
25
20
2
3
27
24
24
16
9
8
-9
-4
-10
-11
-20
-40
-35
-46
-57
-50
-36
-20
-5
18
19
27
25
1
-7
-22
-31
-32
-42
-56
-59
-39
-38
-44
-46
-48
-48
-48
-42
-34
-31
-29
-28
-23
-3
-4
3
10
19
28
27
21
32
36
34
32
38
50
42
45
63
78
101
103
90
86
76
51
17
4
-8
-7
-13
-27
-20
-18
-13
1
15
23
22
5
-6
-12
-19
-15
-22
-21
-24
-55
-60
-66
-70
-80
-82
-77
-83
-78
-84
-65
-49
-41
-27
-18
-14
-6
-5
0
0
5
21
12
10
19
28
28
26
28
18
11
9
3
4
-5
-8
-14
-9
-8
-15
-14
-5
-11
-10
-9
-4
-4
-15
-33
-33
-27
-24
-9
-11
-1
6
0
4
5
10
6
0
12
11
19
33
34
46
29
22
23
20
20
21
21
18
15
17
30
38
36
37
28
13
6
8
12
9
26
26
37
40
40
33
21
19
14
9
-2
-2
-16
-12
-5
-13
-9
-8
6
11
5
12
7
-2
-6
-6
-6
-16
-4
5
11
26
21
30
28
22
19
9
22
20
8
4
12
16
5
7
16
13
-2
-10
-21
-18
-15
-14
-9
-16
-33
-44
-36
-38
-29
-32
-37
-32
-25
-16
-11
7
8
5
13
12
17
13
4
-7
-10
-11
-23
-36
-46
-35
-23
-19
-1
-5
-3
-7
-8
13
22
21
19
19
15
6
6
4
7
14
4
6
-12
-20
-23
-28
-23
-27
-25
-16
-12
-8
-6
-13
-14
-22
-28
-33
-35
-34
-25
-21
-15
-9
-10
-9
-10
-7
4
0
1
3
2
8
1
2
5
4
2
-1
5
6
5
-1
9
21
10
6
7
9
6
2
-3
-11
-14
-16
-6
6
13
21
15
16
18
11
6
2
9
13
20
16
14
6
5
13
19
26
24
18
13
18
18
16
9
0
-13
-12
-5
2
9
1
0
2
0
3
9
10
-4
-5
3
2
8
16
17
13
10
-2
-9
-16
-21
-28
-23
-10
-7
5
1
6
7
5
8
4
13
10
5
10
1
4
11
13
21
29
28
12
9
12
7
-3
-12
-6
-10
-16
-16
-17
-8
-8
-5
0
2
5
0
6
4
6
5
11
17
15
17
0
3
-8
-29
-27
-10
1
1
7
8
6
7
7
8
23
19
13
-6
-16
-23
-33
-27
-15
-15
-13
-11
-12
-8
-9
-15
-12
-8
-10
-2
-2
4
5
-4
-6
-11
-11
-23
-30
-18
-6
1
4
8
5
2
8
3
11
7
-1
1
-7
-11
-13
-2
2
7
12
-5
-11
-15
-23
-9
2
8
4
-2
-7
-15
-14
-4
2
0
13
16
4
-3
-16
-15
-17
-17
-8
0
0
-1
1
10
7
-4
-4
6
9
13
20
15
26
22
14
23
19
12
13
14
11
13
9
5
0
-5
-7
10
30
31
33
21
9
6
-10
-14
-10
-12
-13
-17
-18
-7
-19
-28
-23
-17
-14
-17
-17
-17
-16
-34
-31
-17
-16
-4
-18
-8
0
-7
-1
4
19
14
17
9
-3
-1
-22
-21
-9
-7
-10
-22
-30
-37
-28
-36
-37
-16
-18
-12
-15
-4
11
9
7
14
27
15
16
20
23
25
0
3
7
17
10
5
8
-1
11
14
30
40
35
40
39
39
38
38
42
31
26
21
19
17
8
8
-7
-9
5
19
35
45
44
27
29
21
9
20
18
28
24
23
22
21
15
16
14
5
-11
-23
-29
-33
-29
-30
-18
-13
-9
-1
7
6
-15
-22
-32
-30
-26
-33
-12
-23
-29
-17
-26
-11
0
-5
-13
-21
-18
-35
-34
-22
-5
9
9
26
17
25
22
12
28
6
-7
-16
-29
-15
-33
-19
-13
-11
4
0
2
-17
-12
-23
-28
-24
-31
-30
-37
-41
-38
-31
-22
-31
-35
-40
-58
-43
-33
-18
-4
1
1
10
22
15
20
26
10
-9
-19
-19
-27
-24
-19
-19
-5
4
9
12
10
20
15
14
15
2
-1
7
21
26
30
27
23
23
14
14
26
20
19
27
35
49
56
57
54
61
57
48
39
27
12
7
14
21
20
27
26
19
25
22
23
13
8
-2
-16
-32
-43
-42
-39
-38
-46
-53
-52
-48
-33
-27
-26
-19
-16
-7
-4
13
13
-11
-12
-26
-29
-18
-29
-18
-24
-27
-33
-43
-35
-24
-21
-14
8
18
15
26
38
44
34
19
13
0
-1
3
-1
-10
-9
-10
-10
-2
9
10
18
30
50
49
36
21
4
6
5
14
6
2
7
10
8
7
5
1
-4
-8
-2
-1
1
10
14
18
20
16
14
10
16
12
13
12
13
4
-9
7
10
19
22
7
-6
-20
-23
-23
-22
-13
-18
-35
-43
-31
-16
-16
-16
-19
-18
-8
-5
10
2
0
-5
-10
-3
-9
-9
-15
0
5
9
12
4
9
-4
3
14
1
0
-16
-12
0
-5
-8
-19
-19
-32
-32
-33
-37
-26
-21
-9
11
11
8
3
-3
-4
-9
-19
-10
-15
-10
6
17
28
27
27
17
14
2
-9
0
15
20
21
14
11
21
19
17
20
15
15
15
24
27
16
3
-4
-10
-10
-10
-12
-5
2
-5
-6
-8
-15
-6
6
14
27
20
15
17
16
14
9
7
11
8
4
4
-1
0
-1
-14
-10
-6
-7
-3
1
-15
-25
-25
-34
-27
-25
-20
-26
-20
-6
18
22
18
22
16
26
28
26
35
30
28
33
38
38
25
7
2
10
21
17
10
-6
-13
-22
-20
-10
-15
-13
-12
-8
-3
1
0
-2
0
2
3
1
-12
-14
-16
-22
-26
-38
-57
-62
-68
-65
-49
-38
-29
-26
-16
-11
-6
0
1
2
0
2
15
18
18
14
3
0
-2
6
21
21
15
18
23
22
20
5
4
-12
-20
-30
-35
-39
-57
-55
-56
-46
-40
-33
-19
-13
-11
-4
-5
1
-5
2
1
-9
-14
-25
-19
-12
-4
-1
2
6
8
19
15
10
9
20
37
42
51
53
50
53
36
36
29
16
14
17
23
27
23
14
20
23
23
23
19
14
7
10
12
16
20
16
25
31
34
33
26
24
18
10
4
-6
-10
-3
-5
-14
-15
-7
-6
-5
2
-1
-12
-11
-8
-7
-15
-17
-28
-32
-24
-19
-9
-9
-6
6
20
24
19
14
-2
0
5
12
13
3
-1
-11
-12
-10
-15
-11
-1
6
2
4
11
2
4
-1
-2
-5
-20
-24
-27
-32
-30
-36
-22
-18
-19
-24
-29
-36
-46
-52
-53
-41
-34
-35
-24
-14
1
-1
-4
3
10
13
15
25
22
28
28
28
30
31
31
35
43
38
42
36
29
34
31
33
31
30
22
11
0
-2
8
8
20
21
27
35
27
23
27
31
31
28
22
22
12
5
2
-2
0
4
13
16
11
3
-12
-19
-32
-40
-44
-50
-50
-51
-58
-63
-58
-50
-52
-48
-30
-18
-11
-12
-17
-14
-24
-25
-13
-12
-1
-8
-15
-20
-24
-26
-19
-4
6
-2
-15
-21
-27
-31
-29
-16
-15
-21
-20
-12
-3
4
-1
5
-5
-21
-43
-53
-47
-38
-23
-16
-7
0
13
20
35
42
36
41
32
31
24
13
14
7
10
11
12
15
20
16
17
26
30
27
26
23
20
17
12
17
18
13
19
32
32
38
45
39
36
37
30
23
26
29
20
14
5
-9
-19
-40
-39
-40
-32
-10
-2
4
10
14
11
6
3
-11
-26
-35
-37
-33
-32
-32
-28
-19
-14
-14
-15
-12
-13
-15
-13
-12
-17
-19
-14
-18
-18
-17
-22
-24
-17
-13
-7
11
20
23
20
4
-5
-14
-8
-8
5
19
30
40
23
34
33
20
24
13
10
19
20
32
40
44
57
56
49
50
45
41
41
30
19
3
-8
-13
-12
-10
-3
6
10
3
0
-16
-19
-19
-22
-17
-18
-11
-17
-8
1
7
12
9
16
12
10
13
0
-8
-11
-17
-19
-16
-18
-22
-22
-19
-18
-25
-35
-28
-27
-18
-5
-7
-13
-21
-22
-25
-20
-8
0
10
13
27
37
29
16
10
15
10
-3
-14
-12
-17
-13
-12
-2
5
-2
-4
-8
-9
-24
-32
-36
-40
-37
-39
-29
-27
-32
-24
-27
-27
-21
-10
2
-1
9
18
24
25
19
25
25
22
22
21
31
22
9
4
8
8
5
15
18
12
5
-1
-3
-6
-20
-22
-12
-17
-14
-7
-7
-3
-7
-1
7
7
12
13
20
16
8
2
-1
-3
-11
-11
-13
-9
-13
-15
-4
-8
-5
2
-4
7
1
5
8
5
8
4
6
-2
9
14
6
2
-8
2
6
7
20
16
17
3
7
6
1
5
-5
7
13
17
28
31
29
15
-4
-7
-15
-27
-34
-35
-33
-36
-27
-14
-8
-5
1
0
-7
-16
-17
-15
-14
-10
-17
-15
-5
2
7
8
15
8
-5
-5
-6
0
11
8
6
-7
-3
-8
-23
-34
-39
-38
-37
-18
-2
9
8
7
26
37
37
32
16
8
11
3
11
14
6
1
2
11
16
17
13
18
26
31
29
9
4
1
1
11
19
24
31
29
37
44
45
36
20
15
5
13
10
7
7
1
-5
-12
-14
-20
-7
-2
-1
9
11
13
14
18
22
16
2
-4
-24
-42
-44
-42
-37
-40
-33
-38
-34
-24
-14
-6
-8
1
6
7
18
18
16
15
10
3
1
-6
-11
-24
-21
-13
-6
-5
-6
-3
-4
-1
-3
-10
-22
-23
-27
-28
-30
-32
-40
-31
-21
-25
-14
-15
-8
-5
-14
-14
-10
-16
-12
-5
0
11
5
-3
7
10
15
22
22
24
24
21
22
9
0
7
17
29
35
36
33
34
42
35
28
26
9
5
10
8
18
8
-2
-5
-14
0
-3
-5
-7
-5
3
8
19
15
13
1
-13
-18
-23
-28
-31
-33
-25
-16
-6
-4
-5
-12
-18
-16
-20
-19
-16
-16
-16
-13
-7
-6
-3
-4
-7
4
2
-4
0
8
13
14
20
21
20
14
11
11
18
15
14
12
20
19
15
12
4
-2
-4
1
-1
-2
-5
-6
-3
-5
-2
3
8
10
2
1
-2
-6
-7
-13
-10
-9
-14
-13
-28
-40
-51
-50
-39
-36
-28
-25
-14
-11
-6
3
3
2
10
19
32
34
30
34
32
26
19
11
6
0
3
8
6
9
-3
-14
-14
-19
-15
-19
-23
-14
-17
-14
-14
-15
-13
-8
-6
-10
-5
-4
-8
-6
-3
13
11
4
-2
0
10
8
8
11
11
6
-1
7
5
1
1
-4
1
-5
-12
-4
-2
-3
-9
-1
7
12
7
8
10
4
9
2
4
10
9
13
15
17
13
7
12
16
32
40
48
43
31
25
8
8
7
10
15
16
17
19
16
13
13
11
10
10
12
1
8
8
3
4
-5
-14
-19
-15
-9
-6
-1
6
7
9
8
5
0
-9
-13
-13
-7
-8
-16
-7
-6
-1
-7
-9
-6
-11
-16
-21
-13
-11
-19
-25
-24
-25
-26
-14
-6
-9
-7
-10
-14
-11
-3
0
5
1
-3
-5
-15
-19
-17
-13
-11
-8
-7
-3
-4
0
2
5
6
1
2
3
12
7
7
4
-5
-5
-10
-8
0
6
10
16
24
20
10
3
-6
-10
-19
-22
-17
-20
-19
-9
1
3
-6
-11
-8
-8
-12
-10
-8
-3
7
9
10
6
-1
-13
-22
-26
-26
-21
-25
-17
-21
-9
-2
3
8
2
1
-6
-9
-6
0
11
11
8
10
8
9
1
3
4
4
12
20
24
20
17
12
8
1
1
-1
3
11
15
13
10
8
12
14
17
17
5
-10
-16
-19
-10
-7
-11
-10
-12
-17
-27
-27
-24
-13
4
17
29
35
33
25
14
10
10
2
6
10
19
28
40
44
44
39
31
29
29
18
12
9
12
11
15
17
20
19
12
17
16
20
23
20
20
23
25
13
2
-24
-32
-37
-34
-20
-13
-5
-5
-10
-17
-20
-22
-33
-29
-29
-28
-28
-37
-40
-49
-39
-32
-26
-18
-20
-24
-25
-16
-14
-16
-12
-15
-18
-17
-15
-10
-5
5
6
11
17
27
32
21
16
14
5
7
-1
4
6
10
13
8
14
16
10
6
7
5
0
-2
-5
-3
-4
-5
-10
-16
-24
-29
-31
-35
-35
-37
-25
-6
3
17
20
14
4
4
12
17
28
32
29
28
11
6
6
6
0
-11
-7
-15
-25
-37
-36
-32
-31
-23
-18
-3
8
9
12
11
6
0
4
5
2
-3
-14
-10
-5
6
6
11
18
18
24
23
24
22
8
3
-6
-1
4
-2
-7
-11
-4
-8
-14
-23
-21
-11
-9
-8
-5
-2
-5
-14
-11
-5
0
-3
-6
-7
1
9
10
16
19
13
9
13
21
19
15
12
11
9
11
10
14
14
9
8
9
12
20
17
15
12
15
24
23
22
17
14
19
21
21
26
29
15
5
-7
-13
-14
-13
-8
-3
-1
3
-1
0
6
3
3
2
5
7
13
13
10
9
7
-7
-24
-35
-30
-28
-21
-7
4
0
-5
-16
-17
-11
-17
-17
-9
-4
-5
-8
-10
-12
-15
-21
-24
-20
-22
-22
-29
-22
-14
-20
-15
-16
-12
-4
-11
-12
-6
-8
-6
-11
-14
0
15
23
28
33
25
21
12
8
20
25
26
17
8
3
-4
-17
-15
-10
-7
-6
0
15
19
17
13
10
11
-5
-13
-12
-14
-3
1
-4
-6
-16
-20
-18
-9
6
9
9
7
12
12
15
15
7
8
3
-12
-15
-23
-26
