SAMPLES:	15826
BITSPERSAMPLE:	16
CHANNELS:	1
SAMPLERATE:	16000
NORMALIZED:	FALSE
15
8
6
-4
-10
-5
-10
-14
-18
-19
-20
-17
-16
-18
-14
-17
-12
-12
-18
-16
-25
-26
-22
-22
-17
-18
-12
-8
-3
1
6
8
12
17
19
19
20
17
10
1
-5
0
-3
-7
-8
-13
-9
-8
-2
3
2
4
3
6
4
9
7
7
2
3
9
7
13
10
10
6
7
16
9
13
11
12
13
12
13
5
7
2
7
3
1
2
-2
0
-2
-10
-14
-19
-17
-18
-20
-16
-13
-10
-10
4
6
14
19
17
27
23
21
25
28
28
26
20
21
17
14
8
2
1
-2
0
0
3
2
1
1
3
1
8
7
4
3
1
4
-1
1
1
3
1
2
3
3
2
1
9
9
9
13
14
11
11
2
-4
-9
-13
-11
-12
-15
-18
-24
-23
-24
-19
-13
-11
-6
-10
-3
-1
-9
-5
-10
-7
-3
-5
4
0
4
3
5
9
15
19
11
10
4
-7
-14
-18
-19
-20
-20
-21
-22
-14
-14
-10
-6
-4
1
4
-2
2
1
-2
0
-5
-5
-11
-12
-13
-13
-11
-11
-9
-5
-5
0
0
-5
-7
-12
-16
-14
-18
-17
-16
-19
-12
-6
-8
-4
-6
-8
-4
-1
-2
2
-3
0
-3
-8
1
2
6
13
22
23
24
24
23
28
24
20
17
1
-6
-8
-5
-4
1
4
2
5
2
3
-4
-5
-4
-8
-5
-3
6
11
4
8
7
5
4
-4
-5
-5
-1
-3
1
6
3
12
8
11
15
6
-3
-9
-12
-11
-14
-16
-14
6
5
6
7
7
11
-2
3
9
7
8
2
2
5
5
-1
3
14
14
12
16
18
11
4
10
8
6
6
8
20
18
19
14
16
11
1
4
2
-1
-12
-10
0
11
25
16
14
10
4
10
9
16
7
1
-8
-9
-5
-4
-6
-15
-12
-15
-14
-11
-12
-8
-11
-13
-7
-10
-13
-18
-15
-8
-9
-8
-5
-7
-10
-12
-17
-8
-4
0
4
4
14
17
11
20
15
6
-6
-14
-25
-35
-27
-15
-3
-8
6
10
12
18
21
24
24
12
7
16
26
24
14
13
2
2
-7
-10
-7
-13
-15
-23
-11
-15
-20
-12
-12
3
7
3
3
-1
-6
-10
-20
-32
-40
-47
-45
-34
-21
-19
-19
-14
4
17
16
13
4
-6
-9
-2
9
16
18
13
3
2
-5
-1
-7
-8
-9
-10
-12
-23
-18
-9
-8
0
6
17
34
32
29
22
26
24
20
17
14
19
11
6
13
25
31
35
31
24
18
5
0
-6
-7
-21
-30
-24
-18
-4
-8
-4
-8
-25
-24
-27
-14
-17
-27
-28
-31
-20
-22
-23
-16
-14
2
7
14
18
14
14
14
15
11
8
2
-4
-2
0
6
10
11
14
17
17
14
12
10
4
11
19
17
9
7
1
2
9
3
18
18
18
23
23
26
15
14
6
0
-5
-12
-15
-20
-17
-21
-18
-5
6
7
9
7
2
0
-12
-14
-17
-18
-15
-24
-18
-13
-7
-10
-11
-6
-7
-4
-4
-10
-8
-12
-23
-27
-31
-25
-18
-14
-12
-9
-10
-14
-11
0
10
17
22
18
15
13
10
5
4
2
2
10
9
11
8
6
6
6
6
0
8
3
1
-2
-5
7
8
8
6
2
0
-7
-4
-6
-1
-1
2
-2
-2
-5
1
9
17
24
18
21
19
15
15
13
5
0
-6
-9
-9
-12
-16
-15
-8
-5
6
10
19
20
20
18
13
11
7
5
0
1
-3
-7
-12
-10
-15
-14
-13
-12
-8
-8
-2
0
-1
-7
-9
-8
-5
-6
-8
-10
-11
-13
-10
-6
-2
1
-2
-3
-4
-1
-3
0
8
9
10
9
7
8
7
5
2
-2
-4
-14
-13
-15
-8
-2
1
4
5
7
4
9
11
14
12
10
10
7
4
-4
-5
-5
-10
-5
-4
1
-4
-2
2
4
15
12
9
3
-3
-10
-17
-20
-21
-23
-20
-12
-4
1
4
4
4
8
14
13
17
13
9
8
-3
-4
-7
-7
0
2
4
-3
-10
-18
-15
-8
-3
10
10
11
13
8
6
5
3
0
-6
-8
-18
-25
-28
-29
-25
-21
-13
-5
2
5
4
6
13
17
21
24
23
22
16
13
7
1
0
0
1
0
-3
-8
-11
-9
-9
-8
-3
1
2
-3
-4
-2
-4
-6
-5
-1
7
2
-2
0
-6
-1
4
15
19
21
21
15
10
6
8
4
3
5
-2
-9
-18
-25
-30
-27
-22
-9
1
7
12
8
7
5
8
9
11
9
1
-3
-9
-12
-15
-17
-13
-3
0
-2
-7
-10
-15
-8
-2
2
8
11
11
6
6
3
2
-1
6
7
7
10
8
2
1
3
2
9
13
5
12
13
7
11
2
7
5
3
-2
-14
-11
-14
-13
-11
-7
-3
-5
0
-3
-2
1
-2
5
4
6
-1
-4
-7
-15
-4
-1
3
9
11
16
17
21
27
22
28
25
21
16
11
13
8
4
0
1
1
3
2
-2
-5
-15
-21
-20
-14
-7
-1
-5
-6
-3
-6
-4
-1
0
6
7
0
-5
-10
-13
-16
-11
-5
-3
-7
-5
-6
-5
-7
-6
-6
-7
-5
-9
-8
-9
-8
-7
-4
-1
5
2
0
4
9
10
10
4
1
-2
-4
-3
-11
-13
-13
-12
-9
-4
1
-3
-3
-3
-6
-4
-6
-6
-8
-8
-10
-15
-17
-18
-9
-4
2
12
10
12
11
7
10
6
11
14
11
11
6
3
-2
-3
4
1
-5
-2
-2
-6
-5
-6
-12
-13
-11
-9
-8
-9
-15
-20
-22
-20
-16
-16
-7
2
10
10
6
8
10
14
19
23
27
24
17
12
12
13
9
11
11
11
8
-3
-4
-6
-7
-3
-3
8
11
13
11
15
16
9
13
10
10
11
10
11
8
12
5
2
1
-1
2
-3
-3
-2
2
5
4
10
12
11
10
5
5
3
1
-5
-8
-4
-8
-4
-6
2
-1
-1
5
5
7
5
-3
0
-5
-12
-9
-10
-7
-16
-18
-23
-20
-20
-24
-24
-20
-16
-16
-14
-9
-8
-9
-8
2
3
-1
-6
-10
-6
-10
-12
-4
7
14
20
27
25
17
14
15
13
16
16
8
6
2
-5
-11
-9
-11
-13
-14
-18
-20
-17
-13
-16
-13
-7
-6
0
-4
-3
-2
-5
-1
-2
-1
4
1
9
13
17
19
16
11
11
7
0
-3
-7
-7
-5
0
1
-2
-1
-3
0
5
6
2
0
1
1
2
1
-2
0
1
5
8
5
10
1
-2
0
1
9
6
4
4
5
6
-2
0
-1
-1
1
0
2
3
-1
-2
4
3
1
0
-7
-4
-4
-6
-4
-8
-6
-7
-5
0
-1
6
3
5
4
4
1
-3
1
-1
-1
-5
-6
-2
-10
-10
-14
-11
-14
-21
-19
-19
-12
-5
-5
-5
2
3
5
8
9
11
12
11
11
11
11
14
15
18
19
20
17
6
0
-1
-2
-4
-2
-7
-10
-7
-8
-5
-4
-3
-6
-4
3
5
5
8
9
9
10
9
6
2
6
-2
-2
0
-4
-2
-3
1
1
-1
-1
-1
-2
-4
-8
-7
-9
-14
-19
-14
-16
-15
-9
-7
-3
1
1
1
4
6
8
5
7
7
5
2
-1
5
3
4
10
10
11
10
7
7
8
6
6
7
7
8
5
1
-5
-12
-13
-13
-13
-11
-6
-2
0
5
5
9
7
5
11
6
3
4
0
-2
1
1
2
4
5
6
7
1
1
0
-1
-1
-5
-7
-8
-12
-15
-17
-18
-15
-11
-8
-9
-5
5
9
7
9
7
11
8
6
4
3
1
-3
-1
3
3
3
1
-3
-7
-5
-7
-10
-8
-9
-11
-16
-16
-15
-14
-11
-5
-2
2
2
6
7
9
10
11
13
14
9
6
3
-3
-4
-7
-9
-8
-6
-5
-4
-7
-6
-8
-6
-3
0
4
4
2
-1
-4
-4
-5
-7
-6
-4
-3
4
6
11
13
15
16
14
11
6
5
-4
-6
-9
-8
-6
-3
-4
-2
-3
-6
-1
1
1
3
1
3
2
6
7
5
3
2
2
4
6
9
6
9
10
8
11
9
8
7
2
1
-4
-7
-8
-7
-6
-3
-2
-5
-4
-2
1
0
-2
0
-2
-4
-8
-9
-9
-5
-5
-5
-1
0
1
1
8
9
8
11
9
8
6
2
-4
-5
-2
-1
1
-1
3
2
2
8
5
5
4
2
4
-3
-6
-8
-11
-6
-8
-5
1
5
8
9
8
5
8
9
5
2
1
0
-5
-6
-4
-5
-2
-3
-4
-5
-7
-6
-8
-6
-3
-4
-7
-4
-4
-5
-4
0
2
6
7
13
16
13
13
8
5
-1
-1
-5
-4
-6
-7
-11
-10
-6
-7
-8
-5
-2
1
0
-2
0
-2
-1
1
2
3
9
7
10
14
10
13
14
13
11
3
1
4
1
-1
-8
-8
-10
-14
-18
-18
-17
-18
-16
-18
-18
-14
-18
-16
-11
-8
-2
5
7
12
11
11
14
18
15
11
11
11
10
8
7
4
0
-1
-1
-3
1
2
-1
2
1
0
-1
1
4
3
7
9
6
10
1
-2
0
-3
5
1
2
6
2
5
0
1
-1
-5
-4
-1
0
-1
-4
-8
-10
-14
-24
-27
-28
-30
-25
-29
-26
-24
-23
-18
-15
-7
-1
4
4
8
10
11
10
8
9
7
9
13
14
15
18
14
14
12
8
10
7
9
12
8
8
4
1
6
3
5
11
12
15
19
20
18
18
14
12
11
7
2
5
1
4
5
0
-3
-1
0
0
-1
0
-2
-1
-7
-9
-10
-11
-13
-17
-19
-20
-23
-21
-18
-16
-15
-11
-4
-7
-3
4
5
12
11
11
7
3
2
-3
-10
-11
-11
-10
-11
-10
-7
-8
-9
-6
-3
-5
-4
-1
-5
-2
-5
-11
-9
-6
-3
-5
1
8
11
11
13
16
14
8
11
12
5
2
-6
-5
-7
-10
-10
-8
-4
-5
-3
-4
5
11
11
14
13
14
8
1
-1
-9
-10
-12
-14
-11
-7
-5
2
7
9
15
19
23
24
21
9
2
-6
-6
-6
-11
-4
-7
-10
-8
-10
-10
-13
-10
-15
-15
-10
-15
-10
-10
-6
2
4
10
16
19
23
24
21
16
10
7
3
3
4
3
4
10
14
18
18
18
19
19
18
19
9
6
4
3
4
5
0
-10
-7
-3
-7
-4
-5
-2
3
-3
1
-4
-9
-11
-10
-8
-12
-10
-12
-11
-9
-8
-12
-15
-13
-13
-12
-12
-6
1
-5
2
3
9
10
7
6
10
14
10
19
17
20
22
19
20
17
10
8
11
6
1
2
-4
-5
-10
-18
-24
-24
-18
-14
-10
-7
-5
-8
-6
-1
-7
-4
-6
-13
-11
-10
-7
-10
-14
-16
-15
-18
-18
-12
-11
-9
-10
-8
-3
2
-2
-6
-8
-8
-11
-8
-3
-6
2
4
15
18
9
15
14
13
10
7
1
-7
-10
-8
-9
-3
0
6
5
4
13
11
21
23
25
21
14
7
-4
-14
-14
-11
-14
-13
-10
-13
-12
-19
-19
-18
-17
-10
-16
-9
-15
-12
-14
-16
-12
-7
-8
-13
-9
-10
-9
-14
-9
2
10
14
15
10
14
9
12
11
6
11
3
4
-3
-6
-9
-9
4
6
2
1
0
9
14
24
31
25
23
17
14
11
9
9
6
7
14
15
8
-4
-6
-4
-10
-12
-15
-18
-20
-17
-12
-7
-5
-1
1
1
8
1
-4
-7
-5
6
12
26
47
58
51
43
34
29
26
20
19
24
28
31
25
22
10
3
-4
-3
-7
-15
-23
-32
-28
-16
3
3
3
0
-4
0
7
11
4
-13
-20
-18
9
19
21
18
1
4
-2
13
15
13
-6
-29
-39
-52
-45
-36
-24
6
32
45
42
22
-6
-25
-18
-10
6
3
-7
-13
-11
4
26
40
17
-17
-43
-56
-55
-70
-91
-97
-83
-51
-11
20
22
29
34
27
17
-8
-16
-19
-15
-3
-4
-10
-9
3
1
2
-4
-10
-7
-17
-21
-22
-30
-27
-11
11
18
18
12
8
-4
-20
-14
-18
-16
-11
8
50
65
62
59
85
96
34
-32
-40
-5
13
-6
-22
-19
-18
1
45
70
29
-20
-36
-27
4
-15
-50
-47
-15
7
-6
-21
-29
-24
-7
-5
-10
-43
-44
1
25
16
-1
6
5
2
-7
-14
-22
-22
2
45
55
53
39
5
3
31
69
54
-12
-78
-110
-77
-8
63
83
65
50
61
70
46
8
-37
-42
-40
-52
-53
-45
-42
-20
1
2
-1
-10
3
32
50
52
58
56
60
45
38
34
29
9
-36
-39
-19
6
27
-1
-43
-53
-5
40
44
46
52
39
-49
-117
-128
-94
-36
-21
-5
-1
-27
-31
9
97
142
110
44
19
26
7
6
41
65
73
36
-2
1
16
52
13
-37
-40
30
100
42
-28
-33
7
10
-29
-66
-108
-111
-140
-164
-112
-33
26
7
-37
-28
-3
-36
-121
-140
-31
87
89
-4
-79
-24
82
94
-10
-81
-9
110
119
14
-76
-50
10
21
-52
-107
-43
39
76
20
-9
32
32
-2
-19
73
167
136
21
-34
81
168
101
-51
-171
-167
-111
-26
45
33
-11
-92
-104
-66
-26
31
47
17
-65
-114
-56
25
67
5
-91
-122
-70
21
19
-45
-69
-8
64
35
-78
-155
-98
36
111
47
-85
-131
-36
76
81
4
-3
120
265
257
83
-123
-204
-109
49
130
113
75
48
6
-41
-61
-36
21
86
138
124
64
-26
-121
-132
-74
23
113
119
57
-33
-88
-100
-31
18
6
33
115
200
182
33
-115
-175
-126
-100
-133
-165
-117
49
211
229
132
-1
-16
65
108
86
8
10
77
101
49
-21
49
164
203
160
30
-84
-162
-142
-87
-44
-55
-45
25
35
-38
-202
-301
-286
-171
-27
5
6
-53
-101
-77
-35
23
90
137
181
204
167
72
2
-22
-23
2
-6
-24
-45
-21
77
86
37
-85
-177
-169
-37
100
76
18
-29
15
73
14
-43
-105
-157
-134
-87
-15
49
75
47
0
-25
-45
-27
0
-1
-3
15
54
22
-71
-129
-113
-41
-41
-87
-71
48
199
201
161
132
138
156
101
39
-74
-108
-82
-34
13
-2
-68
-68
-23
32
20
-68
-127
-90
-5
36
84
100
62
-6
-110
-176
-172
-168
-82
40
119
202
245
238
204
138
48
-39
-106
-148
-155
-140
-104
1
78
48
-62
-135
-94
-31
18
41
73
98
90
67
36
7
-42
-78
-106
-141
-151
-82
3
57
100
122
135
104
8
-122
-201
-189
-110
-27
62
65
41
51
43
46
7
-45
-9
54
121
166
135
61
-45
-125
-122
-60
-1
3
46
123
161
191
139
83
4
-95
-78
-12
30
38
11
-35
-40
5
7
-25
-65
-86
-82
-60
-61
-73
-73
-41
43
143
215
164
51
-42
-60
-42
-103
-90
-20
79
123
83
26
-60
-109
-112
-55
-19
-28
-48
-56
-31
8
-30
-52
-35
-29
-11
-11
-37
-64
-24
69
137
135
101
20
-53
-133
-207
-157
-58
61
101
59
-19
-48
-17
50
35
-31
-42
7
69
49
12
-39
-37
-17
-4
48
68
48
16
25
55
92
121
121
77
-34
-107
-151
-123
-112
-56
90
160
195
92
-27
-73
-111
-74
-118
-170
-157
-65
103
186
227
208
119
60
-9
-39
-91
-116
-89
-67
-18
-62
-44
15
81
103
67
65
65
101
103
67
23
24
50
57
84
2
-125
-208
-181
-71
-42
-64
-33
38
73
55
68
51
55
63
70
18
-56
-94
-103
-130
-164
-242
-264
-151
59
257
291
162
33
-6
-31
-60
-188
-238
-181
-70
84
226
318
329
306
230
95
-62
-187
-68
19
-58
-202
-243
-140
18
120
89
-8
-102
-104
-47
26
89
42
21
-18
-68
-112
-185
-148
-115
-121
-52
11
75
146
205
283
207
38
-159
-294
-278
-185
-50
49
92
34
13
125
210
188
110
136
212
198
26
-78
-97
49
93
79
110
55
67
18
-21
-29
-141
-261
-294
-156
-12
42
-12
-87
-101
-169
-185
-125
12
155
180
3
-140
-237
-176
-81
15
179
137
137
33
21
34
-79
-60
-82
-12
79
132
104
-27
-146
-147
-35
55
99
3
-116
-200
-206
-115
-11
84
96
161
199
114
-6
-92
-58
52
129
140
75
-25
-115
-220
-162
-143
-52
148
232
356
256
115
-36
-155
-26
48
161
136
176
133
97
101
38
44
-70
-158
-190
-234
-148
-135
-132
61
86
153
143
181
283
27
-234
-530
-491
-191
75
284
327
350
226
101
-28
-215
-327
-355
-173
114
395
438
289
6
-247
-172
-67
105
120
-3
-161
-246
-293
-324
-253
-192
13
161
183
211
128
20
-10
-64
-39
-74
-37
72
144
213
136
-10
-130
-225
-47
188
250
182
-119
-238
-247
-193
99
259
512
465
270
104
-75
-67
-159
-204
-286
-326
-226
-305
-322
-220
60
460
466
337
10
-80
-114
-133
-48
-61
79
114
298
442
390
189
-181
-331
-320
-313
-268
-168
129
162
-17
-148
-173
12
145
72
-75
-260
-263
-85
168
123
-122
-339
-254
106
375
434
255
106
-33
-128
-185
-98
33
181
41
-140
-257
-239
-66
29
93
26
-27
35
-23
-26
-50
-37
13
-126
-272
-241
14
388
541
300
-140
-305
7
240
247
-78
-358
-325
41
172
1
-260
-281
-80
212
195
-68
-326
-453
-161
80
309
227
154
195
133
159
47
4
-150
-196
-84
213
381
231
38
-107
-4
255
388
331
139
-123
-426
-589
-382
-6
-8
-183
-64
179
345
256
61
-147
-236
-267
-185
93
316
496
455
214
-67
-155
-259
-370
-409
-308
12
259
244
155
111
49
3
-36
103
258
225
56
-62
-50
141
194
223
227
-16
-172
-383
-359
-322
-380
-179
109
368
296
51
-33
-17
27
38
89
20
127
273
306
121
-357
-568
-457
-126
229
348
325
-35
-226
-233
-204
-50
5
-1
-123
-143
-42
103
182
242
211
118
53
-98
-47
-16
88
124
-54
-166
-173
49
112
-43
-109
-284
-247
-4
288
430
241
14
-173
-143
59
62
40
-164
-168
60
73
-68
-249
-210
-7
180
21
-242
-251
-136
26
134
109
219
255
86
-70
-306
-360
-220
-123
166
177
103
-34
-171
23
-73
2
-116
-97
88
-27
150
32
-145
-320
-208
389
768
740
190
-361
-464
-167
180
222
154
-226
-279
-59
133
424
41
-264
-381
-408
-124
-206
-225
-149
158
386
87
-207
-378
-88
447
566
354
-100
-415
-260
198
617
474
42
-244
-128
190
286
216
101
140
227
-61
-415
-519
-425
-318
-214
-52
-1
210
300
-62
-477
-506
-267
-84
-38
34
-92
-72
277
653
875
514
223
98
-132
-425
-739
-614
-115
263
280
177
136
219
287
236
101
-170
-217
41
271
139
-318
-588
-285
547
1041
701
-119
-529
-147
481
606
81
-491
-439
20
178
54
-152
-200
-122
-1
-65
-719
-1135
-1003
-318
288
498
663
903
1168
826
150
-512
-732
-726
-533
-195
12
117
104
-27
-127
-75
85
295
367
228
-134
-519
-643
-449
-41
100
170
58
-14
-8
15
80
-78
-112
-195
-216
-265
-91
57
231
160
-170
-245
-175
-52
70
242
236
304
463
636
539
315
17
-281
-243
-70
262
318
405
341
215
29
-198
-229
-202
-132
-111
-26
225
290
178
15
-97
-151
-99
72
325
466
140
-56
-44
200
359
398
0
-485
-891
-745
-182
191
303
161
54
-70
39
-79
-64
45
-11
63
30
-18
-330
-622
-488
-326
84
311
402
198
-129
-315
-474
-473
-442
-192
19
281
208
172
-154
-356
-313
-184
149
226
109
-65
-163
-265
-449
-398
-124
-18
-53
-207
-94
242
487
434
322
89
-46
78
155
113
-29
-68
-20
295
436
384
36
-105
115
226
217
6
33
75
301
375
388
203
-41
-241
-288
-208
-424
-475
-402
-157
-16
92
-26
-4
-214
-150
-190
-354
-246
-218
39
-2
4
-37
83
208
66
208
154
164
-39
-217
-44
92
294
104
52
29
135
333
394
254
176
-43
-142
-103
37
358
314
372
280
311
251
159
-78
-285
-403
-224
-21
53
-5
-38
95
146
400
345
34
-313
-502
-362
-183
20
155
201
177
293
300
41
-56
-197
-128
-134
-172
-109
-85
-183
-297
-261
-229
-185
-75
52
73
191
99
-92
-278
-346
-255
-306
-289
-278
-46
154
200
216
-15
-108
-262
-437
-397
-228
212
331
290
121
38
-46
-294
-291
-241
116
343
499
462
220
292
226
182
-260
-487
-553
-345
94
191
317
108
74
46
-87
-17
-117
-41
-93
-202
-88
-29
136
168
200
256
144
239
147
55
-165
-184
-39
117
225
85
-120
-230
-112
187
420
308
78
-174
-16
136
206
150
34
70
65
35
106
223
443
517
283
-26
-121
-37
-139
-311
-469
-518
-342
-228
-94
-202
-174
-90
-43
-84
-331
-318
-294
-2
302
436
529
474
436
359
129
-177
-574
-668
-444
-156
168
282
303
300
295
145
-51
-239
-457
-662
-683
-474
-133
208
212
-64
-357
-368
-181
-106
-246
-314
-101
252
465
494
368
295
254
302
280
299
292
181
-38
-223
-227
-165
-42
15
58
41
-3
90
220
275
171
33
-41
-22
132
278
333
187
-15
-75
-11
62
4
-135
-425
-557
-350
-57
249
244
183
106
3
-147
-380
-553
-571
-293
78
225
262
234
265
365
337
259
160
39
-46
-125
-80
-39
136
350
542
629
492
187
-284
-633
-705
-667
-582
-557
-484
-392
-261
-94
-54
-14
-107
-159
-173
-141
-82
-69
27
154
274
329
330
277
173
117
-1
-1
-2
44
85
91
150
129
174
139
133
139
150
191
150
85
-11
-112
-192
-233
-90
129
425
654
766
773
650
590
524
497
469
450
446
387
491
562
524
382
158
77
143
323
398
411
308
191
169
181
302
392
477
628
813
1044
1143
901
217
-818
-1919
-2951
-3876
-4730
-5440
-5918
-6122
-6040
-5759
-5286
-4656
-4008
-3365
-2834
-2238
-1603
-1032
-459
179
990
1802
2599
3266
3952
4656
5075
5232
5139
4878
4394
3919
3385
2969
2598
2234
1988
1719
1534
1175
794
326
-178
-531
-800
-743
-455
111
753
1337
1968
2549
3100
3395
3509
3452
3241
2961
2650
2400
2213
2075
1928
1734
1479
1241
929
474
11
-484
-976
-1406
-1631
-1677
-1564
-1355
-1053
-807
-684
-486
-375
-286
-366
-451
-624
-794
-804
-760
-695
-762
-722
-806
-938
-1037
-1070
-1053
-1210
-1372
-1508
-1540
-1450
-1230
-1073
-953
-902
-895
-802
-623
-157
451
1240
2124
2806
2625
961
-1913
-5396
-8701
-11440
-13406
-14396
-14467
-13549
-11749
-9131
-5991
-2787
-67
1660
2486
2845
3149
3472
3962
4691
5540
6577
7663
9029
10400
11236
11200
9887
7780
5334
2959
845
-919
-2178
-3004
-3362
-3201
-2310
-1083
1
652
721
525
303
345
825
1621
2712
3808
4875
6055
7315
8280
8467
7763
6373
4693
2903
1391
169
-771
-1603
-2360
-2779
-2826
-2602
-2600
-2923
-3506
-4148
-4584
-4616
-4023
-2927
-1596
-235
1065
2355
3496
4353
4701
4354
3501
2316
1228
408
42
-53
-120
-273
-518
-607
-923
-1341
-1945
-2662
-3419
-4096
-4213
-3839
-2985
-2038
-1101
-307
332
995
1405
1684
1695
1474
1104
681
644
826
974
938
697
479
155
-230
-686
-1184
-1471
-1523
-1218
-739
-182
325
826
1391
1612
1171
-562
-3199
-6305
-9567
-12349
-14450
-15200
-14671
-13192
-11004
-8248
-4802
-1393
1528
3412
4397
4935
4961
5049
5159
5781
6603
7357
8179
8822
9602
9712
9048
7484
5261
2737
20
-2091
-3552
-3964
-3945
-3572
-2649
-1341
444
1796
2951
3490
3582
3441
3242
3668
4286
5330
6156
6911
7511
7676
7715
6925
5707
3916
1868
-66
-1717
-2581
-3111
-3332
-3462
-3345
-3004
-2704
-2405
-2242
-2109
-2131
-2117
-1729
-962
209
1519
2694
3567
4150
4426
4210
3596
2739
1582
247
-1072
-1944
-2267
-2287
-2092
-1871
-1722
-1779
-1928
-2152
-2273
-2383
-2470
-2415
-2088
-1292
-322
567
1149
1570
1641
1339
823
155
-450
-1013
-1475
-1690
-1488
-1023
-514
-60
220
318
208
-162
-395
-436
-245
43
319
826
1542
2503
2936
2224
-34
-3496
-7366
-11135
-14050
-15997
-16570
-15936
-14195
-11337
-7748
-3566
284
3305
5193
5997
6327
6266
6384
6737
7300
7944
8363
8948
9459
9793
9346
7797
5203
1888
-1328
-4046
-5683
-6412
-6218
-5372
-4012
-1966
439
2909
4722
5748
5868
5482
5149
5152
5765
6542
7370
8059
8293
8236
7842
7020
5400
3041
371
-2271
-4262
-5371
-5525
-5132
-4552
-3859
-3084
-2225
-1435
-675
-333
-296
-374
-325
212
1268
2687
4003
4850
5073
4752
3896
2803
1493
55
-1514
-2975
-3880
-4178
-3840
-3110
-2317
-1785
-1556
-1612
-1696
-1725
-1690
-1510
-1313
-933
-241
792
1990
3071
3743
3692
3023
1990
906
-145
-1091
-1825
-2372
-2619
-2400
-1886
-1357
-973
-902
-1059
-1290
-1287
-1053
-739
-326
122
756
1559
2414
3245
4134
4715
4254
2198
-1651
-6328
-11125
-15070
-17456
-18157
-17038
-14986
-11764
-7899
-3510
909
4174
6566
7185
7118
6648
6395
7146
8046
9480
10012
10287
10200
9651
8634
6103
3105
-1128
-5082
-8298
-9955
-9400
-7908
-5210
-2778
-136
2440
4743
6927
7917
8313
7543
6665
6144
6409
7683
8617
9364
8995
7906
6202
3994
1853
-689
-3115
-5593
-7234
-7750
-7100
-5283
-3367
-1416
-305
378
752
874
1212
1158
1213
1158
1495
2320
3344
4557
5021
4730
3228
1273
-649
-2167
-3107
-3810
-3992
-4041
-3597
-2778
-1803
-837
-506
-656
-1188
-1721
-1979
-1751
-1160
-370
679
1399
2224
2922
3322
3540
2976
1881
431
-999
-1893
-2257
-2262
-2196
-2345
-2590
-2628
-2559
-2192
-1712
-1373
-1081
-937
-571
376
1578
2679
3392
3525
3346
3077
3099
3372
3459
2403
-535
-5049
-9932
-14130
-17019
-18496
-18459
-16746
-13839
-9831
-5356
-518
3947
7161
8965
9159
8979
8619
8582
8873
9109
9351
8773
7973
6789
5617
3834
885
-2617
-6460
-9123
-10521
-10055
-8060
-5232
-1910
1097
4204
6986
9396
10742
10893
10224
8986
8066
7399
7354
7530
7436
6670
5085
3321
1168
-975
-3248
-5474
-7157
-8209
-7889
-6493
-3955
-1252
922
2394
2898
3390
3425
3439
3294
2830
2409
1925
2101
2533
3084
2895
1905
187
-1945
-3520
-4903
-5271
-5261
-4855
-4101
-3251
-1640
-86
1121
1622
1435
675
-229
-772
-808
-219
335
882
1409
1939
2451
2653
2342
1433
102
-1499
-2841
-3626
-3721
-3242
-2831
-2488
-2299
-1954
-1506
-1175
-879
-743
-492
-98
535
1448
2420
3327
3669
3534
2960
2294
1998
1670
1623
1688
1620
827
-1936
-6197
-11300
-15743
-18408
-19257
-17875
-15090
-11114
-6517
-1869
3035
7153
10197
11300
10719
9599
8136
7394
6854
6799
6674
5810
4551
2653
1208
-609
-2857
-5498
-8323
-9812
-10038
-8076
-4563
-209
4025
7080
9498
10954
12081
12272
11500
10053
7978
6274
4805
4344
4274
4099
3307
1438
-670
-3071
-4985
-6468
-7257
-7171
-6468
-4741
-2190
1145
4221
6269
6936
6211
4995
3580
2635
1940
1388
846
246
54
-8
178
-126
-1050
-2573
-4402
-5684
-6111
-5398
-4027
-2456
-1099
11
1057
1922
2467
2218
1360
145
-979
-1270
-887
284
1557
2310
2598
2255
1812
1286
471
-620
-1966
-3262
-4125
-4321
-3852
-2878
-1867
-1109
-628
-378
-413
-480
-514
-192
407
1059
1790
2345
2809
2952
2613
1978
1357
962
683
309
254
816
1642
1916
358
-3368
-8689
-14148
-18051
-19446
-18276
-15184
-11166
-6745
-2119
2588
7017
10244
11626
11006
9016
6706
5130
4799
5353
5938
5503
4196
2383
582
-938
-2675
-4847
-7332
-9325
-9656
-7584
-3326
1993
6844
10133
11683
12140
12025
11602
10583
8834
6630
4370
2966
2684
3230
3645
2854
923
-1866
-4464
-6169
-6750
-6263
-5526
-4389
-2657
-79
3385
6504
8469
8440
6634
4126
1804
702
481
683
473
-173
-933
-1503
-1737
-2131
-2760
-3959
-5273
-6132
-5717
-3958
-1535
813
2263
2823
2539
2005
1395
765
110
-779
-1576
-1703
-829
604
2024
2764
2703
1753
374
-716
-1421
-1840
-2141
-2525
-2823
-2689
-2129
-1259
-577
-316
-414
-769
-1088
-1046
-493
496
1376
1894
2038
2112
2045
1791
1443
955
556
63
-334
-604
-417
257
1319
2375
2423
434
-3826
-9337
-14875
-18510
-19791
-18377
-14609
-9903
-4534
556
5288
9042
11010
11437
9752
7334
4991
3629
3661
4343
5424
5275
4267
2406
431
-1491
-4005
-6281
-8542
-9409
-8359
-5115
-25
5211
9658
12115
12907
12441
11285
9939
8082
6192
4205
2792
2254
2285
2824
2559
1474
-797
-3345
-5307
-6496
-6272
-5417
-3601
-1540
935
3770
6295
8206
8471
7487
5076
2504
393
-699
-706
-781
-662
-941
-1322
-1863
-2572
-3204
-3934
-4532
-4921
-4565
-3361
-1490
569
2212
3025
2930
2117
1061
-23
-994
-1636
-1820
-1519
-770
372
1664
2698
2896
2303
1196
-143
-1269
-1916
-2149
-2161
-2069
-1809
-1464
-1053
-756
-636
-796
-1235
-1425
-1532
-878
201
1730
3015
3644
3647
2831
1807
420
-563
-1392
-1633
-1346
-702
-23
609
1461
2401
3473
3026
662
-4494
-10748
-16146
-19735
-19839
-17542
-12637
-7350
-2556
2064
5671
8963
10376
10243
8574
6018
4264
3425
4512
6084
7348
7043
4654
1805
-1326
-3723
-6010
-7958
-9014
-9160
-7143
-3120
2504
7881
11476
12950
12310
11044
9369
8021
6978
5753
4789
3595
3010
2914
2811
2245
439
-2163
-5188
-7330
-7966
-6934
-4479
-1742
1140
3389
5268
6710
7380
7214
5815
3690
1169
-506
-1003
-721
-162
-273
-619
-1383
-2546
-3421
-4129
-4543
-4736
-4609
-3864
-2321
-466
1274
2450
2635
2236
1016
-86
-712
-966
-671
-406
100
718
1329
1866
1899
1506
625
-329
-1303
-1667
-1456
-1151
-731
-685
-678
-979
-1354
-1662
-1837
-1783
-1482
-776
9
959
1747
2270
2713
2807
2588
1951
838
-74
-840
-1133
-1199
-1002
-363
178
812
1184
1557
2223
2417
1307
-2097
-7340
-12914
-17556
-19746
-19188
-15701
-10642
-5434
-375
3679
7173
9277
10084
9482
7551
5862
4377
4515
5524
6978
7723
6145
3638
59
-3047
-5741
-7826
-8580
-8838
-7404
-4537
49
5331
9582
12206
12369
11365
9577
8008
7145
6499
6194
5398
4696
4076
3432
2578
817
-1685
-4653
-7191
-8481
-8043
-5842
-2723
539
3167
4966
6303
6844
6740
5838
4013
2115
414
-262
80
701
996
472
-685
-2484
-4107
-5486
-5878
-5618
-5044
-3670
-2231
-211
1659
2908
3391
2679
1458
-13
-1124
-1548
-1329
-716
-31
689
1297
1922
2122
1808
1112
130
-736
-1192
-1232
-848
-498
-400
-426
-857
-1275
-1830
-2289
-2349
-2255
-1801
-1052
5
1297
2329
3013
3310
3048
2318
1102
-68
-1003
-1644
-1740
-1336
-808
-369
-259
-171
730
1719
2885
2635
392
-3761
-9357
-14218
-18084
-19188
-18290
-14899
-9955
-4854
715
4445
7731
8939
8778
7927
5965
5539
5077
6233
7501
8231
8247
5882
3416
-324
-3508
-6435
-8945
-9315
-8873
-5998
-2231
2421
6952
9766
11460
11062
10335
8973
7785
7209
6660
6708
6355
6053
5226
3779
1762
-1166
-3831
-6248
-7345
-7148
-5972
-3601
-1198
1255
3271
4568
5307
5126
4538
3607
2772
2068
1604
2037
2368
2311
1397
-296
-2044
-3984
-5275
-5703
-5597
-4727
-3606
-2227
-685
659
1616
1918
1472
629
-178
-819
-721
-163
739
1627
1935
2069
1840
1334
765
70
-636
-1305
-1556
-1216
-551
-76
38
-166
-720
-1314
-1896
-2377
-2431
-2118
-1515
-651
135
969
1554
1912
2170
2109
1734
1024
158
-339
-584
-357
-107
20
107
-246
-258
-88
509
1589
2047
927
-2631
-8089
-13092
-17160
-18981
-18292
-15574
-10711
-6331
-1676
2470
5771
8198
8368
8006
6572
5657
5577
6290
8223
9115
9296
7084
3820
448
-3182
-5725
-8297
-9015
-8539
-6730
-3165
1087
5753
8572
9915
9807
9126
8559
7981
8300
8529
8636
8368
7519
6699
5006
2667
-346
-3553
-6060
-7738
-7765
-6441
-4082
-1335
798
2454
3261
3777
3963
3675
3585
3329
3318
3239
3347
3443
2732
1626
-349
-2354
-4175
-5452
-5533
-5076
-3984
-2835
-1606
-413
254
697
561
161
-414
-825
-782
-375
530
1196
1852
2018
1838
1536
908
496
51
-106
-306
-329
-132
115
249
-189
-709
-1562
-2436
-3152
-3482
-3147
-2463
-1606
-630
276
1061
1769
2224
2595
2699
2463
1818
967
340
-412
-774
-941
-670
-365
-652
-564
-795
-255
592
1732
2053
-381
-4825
-10787
-15464
-18395
-18854
-16612
-12806
-7716
-3300
904
4282
6529
7770
7208
6417
5306
5326
6480
8305
10297
10600
9178
5628
1447
-2192
-5288
-7133
-8136
-7822
-6185
-3680
143
3766
6760
8119
7970
7263
6582
6833
7833
9136
10218
10287
9443
7745
5646
3201
223
-2802
-5516
-6986
-7183
-5923
-3621
-1373
240
918
1212
1569
1856
2424
2958
3619
4057
4382
4827
4936
4369
2829
613
-1948
-4161
-5583
-5795
-5040
-3922
-2808
-1881
-1268
-759
-343
-311
-476
-854
-853
-277
594
1834
2687
2975
2658
1739
825
-32
-558
-642
-526
-322
-39
366
753
716
271
-678
-1823
-3030
-3748
-3863
-3193
-2058
-943
10
511
970
1239
1629
1866
1954
2044
1799
1648
1356
1021
874
217
-318
-1091
-1522
-1360
-1058
-121
753
1473
593
-2665
-7655
-12723
-16663
-18751
-18620
-15988
-11002
-5771
-844
2730
5067
6149
5789
5316
4849
5253
6467
8152
10131
11015
10580
7996
4031
-295
-4291
-7014
-8448
-7949
-6173
-3546
-537
2238
4422
5443
5454
5105
4825
5299
6524
8433
10446
11488
11405
9955
7708
4637
1319
-1746
-4233
-5403
-5608
-4640
-3118
-1468
-304
-159
-320
-608
-478
-50
1006
2575
4120
5315
5729
5518
4660
3415
1541
-510
-2418
-3666
-4093
-3734
-2834
-2036
-1762
-2016
-2554
-2864
-2853
-2488
-1791
-997
99
1140
2106
2779
2907
2348
1476
532
54
91
392
955
1267
1122
741
143
-353
-818
-1474
-2050
-2581
-2676
-2604
-2071
-1463
-904
-546
-434
-182
212
731
1337
1706
1905
2004
1668
1427
1110
763
514
-9
-324
-578
-843
-726
-542
148
639
125
-2091
-6119
-10625
-14195
-16856
-17886
-17003
-14242
-9635
-5499
-1253
1869
3652
4593
4280
4805
5388
6645
8555
9966
11216
10716
9085
6087
2486
-772
-3790
-5391
-6072
-5116
-3519
-1755
124
1258
2001
2195
2365
3140
4169
5934
7948
9876
11278
11404
10780
8901
6591
3809
1159
-754
-2102
-2378
-2540
-2315
-2056
-2146
-2223
-2738
-2563
-2070
-1305
-14
1167
2897
3771
4523
4611
4095
3372
2216
1375
438
-142
-798
-1324
-1804
-2232
-2383
-2746
-2905
-3046
-3065
-2762
-2447
-1658
-917
-308
235
526
783
1040
1153
1353
1453
1504
1533
1422
1347
953
631
130
-368
-621
-982
-1034
-1229
-1462
-1836
-2320
-2621
-2574
-2171
-1601
-774
-128
381
776
1041
1387
1664
1703
1536
1101
720
699
568
835
762
416
54
-445
-307
-147
83
-558
-3031
-7010
-11404
-14727
-16993
-17565
-16425
-12956
-8480
-4438
-863
1191
2602
2853
3076
4102
5578
7755
9737
11383
11976
11028
8663
5207
1658
-1348
-3298
-4045
-3757
-2727
-1629
-897
-556
-578
-540
-433
102
1611
3312
5869
8140
10185
11334
10948
10068
7962
6058
3987
2244
1082
125
-130
-666
-1063
-1676
-2504
-3582
-4632
-4756
-4091
-2430
-548
1439
2944
3465
3558
3184
2949
2584
2158
1681
1361
1130
956
713
61
-722
-1921
-2819
-3306
-3311
-2809
-2326
-1958
-1769
-1555
-1308
-987
-699
-316
-5
264
760
1357
2207
2702
2826
2515
1741
1048
477
187
9
-239
-572
-1073
-1616
-2132
-2519
-2606
-2554
-2481
-2385
-1903
-1186
-329
429
1027
1399
1586
1665
1527
1638
1681
1837
1833
1249
682
-76
-537
-677
-738
-721
-2088
-5174
-9434
-13271
-15509
-16857
-16690
-15173
-11747
-7783
-4478
-1540
300
1636
2159
2890
4543
6700
9082
10962
12056
11871
10149
7408
4379
1796
-299
-1608
-2163
-2066
-1766
-1568
-1607
-1941
-2259
-2586
-2131
-949
1272
3870
6413
8645
9870
10334
9563
8570
7495
6421
5599
4619
4116
3384
2319
876
-927
-2376
-3716
-4426
-4597
-4291
-3610
-2857
-1990
-1049
-120
667
1245
1529
1853
2009
2423
2859
3375
3556
2879
1988
618
-288
-1042
-1501
-1537
-1795
-1983
-2396
-2727
-2883
-3050
-3103
-2928
-2439
-1614
-582
283
1078
1458
1565
1635
1786
2235
2612
2829
2615
2151
1368
571
-198
-910
-1495
-2059
-2345
-2380
-2383
-2535
-2677
-2697
-2390
-1973
-1409
-675
199
1248
2127
2639
2645
2217
1719
1399
1332
1321
1169
806
587
293
-194
-1856
-5083
-9313
-13429
-16008
-17119
-16268
-14306
-11158
-7950
-5437
-3282
-2225
-996
139
1819
4381
7027
10011
12069
13098
12572
10542
7763
4805
2686
1300
925
767
595
8
-1148
-2432
-3888
-4713
-5024
-4126
-2423
101
2872
5156
6988
7695
8004
7775
7516
7592
7735
8106
8090
7567
6472
4633
2440
-51
-2092
-3453
-4057
-4094
-3849
-3479
-3272
-3228
-3206
-2863
-2384
-1730
-861
288
1576
2865
3588
3925
3772
3174
2486
1564
1045
590
314
99
-223
-623
-1477
-2338
-3205
-3761
-4023
-3910
-3308
-2578
-1640
-858
-256
141
369
687
1087
1671
2267
2769
3070
3090
2804
2090
1200
215
-595
-1253
-1626
-1634
-1544
-1528
-1835
-2384
-2810
-2872
-2557
-1937
-1040
-141
533
813
859
1176
1722
2252
2315
1717
1009
890
1133
1824
1975
860
-2010
-6795
-11366
-14712
-16082
-15964
-15013
-13259
-11044
-8952
-7260
-5698
-4589
-3378
-2022
289
4032
7935
11365
13105
13012
11646
9313
7316
6059
5848
5818
5435
4483
3018
1269
-888
-2813
-4370
-5219
-5335
-4620
-2896
-729
1121
2150
2587
2925
3530
4577
6192
7969
9362
9963
9516
8641
7334
5756
4163
2539
1357
266
-572
-1148
-1757
-2587
-3913
-5174
-5874
-5772
-5129
-3999
-2672
-1387
-372
252
845
1220
1636
2028
2424
2973
3424
3601
3425
2864
1956
791
-487
-1302
-1740
-2064
-2315
-2705
-3005
-3279
-3454
-3351
-2940
-2411
-1679
-896
59
1015
1616
1987
2098
2095
2123
2114
2072
2087
1802
1294
496
-196
-583
-925
-1193
-1502
-1875
-2086
-2082
-1825
-1487
-1489
-1648
-1849
-1770
-947
166
1139
1510
1421
1387
1585
1740
1641
1407
197
-1783
-5078
-8327
-10530
-12553
-13792
-14930
-14435
-12366
-10104
-7993
-7090
-6484
-6036
-4837
-2234
1480
5609
8467
10082
10370
10224
9887
9289
9171
8939
8861
8357
7472
6577
5008
3018
409
-1907
-3385
-3871
-3463
-2745
-1808
-1567
-1700
-2018
-1622
-247
1432
3429
4962
6336
7193
7627
7913
7762
7400
6456
5615
4952
4535
4147
3229
1838
-53
-2050
-3677
-4618
-4797
-4612
-4547
-4665
-4770
-4455
-3698
-2764
-2032
-1499
-917
-151
1029
2298
3411
3962
3703
3073
2509
2230
2129
1973
1444
728
-177
-1149
-1769
-2338
-2713
-2992
-3133
-2943
-2597
-2056
-1408
-1133
-1025
-901
-613
51
855
1534
1834
1695
1461
1258
1216
1328
1360
1282
898
517
211
80
-147
-727
-1275
-1693
-1766
-1560
-1082
-420
-271
-771
-1945
-2740
-2318
-661
1646
2749
1324
-2745
-8126
-12007
-13709
-13554
-12062
-10644
-8966
-8282
-8389
-8594
-9059
-8382
-7014
-4245
-435
3358
6605
8040
8119
7081
6203
6128
7172
9234
10850
11633
10645
8459
6018
3659
2322
1513
1354
1339
1016
483
-544
-1630
-2831
-3415
-3300
-2215
-418
1260
2834
3468
3602
3422
3385
4061
5000
6151
6898
6985
6524
5626
4567
3567
2563
1628
784
-46
-671
-1448
-2318
-3107
-4097
-4817
-5207
-5120
-4327
-3570
-2807
-2468
-2304
-1800
-1101
40
1127
2017
2506
2638
2731
2701
2740
2511
2081
1550
961
621
279
-79
-540
-1176
-1707
-2054
-2224
-2042
-1891
-1772
-1804
-1926
-1763
-1490
-1088
-623
-294
-25
306
645
918
1091
1050
1130
1328
1526
1727
1729
1651
1356
797
92
-415
-568
-472
-341
-538
-701
-827
-928
-629
-887
-1813
-4273
-8062
-11011
-12960
-13280
-12804
-12077
-10464
-9519
-9285
-9680
-9904
-8691
-6462
-3210
117
2991
4989
5850
6326
6520
7202
7972
8945
10105
10706
10860
9998
8542
6765
5014
3944
3213
2955
2539
1816
686
-863
-2035
-3013
-3185
-2676
-1759
-638
-25
455
713
952
1585
2461
3640
4724
5508
5895
5961
5897
5590
5174
4721
4326
3889
3224
2388
1361
219
-1076
-2201
-3087
-3596
-3781
-3910
-4033
-4359
-4628
-4765
-4435
-3619
-2650
-1542
-777
-146
305
681
1313
1939
2568
2955
3006
2860
2595
2265
1905
1471
1080
669
268
-62
-453
-938
-1464
-1950
-2262
-2367
-2201
-1981
-1817
-1889
-1928
-1816
-1497
-876
-266
308
636
863
984
1089
1251
1452
1616
1688
1605
1433
1315
1230
1104
721
164
-15
108
233
154
-369
-1393
-3654
-7019
-10177
-12112
-12910
-13104
-12920
-12044
-10929
-10530
-10790
-11153
-10544
-8639
-5609
-2038
1087
3330
4349
4772
5405
6590
8360
10007
11292
11860
11645
10895
9803
8806
7790
6920
5986
5071
4142
2855
1394
-250
-1524
-2352
-2797
-2748
-2594
-2408
-2387
-2302
-2029
-1417
-497
596
1766
2779
3623
4205
4680
5174
5609
5919
6124
6169
5935
5285
4240
3169
2212
1373
633
-105
-966
-2142
-3331
-4355
-4847
-5011
-5019
-4964
-5096
-5015
-4708
-3919
-2792
-1837
-1015
-493
18
761
1619
2548
3142
3328
3225
3143
3051
2976
2862
2489
2146
1545
896
384
-189
-669
-1243
-1847
-2290
-2676
-2936
-3042
-3107
-3027
-2777
-2453
-2133
-1737
-1392
-925
-534
-23
651
1264
1706
1777
1776
1996
2358
2719
2722
2285
1808
1429
1491
1618
1628
995
-1092
-4626
-8735
-11479
-12610
-12229
-11157
-10438
-10199
-11415
-12906
-13737
-13016
-10108
-6726
-3221
-1086
-160
547
1204
3143
5418
7980
9987
11026
11625
11494
11476
11094
10605
10234
9639
9176
8116
6810
5136
3137
1444
-38
-767
-1357
-1922
-2682
-3647
-4395
-4880
-4604
-3902
-2938
-1988
-1386
-734
-140
787
2096
3451
4670
5377
5710
5827
5962
6147
6293
6131
5611
4713
3505
2309
1251
450
-419
-1351
-2358
-3407
-4270
-5058
-5645
-5970
-5994
-5561
-5034
-4425
-3875
-3404
-2726
-1946
-944
148
1108
1895
2433
2765
3125
3459
3755
3960
3985
3804
3321
2767
2164
1625
1135
496
-209
-1096
-1900
-2460
-2823
-2964
-3149
-3287
-3554
-3764
-3618
-3206
-2419
-1783
-1351
-759
-183
464
832
1029
1420
2181
3004
3262
3053
2640
2656
2778
3126
3115
1332
-1924
-6407
-9254
-9742
-9120
-8154
-9007
-10520
-12346
-13653
-13368
-12499
-10517
-8633
-6978
-5427
-4387
-2879
-1481
342
2516
4686
7023
8487
9650
10340
10715
11222
11486
12056
12169
11740
10820
9349
7996
6555
5471
4485
3254
2027
386
-1015
-2275
-3229
-3761
-4295
-4497
-4632
-4546
-4355
-4028
-3403
-2635
-1556
-411
733
1720
2454
3121
3786
4631
5554
6174
6411
6131
5632
5069
4324
3696
3054
2357
1525
292
-1026
-2288
-3247
-3823
-4368
-4815
-5266
-5538
-5601
-5552
-5239
-4668
-3968
-3176
-2401
-1649
-880
-227
487
1270
2078
2872
3614
4064
4215
4165
3963
3699
3383
3059
2779
2243
1380
394
-497
-1134
-1634
-1958
-2379
-2827
-3328
-3784
-3981
-3947
-3529
-3009
-2564
-2131
-1994
-1585
-946
17
1252
1936
2096
1628
1373
2212
3528
4870
4770
2514
-1497
-5953
-7993
-7572
-5524
-4577
-5639
-8166
-11567
-13498
-13422
-11198
-8285
-6797
-6664
-7388
-7451
-6212
-3780
-859
1515
3096
4013
4868
6134
7688
9305
10461
11045
11429
11662
11666
11330
10774
9951
8915
7961
7135
6278
5038
3313
1565
101
-973
-1628
-2195
-2891
-3876
-4820
-5381
-5293
-4724
-4113
-3499
-3097
-2699
-2162
-1297
-80
1265
2578
3276
3672
3849
4190
4846
5255
5421
5150
4627
3936
3324
2650
1909
1148
208
-703
-1598
-2426
-3115
-3820
-4330
-4682
-4821
-4858
-4783
-4527
-4268
-3904
-3476
-2816
-1984
-1061
-171
561
1316
1932
2600
3208
3590
3923
3982
3854
3694
3479
3146
2679
2089
1402
761
153
-503
-1045
-1714
-2265
-2759
-3277
-3567
-3593
-3272
-3006
-2863
-2904
-2841
-2283
-1502
-418
294
562
727
1206
2068
2844
2415
264
-3227
-6081
-6929
-5780
-4178
-4028
-5654
-8488
-10943
-11849
-10831
-8581
-6498
-5815
-6577
-7509
-7305
-5439
-2670
-148
1444
2121
2514
3345
4906
7012
8844
9859
10222
10337
10471
10695
10818
10680
10195
9451
8677
7835
6929
5877
4597
3264
2028
1068
205
-710
-1611
-2610
-3484
-3950
-3986
-3881
-3838
-3930
-3959
-3730
-3126
-2270
-1351
-525
82
652
1144
1813
2527
3052
3480
3732
3885
3844
3693
3557
3256
2734
2138
1432
910
269
-367
-1021
-1635
-2176
-2703
-3107
-3398
-3534
-3737
-3847
-3833
-3710
-3339
-2908
-2492
-1896
-1270
-547
169
754
1353
1905
2358
2679
2956
3090
3094
3116
3000
2815
2420
1938
1420
997
530
31
-460
-1138
-1573
-1917
-1986
-2064
-2423
-2805
-3182
-2614
-1813
-1140
-1155
-1681
-1325
-396
1269
1990
838
-2378
-6537
-8567
-7653
-4531
-2136
-2600
-5823
-10177
-12562
-11456
-7645
-4087
-2997
-4598
-7164
-8303
-6860
-3269
421
2410
2286
1200
855
2098
4865
7621
9256
9400
8618
8247
8456
9378
10236
10257
9599
8442
7541
6873
6307
5669
4707
3733
2663
1716
785
-241
-1069
-1864
-2282
-2507
-2643
-2970
-3433
-3735
-3693
-3193
-2538
-1911
-1546
-1316
-1006
-563
67
832
1402
1891
2193
2390
2527
2409
2514
2527
2667
2612
2225
1703
1052
583
162
-77
-298
-689
-1193
-1813
-2208
-2376
-2459
-2538
-2663
-2775
-2829
-2711
-2439
-2004
-1505
-1132
-738
-298
150
633
1125
1629
1942
2185
2249
2257
2344
2434
2418
2251
1940
1446
984
507
295
208
-2
-526
-1112
-1556
-1757
-1621
-1422
-1321
-1600
-2128
-2242
-1756
-738
115
673
-180
-2743
-6617
-9338
-8555
-5410
-2325
-2543
-5836
-10157
-12792
-11546
-7697
-3551
-2148
-4130
-7198
-8845
-7104
-2941
1083
3017
2290
537
-229
1248
4590
7876
9457
8957
7619
6859
7453
8908
10361
10722
9863
8372
6983
6398
6218
6208
5673
4748
3382
1990
973
152
-249
-818
-1268
-1772
-2210
-2708
-3252
-3519
-3420
-2786
-2192
-2004
-2132
-2324
-2080
-1427
-454
466
1021
1018
707
737
1197
1927
2495
2576
2226
1772
1480
1424
1462
1405
1162
750
228
-253
-594
-882
-972
-1036
-1209
-1508
-1947
-2218
-2310
-2222
-1981
-1754
-1565
-1477
-1342
-1056
-611
-81
415
689
801
950
1047
1307
1622
1894
2127
1948
1645
1350
1190
1160
1033
872
537
32
-558
-693
-503
-275
-496
-1048
-1609
-1797
-1424
-592
481
1209
786
-1372
-5077
-8316
-8935
-6715
-3269
-1930
-4029
-8485
-12496
-12990
-9830
-5162
-2369
-3273
-6573
-9511
-9218
-5607
-788
2374
2332
346
-1352
-698
2481
6472
9098
9252
7689
6216
6396
8117
10233
11373
10877
9292
7577
6664
6727
7050
6899
6008
4554
3044
1813
899
466
90
-276
-866
-1651
-2533
-3354
-3744
-3603
-3015
-2523
-2469
-2710
-2954
-2688
-2065
-1316
-609
-238
92
157
321
696
1308
1981
2139
1983
1503
1327
1506
1795
2013
1673
1114
475
135
49
50
-57
-402
-763
-1190
-1356
-1482
-1568
-1619
-1687
-1703
-1782
-1669
-1550
-1381
-1132
-844
-463
-203
8
224
464
752
1055
1291
1463
1545
1512
1424
1411
1385
1251
1079
891
759
579
318
86
-82
-263
-428
-718
-708
-580
-229
170
216
293
-676
-2705
-6117
-8523
-7956
-5012
-2166
-2956
-6649
-11160
-13178
-11264
-7156
-3247
-2866
-5671
-9236
-10311
-7349
-2660
1256
1942
142
-1941
-2019
811
5028
8398
9066
7585
5797
5647
7572
10056
11724
11539
9923
8075
7090
7401
8039
8134
7061
5414
3788
2498
1804
1358
1068
475
-469
-1513
-2405
-3061
-3417
-3512
-3334
-3082
-3039
-3210
-3515
-3578
-3153
-2323
-1451
-988
-862
-852
-682
-145
508
1296
1724
1670
1414
1083
1199
1426
1842
2085
1880
1365
509
171
26
217
371
115
-276
-994
-1380
-1463
-1223
-1003
-1090
-1329
-1653
-1656
-1459
-1084
-672
-507
-438
-381
-270
20
379
802
1132
1224
1237
1259
1363
1571
1676
1657
1403
969
706
593
537
571
443
288
-101
-346
-461
-323
-135
-63
5
-116
255
-352
-2124
-5753
-8544
-7844
-4780
-1447
-2339
-6322
-11096
-13226
-10883
-6609
-2687
-2754
-6042
-9718
-10633
-7275
-2354
1307
1558
-712
-2985
-2842
327
4921
8349
8702
6789
4861
4903
7228
10082
11885
11613
9797
7856
6957
7585
8560
8799
7756
5842
4012
2849
2383
2388
2113
1262
-49
-1436
-2262
-2741
-2888
-2965
-3103
-3238
-3506
-3783
-3916
-3782
-3227
-2578
-2102
-1846
-1671
-1412
-961
-446
181
766
1184
1353
1189
1074
1146
1514
2049
2243
1952
1248
559
380
531
849
775
300
-384
-917
-1036
-955
-779
-832
-1170
-1548
-1796
-1700
-1310
-997
-789
-858
-949
-914
-662
-183
250
516
624
650
784
1021
1289
1443
1445
1290
1058
916
840
1007
923
715
344
205
215
97
-20
-63
-21
-48
-158
65
173
-959
-3622
-7044
-8144
-6667
-3542
-2208
-4184
-8146
-11873
-12310
-9577
-5434
-2995
-4116
-7501
-10285
-9587
-5882
-1373
1105
580
-1622
-3189
-2079
1478
5691
8047
7704
6014
4757
5658
8146
10678
11939
11095
9264
7788
7604
8406
9186
8923
7585
5706
4105
3298
3054
2981
2346
1139
-267
-1388
-2018
-2269
-2439
-2706
-3067
-3507
-3786
-3923
-3810
-3668
-3264
-2963
-2495
-2093
-1826
-1526
-1353
-807
-213
514
1041
1137
1128
978
1210
1579
1947
2082
1810
1499
1136
957
864
825
709
437
100
-305
-651
-861
-908
-945
-1018
-1162
-1361
-1394
-1381
-1163
-941
-867
-808
-792
-622
-359
-35
192
368
574
736
1032
1133
1198
1164
1033
978
956
1091
1119
926
624
444
345
252
123
145
241
213
2
-74
294
182
-1238
-4443
-7401
-7831
-5675
-2893
-2705
-5360
-9383
-12026
-11407
-8292
-4704
-3631
-5594
-8635
-10139
-8470
-4737
-1167
238
-660
-2453
-2943
-1100
2389
5790
7190
6651
5387
5062
6477
8693
10615
11154
10345
9021
8181
8334
8933
9132
8580
7324
5897
4691
3907
3524
3072
2281
1210
76
-820
-1612
-2263
-2690
-2926
-3043
-3286
-3668
-4049
-4255
-4099
-3513
-2924
-2521
-2491
-2562
-2431
-1912
-1005
-35
550
610
385
405
816
1528
2215
2311
1997
1439
1172
1272
1524
1691
1429
928
331
-40
-101
-42
-111
-397
-860
-1285
-1398
-1260
-995
-885
-1040
-1245
-1332
-1144
-826
-468
-321
-293
-218
-48
363
744
1017
1163
1068
987
858
801
971
1125
1255
1068
915
755
468
256
12
291
477
507
266
36
163
-231
-1278
-3397
-5700
-6915
-6635
-4872
-3743
-4574
-7289
-10402
-11412
-10030
-7062
-4906
-4977
-6947
-9099
-9224
-6956
-3369
-697
-238
-1423
-2650
-2027
547
3982
6509
7058
6250
5305
5790
7617
9813
11169
11026
9899
8720
8316
8732
9331
9288
8353
6834
5423
4471
4060
3757
3181
2198
924
-189
-1002
-1464
-1829
-2262
-2769
-3259
-3646
-3868
-3869
-3741
-3570
-3514
-3468
-3251
-2872
-2292
-1709
-1224
-922
-752
-418
5
585
1062
1307
1356
1298
1341
1465
1676
1737
1573
1276
953
735
671
587
413
95
-342
-683
-906
-908
-904
-957
-1116
-1281
-1358
-1386
-1247
-1110
-945
-841
-808
-717
-579
-238
133
492
702
805
875
899
949
925
949
1018
1183
1279
1185
890
535
375
369
468
450
388
217
163
224
192
-484
-2276
-4547
-6290
-6370
-5286
-4130
-4349
-6231
-8809
-10533
-10260
-8470
-6396
-5539
-6238
-7660
-8511
-7659
-5483
-2908
-1338
-1053
-1594
-1727
-524
1756
4312
5912
6425
6172
6057
6717
8101
9744
10604
10523
9734
8994
8783
8909
9091
8748
7856
6620
5492
4739
4222
3705
2933
1892
801
-133
-809
-1253
-1722
-2224
-2931
-3450
-3680
-3687
-3562
-3583
-3649
-3732
-3647
-3260
-2655
-2093
-1766
-1544
-1327
-938
-423
114
580
883
1057
1159
1237
1252
1377
1483
1592
1545
1345
1097
844
605
465
282
25
-135
-393
-602
-814
-933
-1005
-1076
-1105
-1105
-1074
-1117
-1065
-951
-742
-570
-465
-334
-248
18
291
602
826
864
818
647
554
681
906
1102
1108
960
716
380
257
268
450
598
462
186
-144
-194
54
34
-976
-3109
-5375
-6469
-6087
-4727
-3950
-4629
-6795
-9344
-10491
-9703
-7532
-5667
-5250
-6249
-7651
-8047
-6841
-4443
-2120
-897
-889
-1320
-1065
426
2737
4815
5964
6112
6063
6479
7496
8884
9839
10052
9630
9120
9033
9186
9201
8714
7730
6659
5797
5313
5000
4406
3288
1942
717
100
-103
-334
-856
-1925
-3082
-3873
-3884
-3346
-2815
-2907
-3588
-4227
-4365
-3656
-2618
-1674
-1480
-1836
-2095
-1796
-758
308
1033
1061
684
437
622
1228
1838
2014
1724
1209
854
873
1102
1197
958
427
-162
-492
-466
-237
-190
-492
-956
-1323
-1376
-1202
-951
-842
-930
-1104
-1129
-915
-548
-267
-76
-30
10
171
428
742
888
872
743
663
752
874
927
879
733
549
177
-69
27
346
636
365
-175
-606
-465
130
243
-839
-3213
-5390
-6334
-5682
-4460
-3850
-4593
-6676
-8854
-9875
-9146
-7299
-5796
-5454
-6117
-6964
-7156
-6226
-4434
-2558
-1391
-1028
-946
-324
1044
2700
4137
5094
5572
6112
6904
7869
8747
9124
9100
8876
8872
9174
9411
9184
8410
7323
6295
5647
5320
5086
4453
3355
2043
949
221
-197
-565
-1093
-1840
-2551
-2995
-3223
-3314
-3339
-3491
-3579
-3596
-3311
-2872
-2560
-2387
-2359
-2071
-1564
-913
-225
144
247
197
346
711
1189
1545
1605
1480
1238
1079
1092
1218
1152
945
593
267
24
-135
-208
-320
-509
-703
-872
-983
-1028
-1054
-1032
-1077
-1042
-1047
-885
-726
-650
-533
-420
-231
-17
179
392
567
592
636
621
626
599
505
559
601
680
590
292
5
-78
79
286
152
-177
-554
-633
-282
-30
-384
-1748
-3647
-5096
-5504
-4871
-4233
-4165
-5191
-6679
-7899
-8378
-7735
-6766
-5911
-5650
-5896
-6055
-5760
-4863
-3664
-2554
-1756
-1118
-403
567
1800
2919
3815
4458
5075
5995
7011
7920
8485
8555
8402
8272
8433
8755
8998
8734
7912
6904
5986
5417
5056
4659
3996
3047
2002
1000
231
-265
-720
-1158
-1853
-2470
-2868
-3028
-3014
-3113
-3212
-3392
-3414
-3218
-2855
-2380
-2123
-1875
-1655
-1388
-970
-561
-78
251
457
585
760
1016
1183
1314
1326
1240
1117
1028
996
997
818
534
232
12
-77
-190
-304
-526
-736
-888
-1019
-1007
-991
-979
-984
-1057
-1054
-942
-740
-496
-371
-292
-271
-206
-15
221
447
547
457
411
412
402
346
344
315
353
306
158
-36
-312
-450
-428
-277
-213
-352
-579
-729
-517
-166
-320
-1369
-3062
-4368
-4930
-4767
-4397
-4206
-4530
-5309
-6300
-6948
-6961
-6568
-6040
-5544
-5136
-4790
-4437
-3982
-3430
-2801
-2121
-1363
-407
683
1867
2883
3608
4087
4548
5247
6045
6933
7694
8106
8221
8131
8018
8067
8030
7875
7525
6926
6222
5511
4921
4370
3732
2953
2109
1295
636
94
-377
-903
-1520
-2079
-2489
-2720
-2763
-2732
-2768
-2845
-2962
-2923
-2761
-2492
-2124
-1776
-1399
-1088
-814
-597
-301
-28
215
451
647
828
989
1065
1140
1084
956
792
614
540
417
388
289
141
-59
-278
-425
-579
-671
-782
-893
-939
-931
-842
-777
-798
-832
-929
-899
-833
-634
-396
-312
-252
-184
-112
5
48
120
131
-9
-224
-338
-274
-66
50
-29
-291
-605
-783
-833
-707
-544
-488
-525
-671
-784
-737
-558
-271
-260
-716
-1629
-2659
-3310
-3553
-3475
-3496
-3623
-3907
-4341
-4737
-5034
-5102
-5052
-4940
-4793
-4506
-4001
-3347
-2704
-2235
-1921
-1604
-1120
-337
654
1777
2707
3370
3821
4222
4801
5420
6000
6385
6676
6884
7052
7210
7290
7195
6812
6239
5595
5064
4614
4180
3669
3028
2376
1724
1151
720
240
-250
-736
-1206
-1480
-1657
-1788
-1887
-2069
-2177
-2195
-2122
-1921
-1792
-1684
-1581
-1454
-1192
-875
-559
-289
-130
4
171
315
504
655
643
553
369
332
396
452
446
360
160
-8
-159
-190
-235
-309
-384
-534
-638
-741
-734
-716
-710
-774
-968
-1057
-1087
-1002
-856
-724
-630
-689
-702
-626
-540
-475
-566
-641
-648
-650
-581
-572
-486
-455
-562
-657
-712
-702
-665
-564
-533
-515
-616
-662
-631
-616
-584
-582
-570
-448
-319
-95
162
148
-152
-832
-1443
-1804
-1975
-2122
-2358
-2521
-2627
-2703
-2717
-2762
-2855
-3053
-3315
-3460
-3304
-2879
-2316
-1795
-1452
-1169
-885
-505
23
578
1105
1543
1984
2482
3129
3847
4465
4790
4868
4817
4819
4973
5191
5375
5308
5091
4726
4311
3975
3660
3293
2810
2245
1702
1274
966
757
522
249
-116
-447
-752
-970
-1166
-1263
-1278
-1223
-1124
-1112
-1000
-961
-906
-874
-842
-760
-708
-559
-324
-146
2
37
89
89
43
-19
-62
14
72
80
4
-72
-131
-160
-235
-359
-519
-690
-796
-808
-786
-821
-868
-954
-1006
-1018
-1097
-1176
-1154
-1043
-915
-864
-804
-725
-679
-736
-785
-717
-583
-476
-426
-362
-226
-51
-35
-266
-544
-734
-697
-469
-315
-289
-402
-418
-288
-113
-155
-475
-760
-765
-409
72
366
410
214
83
151
334
436
206
-247
-770
-1096
-1207
-1256
-1366
-1568
-1770
-1954
-2117
-2217
-2171
-2106
-2080
-2160
-2245
-2154
-1892
-1551
-1251
-1039
-917
-757
-443
48
596
1023
1317
1588
1890
2306
2676
3040
3328
3495
3628
3694
3760
3824
3822
3742
3565
3298
3050
2807
2589
2369
2110
1812
1543
1344
1187
1035
752
412
161
-4
-72
-111
-152
-183
-263
-307
-300
-271
-269
-334
-447
-510
-489
-399
-278
-245
-280
-346
-458
-491
-395
-267
-234
-377
-609
-785
-835
-761
-612
-549
-630
-765
-912
-1016
-1056
-1007
-874
-810
-875
-1014
-1044
-816
-556
-429
-595
-902
-979
-827
-530
-372
-483
-672
-728
-523
-244
-64
-176
-412
-528
-435
-256
-211
-334
-443
-345
-191
-139
-218
-359
-393
-263
-129
39
51
-36
-89
-93
-32
11
52
56
85
126
177
256
302
355
448
535
447
40
-540
-981
-1222
-1266
-1279
-1359
-1506
-1642
-1669
-1624
-1559
-1575
-1701
-1895
-2027
-2009
-1816
-1544
-1198
-913
-715
-555
-366
-65
290
621
876
1105
1342
1612
1960
2311
2597
2763
2838
2868
2893
2913
2922
2871
2785
2692
2613
2544
2447
2290
2130
1925
1729
1544
1331
1184
1030
895
717
519
351
284
300
268
172
27
-136
-227
-284
-263
-222
-215
-281
-444
-566
-643
-633
-634
-681
-763
-875
-974
-1010
-965
-889
-856
-930
-1062
-1130
-1101
-998
-928
-917
-903
-899
-868
-867
-849
-793
-716
-578
-512
-467
-468
-477
-401
-348
-338
-390
-441
-364
-245
-145
-100
-109
-91
-55
20
56
-70
-249
-324
-216
-14
77
67
-45
-47
-43
-75
-91
-122
-120
-104
-82
-81
-98
-122
-124
-100
-52
-13
-13
11
-40
-83
-103
-31
96
195
205
28
-283
-671
-950
-1124
-1226
-1255
-1262
-1278
-1327
-1362
-1323
-1251
-1211
-1170
-1195
-1181
-1145
-1041
-846
-689
-583
-497
-315
-48
227
451
645
799
957
1156
1391
1682
1874
1971
2007
2028
2118
2269
2447
2552
2530
2417
2269
2130
2055
1930
1800
1706
1570
1420
1258
1123
986
833
680
526
362
228
131
46
-61
-193
-347
-481
-546
-576
-579
-648
-733
-798
-809
-777
-711
-669
-658
-680
-696
-702
-700
-621
-552
-503
-545
-584
-598
-511
-331
-184
-111
-155
-247
-316
-323
-245
-209
-193
-258
-291
-226
-116
5
15
-130
-324
-426
-371
-239
-161
-194
-306
-367
-312
-155
-61
-82
-147
-200
-200
-188
-206
-206
-247
-261
-269
-278
-264
-268
-273
-288
-292
-324
-330
-337
-303
-247
-250
-292
-298
-281
-288
-349
-383
-328
-188
-90
-81
-134
-170
-133
-126
-216
-427
-631
-792
-824
-793
-773
-760
-817
-834
-811
-748
-714
-717
-680
-668
-623
-586
-506
-397
-293
-190
-77
21
141
322
557
793
975
1091
1194
1339
1455
1598
1687
1732
1772
1814
1857
1875
1813
1721
1603
1506
1436
1303
1157
1002
849
722
566
424
331
252
186
100
0
-99
-161
-215
-288
-332
-323
-325
-323
-331
-301
-216
-157
-130
-116
-125
-164
-196
-222
-173
-88
5
99
115
105
101
27
-61
-158
-250
-244
-176
-96
-69
-74
-79
-110
-55
-23
-8
-111
-331
-482
-445
-282
-255
-343
-405
-356
-242
-219
-279
-349
-454
-496
-513
-409
-367
-365
-458
-534
-506
-432
-330
-247
-153
-165
-252
-378
-438
-373
-240
-198
-297
-400
-355
-194
-11
39
-87
-322
-441
-388
-266
-257
-349
-398
-345
-230
-156
-138
-154
-151
-146
-182
-138
-77
-54
-114
-230
-345
-486
-516
-529
-410
-326
-279
-268
-285
-266
-236
-222
-239
-218
-248
-190
-77
41
162
233
250
286
321
364
443
563
635
701
734
766
789
755
721
689
694
681
679
678
682
659
657
607
609
597
610
587
506
470
464
486
453
377
337
326
329
312
330
383
399
439
410
324
302
251
241
289
357
380
281
222
195
269
245
217
151
76
12
-5
38
100
124
121
107
32
-54
-168
-238
-290
-363
-422
-507
-497
-408
-319
-294
-410
-493
-572
-574
-539
-495
-513
-555
-545
-534
-437
-383
-379
-459
-553
-583
-510
-381
-318
-284
-266
-229
-264
-351
-417
-467
-424
-342
-270
-183
-126
-149
-164
-224
-312
-390
-388
-261
-133
-124
-235
-351
-353
-225
-140
-64
-55
-52
-97
-113
-63
-67
-73
-86
-58
4
41
7
-52
0
48
51
-21
-172
-224
-213
-197
-186
-214
-221
-202
-152
-130
-148
-173
-173
-88
15
21
-30
-40
54
186
291
346
322
259
250
309
401
476
494
471
435
472
542
626
590
527
458
502
587
661
680
641
642
633
651
686
700
580
508
389
424
438
460
466
407
429
389
443
382
332
294
254
228
179
183
180
218
228
201
171
108
60
5
-47
-62
-69
-61
-47
-75
-117
-130
-106
-150
-247
-423
-464
-381
-325
-357
-427
-382
-281
-240
-361
-532
-628
-575
-471
-376
-337
-359
-350
-345
-358
-383
-471
-477
-349
-179
-122
-290
-542
-655
-481
-259
-204
-214
-267
-209
-70
-2
-48
-259
-371
-314
-131
20
-3
-63
-81
28
54
-38
-173
-339
-437
-482
-450
-329
-286
-230
-189
-89
-87
-240
-311
-370
-250
-192
-158
-104
-86
13
46
70
65
4
-45
-7
97
179
164
88
-10
-104
-50
16
38
-64
-205
-201
-57
152
199
180
173
200
260
255
231
186
224
240
331
450
512
493
402
414
471
518
482
425
379
389
414
534
578
559
525
430
454
461
488
456
461
531
555
490
290
163
194
305
392
409
360
331
296
251
136
-6
-84
-73
50
155
217
201
133
32
-96
-170
-240
-207
-166
-184
-162
-133
-99
-138
-186
-185
-194
-166
-165
-142
-128
-175
-264
-352
-427
-362
-226
-154
-191
-349
-424
-498
-467
-294
-136
-17
-121
-183
-174
-142
-113
-248
-257
-270
-224
-130
-139
-266
-472
-538
-441
-344
-315
-359
-326
-314
-384
-431
-457
-371
-259
-211
-200
-188
-187
-195
-146
-102
-150
-278
-335
-167
87
337
343
108
-169
-302
-169
39
175
140
66
-4
42
55
10
-86
-144
-121
-153
-84
13
143
199
194
84
-18
-57
-32
72
76
125
71
60
128
159
188
109
30
81
218
343
377
338
265
159
193
254
329
353
246
256
304
349
291
127
70
132
298
514
583
499
346
201
216
267
276
147
127
193
325
402
236
148
186
355
358
173
-23
-44
49
152
191
130
178
216
253
159
-8
-133
-199
-131
-56
-37
-67
-182
-258
-206
-165
-96
6
-21
-144
-250
-296
-219
-86
-20
1
-53
-104
-277
-382
-308
-135
48
-29
-274
-546
-530
-237
71
209
56
-170
-201
-127
-93
-105
-229
-130
6
133
80
-165
-353
-464
-333
-238
-152
-112
-12
-17
-163
-323
-384
-272
-139
-31
21
48
-1
-5
-8
-28
-143
-264
-228
-85
126
170
109
-45
-35
92
171
140
-66
-152
-153
-169
-193
-278
-231
-50
154
261
10
-283
-477
-419
-235
-115
-3
-18
-9
-17
72
135
116
67
-60
43
217
271
196
133
198
311
288
52
-129
-98
199
443
456
279
92
102
167
157
70
69
193
312
261
1
-239
-264
-40
325
532
519
336
91
-12
-147
-139
-89
44
315
389
431
177
-51
-207
-185
100
238
301
164
33
-38
-93
-87
-81
65
182
178
119
-36
-33
-28
-36
-2
-6
96
118
26
-93
-116
37
136
60
-48
-140
-54
85
222
254
140
28
-108
-189
-186
-121
-30
-25
29
96
45
-39
-282
-410
-508
-480
-242
-121
-28
-170
-285
-255
-31
174
180
69
-137
-206
-166
-81
-22
-44
-97
-103
-90
-87
-125
-145
-177
-92
33
-6
-109
-255
-192
-39
57
121
31
34
9
-40
-83
-219
-168
-93
69
123
-27
-150
-222
-140
-47
5
8
-41
-29
50
114
141
-6
-161
-277
-310
-126
95
231
174
62
75
186
260
168
-62
-231
-311
-133
80
280
409
338
197
-32
-87
-52
11
107
116
129
109
-21
-14
61
255
362
235
96
-23
-19
-17
-89
-111
-93
72
160
109
45
-73
-12
-52
-154
-193
-81
180
314
336
223
7
-125
-109
109
332
378
233
66
60
73
144
67
-66
-150
-204
-178
-104
54
238
331
300
166
-26
-190
-354
-340
-110
116
239
120
-61
-167
-179
-68
80
167
159
129
8
-148
-225
-214
-125
20
141
218
89
-154
-183
-47
205
235
45
-110
-210
-173
-126
-83
51
214
356
266
-36
-303
-383
-121
217
367
147
-200
-374
-329
-193
-55
40
84
162
125
97
-165
-505
-610
-422
-46
194
274
205
55
-110
-304
-403
-306
-172
-32
-34
-64
-125
-132
-103
-116
-16
-5
17
45
12
1
-149
-180
-147
-7
187
148
32
-216
-300
-200
57
318
322
159
-15
-91
-121
-164
-188
-112
97
336
434
379
141
-74
-165
-144
-47
58
168
217
273
301
267
159
94
113
153
200
138
9
-120
-177
-73
122
288
345
207
-50
-244
-307
-119
70
104
10
-120
-129
-63
91
140
83
-71
-254
-239
-134
36
130
18
-83
-121
-20
111
140
167
97
92
2
-69
-154
-150
90
215
225
-21
-192
-134
43
285
344
218
-14
-130
-124
-74
-67
-82
55
212
228
69
-97
-141
-74
-20
-125
-177
-92
54
166
152
128
44
-109
-238
-312
-207
22
181
140
-8
-124
-39
60
100
128
92
-18
-299
-476
-346
-43
150
121
37
48
39
-17
-136
-225
-229
-212
-136
-59
49
118
60
-20
-73
-67
-85
-115
-105
-74
28
-20
-98
-144
-80
173
337
401
290
64
-121
-235
-174
10
221
366
349
72
-243
-317
-194
50
170
195
224
119
-109
-335
-346
-170
56
304
460
482
238
-116
-347
-333
-166
-135
-152
-111
89
320
421
294
-23
-359
-403
-198
77
189
152
48
-149
-183
-191
-69
111
289
378
230
37
-121
-203
-208
-253
-127
103
204
205
132
165
183
139
-15
-114
-42
129
195
33
-169
-124
95
328
380
97
-186
-340
-191
-9
55
53
-74
-111
-37
67
78
-23
-74
-77
-34
106
173
225
92
-98
-101
-26
88
179
122
-28
-135
-193
-170
-158
-133
-97
-49
42
102
46
-106
-280
-334
-201
-124
0
29
34
94
61
85
28
-53
-76
-28
-30
-80
-98
-70
-61
-70
-33
59
101
78
10
-43
-11
14
-36
-150
-262
-225
-15
195
265
183
56
7
-40
-87
-112
-119
-73
-51
-1
39
80
114
47
-34
-98
-62
17
89
153
62
-53
-138
-129
-3
109
179
126
76
69
60
51
-1
-4
-16
-61
-48
24
133
229
274
161
-18
-188
-157
-8
54
27
-90
-99
-36
22
135
267
354
316
84
-132
-289
-291
-155
-32
45
73
25
-56
-36
111
186
97
-23
-26
34
-17
-102
-124
-39
69
154
130
78
-23
-125
-154
-190
-98
26
112
81
-76
-131
-128
-47
16
32
132
220
268
233
35
-210
-338
-306
-91
150
394
430
235
-85
-324
-299
-176
-54
-57
-126
-163
-197
-125
20
90
-3
-173
-273
-275
-279
-228
-65
83
103
58
46
20
27
16
100
140
42
-51
-37
130
256
311
254
105
-5
-84
-39
38
107
161
227
280
167
10
-104
-132
-30
73
93
106
69
36
-15
-106
-226
-325
-243
-28
205
251
126
-47
-198
-221
-163
-75
40
117
221
296
204
60
-138
-243
-235
-133
72
124
153
149
78
-21
-143
-155
-106
-16
92
152
121
0
-84
-139
-192
-266
-318
-212
-16
166
233
182
139
103
34
37
-3
-92
-171
-220
-65
143
266
266
133
8
-92
-58
-5
-68
-208
-325
-301
-149
37
174
227
184
31
-140
-287
-327
-167
37
131
34
-46
-32
5
64
84
97
113
128
115
41
-104
-235
-274
-208
-69
94
178
130
66
93
118
-12
-177
-257
-155
49
204
270
150
29
34
74
151
120
84
28
-31
-69
-43
33
56
36
-45
-67
10
118
122
83
38
17
90
127
105
12
-41
-31
14
112
117
65
23
-53
-67
-103
-196
-288
-285
-96
131
259
281
200
6
-182
-264
-275
-210
-67
123
216
124
-16
-31
98
116
2
-245
-388
-313
-139
36
133
176
172
131
57
-4
-48
-107
-164
-150
-57
16
42
28
22
44
33
14
-20
-53
-135
-188
-137
-71
15
90
215
238
185
94
-21
-84
-144
-161
-108
18
182
286
249
145
21
-111
-200
-271
-277
-205
-53
151
216
142
15
-66
-101
-152
-183
-154
-10
143
201
136
77
103
196
278
204
-11
-198
-236
-112
58
109
81
56
85
117
73
-43
-181
-185
-96
81
230
181
50
-78
-174
-169
-131
-144
-93
-37
12
26
1
23
41
18
-34
-97
-89
-8
91
155
150
144
158
147
104
55
-29
-67
-100
-112
-69
-5
56
63
-28
-133
-135
-69
-26
-58
-100
-86
-39
9
-3
-19
-60
-69
-19
16
65
88
125
158
175
164
106
19
-64
-107
-92
-65
-16
21
41
61
39
5
-38
-74
-70
-16
33
18
-25
-33
-17
-11
26
60
101
131
105
105
66
34
3
-36
-3
108
217
230
140
11
-71
-143
-139
-114
-62
-39
-77
-144
-185
-138
-62
-8
-11
-78
-150
-197
-221
-184
-87
37
151
220
276
281
239
207
111
-27
-175
-231
-115
50
117
69
-10
-96
-94
-32
31
77
38
-79
-265
-380
-336
-157
32
142
181
128
-6
-132
-129
-57
-8
1
1
-38
-125
-170
-121
38
167
183
107
46
30
64
65
-14
-169
-285
-238
-76
91
172
169
109
69
14
-24
-40
-39
3
24
51
88
137
154
148
94
12
-26
-48
-28
-1
14
6
-27
7
45
48
10
-33
-11
1
-29
-47
-38
35
67
27
-25
-70
-26
39
106
141
93
82
65
54
22
-34
-26
19
51
30
-17
-10
30
24
21
11
0
-17
-25
-48
-48
-49
-22
39
68
68
-22
-57
-32
5
-7
-70
-66
22
131
163
118
17
-68
-76
-60
10
28
-26
-69
-89
-19
51
80
15
-104
-170
-169
-89
-13
44
56
48
61
1
-92
-137
-123
-25
37
92
118
113
52
-69
-113
-107
-25
33
43
43
61
69
90
133
130
108
41
-82
-179
-213
-161
-82
-35
-24
-14
35
115
133
75
3
-46
-12
0
-36
-95
-116
-34
114
235
292
209
40
-67
-88
1
43
16
-64
-136
-157
-123
-45
1
26
45
79
84
25
-58
-129
-157
-156
-139
-98
-36
19
37
37
86
148
173
149
57
0
-43
-51
-14
13
60
49
7
-44
-91
-105
-124
-126
-140
-149
-115
-75
-11
5
-26
-76
-100
-70
-13
66
104
74
-32
-102
-102
-48
15
37
45
64
44
11
-7
-22
-28
-24
18
51
89
85
12
-31
-51
-28
21
59
97
92
79
82
115
107
75
27
-39
-61
-78
-75
-66
21
143
195
186
101
19
-20
-23
-1
21
30
21
-3
-14
-3
19
47
54
29
-15
-72
-118
-143
-149
-103
-39
15
65
71
78
87
59
14
-40
-88
-110
-71
-26
13
51
76
104
113
53
-40
-135
-177
-163
-105
-42
23
81
100
92
67
58
76
89
89
44
3
-27
-53
-54
-44
4
40
71
121
165
163
112
19
-52
-102
-120
-93
-71
-40
-19
12
24
11
4
13
13
-14
-65
-118
-138
-105
-50
-5
8
-9
-10
-12
-46
-74
-100
-110
-110
-110
-70
-31
15
49
87
131
161
162
98
19
-42
-79
-83
-64
-37
-3
40
59
71
52
23
7
-36
-68
-87
-83
-82
-71
-47
-18
30
61
84
72
28
-16
-29
-31
-45
-72
-88
-72
-27
35
102
132
123
76
33
-3
-17
-22
-33
-38
-23
15
51
65
45
23
-9
-21
5
28
29
-17
-61
-85
-99
-73
-26
43
48
6
-46
-78
-67
-64
-30
2
47
77
84
92
91
79
56
38
40
60
68
56
55
23
-15
-12
-11
5
22
15
9
5
12
18
39
78
116
137
115
77
16
-21
-18
0
16
11
-7
-7
8
-7
-32
-51
-71
-83
-95
-100
-112
-131
-141
-129
-83
-68
-59
-59
-53
-37
-32
-19
-27
-35
-23
4
45
76
94
80
34
5
-33
-48
-57
-56
-28
-19
-8
-20
-45
-44
-47
-19
18
45
51
18
4
9
32
29
25
-12
-71
-89
-88
-37
13
40
57
54
66
53
44
35
8
-13
-21
24
86
129
147
116
58
3
-28
-46
-74
-97
-105
-73
-38
-3
20
8
0
-34
-62
-65
-49
-17
29
59
94
113
118
111
108
103
81
59
35
37
42
41
13
-19
-25
-22
-22
-32
-45
-65
-95
-140
-172
-178
-152
-104
-40
39
88
107
101
58
26
-10
-41
-39
-14
39
91
136
136
99
68
47
21
-17
-33
-37
-10
36
81
124
133
103
38
-25
-63
-81
-69
-60
-42
-42
-60
-81
-94
-93
-88
-64
-55
-50
-31
-13
8
13
8
-5
-22
-25
-5
35
70
84
80
54
1
-59
-104
-122
-123
-99
-61
-17
1
6
-1
-29
-60
-110
-137
-131
-103
-58
0
69
130
169
185
168
129
73
25
13
15
40
76
103
107
68
25
-11
-40
-52
-63
-63
-55
-38
-15
12
9
0
-14
-17
8
25
44
46
35
14
-15
-30
-21
-6
12
33
53
61
56
33
1
-33
-44
-58
-58
-51
-42
-29
-6
19
41
47
22
-6
-31
-56
-68
-54
-16
6
17
28
47
45
26
11
-17
-38
-53
-48
-32
-9
4
17
30
44
54
60
47
31
13
-6
-13
-12
-19
-46
-60
-54
-38
-42
-42
-41
-29
-24
-14
7
9
-3
-13
-11
-4
18
38
36
44
39
37
13
-13
-30
-45
-42
-40
-18
2
9
16
8
-10
-24
-37
-42
-43
-54
-57
-52
-15
13
27
32
13
9
-8
-23
-16
6
29
39
59
70
78
74
62
40
16
-5
-26
-44
-59
-52
-36
-13
17
40
45
42
29
19
7
-3
-4
-7
-4
-4
1
9
9
-2
-15
-38
-46
-28
-5
8
3
3
9
14
34
51
55
47
25
14
2
-8
-25
-36
-40
-23
-7
8
15
19
15
9
12
13
24
23
30
40
41
50
57
55
31
6
-11
-17
-20
-21
-5
6
8
9
3
-1
4
6
7
0
-12
-15
-14
-11
-5
-8
0
-3
1
9
9
26
13
-1
-9
-19
-22
-19
-17
-19
-25
-32
-28
-25
-29
-30
-21
-13
-5
8
16
16
11
-2
-8
0
10
16
18
18
7
-5
-8
-19
-21
-19
-13
-3
-6
-4
-1
2
-5
-15
-20
-30
-32
-38
-29
-22
-30
-31
-35
-29
-23
-17
-14
-19
-17
-27
-25
-24
-24
-18
-17
-10
1
11
22
31
38
21
0
-11
-9
-1
0
-2
-3
1
4
10
17
21
12
-1
-15
-11
-2
8
20
31
35
40
39
41
34
14
9
0
1
4
3
4
5
8
12
19
22
35
31
16
14
4
9
20
26
35
27
23
18
9
3
0
6
8
3
9
15
22
31
28
28
22
7
-6
-11
-17
-28
-32
-46
-46
-39
-33
-25
-24
-24
-27
-28
-38
-43
-40
-41
-43
-35
-15
-7
13
17
7
2
-12
-18
-18
-4
1
-2
-3
-4
3
3
-1
1
-7
-12
-11
-2
0
10
9
9
13
12
15
10
13
12
11
14
17
23
23
27
27
29
22
24
18
9
3
-1
2
-3
0
1
0
0
-7
-2
-9
0
6
6
4
-7
-11
-11
-8
-10
-12
-18
-13
-15
-15
-23
-28
-26
-33
-31
-27
-22
-19
-13
-13
-11
-3
11
20
26
21
9
-1
3
9
16
33
35
34
15
10
6
-3
-5
-9
-1
12
15
21
13
6
-2
-15
-14
-11
-10
-9
-10
-9
-13
-4
-4
-6
-3
1
5
14
17
28
28
16
15
8
12
10
13
10
-2
0
-4
2
-2
-16
-24
-28
-16
-11
-7
-1
-4
-1
-5
-11
-7
-9
-7
4
14
20
21
21
21
23
22
19
19
8
-3
-14
-15
-12
-5
0
0
20
22
34
31
28
35
26
23
15
16
17
8
5
-6
-1
2
3
6
4
5
5
13
18
9
-4
-14
-25
-29
-39
-43
-40
-43
-49
-42
-35
-27
-37
-39
-25
-18
-7
-9
-17
-19
-30
-38
-36
-34
-20
-16
-9
3
2
2
-1
14
18
14
12
4
5
6
14
7
11
8
-6
-11
-18
-11
-15
-22
-32
-39
-46
-45
-35
-29
-13
-11
-7
0
2
12
8
7
7
8
9
7
8
6
9
19
21
30
34
37
33
24
30
29
28
28
28
31
22
23
17
21
14
14
14
8
7
0
0
5
24
31
26
23
21
19
17
2
-1
-7
-14
-12
-16
-19
-14
-4
10
20
35
35
28
16
12
8
6
10
10
17
16
25
19
21
19
9
10
2
-1
-9
-14
-26
-30
-17
-7
8
15
17
19
10
3
-5
-20
-28
-44
-56
-54
-45
-40
-40
-33
-29
-21
-18
-13
-9
-11
-10
-8
-10
-14
-15
-23
-23
-20
-18
-19
-17
-14
-14
-17
-26
-33
-31
-28
-27
-12
-6
5
7
7
14
13
9
-6
-2
-4
-1
-1
-5
2
1
-2
-2
-2
-4
-3
1
11
21
22
21
16
22
31
33
29
24
20
17
13
16
21
21
22
26
25
28
27
22
28
23
18
17
12
22
16
7
4
4
5
2
1
-6
-3
-11
-13
-2
-4
-8
-6
-8
0
0
-5
-3
-3
-9
-15
-12
-5
6
6
15
18
21
18
12
13
15
14
14
9
11
4
2
-3
-11
-9
-8
-8
-4
0
3
7
11
11
6
2
-9
-14
-14
-14
-16
-21
-31
-37
-33
-34
-38
-41
-41
-36
-41
-42
-43
-44
-47
-48
-44
-44
-32
-26
-24
-18
-13
-8
-1
5
4
6
6
5
0
1
1
6
4
2
2
8
15
16
19
23
23
31
39
38
40
38
34
32
21
13
2
-2
-1
-2
1
-1
5
12
16
21
29
34
35
38
41
43
39
39
31
29
27
21
18
15
14
9
5
0
4
2
-1
-1
-12
-15
-23
-24
-25
-23
-23
-20
-16
-12
-8
-4
-6
-3
1
0
10
12
9
9
4
-1
-3
-14
-20
-19
-18
-20
-16
-17
-14
-12
-19
-16
-22
-26
-21
-24
-24
-25
-31
-32
-32
-31
-27
-25
-25
-24
-23
-23
-17
-11
-11
-6
-4
-2
1
1
-1
5
10
12
17
20
19
20
21
17
15
11
14
17
14
16
16
14
15
9
1
-3
-1
-4
2
9
10
18
21
26
26
22
22
19
16
9
6
3
2
1
5
7
9
11
7
9
11
15
16
12
7
7
8
15
16
17
13
9
6
1
10
8
9
10
3
-3
-11
-16
-14
-21
-24
-29
-33
-36
-35
-36
-36
-33
-36
-30
-26
-20
-17
-17
-9
-6
4
1
4
9
14
21
21
23
24
18
21
13
10
8
2
-1
-9
-10
-11
-8
-9
-3
4
4
4
0
-1
-7
-8
-8
-11
-12
-12
-7
4
9
12
11
6
9
8
8
5
2
2
1
-1
-3
-4
-4
0
2
5
11
16
13
8
12
10
7
-2
-9
-11
-14
-11
-17
-19
-16
-16
-10
-8
0
7
7
7
8
13
16
13
8
8
12
12
8
3
1
-4
-2
-6
-4
-1
-5
-10
-16
-22
-26
-28
-29
-28
-29
-28
-24
-19
-13
-6
1
3
9
16
22
21
21
21
18
13
12
8
6
3
6
7
8
10
16
22
26
26
28
27
28
30
31
27
20
12
6
-5
-13
-27
-37
-35
-36
-35
-23
-14
-11
-8
-1
7
15
14
8
-2
-9
-15
-15
-20
-26
-24
-26
-20
-14
-9
-2
5
15
24
25
27
28
21
14
2
-5
-8
-15
-18
-17
-10
-4
-1
7
9
13
16
15
22
22
19
15
10
7
9
6
-1
-7
-9
-10
-4
0
-1
-2
-4
-1
-5
-6
-9
-12
-10
-16
-23
-31
-27
-28
-27
-24
-22
-19
-21
-21
-21
-15
-15
-6
1
-2
6
9
10
13
11
13
8
8
8
6
3
-2
-4
-3
-4
0
3
7
13
15
22
22
27
24
19
14
10
5
2
2
-7
-10
-18
-19
-16
-13
-8
-9
-6
-2
-3
-5
-5
4
9
12
13
11
9
3
8
7
4
1
-2
0
-4
-9
-15
-13
-14
-13
-9
-7
-2
6
9
14
13
14
14
7
8
3
2
2
-2
-1
4
9
11
22
25
29
38
37
39
44
41
34
32
24
20
17
10
12
4
-3
-10
-11
-9
-9
-13
-11
-11
-11
-13
-6
-6
-5
-2
-3
-2
-9
-12
-17
-21
-15
-15
-8
-6
-12
-12
-6
-7
-5
-3
-2
0
-3
0
-3
-1
-2
-7
-7
-13
-18
-16
-18
-20
-21
-21
-15
-17
-14
-14
-11
-13
-18
-15
-18
-19
-19
-20
-21
-22
-24
-26
-21
-9
-7
1
6
13
16
12
13
12
13
9
9
5
6
1
0
1
-3
-2
-3
3
3
3
1
1
9
9
10
14
13
8
4
3
-4
-5
-1
3
4
4
11
10
5
3
7
12
15
22
30
37
42
42
46
42
36
32
24
18
13
6
-9
-17
-18
-29
-28
-31
-26
-25
-22
-18
-19
-12
-1
3
5
6
10
2
-6
-8
-10
-6
-9
-6
-6
-7
-8
-13
-9
-9
-10
-9
-13
-12
-8
-7
-4
-3
-3
-2
-1
-5
-4
-10
-13
-9
-14
-9
-8
-2
-1
-2
5
6
4
3
4
9
6
4
5
2
-1
-5
-2
-7
-4
0
4
11
11
17
14
11
12
12
5
-1
-5
-14
-14
-10
-9
-3
-5
1
9
12
15
16
19
13
10
7
6
5
9
10
5
7
11
20
21
23
26
28
27
26
21
21
13
11
11
5
5
-1
0
-1
-2
5
2
1
-3
-10
-12
-14
-8
-12
-11
-11
-8
-2
-4
2
0
-1
-1
-6
-8
-18
-19
-28
-32
-28
-30
-30
-29
-22
-16
-18
-10
-10
-6
-9
-6
-3
-4
0
-4
-4
-3
-6
-7
-6
-3
3
2
3
3
4
13
15
18
17
14
14
8
8
7
9
3
-4
-3
-4
-6
-13
-15
-16
-18
-22
-24
-20
-14
-11
-1
3
10
16
10
8
7
8
6
6
3
2
3
5
9
12
19
19
16
18
18
21
18
21
19
14
18
10
11
7
-3
-4
-8
-11
-10
-9
-7
-6
-6
-4
-9
-13
-14
-14
-11
-10
-6
-5
0
2
1
1
3
-3
-3
-8
-10
-10
-14
-18
-21
-19
-20
-22
-13
-10
-8
-2
-1
3
7
3
1
-4
-3
0
-7
-3
-5
-5
-4
1
0
6
12
12
12
10
8
10
13
19
17
14
12
13
14
9
13
10
12
13
6
9
9
13
13
15
15
11
8
5
0
-3
-1
1
4
3
-2
-1
3
3
4
10
19
21
22
19
14
10
2
-1
-5
-6
-10
-18
-11
-18
-22
-21
-21
-18
-18
-16
-18
-19
-22
-25
-18
-14
-9
-2
4
7
8
9
3
2
4
0
-1
-12
-18
-26
-24
-22
-17
-8
-7
-2
-3
0
0
-3
0
-6
0
5
-2
-4
-3
-8
-8
-9
-6
-4
1
6
2
1
5
11
7
9
10
2
1
-2
-2
3
1
0
6
7
9
7
5
-4
-4
-5
-8
-1
8
9
12
14
15
6
4
4
6
7
4
2
0
1
1
0
5
8
14
16
12
13
12
6
2
6
-1
-5
-7
-10
-10
-9
-8
-12
-4
-3
-2
1
3
6
2
5
7
5
5
3
2
12
13
18
21
20
24
23
21
18
19
10
2
-1
-3
6
5
4
10
2
-5
-6
-8
-8
-9
-12
-7
-9
-12
-12
-15
-24
-20
-15
-10
-4
3
7
7
7
10
7
6
2
-7
-19
-27
-31
-33
-33
-27
-18
-15
-10
-7
0
0
1
2
2
6
11
12
7
5
3
1
-2
1
7
8
3
-1
-4
-9
-14
-16
-16
-16
-14
-15
-11
-9
-9
-8
-7
3
6
5
3
4
-1
-3
-5
-10
-2
-1
2
6
7
12
8
7
10
14
18
16
15
12
5
1
-2
-3
-11
-3
6
9
14
7
7
4
3
6
6
4
6
4
1
8
11
8
8
9
8
4
4
1
1
0
1
-1
2
-2
-5
-4
-6
-2
-3
4
12
13
12
6
2
-7
-15
-12
-13
-6
-4
-6
-1
1
4
5
8
5
9
6
-5
-5
-7
-10
-10
-6
-7
-6
-2
-4
-4
-3
0
5
3
6
9
5
3
0
-5
-5
-7
-11
-9
-6
-8
-3
0
5
11
9
5
2
4
6
6
4
3
-4
-7
-10
-12
-4
-13
-13
-16
-16
-14
-13
-16
-16
-11
-7
-10
-3
-2
-2
0
-4
1
1
2
1
7
10
10
8
3
4
-1
1
6
10
14
12
15
14
11
15
17
21
24
21
21
22
17
14
8
10
11
9
9
7
1
-1
-6
-11
-7
-8
-7
-8
-13
-15
-13
-15
-19
-16
-14
-17
-15
-17
-14
-12
-11
-6
-7
-5
-5
-4
-2
-2
-2
-5
-1
2
10
11
9
8
5
10
3
6
4
4
9
4
11
4
2
6
3
4
4
5
3
-3
-6
-6
-7
-10
-10
-8
-10
-4
-1
0
0
3
7
2
8
3
1
-2
-7
-4
-2
-1
-1
4
-1
0
2
1
8
7
9
12
7
7
4
-1
-4
-7
-9
-9
-4
-3
-1
-2
0
-1
3
1
1
3
2
-2
-8
-11
-14
-14
-10
-5
-5
3
-1
4
9
6
12
12
11
11
8
6
1
-2
-4
-5
-4
0
1
-1
7
7
7
4
0
-1
-8
-14
-15
-17
-15
-8
-10
-11
-9
-6
-9
-2
-1
2
3
0
2
2
6
2
-1
0
-6
-5
-9
-7
-2
1
6
4
4
9
11
12
18
20
17
17
12
6
4
0
0
2
4
7
5
10
14
9
7
3
5
-1
-2
-2
-2
-5
-7
-8
-10
-9
-10
-10
-9
-2
0
1
-2
2
0
0
5
1
-2
-9
-13
-14
-16
-15
-16
-17
-10
-6
-9
-7
-2
-4
-1
0
4
6
6
7
7
10
5
2
0
0
5
1
3
5
2
7
3
6
8
1
0
-4
-3
-1
1
5
3
5
4
5
8
6
8
7
13
20
17
17
13
11
7
2
-5
-5
-7
-12
-10
-12
-7
-4
-1
-1
0
4
5
6
-3
-8
-10
-14
-21
-22
-21
-21
-14
-14
-6
0
7
13
11
17
17
19
11
4
2
-1
-1
-2
-6
-8
-8
-7
2
6
13
17
20
21
18
15
8
4
1
-3
-4
-10
-14
-11
-14
-14
-13
-7
0
-2
-1
4
9
3
-1
1
-3
-4
-5
-11
-8
-9
-14
-13
-12
-8
-5
-5
-1
-2
-7
-9
-13
-14
-13
-19
-17
-15
-18
-12
-10
-8
-3
4
8
9
15
17
19
22
20
22
21
18
16
15
14
11
7
6
5
4
2
3
4
4
1
3
4
2
1
1
2
6
5
6
10
11
8
5
3
1
4
6
4
3
0
1
1
0
-1
-1
1
-3
-4
-8
-4
-7
-9
-10
-10
-7
-5
-4
-5
-2
0
-3
-4
-1
-4
-3
-1
4
2
1
2
-3
-4
-7
-9
-11
-12
-7
-5
-7
-6
-8
-5
-5
0
1
-1
-1
0
3
0
-4
-4
-8
-8
-6
-8
-4
3
8
10
14
14
12
17
17
16
8
7
3
-2
-5
-7
-6
-10
-8
-3
0
7
5
6
6
7
10
12
15
10
5
2
-8
-13
-17
-24
-22
-20
-18
-12
-13
-10
-6
-4
4
6
12
16
15
14
9
6
0
-4
-9
-14
-12
-16
-15
