SAMPLES:	16008
BITSPERSAMPLE:	16
CHANNELS:	1
SAMPLERATE:	16000
NORMALIZED:	FALSE
-2
-7
-8
-6
-5
-2
-1
7
4
8
3
-1
0
1
11
9
11
14
12
2
-1
2
4
-6
-14
-13
-8
-9
-7
0
4
7
8
16
22
23
10
-4
-8
-2
-2
-11
-9
-7
-1
6
7
11
10
-1
-7
-2
-3
-9
-21
-26
-22
-24
-22
-14
-13
-14
-18
-18
-14
-16
-16
-14
-10
-6
4
6
7
8
8
6
0
-1
0
-1
-8
-11
-6
6
15
15
13
12
11
10
12
10
3
-3
-3
8
12
5
-3
-9
-6
-6
0
4
4
3
-2
2
13
11
2
2
5
3
3
-3
-8
-13
-12
-8
-8
-5
2
2
3
9
12
16
12
1
0
-5
-7
-5
-7
0
2
2
2
6
4
-2
3
1
0
4
4
5
2
-1
-4
-5
-2
-5
-1
1
-4
-5
-8
-5
-2
-3
-5
-4
2
-6
-7
-6
-16
-15
-18
-16
-15
-11
-8
-4
0
-1
0
-7
-3
3
9
12
12
14
10
13
20
18
19
15
13
13
13
12
2
-5
0
6
9
13
15
11
9
5
2
-3
-11
-15
-13
-11
-7
-3
-5
-2
2
0
1
0
1
1
6
5
6
-2
-8
0
2
5
1
-3
-3
-9
-13
-13
-14
-21
-19
-13
-5
1
3
7
5
4
2
-1
-2
-2
0
0
6
8
5
4
6
-1
-3
-3
2
10
10
10
12
12
7
5
3
1
5
3
-1
-1
-1
-2
-3
-5
3
3
2
5
1
-1
2
-6
-14
-18
-17
-20
-24
-23
-23
-21
-15
-3
1
6
6
8
3
6
10
4
8
3
-2
0
-6
-5
-3
-6
-4
-5
-6
-1
2
-1
-4
-8
-10
-7
-2
4
14
13
13
11
11
14
14
13
9
8
9
11
9
8
9
14
17
15
15
6
2
0
-3
-9
-12
-12
-12
-13
-14
-9
-9
-5
0
3
4
1
-2
6
9
11
9
10
17
13
11
6
4
-2
-2
-6
-7
-7
-8
-9
-7
-6
-7
-7
-8
1
-1
-3
1
-6
-10
-12
-6
2
1
2
-1
-3
-7
-9
-4
-9
-6
-12
-18
-17
-13
-10
-9
-7
-5
-4
-3
-2
-1
-2
-3
-4
-8
-11
-7
0
-2
1
6
4
8
5
3
2
7
19
18
17
12
10
4
-3
-3
-1
4
-1
-7
-7
-5
3
10
8
11
8
6
6
2
-2
-5
-11
-12
-12
-13
-13
-7
0
-1
-2
-4
4
7
10
9
7
7
5
4
7
9
12
14
14
13
9
3
1
-1
0
-2
-7
-9
-9
-3
-2
0
0
3
1
-7
-12
-14
-12
-12
-5
2
4
5
6
0
2
8
4
7
8
5
3
1
1
4
10
10
9
11
17
11
3
5
3
-3
-3
3
4
4
7
13
16
11
14
15
9
2
-4
-9
-11
-9
-6
-9
-12
-12
-18
-22
-19
-14
-20
-25
-18
-9
-7
-11
-3
-1
-4
-4
3
-3
-4
-6
-7
-9
-12
-13
-13
-8
-2
6
11
10
10
8
5
7
3
6
4
-2
-3
-8
-5
1
5
8
13
16
14
12
10
10
11
8
3
2
1
-9
-14
-17
-19
-13
-18
-9
-2
-2
2
-3
1
4
7
8
10
8
6
1
-5
-1
-2
-5
-6
-1
4
5
7
18
22
21
20
12
13
17
13
2
-2
-6
-7
-10
-11
-12
-15
-10
-5
-1
-1
0
5
3
2
3
4
9
13
13
14
14
10
3
2
-2
-2
-2
-6
-1
-4
-5
-3
-3
-2
-10
-9
-13
-12
-10
-6
-5
-6
-2
-4
1
4
7
3
2
2
-7
-6
-11
-12
-7
-10
-10
-13
-9
-5
-2
-7
-16
-11
-7
-3
4
-1
-2
-14
-14
-5
-8
-2
-5
-8
-13
-14
-11
-6
-3
0
3
4
12
17
13
12
11
11
9
8
7
7
8
14
17
19
25
26
20
15
17
13
3
2
1
-3
-5
-7
-7
-6
-1
-5
0
4
-6
-4
-7
-11
-10
-2
4
6
6
-1
3
7
5
4
2
-4
-9
-10
-5
-3
1
3
2
4
12
9
0
-1
-6
-12
-13
-12
-18
-15
-16
-17
-15
-15
-17
-17
-5
-3
-7
-7
-1
-2
7
11
8
16
13
15
9
5
10
5
-1
0
3
0
1
1
2
2
8
6
4
8
9
12
5
0
0
-2
3
2
5
4
3
4
-8
-11
-8
0
0
4
6
4
10
7
5
1
-3
0
-6
-13
-17
-13
-12
-7
-5
-7
-5
-3
-4
-10
-7
-4
-1
1
1
-4
0
-1
-4
-3
-5
-7
-9
-10
-7
-2
0
4
7
11
14
9
10
13
6
-1
-5
-3
-6
-8
-7
-4
-6
-9
-7
-3
6
8
9
9
12
13
7
8
9
9
8
10
13
14
14
12
7
3
-2
1
2
0
3
2
5
0
-13
-10
-14
-12
-9
-11
-8
-7
-4
-3
-6
-5
-1
5
7
5
7
7
5
7
10
9
5
1
-7
-3
1
3
6
7
5
7
5
6
3
1
1
-4
-6
-9
-11
-11
-5
-5
-2
-3
-4
-4
-3
-2
2
2
0
-3
-3
1
0
3
2
0
-3
-3
-3
-7
-9
-3
-7
-4
2
0
-4
0
-5
-9
-13
-13
-18
-14
-4
-7
-1
1
6
6
9
11
12
17
22
19
15
12
14
14
13
14
15
14
12
12
5
-1
-1
-4
-8
-9
-7
-9
-9
-3
-5
-7
-7
-8
-9
-9
-8
-9
1
5
4
4
3
2
8
14
8
8
7
4
2
-1
1
-2
-3
2
-1
-5
0
-6
-9
-12
-15
-18
-20
-19
-14
-12
-14
-17
-16
-16
-18
-14
-18
-13
-13
-11
-7
-3
-2
-2
4
7
9
10
5
-1
-5
-10
-14
-13
-12
-14
-13
-8
-2
0
-7
-12
-8
-5
-3
1
1
-2
0
-2
3
5
1
1
6
13
10
8
13
10
9
11
15
17
17
20
20
16
12
5
-2
-1
0
-2
-3
-1
-1
-3
-4
-3
-3
-3
-4
2
6
11
12
10
19
20
15
12
18
22
21
16
15
13
8
10
13
16
18
17
16
18
16
13
10
5
2
2
-5
-11
-13
-14
-8
-13
-11
-9
-5
-9
-3
1
4
6
1
6
6
6
-5
-6
-4
-9
-8
-6
-4
-12
-11
-7
0
3
2
4
4
3
0
-4
-7
-9
-10
-7
-10
-11
-3
-5
-8
-3
-3
-1
2
0
0
-1
-1
-2
-11
-10
-4
-5
-4
0
7
-1
-5
-7
-2
2
-6
-3
-3
-7
-7
-6
-8
-10
-10
-8
-8
-4
-6
-6
-2
0
2
2
0
0
-2
-2
0
4
0
-5
-4
-8
-5
-4
-5
-1
2
2
1
7
1
-6
0
3
0
-5
-5
-7
-8
-2
2
-2
-4
-4
-9
-7
-1
0
1
-1
5
5
4
8
2
6
7
5
2
0
1
0
1
-2
1
-3
-5
1
7
4
0
0
0
-9
-11
-6
-3
-1
-1
7
5
3
9
8
11
9
8
7
10
12
9
12
6
6
-2
-4
4
-1
-5
2
1
-2
-1
1
1
-2
-5
-1
0
-7
-6
-7
4
6
4
1
1
6
5
4
4
6
0
-4
-3
-2
-5
-8
0
0
2
2
7
4
0
-3
-7
-1
-7
-6
0
0
-3
2
10
10
6
10
16
12
4
7
10
9
-1
-5
1
7
5
5
3
0
-4
-4
-6
-6
-7
-9
-11
-12
-10
-14
-17
-16
-13
-10
-13
-12
-11
-10
-13
-12
-14
-11
-7
-6
-2
4
-1
2
7
9
12
14
17
20
22
22
15
12
15
14
3
9
10
-6
-9
-12
-7
-9
-13
-12
-1
5
7
8
3
4
3
2
7
6
5
3
1
9
2
-3
-1
1
0
3
8
3
-2
1
4
7
6
9
2
2
2
0
-3
-8
-3
-7
-12
-9
-4
-9
-5
-4
-2
-2
-3
3
5
6
8
11
5
4
6
2
-7
-5
-5
-9
-5
-6
-7
-11
-14
-9
-8
-6
-5
-4
-2
1
0
-8
-8
-6
-8
-12
-15
-7
-5
-2
4
1
1
2
6
9
7
9
8
10
13
10
3
5
7
-2
-1
5
5
0
2
3
9
9
7
11
13
18
15
10
12
10
4
-3
-3
-1
1
-1
-2
6
-2
-9
-3
-3
0
-3
-1
0
-4
-8
-6
-7
-8
-8
-12
-15
-15
-15
-21
-20
-16
-12
-5
-3
2
5
11
14
15
15
15
15
2
-4
-4
-7
-8
-9
1
0
-3
-3
3
10
9
3
10
13
15
15
13
12
4
-4
-13
-7
-4
-12
-11
-6
2
-4
-3
4
10
13
8
7
7
2
-6
-9
-5
-4
-7
-11
-10
-10
-8
-11
-10
-7
-5
3
11
13
7
8
10
9
5
4
1
-4
-3
-5
-10
-9
-10
-11
-17
-11
-5
-6
-4
-2
3
3
13
16
14
10
9
-1
-7
-5
-6
-5
-11
-7
-6
-5
1
5
8
9
6
6
11
15
9
6
3
-2
-8
-10
-7
-15
-16
-10
-4
0
-4
0
5
8
13
12
10
14
13
6
8
8
4
-3
-6
-5
-9
-15
-13
-12
-11
0
0
2
2
7
6
4
4
-3
-3
-8
-14
-15
-16
-12
-11
-9
-10
-10
-11
-4
2
1
3
4
2
5
-1
-1
-1
-9
-4
-8
-3
-1
-7
-10
-4
4
1
1
0
6
10
8
9
12
11
6
8
11
10
3
2
2
14
14
12
12
16
19
18
16
18
17
7
3
6
13
10
3
4
13
6
7
3
0
-4
-13
-7
-11
-10
-7
-11
-11
-9
-8
-2
5
5
4
1
0
5
5
3
2
0
-4
-1
4
-1
-5
-4
-5
-7
-1
-3
-8
-13
-11
-7
-4
-5
-7
-6
0
2
-2
-5
-6
-10
-9
-3
-2
-3
-8
-10
-2
4
-2
2
1
0
-1
5
9
7
4
4
10
16
14
12
5
1
-2
-6
-1
-2
-2
2
4
0
-1
-9
-5
1
6
5
2
-3
-3
-1
-4
-7
-3
1
2
4
1
0
-3
-1
4
4
1
-6
-6
-5
-11
-17
-21
-16
-10
-11
-15
-13
-15
-14
-11
-9
-6
-7
-6
-4
-3
-3
0
2
-5
-4
2
7
9
9
8
14
18
19
14
11
9
8
11
12
7
4
-1
-5
3
6
-5
-13
-4
-2
-3
-12
-18
-4
1
-1
1
2
2
-7
-13
-10
-3
-7
-6
1
7
10
5
-3
3
6
7
6
7
4
1
4
7
11
8
6
10
10
6
7
3
8
9
10
11
9
10
2
2
3
1
0
-3
-1
1
-2
-8
-14
-16
-12
-10
-5
-3
-3
-6
-3
-2
-6
-4
-3
-3
0
7
4
4
4
4
2
7
4
6
7
-2
-10
-10
0
9
17
15
10
1
-4
-9
-10
-6
1
2
-4
0
-3
-3
-7
-14
-13
-3
4
1
-5
-11
-12
-5
-5
-2
-1
3
3
6
13
13
8
2
8
14
15
6
-10
-13
-18
-16
-11
-4
4
-5
-3
-6
-2
-8
-15
-5
7
14
7
13
22
18
14
7
13
23
20
12
16
21
11
6
11
15
12
-1
-4
0
1
-2
-6
-2
-7
-8
-16
-17
-8
-6
-11
-12
-7
-6
-8
-7
-5
-5
0
3
10
14
18
12
-2
-12
-11
0
5
8
9
7
7
3
-2
-8
-14
-10
-10
-13
-12
-10
-10
-19
-26
-27
-19
-17
-18
-18
-17
-1
6
12
12
11
10
8
12
2
-2
-11
-5
7
6
12
7
4
-3
-6
-10
-28
-36
-30
-19
-6
-1
-10
-17
-28
-30
-23
-17
3
21
25
24
22
15
22
22
14
0
1
18
25
33
28
15
15
11
18
30
35
32
29
19
12
10
-1
-5
-15
-27
-31
-35
-28
-34
-39
-40
-32
-15
7
25
21
11
-4
-19
-28
-33
-27
-6
27
53
61
50
28
7
-12
-20
-7
17
30
29
23
3
-21
-39
-41
-41
-27
-6
4
16
9
-13
-35
-48
-35
-11
14
8
-7
0
9
10
0
-9
-18
-12
2
23
37
35
22
1
1
24
41
41
32
30
17
3
-8
-21
-28
-26
-15
11
43
44
30
13
-4
-14
-13
-8
1
5
4
2
9
30
28
23
12
7
0
-6
4
4
12
17
17
16
11
22
28
19
-7
-28
-20
-7
5
10
21
3
-25
-33
-41
-50
-71
-78
-80
-60
-25
9
16
-16
-51
-79
-67
-51
-40
-26
6
44
53
31
-4
-40
-65
-57
-24
23
59
59
52
43
11
-30
-70
-81
-67
-47
-28
-10
-5
-41
-72
-91
-79
-47
-28
-13
7
38
44
44
48
40
40
53
85
125
129
84
27
-13
-25
-19
25
62
66
51
28
-1
-11
-12
-30
-27
2
27
46
28
16
-7
-47
-57
-48
-16
3
38
65
74
79
60
32
19
19
26
43
73
90
79
61
29
-4
-29
-30
-15
5
22
18
28
26
5
-3
-17
-30
-31
-13
-4
-16
-20
-2
4
-8
7
20
-7
-31
-36
-18
5
1
27
67
79
60
37
30
13
-23
-56
-40
-27
-23
-7
-30
-43
-63
-108
-127
-127
-150
-136
-87
-60
-48
-50
-72
-124
-149
-118
-76
-33
-3
13
13
7
-3
-23
-43
-67
-74
-46
35
93
108
75
32
33
26
16
-15
-72
-80
-43
18
50
51
4
-64
-99
-116
-95
-68
-45
-37
7
68
106
95
41
36
23
58
97
124
160
178
134
88
121
149
116
85
131
148
145
175
178
132
53
6
-14
0
29
32
36
47
15
-15
-31
-67
-101
-86
-38
-24
12
63
62
-6
-12
22
-3
-33
-5
111
127
100
69
37
0
-74
-78
-22
44
45
-4
-24
-37
-57
-60
-82
-139
-134
-48
18
46
65
47
44
-14
-43
9
-24
-51
-19
54
91
77
52
7
-56
-85
-73
-52
7
24
-11
-77
-59
-28
-95
-166
-200
-183
-173
-191
-143
-70
-88
-133
-211
-303
-344
-312
-247
-221
-241
-226
-229
-327
-405
-375
-316
-334
-329
-256
-176
-198
-296
-341
-335
-358
-415
-431
-383
-297
-207
-149
-190
-264
-275
-195
-111
-36
62
87
90
92
130
168
178
203
228
280
343
453
522
507
459
487
531
540
611
658
677
647
692
781
782
736
776
841
890
952
916
834
790
800
809
777
769
830
831
826
830
819
746
665
617
577
556
551
551
391
272
222
161
79
28
22
-14
-31
-52
-138
-247
-338
-342
-310
-381
-421
-385
-366
-388
-497
-611
-659
-694
-722
-766
-792
-824
-941
-950
-870
-839
-875
-951
-1016
-1070
-1140
-1107
-1048
-974
-858
-775
-811
-875
-824
-734
-663
-575
-506
-409
-263
-70
98
55
-287
-971
-1652
-2047
-2274
-2371
-2429
-2398
-2314
-2429
-2689
-2889
-3077
-3318
-3261
-2855
-2402
-1981
-1598
-1123
-701
-517
-347
-48
364
804
1390
2046
2630
3092
3351
3520
3669
3816
3968
4115
4248
4406
4557
4630
4455
4089
3700
3350
3015
2731
2518
2276
2089
1813
1475
1125
749
457
206
18
-112
-183
-328
-500
-661
-753
-862
-851
-762
-745
-705
-583
-408
-316
-289
-375
-330
-276
-179
-1
46
22
-159
-270
-331
-409
-430
-529
-619
-612
-605
-689
-903
-1124
-1234
-1344
-1346
-1303
-1220
-1143
-1129
-1095
-1051
-1154
-1162
-896
-649
-644
-629
-277
-106
-312
-376
-301
-355
-532
-435
17
77
-518
-705
-148
-188
-1210
-1367
-275
-224
-1258
-1230
-245
-526
-1714
-1589
-652
-744
-1660
-1372
-291
-319
-1077
-1139
-235
10
-682
-921
-31
739
129
-594
-713
-628
-1225
-1948
-1621
-1158
-1286
-1655
-1482
-1209
-1946
-2727
-2646
-2203
-2042
-2020
-1299
-826
-982
-1118
-828
-540
-607
-268
375
1000
1414
1833
2300
2461
2421
2583
2921
3288
3600
3989
4251
4428
4441
4368
4162
3868
3767
3584
3553
3508
3349
3072
2608
2206
1931
1575
1261
1022
824
575
351
207
-99
-517
-940
-1119
-1109
-1166
-1109
-1096
-1161
-1282
-1287
-1222
-1141
-1180
-1053
-716
-468
-296
-216
-186
-264
-293
-167
-152
-106
10
13
6
-10
-218
-513
-684
-652
-652
-1033
-959
-600
-858
-1418
-1398
-911
-981
-1277
-1539
-1143
-714
-1071
-1498
-1285
26
-540
-1437
-811
-115
-473
-1331
-749
-382
-885
-759
-799
-651
-560
-508
-577
-630
-392
-893
-1199
-1242
-746
-465
-292
-271
-244
-416
-655
-884
-420
-179
-126
124
144
30
-954
-1609
-1587
-1520
-1365
-1616
-1884
-1862
-1782
-1787
-2255
-2165
-2229
-2365
-2282
-2127
-1684
-1550
-1520
-1329
-1126
-726
-525
-191
116
314
797
1394
1874
1991
2239
2501
2740
3046
3444
3825
3921
3998
4142
4245
4285
4145
4081
4001
3946
3932
3955
3609
3066
2649
2239
1923
1705
1412
1071
766
454
164
-131
-573
-1073
-1374
-1452
-1391
-1371
-1354
-1440
-1453
-1521
-1557
-1504
-1331
-1225
-1190
-885
-398
-58
-153
-200
-27
17
-129
-58
217
278
41
82
345
220
-332
-335
-654
-747
-534
-573
-614
-573
-309
-1043
-967
-1054
-1430
-1086
-1422
-1262
-874
-471
-683
-873
-762
-1187
-1206
-1061
-771
-770
-621
-718
-338
-110
-1140
-944
-306
-956
-1197
-506
-104
-548
-1216
-518
-399
-569
-867
-1111
-33
-414
-594
-599
30
455
-289
-199
287
76
-864
-1389
-1196
-1130
-1234
-1501
-1525
-1431
-1756
-1788
-1865
-1973
-2310
-2502
-2042
-1878
-1788
-1585
-1385
-1305
-1252
-918
-640
-383
-305
-16
628
1047
1553
1863
1987
2171
2385
2809
3166
3349
3616
3899
4217
4296
4315
4230
4072
3997
4003
3914
3696
3561
3240
2851
2423
2129
1883
1251
976
768
514
240
-249
-474
-853
-1096
-1178
-1260
-1482
-1558
-1517
-1470
-1555
-1300
-992
-1098
-1011
-891
-655
-609
-400
-166
-144
22
-66
5
123
295
-187
-355
18
51
-395
-429
-356
-1074
-211
-494
-539
-1306
-781
-642
-1734
-927
-767
-336
-1591
-1503
-420
-1072
-747
-1405
-1259
-541
-945
-529
-1020
-705
-275
-882
-1207
-1634
-915
-527
-207
-823
-1100
-405
-373
-907
-1234
-886
-806
-519
-103
-490
-614
-558
19
-367
-558
-637
-125
343
203
243
-204
-101
-428
-861
-1038
-1015
-782
-1139
-1352
-1405
-1496
-1684
-1774
-1711
-1847
-2143
-2012
-1474
-1239
-1550
-1506
-1215
-1122
-954
-742
-277
-32
201
637
1068
1415
1551
1837
2020
2281
2789
3142
3489
3614
3715
3959
4112
4194
4124
3951
3855
3817
3776
3635
3239
2800
2396
2070
1883
1597
1361
909
672
373
66
-328
-746
-950
-1229
-1126
-991
-893
-1157
-1353
-1155
-1037
-1081
-958
-730
-756
-724
-468
42
27
-522
-871
-458
346
-88
-271
-464
179
-143
-562
-317
-711
-354
-1156
-298
-708
-248
-80
-882
-1601
-1034
-457
-645
-1355
-892
-107
-587
-1327
-935
-677
-928
-1496
-1357
-211
-575
-1151
-1532
-386
-450
-1692
-1468
-283
-960
-1122
-1150
-109
-536
-1154
-737
-645
-1178
-862
-22
-215
-811
-436
-54
-442
-80
-208
-353
-287
-66
129
164
629
-260
-861
-932
-782
-849
-1260
-1068
-1004
-1211
-1569
-1491
-1410
-1827
-2149
-1916
-1512
-1530
-1509
-1272
-1273
-1306
-1113
-564
-371
-459
-32
457
642
910
1359
1597
1656
1963
2529
2921
3087
3306
3753
3810
3791
3984
4082
3923
3779
3763
3720
3437
3196
2916
2520
2179
1941
1805
1478
1204
832
565
135
39
-104
-679
-890
-779
-789
-1065
-1150
-939
-996
-1145
-1167
-996
-598
-796
-957
-683
-582
-586
-521
-323
108
-335
-660
-347
45
-277
-615
-703
-111
-507
246
-686
-1131
-152
-536
46
-1108
-248
-691
-1163
-218
-899
-1073
-536
-1001
-475
-736
-960
-873
-1035
-479
-1220
-602
144
-981
-1268
-1273
-642
-617
-1675
-850
-390
-25
-1127
-1122
-460
-1487
-864
-509
-441
-645
-770
202
-588
-845
-564
-533
114
-132
-25
136
47
670
119
-204
-100
-189
-768
-1175
-853
-767
-1385
-1734
-1581
-1428
-1602
-1652
-1737
-2148
-2344
-2013
-1669
-1751
-1652
-1561
-1439
-1453
-1126
-606
-644
-452
18
553
864
1013
1508
1725
1923
2389
3026
3367
3386
3747
3990
4114
4217
4268
4232
3956
3851
3987
3820
3453
3020
2644
2535
2503
2080
1376
1124
1009
548
305
530
350
-101
-568
-1004
-996
-773
-858
-1253
-990
-536
-635
-1186
-1241
-773
-671
-1180
-1156
-293
11
-647
-926
-91
-326
-1054
-989
-215
-472
-552
-408
-289
-375
-413
-843
-893
30
-728
-762
-541
-897
-126
-733
-803
-510
-567
-938
-1055
-355
-1295
-611
-438
-891
-221
-967
-884
-828
-1102
-1067
-1461
18
-1024
-1003
-927
-738
-420
-1320
-820
-1056
-1204
-167
-678
-1027
79
-518
-566
-530
-272
-576
-674
156
-239
-150
-678
-21
250
377
-63
-715
-1035
-1546
-1170
-1011
-871
-1211
-1580
-1239
-1450
-1581
-1806
-2162
-1953
-1982
-1665
-1480
-1386
-1215
-1430
-1430
-1001
-650
-447
-183
-46
402
883
1189
1523
1762
1950
2267
2673
3075
3355
3528
3796
3869
4098
4304
4205
3978
3738
3708
3525
3480
3291
2911
2638
2177
1967
1421
1514
1127
564
217
637
700
-182
-387
-404
-645
-1321
-988
-666
-822
-996
-1450
-574
-606
-1342
-1224
-794
-130
-747
-930
-79
-263
-977
-522
-519
-344
-547
-517
-972
-451
238
-803
-124
-37
-805
-610
-608
-328
-570
-796
-434
-625
-334
-1251
-190
-278
-1577
-780
-1187
-181
-840
-859
-677
-1300
-755
-345
-973
-1384
-1543
-123
-279
-1335
-1397
-200
-773
-1172
-1228
-55
-809
-1393
-168
-812
-589
-1489
-612
-438
-759
-633
-362
82
-17
-110
-360
-481
-340
189
339
-249
-849
-790
-1115
-1150
-1350
-1634
-1695
-1016
-883
-1519
-1649
-1700
-1942
-2207
-2009
-1356
-1337
-1335
-1146
-974
-867
-899
-413
-201
-126
233
954
1451
1395
1556
1967
2311
2667
3155
3592
3525
3621
3917
4091
3909
3875
4084
3935
3735
3550
3697
3558
2732
2150
1962
1994
1758
1458
1147
816
1071
644
178
-46
-336
-988
-1063
-749
-732
-919
-767
-749
-890
-1425
-1408
-731
-1089
-1303
-1115
-340
-389
-428
-835
-1134
-871
-449
-662
-648
-301
-499
-874
-20
-649
-695
-185
-208
-321
-1291
-268
-99
65
-677
-730
-370
-563
-478
-885
-605
-92
-793
-998
-853
-444
-475
-928
-1659
-48
-538
-1155
-957
-601
-945
-958
-1091
-649
-296
-991
-1410
-883
-569
-626
-728
-731
-299
-840
-978
-193
-330
-639
-345
-291
749
-403
-269
203
42
-53
-776
-259
-194
-927
-987
-1214
-974
-997
-1505
-1566
-1569
-1177
-1492
-1899
-1673
-1816
-1905
-1691
-1572
-1254
-1402
-1367
-980
-733
-640
-475
-128
65
382
756
1179
1370
1569
1944
2341
2584
3021
3373
3476
3567
3787
3933
3789
3651
3751
3796
3826
3392
3101
2879
2453
2466
2046
2127
1491
1299
1157
1104
1010
468
218
106
-162
-287
-220
-569
-915
-854
-290
-545
-891
-833
-794
-1146
-1453
-719
-529
-679
-1025
-1032
-571
-642
-611
-1194
-665
-568
-858
-509
-233
-312
-311
-960
-249
-415
-225
-485
-1105
149
-619
-233
-332
-773
51
-1157
-932
-110
-1258
-708
-996
-1259
-106
-976
73
-1507
-1909
737
-1246
-995
-499
-611
-397
-1909
-137
-1012
-429
-316
-1498
-489
-431
-891
-1499
-1400
-209
-103
-794
-833
114
108
-471
-1248
-619
971
-177
-442
392
1010
-255
-1561
-1367
-886
-1149
-1168
-1095
-893
-1257
-1687
-1571
-1630
-1951
-2452
-2299
-1618
-1427
-1353
-1341
-1488
-1223
-1337
-1116
-549
-133
-24
113
746
1206
1275
1522
1885
2028
2259
2852
3491
3497
3602
3735
3923
3989
3832
3920
3922
3882
3626
3432
3504
2832
2524
2133
2399
2358
1805
1650
1289
1316
473
437
588
48
-290
-33
-275
-772
-705
-927
-840
-1129
-896
-867
-829
-1031
-994
-734
-1478
-715
-963
-949
-1048
-514
-600
-1426
-325
-578
-664
-846
-700
-106
-984
-7
-179
57
-752
-1646
154
-803
20
-391
-830
189
-1112
-8
-1044
-1363
-254
-745
-187
-1159
-460
-418
-1562
-603
-1711
-864
-514
-430
-835
-1676
-676
-586
-1038
-814
-1230
-763
39
-835
-646
-875
-170
-473
-1362
-312
-118
-316
104
-964
-249
-10
-358
288
-172
494
7
-268
-108
-1159
-1647
-1612
-1022
-818
-1383
-1429
-1836
-1881
-2004
-2125
-2143
-2294
-2109
-1846
-1793
-1357
-1462
-1668
-1751
-1498
-920
-506
-42
209
292
493
943
1420
1675
1990
2214
2679
3222
3446
3727
3881
3787
3920
4192
4325
4269
4078
4033
3758
3417
3474
3202
2964
2372
2247
2173
1990
1704
817
1024
650
418
242
18
-180
-594
-722
-884
-504
-802
-1496
-1637
-1318
-890
-592
-1311
-1197
-1165
-1314
-1231
-1031
-784
-1035
-957
-643
-342
-907
-1140
-372
-1159
-540
-422
-28
25
-905
-25
-1100
-108
-963
-1420
565
-255
232
-692
-685
534
-1768
-747
-1059
33
280
-1141
-171
-981
-907
-850
-1781
-282
-441
-853
-577
-1157
-336
-2204
-781
-674
-1776
-702
-249
258
-875
-1068
-988
-463
-820
483
163
29
-92
-398
199
32
172
44
837
704
-38
-104
-1161
-1497
-1355
-1370
-1449
-1514
-1134
-1722
-2293
-2382
-2498
-2676
-2708
-2427
-2265
-2242
-1777
-1707
-1883
-2111
-1848
-1390
-1010
-570
-86
290
451
812
1180
1426
1721
2173
2719
3128
3467
4066
4173
4205
4349
4474
4715
4907
5064
4910
4630
4346
4428
4307
3775
3462
3225
3066
2461
1924
1412
1030
703
155
108
-238
-366
-975
-1612
-1450
-1639
-1869
-2298
-2214
-1791
-1774
-2120
-2730
-1956
-1540
-2289
-2087
-1632
-1144
-1818
-1190
-629
-1417
-1227
-692
-839
-835
-107
135
-455
-698
-44
-328
-605
-206
-333
246
-127
-86
-46
-844
-56
-268
-446
-156
-839
258
432
-1373
-647
-217
-471
-804
-1112
-100
-661
-620
-475
-1407
-823
-711
-757
-681
-717
-559
-841
-1692
-652
-266
-385
-641
-352
-183
-1057
-548
-6
-71
-365
-341
588
40
-199
460
-45
-925
-1465
-1262
-1201
-1219
-1212
-1207
-1557
-1837
-2182
-2282
-2343
-2489
-2645
-2510
-2218
-1787
-1758
-2144
-2049
-1677
-1537
-1237
-586
-124
-153
223
930
1434
1627
1876
2394
2646
2979
3394
3949
4309
4234
4497
4823
4915
4888
4700
4623
4349
4114
4130
3961
3871
3379
2770
2572
1945
1656
1410
1226
874
171
488
-238
-292
-490
-1141
-1171
-1584
-1503
-968
-859
-1408
-1722
-1549
-1276
-1727
-1691
-1503
-1547
-1549
-1381
-1033
-1118
-1424
-1716
-1410
-788
-1059
-873
-710
-555
-1149
-481
-389
-687
-540
-928
-512
-313
-36
-70
-376
-170
-781
-228
64
-739
-180
-1035
-424
-640
-1016
-312
-1041
-1009
-730
-815
-871
-805
-308
-1639
-1560
-276
-695
-586
-915
-252
-925
-1296
-942
-547
-365
-491
-412
-63
-157
-745
-530
19
-237
352
769
545
365
-396
-640
-1520
-1679
-991
-712
-694
-1449
-1896
-2299
-2999
-2413
-2644
-2591
-2512
-2334
-1872
-2422
-2447
-2451
-2639
-2231
-1588
-670
-348
-306
-157
-104
235
804
1579
2146
2524
2949
3298
3427
3549
4011
4277
4612
4987
5244
5439
5192
4886
4709
4500
4581
4570
4130
3806
3601
3259
2485
2265
2067
1460
1243
967
869
557
27
-600
-1139
-1174
-1472
-1790
-2070
-1978
-2194
-2247
-1948
-2223
-2131
-2057
-1996
-1570
-1278
-1079
-916
-915
-739
-555
-382
-213
-685
-943
-452
64
-621
-661
-569
-748
-667
-944
-698
-1142
-814
-1172
-860
-780
-1179
-740
-837
-1183
-611
-1065
-1258
-564
-908
-759
-1233
-718
-939
-1052
-1152
-844
-887
-1351
-1082
-1250
-1278
-520
-903
-1134
-937
-1037
-797
-1059
215
-381
-616
165
-264
534
-352
162
746
318
519
175
375
-589
-1784
-1504
-1255
-895
-1400
-1603
-1644
-2367
-2935
-2740
-2710
-2632
-2779
-2678
-2358
-2382
-2610
-2749
-2351
-1940
-1675
-1120
-483
-91
-244
-233
569
1260
1781
2259
2825
3157
3108
3394
3950
4471
4624
4855
5335
5386
5304
5142
5062
5002
4860
4816
4687
4302
3803
3524
3370
3172
2920
2374
1910
1401
792
549
205
-297
-913
-1318
-1661
-1838
-2027
-2351
-1956
-1678
-1402
-1204
-1211
-1083
-1315
-1603
-1454
-1151
-965
-1294
-1016
-843
-1235
-1484
-1003
-582
-630
-799
-384
-106
-396
-88
-314
-452
-619
-386
-305
-530
-474
-1074
-841
-339
-836
-558
-732
-1136
-1184
-772
-941
-1448
-1066
-1196
-1044
-2024
-1461
-1629
-991
-1772
-1656
-1611
-1924
-844
-1829
-1729
-1761
-1927
-1137
-1150
-774
-987
-875
-202
-861
-298
-323
326
725
870
1854
825
225
-894
-2075
-1925
-1324
-322
-598
-1202
-2233
-3397
-3875
-3522
-2915
-2629
-2849
-2934
-2974
-2985
-3186
-3175
-2877
-2291
-1619
-971
-552
-625
-658
-354
494
1618
2493
2937
2951
2968
3118
3787
4746
5465
5835
5791
6027
6132
5936
5907
5990
6269
6394
6286
6232
5706
4773
4053
3867
3725
3550
3238
2543
1868
920
429
132
-384
-962
-1379
-1361
-1895
-2488
-2868
-3231
-3578
-3879
-3655
-3520
-3446
-3377
-3762
-3706
-3516
-3064
-2650
-2470
-2407
-2071
-2003
-1657
-1515
-887
-357
-501
-440
-754
-153
-97
-56
723
728
579
211
186
319
525
682
59
388
505
516
579
246
-654
-256
273
511
501
-261
-245
-1125
-168
-558
-331
-167
-244
-810
-929
-108
-211
-385
-969
-1103
-854
483
294
-16
-920
-602
-44
320
1403
764
-652
-2403
-3137
-3037
-2223
-1465
-1702
-2590
-3757
-4847
-5086
-4739
-4555
-4459
-4372
-4188
-4227
-4461
-4640
-4815
-4497
-3673
-2755
-1968
-1831
-2037
-2021
-1215
-41
1098
1884
2123
2125
2318
3059
4308
5185
5439
5604
5738
5972
6218
6472
6690
6677
6759
6838
6884
6523
5852
5289
5022
5131
5067
4655
3825
2828
2057
1731
1787
1600
895
-358
-1352
-1887
-1892
-2042
-2419
-3195
-3983
-3994
-4122
-3923
-3875
-3973
-3743
-3282
-2913
-2920
-3130
-2950
-2548
-1689
-830
-456
-290
-408
-498
-129
442
1202
1836
1801
1527
864
1190
1754
2279
2047
1852
2028
1847
1363
1618
2028
1179
351
684
1652
1043
444
-970
-1258
-963
-872
-717
-747
-1129
-1745
-1701
-2107
-1806
-2112
-1205
-1606
-2012
-1328
-1651
-1554
-1776
-1063
-1047
-1039
-93
-75
73
-859
-1977
-3273
-3935
-3026
-2344
-1472
-2164
-3420
-4897
-5964
-5348
-4590
-3901
-4042
-4951
-4926
-5389
-5068
-4419
-4220
-3711
-3666
-2741
-2297
-1985
-1516
-1251
-309
634
1894
2481
2408
2477
2815
3917
5102
6174
6509
6056
5781
5965
6587
7152
7290
7204
6781
6640
6579
6386
6049
5375
4961
4707
4506
4314
3707
3139
2520
2167
1955
1608
1009
80
-548
-888
-897
-1171
-1796
-2545
-3234
-3694
-3851
-3877
-3687
-3702
-4061
-4168
-4154
-3989
-3697
-3234
-2745
-2384
-2012
-1679
-1279
-884
-359
86
493
812
959
1080
1139
1130
1268
1572
1709
1766
1623
1153
603
453
1106
1459
872
-175
-172
275
-198
-731
-820
-1102
-1875
-1826
-451
-716
-1329
-1784
-2210
-2105
-1710
-648
-1224
-1326
-706
-812
-1340
-1402
-871
-650
-160
663
1251
605
-1159
-2900
-4101
-3759
-2142
-318
-350
-2720
-5255
-6482
-5675
-4529
-3585
-3541
-4856
-5561
-5949
-5316
-4565
-4156
-3892
-4024
-3382
-2681
-2260
-1981
-1414
-373
585
1519
2073
2127
2049
2496
4030
5595
6356
6171
5762
5775
6317
7154
7886
7907
7308
6914
6986
7382
7455
7078
6264
5524
5114
5094
5079
4587
3926
3081
2547
2276
1649
832
-138
-430
-433
-680
-1268
-2361
-3384
-4036
-3925
-3415
-3422
-4149
-5005
-5351
-4932
-4521
-4115
-4060
-4452
-4436
-4197
-3282
-2533
-2355
-2166
-1908
-1360
-811
-418
17
324
776
1296
1749
1946
1894
1822
1803
2260
2636
2861
2474
1777
1389
1317
1130
1053
1251
1029
192
-518
-929
-1199
-1038
-666
-842
-1402
-1756
-1715
-1490
-1416
-1394
-1371
-1252
-994
-651
-850
-1125
-965
-341
653
131
-1247
-3849
-5384
-4556
-2020
43
-1289
-4124
-6989
-7481
-5615
-3894
-2896
-4373
-6292
-7127
-6634
-4386
-3578
-3573
-4491
-4670
-3599
-2556
-1456
-1185
-762
-92
995
2342
2493
2420
2551
3708
5524
6662
6848
6313
5955
6370
7581
8640
8676
7713
6761
6852
7673
8231
7889
6711
5554
5096
5191
5555
5236
4321
3176
2299
2232
2003
1457
403
-536
-867
-1219
-1433
-2147
-3173
-3982
-4357
-3930
-4071
-4591
-5307
-5759
-5290
-4952
-4662
-4836
-4925
-4789
-4370
-3385
-2885
-2637
-2667
-2537
-1703
-1033
-218
156
342
496
795
1485
2000
2361
2536
2664
2756
2868
2881
2728
2663
2586
2511
2509
2101
1608
967
423
78
64
-102
-536
-1052
-1304
-1512
-1920
-2007
-1975
-1843
-1864
-1815
-1529
-1606
-1591
-1465
-1129
-339
298
125
-1213
-2917
-4848
-4942
-3493
-957
-388
-2864
-6128
-8127
-6841
-4774
-3649
-3613
-5683
-6753
-7209
-6122
-4187
-3994
-4106
-4966
-4398
-3239
-2619
-1832
-1359
-215
572
1393
2074
2254
2662
3344
5151
6471
6911
6548
6102
6773
7691
8599
8832
8388
7727
7466
8011
8564
8416
7398
6209
5868
5956
6052
5822
4885
3788
2837
2523
2385
1941
1090
154
-440
-864
-1575
-2335
-2933
-3327
-3744
-4076
-4285
-4702
-5343
-5814
-5771
-5253
-5011
-5066
-5280
-5378
-4980
-4314
-3469
-3023
-2897
-2946
-2586
-1710
-889
-196
-1
260
481
911
1615
2107
2614
2600
2587
2813
3010
3205
3057
2936
2773
2535
2256
2057
1896
1592
1232
835
532
11
-646
-797
-679
-529
-551
-1255
-1941
-2412
-2182
-1422
-1106
-986
-1430
-1541
-1173
-793
-575
-1588
-3270
-5368
-5762
-3855
-1276
-1232
-4282
-7602
-8726
-6538
-4274
-3669
-4728
-7026
-7696
-7274
-5373
-3770
-4345
-5204
-5473
-4057
-2700
-2017
-1738
-1210
-43
921
1930
2237
2266
2869
4137
6165
7152
6767
6013
6077
7409
8754
9408
9032
8042
7482
7870
8786
9144
8311
6930
6108
6150
6398
6203
5485
4445
3515
2957
2753
2372
1532
517
-293
-531
-955
-1837
-2678
-3449
-3746
-3997
-4246
-4678
-5423
-5902
-5994
-5464
-5250
-5469
-5937
-5990
-5380
-4646
-3938
-3733
-3616
-3413
-3021
-1919
-1095
-550
-494
-359
289
945
1740
2108
2469
2486
2636
2976
3277
3500
3437
3354
3410
3386
3079
2637
2225
1949
1744
1662
1186
741
150
-366
-468
-627
-835
-1132
-1390
-1534
-1816
-1762
-1457
-1039
-970
-1600
-1693
-1705
-783
-851
-1577
-3908
-6241
-5989
-3758
-791
-1761
-5275
-8641
-8959
-5850
-3997
-3694
-5525
-7668
-7796
-7040
-4588
-3779
-4357
-5354
-5253
-3514
-2467
-1973
-1652
-682
680
1402
2056
1961
2350
3245
4960
6828
7221
6505
5767
6498
8102
9266
9291
8543
7803
7650
8276
9153
9082
7881
6617
6120
6431
6439
5914
5079
4054
3481
2986
2603
2029
1047
210
-328
-442
-1233
-2301
-3286
-3580
-3481
-3828
-4508
-5432
-5989
-5926
-5600
-5063
-5374
-6128
-6331
-5913
-4617
-4188
-4064
-4209
-4179
-3235
-2516
-1471
-1060
-913
-741
-377
709
1346
1841
1961
2242
2645
2872
3190
3351
3568
3459
3464
3600
3311
3016
2726
2649
2636
2100
1568
985
687
570
305
40
-461
-952
-1312
-1442
-1446
-1441
-1441
-1383
-1279
-1417
-1649
-1474
-1278
-818
-1611
-2631
-4537
-5817
-5336
-3403
-1431
-2947
-6033
-8819
-8188
-5515
-4344
-4428
-6390
-7580
-7517
-6785
-4766
-4269
-4513
-5292
-4873
-3478
-2660
-2092
-1620
-135
955
1460
1650
1893
2846
3930
5465
6661
6862
6250
6206
7315
8790
9312
8784
8250
7975
8284
8731
9002
8605
7661
6733
6503
6680
6386
5719
4901
4280
3682
2984
2455
1893
1239
356
-485
-1034
-1682
-2256
-2834
-3393
-3819
-4673
-5056
-5286
-5339
-5388
-5984
-6026
-6152
-5992
-5474
-5280
-4785
-4856
-4851
-4419
-3726
-2869
-2319
-1811
-1498
-1176
-771
-89
773
1378
1686
1813
2069
2461
2820
3198
3458
3541
3440
3220
3295
3286
3173
2923
2595
2300
1919
1580
1321
1133
527
-130
-639
-470
-373
-642
-1140
-1713
-1532
-1435
-1221
-1155
-1372
-1377
-1494
-861
-1069
-1886
-4055
-6034
-5562
-3683
-1308
-2582
-5715
-8326
-8294
-5506
-4455
-4558
-6204
-7718
-7430
-6805
-4887
-4443
-4851
-5494
-5162
-3647
-2962
-2463
-2122
-807
525
959
1241
1262
2239
3511
5086
6230
6309
5847
5825
7007
8526
9190
8753
8084
7937
8369
8908
9151
8700
7826
7015
6827
6997
6646
5992
5161
4647
4141
3426
2818
2177
1723
995
351
-445
-1316
-1879
-2576
-2673
-3217
-4050
-4843
-5477
-5282
-5263
-5333
-5773
-6248
-6310
-6045
-5370
-4980
-4863
-4970
-4849
-4253
-3585
-2902
-2414
-2007
-1621
-1158
-634
-28
605
1067
1557
1835
2139
2352
2716
3164
3443
3568
3408
3187
3148
3200
3210
3145
2824
2365
1850
1589
1591
1466
884
135
-354
-336
-181
-378
-849
-1351
-1414
-1262
-1274
-1390
-1599
-1203
-890
-667
-1281
-2579
-3714
-4967
-4737
-4068
-2662
-2761
-4893
-6975
-8145
-6293
-5048
-5001
-5905
-7450
-7142
-6972
-5805
-4797
-4963
-5099
-5585
-4459
-3361
-2643
-2073
-1284
39
534
782
1103
2097
3473
4441
5394
5923
6015
6113
6741
7915
8750
8617
8183
8108
8451
8831
8926
8728
8164
7422
6931
6853
6704
6299
5573
4952
4349
3738
3036
2510
2046
1293
444
-352
-807
-1266
-2070
-2792
-3383
-3789
-4304
-4883
-5132
-5294
-5597
-5892
-6037
-6006
-5893
-5872
-5527
-5271
-5041
-4786
-4435
-3747
-3289
-2841
-2417
-1955
-1342
-900
-353
244
797
1278
1534
1957
2390
2765
3101
3262
3390
3411
3371
3480
3540
3472
3202
2835
2550
2278
2050
1838
1516
1029
575
182
-8
-191
-475
-621
-883
-1165
-1500
-1619
-1397
-1155
-871
-1018
-1165
-1650
-2518
-3361
-4448
-4696
-4505
-3455
-2992
-4343
-6363
-8071
-7169
-5599
-5033
-5516
-7087
-7486
-7363
-6495
-5195
-4843
-4857
-5419
-4960
-3854
-2841
-2127
-1517
-379
370
817
1136
1829
3130
4173
5272
5946
6171
6275
6595
7641
8605
8832
8558
8173
8381
8720
8901
8889
8400
7797
7142
6877
6838
6451
5847
5034
4455
3920
3215
2556
1918
1363
640
-43
-822
-1543
-2203
-2715
-3090
-3552
-4263
-4936
-5384
-5490
-5394
-5504
-5686
-6085
-6234
-5981
-5581
-4942
-4805
-4678
-4503
-4060
-3257
-2730
-2147
-1770
-1457
-959
-446
267
841
1233
1637
1961
2280
2607
2805
3125
3275
3329
3362
3319
3246
3128
2978
2704
2490
2221
1930
1651
1301
1043
634
241
-169
-344
-422
-642
-844
-1101
-1079
-1093
-1011
-1128
-1054
-770
-763
-1208
-2436
-3397
-4034
-4311
-4104
-3803
-3117
-4125
-5889
-7590
-7556
-5800
-5190
-5387
-6599
-7380
-7231
-6932
-5513
-4781
-4741
-5215
-5268
-4029
-2999
-2177
-1617
-646
257
597
1097
1738
2902
3909
4826
5854
6245
6334
6508
7286
8388
8824
8617
8244
8257
8544
8806
8903
8522
7788
7007
6649
6671
6505
5913
5085
4350
3773
3120
2524
1931
1373
692
-54
-698
-1517
-2220
-2890
-3119
-3362
-3989
-4809
-5582
-5656
-5444
-5368
-5525
-5879
-6025
-5946
-5524
-5025
-4627
-4556
-4450
-3958
-3281
-2575
-2190
-1851
-1420
-867
-249
294
878
1160
1456
1813
2296
2868
3008
3055
3134
3298
3414
3277
3093
2948
2908
2789
2607
2193
1770
1334
1197
1193
909
500
-195
-446
-491
-390
-501
-1069
-1371
-1397
-854
-519
-709
-1046
-1345
-1086
-1369
-2091
-3329
-4684
-4871
-4324
-2799
-2845
-4756
-7098
-8263
-6660
-5248
-4848
-5746
-7105
-7326
-7306
-6002
-5056
-4777
-5076
-5461
-4438
-3567
-2685
-2123
-1212
72
682
1156
1533
2331
3443
4435
5675
6316
6438
6421
6829
7919
8699
8856
8528
8358
8525
8701
8889
8637
8137
7419
6890
6829
6586
6121
5279
4548
3987
3348
2775
2064
1431
650
-74
-668
-1222
-1789
-2592
-3202
-3806
-4220
-4671
-5153
-5319
-5509
-5467
-5700
-5938
-6057
-5929
-5322
-4836
-4514
-4570
-4525
-4015
-3253
-2397
-1919
-1726
-1519
-1027
-275
473
982
1255
1518
1785
2199
2573
2872
3133
3114
3213
3202
3207
3212
3025
2899
2713
2485
2195
1790
1460
1205
1075
819
438
-67
-494
-534
-455
-549
-875
-1227
-1254
-929
-784
-746
-891
-911
-1031
-1485
-2352
-3532
-4781
-4953
-4179
-2852
-3235
-5291
-7458
-8100
-6678
-5520
-5348
-6146
-7395
-7548
-7253
-5872
-4871
-4895
-5214
-5413
-4343
-3258
-2489
-1868
-1059
33
854
1542
2081
2748
3507
4544
5841
6667
6868
6879
7302
8206
8849
8938
8748
8585
8683
8809
8933
8700
7970
7221
6719
6716
6451
5843
4928
4178
3658
3019
2544
1843
1026
184
-578
-1008
-1549
-2261
-2982
-3620
-4019
-4581
-5056
-5422
-5757
-5715
-5807
-5834
-5957
-6163
-5681
-5328
-4776
-4476
-4405
-3938
-3555
-2834
-2183
-1682
-1137
-960
-458
133
797
1405
1691
1935
2232
2497
2764
3158
3377
3458
3373
3213
3264
3130
2977
2780
2562
2387
1994
1591
1249
902
814
549
229
-217
-637
-897
-1024
-919
-928
-967
-1117
-1057
-841
-586
-582
-786
-1396
-2228
-2953
-3747
-4451
-4705
-4372
-3498
-4079
-5667
-7696
-8117
-6892
-5919
-5633
-6461
-7540
-7854
-7562
-6023
-4815
-4655
-5291
-5499
-4427
-2874
-1770
-1052
-472
222
946
1905
3048
3964
4512
5069
6079
7103
7683
7928
8114
8539
8865
9050
9111
9038
8935
8748
8729
8427
7789
6959
6313
6155
5893
5397
4555
3548
2765
2052
1600
1138
364
-552
-1607
-2120
-2543
-2899
-3430
-4128
-4760
-5266
-5610
-5619
-5585
-5643
-5722
-5889
-5857
-5664
-5216
-4578
-4186
-3801
-3624
-3192
-2532
-1975
-1212
-712
-291
111
413
969
1559
1962
2350
2491
2645
2895
2976
3288
3469
3401
3312
2985
2855
2784
2662
2438
2094
1587
1177
928
708
601
333
-40
-535
-957
-1084
-1108
-941
-868
-893
-884
-1112
-1138
-894
-488
-222
-518
-1588
-2776
-4114
-5040
-5047
-4073
-2772
-3592
-5715
-8240
-8646
-6946
-5978
-5364
-6499
-7673
-8262
-8084
-6166
-4785
-4491
-5251
-5556
-4426
-2925
-1649
-911
-325
230
1003
2325
3605
4494
4788
5185
6289
7429
8166
8532
8791
9138
9287
9280
9278
9294
9126
8971
8888
8527
7733
6641
5984
5778
5620
5161
4299
3137
1989
1194
1010
1003
234
-1081
-2446
-3160
-3100
-3281
-3564
-4436
-5291
-5825
-5977
-5706
-5621
-5737
-5828
-5756
-5411
-5066
-4683
-4284
-3830
-3237
-2713
-2071
-1640
-1281
-750
-117
634
1053
1193
1307
1618
2191
2690
3095
3085
2753
2576
2660
3111
3347
3155
2653
2129
1874
1792
1902
1680
1154
490
-41
-51
13
-156
-466
-875
-1097
-1232
-1193
-976
-873
-609
-560
-664
-775
-764
-131
153
34
-1095
-2336
-3813
-5181
-5329
-4224
-2572
-3128
-5549
-8342
-9026
-7700
-6568
-5669
-6370
-7434
-8638
-8701
-6826
-5107
-4370
-5151
-5401
-4594
-3186
-1700
-523
440
798
1202
2372
4012
5272
5614
5860
6681
7704
8590
9162
9592
9728
9525
9407
9467
9557
9189
8876
8601
8381
7722
6580
5760
4884
4498
4130
3668
3099
1766
420
-473
-726
-745
-1283
-2280
-3426
-4389
-4698
-4723
-4667
-4849
-5648
-6132
-6452
-6061
-5449
-5130
-4825
-4884
-4653
-4140
-3437
-2579
-2059
-1656
-1286
-756
-81
503
968
1315
1603
1916
2286
2620
2772
2863
2859
3050
3152
2966
2705
2381
2195
2152
2028
1865
1570
1116
803
470
224
-40
-387
-593
-734
-708
-765
-956
-1176
-1349
-1254
-999
-650
-214
13
31
-163
-166
227
479
253
-612
-2430
-4615
-5946
-5665
-3332
-2357
-3675
-6675
-9505
-9292
-8432
-6775
-6071
-7071
-8164
-9483
-8479
-6453
-5042
-4791
-5563
-5277
-4100
-2455
-785
334
1001
1308
2056
3781
5341
6263
6414
6777
7781
8786
9779
10124
10110
9804
9510
9756
9924
9726
8910
8193
7846
7631
7088
6110
4870
3536
2797
2521
2592
2143
738
-770
-1959
-2251
-2301
-2524
-3053
-4047
-5042
-5662
-5493
-4900
-4944
-5465
-5869
-5808
-5280
-4879
-4173
-3561
-3515
-3401
-2879
-1792
-959
-680
-393
46
589
1182
1649
1948
2090
2076
2288
2555
2883
2921
2530
2272
2260
2446
2374
2009
1690
1320
1037
992
999
1002
594
-23
-432
-709
-782
-662
-560
-572
-839
-1104
-1378
-1230
-787
-332
-94
-363
-234
91
596
1100
922
897
81
-1022
-2826
-5043
-5963
-5315
-3357
-2758
-4141
-7063
-9295
-9621
-9093
-7548
-7046
-7179
-8041
-8917
-8108
-6818
-5545
-5264
-5392
-4732
-3515
-1731
-203
825
1486
1831
2894
4455
5818
6648
6670
7143
8039
9220
10307
10461
10119
9258
8872
9067
9440
9524
8846
7854
6855
6314
5888
5326
4315
3009
2009
1415
1307
1007
200
-920
-2163
-2979
-3306
-3411
-3455
-3964
-4591
-5019
-5163
-5025
-5039
-4965
-4921
-4833
-4461
-4034
-3293
-2772
-2602
-2330
-1975
-1143
-380
104
454
618
919
1316
1818
2286
2366
2203
2090
2216
2434
2531
2443
2175
1888
1646
1427
1238
1067
865
552
284
56
-120
-247
-459
-717
-997
-1161
-1331
-1328
-1100
-845
-796
-937
-912
-557
-360
-527
-473
-99
547
910
939
1002
994
870
118
-1213
-3178
-5030
-5994
-5277
-3571
-2941
-3840
-6274
-7968
-8506
-8563
-7907
-7704
-6947
-6456
-6347
-5797
-5596
-5246
-5197
-5270
-4259
-2658
-628
821
1293
1498
1730
2574
3742
4907
5818
6148
6681
7264
8199
9111
9285
9073
8379
7894
7886
8104
8233
8076
7508
6740
6013
5239
4492
3593
2714
2080
1812
1684
1509
882
-169
-1196
-2056
-2456
-2419
-2407
-2432
-2753
-3199
-3438
-3723
-3644
-3639
-3643
-3570
-3527
-3035
-2489
-2072
-1813
-1853
-1603
-1234
-798
-454
-299
-67
174
539
760
863
894
807
637
343
222
441
664
734
450
64
-53
30
321
213
-234
-727
-585
364
724
-30
-872
-825
-108
43
-570
-984
-420
338
84
-907
-1397
-655
187
-153
-1277
-1626
-810
147
-33
-743
-966
-402
187
-263
-1039
-1148
-392
272
-427
-2069
-3326
-3592
-3173
-3019
-3095
-2802
-2408
-2281
-3147
-4430
-4942
-4811
-4200
-3785
-3530
-2746
-2021
-1886
-2519
-3416
-3414
-2594
-1356
-339
304
934
1486
1943
2129
2094
2426
3035
3920
4906
5537
6225
6626
6640
6338
5738
5585
5800
6101
6268
6021
5713
5315
4848
4272
3536
2927
2359
2099
1935
1720
1451
861
353
-128
-527
-751
-1077
-1260
-1470
-1584
-1735
-2033
-2197
-2234
-2420
-2787
-3028
-2914
-2376
-2020
-1872
-2051
-2158
-2015
-1844
-1696
-1792
-1709
-1391
-840
-301
-301
-576
-734
-533
-223
-146
-215
-74
388
707
493
-70
-44
446
617
186
-81
259
931
1205
595
-290
-761
-143
465
294
12
-66
308
296
-196
-850
-873
-335
-40
-205
-781
-828
-211
84
-231
-876
-1124
-701
-325
-224
-395
-354
65
242
352
187
4
-511
-1623
-2599
-3240
-3003
-2447
-2131
-1961
-2369
-2711
-3282
-4009
-4525
-5068
-4872
-4191
-3158
-2169
-1921
-1940
-2512
-2984
-3010
-2526
-1227
98
1318
2076
2403
2719
2924
3134
3354
3657
4419
5409
6545
7218
7237
6980
6457
6034
5772
5591
5562
5306
4980
4698
4357
4035
3280
2370
1433
659
281
98
60
-83
-479
-924
-1372
-1736
-2080
-2378
-2467
-2614
-2658
-2584
-2441
-2310
-2434
-2687
-2809
-2628
-2284
-1965
-1706
-1561
-1292
-1059
-879
-872
-837
-584
-353
-167
56
315
523
578
439
208
188
298
540
565
287
218
739
1340
981
10
-634
-209
557
386
-234
-335
484
982
515
-531
-943
-716
-149
146
23
77
60
158
-196
-1196
-1741
-1724
-806
-80
41
292
408
557
-259
-1678
-2247
-1509
-169
757
935
1094
1101
-150
-2426
-4947
-6067
-5419
-4278
-3274
-2770
-2254
-1834
-2709
-4353
-6407
-7312
-6550
-5032
-3185
-1998
-1096
-536
-628
-1015
-1608
-1562
-775
418
1814
2937
4166
5366
6069
6233
5724
5191
5183
5547
6061
6492
6954
7497
7770
7565
6614
5191
3739
2707
2280
2243
2492
2714
2726
2290
1260
-12
-1260
-2313
-2854
-2858
-2191
-1358
-980
-1036
-1493
-2044
-2602
-3240
-3412
-3228
-2628
-1984
-1641
-1304
-841
-444
-420
-941
-1427
-1506
-1163
-657
-266
318
1053
1582
1478
815
86
-269
-266
-217
-17
375
707
999
1329
1400
721
-207
-635
-420
-81
-61
-118
298
862
848
531
174
-87
-577
-921
-821
-760
-391
23
511
455
60
-188
-711
-1100
-1839
-2209
-1603
-633
229
384
-3
-406
-973
-1284
-1483
-1472
-936
-30
995
1276
877
-280
-2508
-4814
-6648
-6787
-5636
-4479
-3654
-3663
-3574
-3867
-4776
-5918
-7207
-7160
-6207
-4494
-2713
-1782
-1124
-745
-383
113
462
1045
1705
2394
3349
4396
5638
6920
7728
8010
7571
7022
6728
6680
6805
6747
6789
6850
6986
6857
5957
4553
3026
1817
1278
1048
912
532
50
-466
-1098
-1490
-1857
-2164
-2518
-3012
-3207
-3169
-2796
-2386
-2188
-1977
-1875
-1748
-1599
-1534
-1497
-1465
-1308
-888
-251
508
934
1029
853
675
580
562
542
480
481
674
898
1064
1169
1089
871
460
-119
-558
-631
-358
-22
148
311
389
344
63
-309
-524
-505
-502
-506
-400
-191
-66
-213
-207
149
588
523
-160
-990
-1128
-838
-648
-775
-574
171
521
166
-385
-552
-544
-1061
-1631
-1351
-217
805
1250
1425
1213
64
-2568
-5744
-7902
-8262
-7112
-5774
-4904
-4529
-4520
-4866
-5760
-6970
-8321
-8739
-8025
-6492
-4622
-3012
-1548
-345
487
1142
1551
2038
2440
2761
3156
4031
5622
7581
9282
10089
9859
9122
8314
7605
7085
6606
6374
6428
6533
6531
6034
5203
4153
2898
1580
313
-824
-1754
-2379
-2904
-2994
-2767
-2389
-2104
-2338
-3058
-3950
-4551
-4636
-4189
-3489
-2634
-1820
-1046
-302
292
615
654
536
430
599
845
1147
1535
1929
2486
2856
3071
2921
2158
1260
313
-344
-552
-539
-302
-58
3
28
-127
-342
-661
-1216
-1641
-1886
-1854
-1459
-928
-404
126
561
772
774
584
354
187
54
73
254
648
912
861
745
630
438
135
-191
-269
-341
-473
-523
-613
-313
-71
109
192
296
833
596
-722
-3705
-7336
-9755
-10543
-9533
-8824
-8497
-8437
-8132
-7337
-7435
-7758
-8754
-9185
-8562
-7732
-6154
-4644
-2591
-361
1423
3318
4682
5872
6482
6137
5892
6324
7774
9649
10870
11298
11022
10891
11052
10788
10046
8599
7039
5616
4402
3664
3059
2658
2166
1352
416
-569
-1611
-2766
-4080
-5272
-5865
-5726
-5079
-4650
-4332
-3933
-3297
-2345
-1667
-1398
-1585
-1702
-1479
-908
16
1103
2097
2810
3395
3785
4143
4246
3905
3201
2163
1482
1200
1222
1254
1046
930
670
435
-76
-772
-1497
-2263
-2627
-2809
-2636
-2246
-1799
-1288
-925
-545
-87
265
338
199
36
154
607
1169
1631
1917
2100
2215
2301
2163
1723
1188
625
112
-356
-613
-509
-351
-322
-315
-174
-36
119
-74
-417
-563
-613
-927
-2665
-5798
-9188
-11252
-11199
-10554
-10333
-10623
-10660
-9576
-8518
-7970
-8092
-8268
-7763
-7138
-6328
-5429
-3808
-1529
768
3012
5033
7061
8558
9062
8877
8661
9131
10063
10585
10447
10023
10082
10699
11140
10958
9851
8271
6489
4579
2889
1509
555
-310
-1234
-2021
-2394
-2300
-2317
-2874
-3952
-4945
-5411
-5503
-5410
-5196
-4610
-3555
-2180
-791
239
987
1494
1784
2061
2318
2583
2804
2731
2765
3051
3638
4245
4321
3803
2940
2138
1446
734
-171
-1055
-1723
-2160
-2245
-2129
-1890
-1731
-1811
-1991
-2171
-2130
-2004
-2010
-1976
-1761
-1199
-238
678
1481
2045
2490
2838
2894
2843
2620
2296
2008
1732
1650
1499
1258
945
491
131
-237
-574
-990
-1525
-1982
-2253
-2140
-1799
-1396
-998
-802
-519
-131
-37
-914
-3658
-7283
-10265
-11577
-11387
-11538
-11659
-11549
-10480
-8521
-7409
-6494
-6291
-5958
-5557
-5727
-5215
-4452
-2727
-695
1234
3712
6194
8685
10101
10430
10569
10794
11092
10745
9699
8701
8284
8602
9191
9454
9380
8763
7719
6328
4782
3325
1643
-292
-2288
-3731
-4184
-3914
-3476
-3282
-3220
-3039
-2802
-2648
-2721
-2978
-3188
-3249
-2884
-2141
-1029
273
1461
2605
3517
4222
4573
4391
3930
3228
2548
2090
1739
1422
1143
982
1009
1080
991
630
-144
-1141
-2095
-2836
-3269
-3643
-3896
-4014
-3710
-2949
-1897
-919
-219
220
447
673
764
930
1015
1162
1434
1792
2361
2870
3340
3503
3465
3183
2765
2141
1264
282
-648
-1245
-1703
-1910
-2004
-1927
-1734
-1664
-1478
-1278
-1035
-892
-846
-852
-688
-418
-724
-2187
-5147
-8020
-9890
-10394
-10509
-11379
-11841
-11796
-10433
-8955
-8092
-7025
-6441
-5351
-4907
-4581
-3876
-3038
-1409
-138
1549
3589
5701
7655
8839
9925
11015
11767
11736
10831
9669
8945
8519
8296
7902
7388
7005
6566
6249
5693
4916
3666
1917
-95
-1849
-2917
-3623
-4204
-4854
-4939
-4504
-3696
-2749
-2139
-1551
-1233
-1031
-878
-691
-384
-62
354
904
1733
2594
3358
3831
4128
4452
4473
4031
3144
2136
1329
618
-36
-750
-1253
-1594
-1818
-1832
-1831
-1826
-2000
-2420
-2865
-3246
-3268
-3156
-3045
-2759
-2253
-1384
-383
525
1393
2168
2659
2863
2929
2879
2859
2626
2339
2128
1974
2131
2089
1981
1682
1280
879
146
-568
-1401
-2120
-2706
-3084
-3134
-2975
-2640
-2283
-1676
-983
-410
20
251
668
920
348
-1462
-4586
-7192
-9100
-9985
-10756
-11941
-11896
-11593
-10086
-8867
-7871
-6241
-5417
-4257
-4172
-4068
-3469
-2920
-1747
-789
703
2539
4390
6311
8102
9996
11474
12009
11676
10912
10211
9597
8686
7679
6689
6037
5743
5609
5715
5567
5111
4103
2729
1405
82
-1248
-2748
-4080
-5031
-5399
-5315
-4751
-3844
-2739
-1540
-674
101
525
845
985
990
951
896
979
1156
1703
2311
3145
3776
4047
4084
3829
3482
2777
1730
372
-871
-1926
-2659
-3123
-3306
-3163
-3028
-2705
-2486
-2127
-1889
-1881
-1958
-2169
-2196
-2198
-2002
-1520
-810
107
1018
1881
2675
3338
3749
3913
3767
3392
2843
2264
1631
1078
713
326
103
-173
-395
-570
-818
-1218
-1690
-2114
-2348
-2409
-2457
-2504
-2438
-1987
-1292
-516
108
747
1429
1338
161
-2424
-4912
-7047
-8725
-10026
-11952
-12433
-12474
-11774
-10364
-9400
-7177
-5538
-4074
-3132
-2919
-2105
-1728
-1166
-736
-117
947
2157
3870
5777
8112
10051
11215
11889
12001
12014
11493
10364
8985
7396
6059
5019
4248
3951
3768
3598
3353
2867
2364
1676
805
-374
-1627
-2946
-4139
-5047
-5548
-5258
-4562
-3545
-2548
-1354
-81
1141
2224
2775
3097
2867
2522
2083
1758
1687
1700
1761
1850
2070
2393
2884
2948
2702
2092
1173
169
-985
-2060
-2950
-3731
-4248
-4478
-4355
-3807
-3162
-2449
-1779
-1213
-771
-534
-336
-141
95
168
184
286
698
1309
1956
2554
2991
3396
3486
3369
3052
2561
1973
1170
262
-572
-1266
-1723
-2023
-2155
-2151
-2019
-1792
-1524
-1272
-935
-630
-274
-91
12
314
693
1224
625
-1033
-3515
-5646
-7142
-8628
-10012
-11642
-12147
-12358
-11992
-11081
-9977
-7765
-6239
-4792
-3834
-3066
-1799
-908
28
640
1195
1831
2759
4206
6094
8065
9349
10277
10920
11560
11980
11676
10870
9694
8259
6827
5409
4322
3694
3023
2399
1687
1141
894
569
229
-375
-1140
-2242
-3396
-4149
-4417
-4199
-4106
-3855
-3337
-2366
-1001
343
1668
2648
3199
3437
3443
3411
3302
2993
2585
2078
1691
1397
1326
1450
1467
1469
1043
551
23
-542
-1008
-1821
-2642
-3538
-4155
-4363
-4297
-3926
-3442
-2813
-2241
-1506
-731
74
839
1205
1338
1284
1301
1384
1554
1724
1953
2159
2226
2385
2515
2733
2776
2436
1824
1014
291
-425
-1112
-1781
-2394
-2835
-3030
-2879
-2448
-1854
-1332
-819
-296
212
729
1190
1747
1931
1128
-885
-3555
-5688
-7410
-8847
-10472
-11941
-12479
-12619
-11968
-10949
-9268
-7139
-5611
-4287
-3410
-2382
-1336
-507
69
387
746
1194
2341
3946
5899
7624
8863
10056
10975
11839
12125
11789
10997
9730
8191
6506
5068
4020
3226
2415
1625
1002
716
722
762
573
69
-722
-1737
-2615
-3259
-3648
-3995
-4297
-4230
-3713
-2590
-1249
208
1576
2690
3513
3958
4225
4303
4154
3550
2782
1854
1138
858
694
784
591
458
341
207
164
-150
-662
-1387
-2279
-3132
-3775
-4224
-4340
-4274
-4026
-3530
-2893
-1986
-926
105
932
1498
1735
1886
1963
1989
1971
1776
1597
1362
1360
1584
1777
1939
1915
1726
1430
1033
544
-17
-729
-1571
-2308
-2831
-3049
-3022
-2724
-2219
-1694
-1122
-364
376
1169
1750
2208
2612
2002
481
-2041
-4269
-6180
-8127
-9799
-11653
-12289
-12688
-12371
-11398
-10058
-7695
-6093
-4488
-3456
-2371
-1057
-344
287
359
711
998
1812
3023
4619
6438
7755
9273
10318
11451
12089
12040
11746
10606
9180
7368
5660
4430
3344
2285
1227
411
105
141
167
173
18
-355
-969
-1743
-2408
-2873
-3369
-3833
-4070
-3975
-3327
-2311
-931
489
1714
2757
3601
4370
4745
4741
4318
3559
2739
1855
1144
545
194
18
-218
-386
-452
-352
-291
-484
-932
-1596
-2259
-2862
-3432
-3787
-3994
-4038
-3850
-3377
-2545
-1544
-516
412
1179
1842
2260
2545
2707
2697
2464
2004
1561
1346
1261
1270
1258
1214
1280
1214
1134
948
633
109
-633
-1320
-1936
-2423
-2802
-2906
-2764
-2358
-1850
-1276
-535
299
1173
1867
2548
2647
1759
-195
-2628
-4667
-6672
-8474
-10464
-11968
-12695
-13044
-12433
-11356
-9268
-7114
-5446
-3903
-2690
-1067
115
851
1153
1129
1252
1487
2162
3281
4782
6105
7457
8704
10047
11329
11978
12253
11632
10448
8894
7173
5687
4245
2745
1264
19
-668
-833
-798
-524
-305
-294
-509
-881
-1176
-1462
-1942
-2623
-3356
-3847
-3747
-3246
-2330
-1155
49
1254
2365
3609
4619
5253
5402
5028
4340
3350
2331
1355
513
-236
-955
-1473
-1661
-1500
-1150
-906
-919
-1069
-1383
-1729
-2125
-2572
-3022
-3516
-3836
-3908
-3637
-2962
-2051
-1042
-78
870
1765
2625
3211
3538
3534
3170
2683
2118
1699
1314
965
631
367
292
264
402
424
304
-85
-565
-969
-1390
-1781
-2226
-2452
-2521
-2322
-1973
-1261
-434
411
1277
2065
2867
2567
1391
-706
-2816
-4762
-7031
-8971
-10970
-12088
-12985
-13257
-12362
-10880
-8572
-6746
-4922
-3156
-1536
41
945
1598
1860
1845
1711
1842
2487
3569
4757
5903
7261
8682
10151
11235
12013
12286
11704
10519
8933
7364
5791
4050
2172
573
-614
-1414
-1700
-1697
-1281
-951
-877
-829
-851
-750
-898
-1396
-2037
-2727
-3129
-3206
-2907
-2240
-1377
-425
653
1907
3210
4328
5044
5318
5104
4463
3636
2675
1675
567
-563
-1418
-2039
-2254
-2194
-2035
-1737
-1552
-1458
-1464
-1538
-1584
-1869
-2317
-2819
-3274
-3277
-3096
-2676
-1990
-1253
-304
680
1669
2648
3397
3798
3855
3606
3165
2642
2096
1464
807
196
-257
-484
-556
-477
-441
-427
-513
-720
-904
-1124
-1334
-1625
-1903
-2086
-2064
-1834
-1393
-776
-33
799
1745
2479
2390
1484
-259
-2035
-3957
-6006
-7910
-9973
-11359
-12608
-13110
-12578
-11448
-9527
-7800
-5916
-3969
-2114
-328
971
1912
2398
2450
2308
2432
2823
3607
4372
5178
6284
7446
8921
10209
11226
11703
11477
10805
9742
8474
6932
5154
3186
1383
-174
-1301
-1937
-2182
-2022
-1932
-1732
-1459
-1116
-741
-683
-854
-1291
-1818
-2231
-2427
-2349
-2036
-1564
-986
-134
930
2207
3336
4158
4731
4821
4665
4129
3348
2525
1387
230
-889
-1797
-2299
-2547
-2590
-2520
-2359
-2122
-1857
-1662
-1428
-1440
-1670
-2002
-2330
-2421
-2493
-2309
-1991
-1470
-808
-21
980
1940
2820
3403
3732
3795
3677
3294
2786
2127
1301
555
-98
-535
-801
-934
-1037
-1071
-1145
-1171
-1128
-1099
-1089
-1306
-1566
-1720
-1682
-1500
-1218
-768
-317
225
845
1681
2119
1665
280
-1487
-3080
-4954
-6751
-8717
-10256
-11457
-12555
-12492
-11861
-10285
-8598
-7080
-5126
-3365
-1437
183
1345
2320
2710
2650
2681
2944
3607
4329
4799
5645
6577
7814
9124
10162
11081
11326
10921
10159
9125
7935
6450
4601
2772
1022
-517
-1522
-2132
-2260
-2284
-2248
-2070
-1790
-1330
-991
-808
-908
-1229
-1600
-1891
-1971
-1861
-1656
-1399
-870
-104
936
2006
3000
3778
4235
4346
4130
3773
3259
2469
1400
218
-798
-1513
-2062
-2416
-2597
-2626
-2611
-2491
-2182
-1784
-1480
-1453
-1512
-1571
-1674
-1732
-1753
-1586
-1358
-1078
-579
148
984
1794
2459
2949
3267
3372
3341
3131
2701
2097
1336
601
78
-380
-722
-987
-1243
-1365
-1487
-1479
-1358
-1270
-1271
-1302
-1294
-1126
-968
-716
-455
-205
183
639
1434
1600
920
-601
-2380
-3735
-5488
-7082
-8903
-10355
-11405
-12419
-12247
-11558
-10060
-8477
-7054
-5119
-3354
-1447
202
1495
2525
2970
3071
3286
3670
4213
4784
5146
5870
6713
7717
8915
9882
10601
10735
10381
9798
8996
7934
6554
4796
2981
1161
-381
-1485
-2188
-2472
-2755
-2853
-2704
-2255
-1692
-1283
-966
-842
-910
-1061
-1185
-1174
-1086
-995
-854
-484
159
1013
1885
2626
3334
3785
3927
3896
3662
3295
2565
1535
515
-500
-1275
-1931
-2416
-2697
-2858
-2865
-2775
-2456
-2051
-1737
-1512
-1430
-1402
-1434
-1482
-1417
-1306
-1163
-943
-557
93
795
1486
2131
2651
3057
3284
3378
3259
2932
2360
1555
820
165
-372
-764
-1243
-1518
-1722
-1846
-1723
-1529
-1318
-1211
-1184
-1015
-790
-695
-464
-348
-96
251
663
1388
1448
622
-989
-2578
-3886
-5467
-6997
-8800
-10187
-11332
-12204
-11990
-11274
-9817
-8427
-7082
-5326
-3551
-1583
57
1374
2398
2852
3066
3412
3950
4531
4939
5245
5903
6635
7576
8635
9520
10210
10273
9979
9515
8860
8005
6646
4942
3204
1435
-92
-1274
-2001
-2431
-2833
-3076
-2916
-2427
-1888
-1357
-1033
-793
-783
-899
-858
-779
-628
-606
-529
-301
177
846
1605
2326
2938
3336
3497
3623
3565
3269
2677
1751
743
-204
-1034
-1674
-2228
-2662
-2981
-3149
-3028
-2773
-2336
-1968
-1720
-1520
-1411
-1202
-1030
-856
-780
-743
-618
-374
88
676
1211
1727
2186
2529
2878
3102
3181
2969
2503
1954
1310
690
91
-476
-929
-1360
-1728
-1928
-2001
-1946
-1851
-1752
-1591
-1403
-1177
-880
-563
-226
36
386
792
1315
1757
1410
366
-1357
-2928
-4407
-6100
-7616
-9317
-10533
-11600
-12112
-11670
-10736
-9213
-7874
-6354
-4675
-2869
-1008
471
1687
2391
2796
3012
3399
3926
4472
4917
5325
6006
6798
7880
8902
9834
10331
10275
9979
9421
8727
7634
6197
4469
2637
899
-553
-1547
-2189
-2595
-2953
-3104
-2886
-2335
-1755
-1272
-982
-891
-878
-890
-773
-711
-687
-707
-676
-363
155
858
1567
2237
2787
3115
3391
3590
3554
3232
2486
1607
669
-199
-917
-1631
-2200
-2717
-3024
-3070
-2903
-2547
-2139
-1820
-1601
-1382
-1242
-1012
-831
-763
-746
-747
-640
-351
134
707
1272
1728
2092
2460
2848
3084
3027
2729
2232
1651
1036
455
-90
-621
-1118
-1570
-1907
-2054
-2026
-1859
-1699
-1649
-1556
-1415
-1107
-767
-546
-247
-31
243
614
1153
1619
1297
177
-1447
-2822
-4180
-5648
-7200
-8881
-10132
-11222
-11685
-11392
-10472
-9102
-7881
-6447
-4864
-3030
-1157
402
1646
2421
2825
3106
3518
4056
4566
4930
5298
5845
6586
7568
8610
9502
9993
10022
9800
9415
8849
7911
6477
4829
3079
1360
-59
-1206
-1983
-2592
-3068
-3211
-3025
-2537
-2034
-1563
-1153
-979
-905
-871
-703
-571
-658
-779
-805
-588
-130
435
1086
1747
2212
2647
3059
3365
3505
3208
2637
1875
1011
214
-546
-1254
-1949
-2576
-3026
-3167
-3030
-2710
-2300
-1978
-1684
-1495
-1223
-858
-653
-531
-550
-589
-484
-275
102
530
902
1292
1686
2075
2444
2752
2815
2628
2264
1848
1472
948
373
-208
-819
-1350
-1788
-1963
-1988
-1997
-1954
-1872
-1713
-1545
-1299
-937
-612
-310
-53
206
553
1077
1557
1500
691
-803
-2259
-3581
-5009
-6483
-8175
-9519
-10626
-11337
-11190
-10528
-9329
-8070
-6765
-5264
-3576
-1760
-148
1130
1990
2520
2777
3156
3700
4275
4718
5031
5555
6159
7111
8209
9086
9695
9817
9755
9465
8903
8098
6973
5508
3802
2077
524
-538
-1359
-2105
-2689
-3025
-2949
-2628
-2196
-1654
-1260
-1090
-1012
-951
-790
-701
-758
-827
-848
-661
-332
94
737
1331
1843
2267
2614
2926
3143
3129
2770
2238
1443
638
-14
-719
-1356
-2002
-2518
-2765
-2817
-2643
-2385
-2071
-1832
-1664
-1403
-1155
-929
-763
-761
-693
-550
-405
-131
297
734
1094
1427
1795
2162
2392
2492
2392
2143
1735
1318
899
401
-46
-584
-1042
-1395
-1669
-1737
-1785
-1756
-1751
-1732
-1582
-1439
-1137
-849
-701
-446
-184
176
578
1005
1404
1178
264
-1132
-2428
-3672
-5161
-6628
-8230
-9476
-10461
-11010
-10728
-10054
-8856
-7741
-6469
-4829
-3139
-1299
141
1271
2140
2633
3029
3491
3957
4460
4789
5079
5660
6374
7313
8276
9045
9505
9632
9528
9178
8596
7725
6520
4964
3350
1782
399
-637
-1522
-2232
-2786
-3034
-2928
-2572
-2123
-1684
-1321
-1207
-1076
-960
-815
-663
-724
-798
-814
-631
-246
287
869
1437
1917
2283
2721
3094
3203
3027
2605
2014
1306
561
-181
-821
-1447
-2055
-2484
-2682
-2636
-2462
-2270
-2006
-1752
-1583
-1328
-1071
-882
-768
-721
-628
-490
-304
-25
350
741
1084
1441
1794
2135
2429
2470
2337
2052
1712
1320
850
418
-83
-569
-1016
-1333
-1489
-1657
-1725
-1802
-1821
-1741
-1666
-1451
-1257
-1054
-869
-656
-341
1
436
824
1330
1510
930
-204
-1606
-2811
-4172
-5648
-7259
-8748
-9841
-10765
-10907
-10527
-9607
-8423
-7275
-5704
-4157
-2383
-729
587
1673
2271
2772
3256
3713
4137
4529
4874
5390
6030
6805
7820
8635
9324
9648
9655
9575
9129
8429
7403
6031
4470
2829
1317
53
-1033
-1901
-2568
-3010
-3092
-2892
-2541
-2090
-1673
-1399
-1276
-1204
-1074
-937
-992
-1107
-1096
-1036
-789
-369
201
864
1447
1972
2433
2820
3187
3319
3131
2697
1990
1323
640
-59
-729
-1521
-2071
-2450
-2593
-2507
-2401
-2154
-1907
-1690
-1468
-1213
-961
-802
-730
-655
-582
-454
-173
102
473
788
1082
1460
1817
2154
2332
2331
2161
1924
1574
1131
639
112
-395
-870
-1274
-1566
-1750
-1878
-1920
-1917
-1785
-1671
-1488
-1212
-1008
-731
-542
-236
-4
244
609
974
1242
786
-189
-1505
-2724
-3941
-5353
-6656
-8141
-9262
-10217
-10666
-10302
-9610
-8423
-7383
-6064
-4508
-2924
-1179
151
1306
2076
2563
3082
3577
4135
4584
4957
5411
5954
6612
7480
8325
8958
9337
9353
9214
8900
8299
7421
6224
4778
3206
1696
436
-564
-1417
-2105
-2665
-2931
-2874
-2652
-2234
-1859
-1574
-1426
-1329
-1140
-990
-855
-871
-901
-811
-576
-230
229
810
1344
1831
2226
2642
2983
3071
2949
2581
2079
1477
773
105
-530
-1176
-1709
-2150
-2434
-2444
-2376
-2166
-1953
-1761
-1503
-1266
-1060
-884
-698
-574
-509
-397
-200
27
385
704
1008
1323
1612
1915
2085
2149
2054
1879
1593
1236
879
432
-90
-576
-1013
-1402
-1699
-1921
-2019
-2048
-2044
-2011
-1855
-1590
-1335
-1048
-799
-560
-289
39
457
934
1376
1251
536
-627
-1862
-3012
-4401
-5818
-7319
-8591
-9623
-10322
-10293
-9820
-8860
-7853
-6683
-5259
-3739
-2016
-498
746
1643
2240
2719
3218
3748
4231
4639
4982
5497
6120
6958
7879
8602
9065
9190
9187
9013
8589
7852
6782
5487
3997
2470
1168
109
-874
-1672
-2346
-2777
-2848
-2750
-2406
-2042
-1763
-1573
-1487
-1348
-1178
-1055
-999
-979
-977
-757
-464
-17
590
1096
1638
2089
2543
2997
3211
3235
2942
2477
1909
1194
526
-168
-853
-1434
-1910
-2224
-2344
-2341
-2214
-2071
-1879
-1638
-1416
-1168
-974
-876
-780
-681
-570
-410
-185
134
464
765
1080
1403
1728
1989
2043
2026
1901
1673
1364
927
512
60
-436
-884
-1252
-1579
-1752
-1904
-1999
-1953
-1911
-1739
-1579
-1414
-1206
-1020
-745
-442
-138
223
590
1077
1300
783
-248
-1485
-2587
-3821
-5245
-6754
-8144
-9131
-9926
-10150
-9790
-9002
-7921
-6875
-5520
-3969
-2294
-704
531
1562
2250
2748
3191
3645
4065
4408
4739
5171
5758
6471
7333
8116
8654
8902
9004
8945
8586
7987
6987
5787
4396
2910
1571
445
-538
-1434
-2172
-2669
-2806
-2725
-2451
-2140
-1850
-1595
-1556
-1395
-1185
-1025
-899
-988
-939
-809
-564
-113
356
925
1408
1825
2294
2703
3014
3091
2910
2518
2010
1425
793
129
-525
-1158
-1675
-2003
-2186
-2218
-2143
-1986
-1816
-1623
-1409
-1153
-917
-804
-733
-674
-611
-445
-221
56
328
545
839
1193
1575
1883
2007
2030
1921
1671
1349
983
629
150
-389
-912
-1350
-1637
-1867
-2007
-2028
-2006
-1947
-1841
-1697
-1389
-1144
-974
-782
-503
-161
133
452
800
1157
1057
386
-715
-1859
-3024
-4426
-5761
-7152
-8273
-9200
-9797
-9665
-9212
-8306
-7315
-6201
-4809
-3372
-1734
-391
768
1649
2216
2762
3172
3628
4066
4463
4864
5324
5903
6656
7470
8137
8577
8734
8734
8584
8136
7452
6441
5267
3882
2447
1261
196
-683
-1516
-2133
-2476
-2588
-2487
-2299
-2040
-1818
-1663
-1557
-1418
-1242
-1142
-1059
-992
-909
-680
-337
116
605
1075
1638
2074
2499
2795
2941
3023
2716
2334
1800
1194
650
-29
-622
-1216
-1695
-1955
-2099
-2114
-2055
-1974
-1799
-1611
-1471
-1198
-985
-834
-734
-657
-501
-347
-161
86
379
686
932
1204
1479
1645
1728
1671
1577
1383
1068
750
374
-1
-424
-777
-1074
-1344
-1514
-1660
-1724
-1755
-1780
-1711
-1598
-1448
-1323
-1149
-879
-570
-274
17
405
853
1206
1083
477
-502
-1573
-2755
-4115
-5420
-6837
-7953
-8900
-9490
-9464
-9079
-8218
-7251
-6057
-4706
-3208
-1622
-264
870
1687
2269
2702
3168
3615
3978
4268
4548
4998
5576
6356
7167
7811
8318
8540
8597
8436
8108
7511
6540
5324
3914
2565
1312
241
-682
-1551
-2236
-2662
-2755
-2580
-2328
-2059
-1807
-1642
-1475
-1339
-1117
-909
-875
-908
-924
-723
-308
116
537
995
1444
1891
2297
2643
2891
2903
2721
2355
1837
1302
689
42
-633
-1218
-1688
-2043
-2250
-2267
-2175
-2031
-1933
-1737
-1448
-1175
-942
-795
-661
-601
-506
-391
-230
-9
206
408
630
874
1176
1445
1585
1636
1545
1365
1109
824
439
43
-412
-820
-1150
-1521
-1727
-1897
-1944
-1938
-1900
-1720
-1544
-1320
-1140
-978
-796
-553
-288
-9
231
511
922
1048
754
30
-932
-1867
-2989
-4142
-5424
-6674
-7581
-8386
-8710
-8688
-8261
-7438
-6578
-5400
-4192
-2818
-1367
-195
891
1623
2232
2789
3233
3720
4035
4366
4760
5177
5765
6416
7062
7578
7878
8052
8110
7936
7506
6856
5939
4882
3667
2410
1330
267
-582
-1405
-2019
-2340
-2531
-2422
-2299
-2089
-1914
-1760
-1517
-1342
-1109
-950
-858
-747
-607
-385
-97
304
702
1077
1410
1734
2095
2344
2534
2548
2326
1986
1520
1093
624
107
-444
-990
-1418
-1695
-1854
-1889
-1918
-1889
-1818
-1701
-1453
-1262
-1103
-959
-862
-706
-529
-380
-160
78
334
571
748
994
1182
1313
1347
1293
1208
1045
827
527
220
-150
-511
-834
-1102
-1298
-1531
-1655
-1725
-1780
-1714
-1665
-1496
-1365
-1243
-1029
-749
-475
-217
52
402
792
915
629
-11
-819
-1707
-2831
-4016
-5163
-6318
-7286
-8118
-8425
-8338
-7971
-7297
-6476
-5328
-4103
-2764
-1378
-203
837
1542
2068
2594
3044
3452
3818
4124
4493
4908
5430
6064
6648
7171
7507
7717
7788
7634
7268
6677
5900
4851
3646
2460
1375
408
-502
-1288
-1865
-2184
-2311
-2298
-2114
-1885
-1623
-1405
-1257
-1018
-810
-665
-579
-579
-535
-378
-123
271
616
934
1271
1641
2012
2272
2465
2502
2362
2058
1632
1190
678
126
-410
-958
-1388
-1749
-1944
-1924
-1885
-1778
-1664
-1501
-1268
-1020
-846
-748
-674
-577
-468
-340
-191
-2
155
297
459
692
945
1130
1244
1194
1099
983
788
537
166
-228
-629
-991
-1283
-1506
-1669
-1787
-1850
-1890
-1833
-1709
-1486
-1260
-1063
-889
-685
-430
-194
91
358
599
669
414
-75
-741
-1498
-2420
-3501
-4602
-5700
-6598
-7318
-7733
-7794
-7571
-7065
-6401
-5494
-4373
-3173
-1946
-838
169
1026
1715
2278
2758
3146
3497
3821
4202
4622
5106
5659
6138
6592
6936
7222
7430
7396
7141
6654
5960
5153
4159
3150
2115
1087
159
-666
-1261
-1687
-1946
-2044
-2012
-1872
-1648
-1405
-1188
-928
-709
-536
-459
-411
-327
-215
-36
146
366
654
943
1264
1558
1812
2010
2071
2069
1941
1686
1345
903
429
-76
-572
-1024
-1391
-1647
-1843
-1975
-1983
-1903
-1723
-1524
-1297
-1093
-917
-764
-622
-493
-371
-235
-119
-18
54
161
319
502
671
760
803
847
798
703
527
292
13
-288
-594
-877
-1129
-1330
-1467
-1542
-1615
-1608
-1536
-1414
-1239
-1083
-910
-670
-442
-174
115
387
656
690
465
-52
-735
-1535
-2438
-3449
-4497
-5506
-6358
-6996
-7294
-7253
-6961
-6412
-5718
-4794
-3752
-2626
-1462
-454
413
1079
1609
2081
2492
2853
3146
3456
3789
4198
4686
5243
5773
6263
6609
6873
7038
6948
6690
6201
5557
4738
3763
2779
1822
949
143
-604
-1153
-1497
-1691
-1727
-1654
-1510
-1315
-1151
-977
-797
-676
-612
-586
-535
-418
-338
-196
-22
211
517
773
1091
1372
1644
1842
1881
1851
1684
1472
1178
814
405
-42
-465
-872
-1192
-1435
-1590
-1647
-1659
-1621
-1518
-1364
-1199
-1033
-915
-815
-683
-554
-431
-323
-220
-71
77
212
366
518
665
717
708
650
577
479
315
85
-190
-493
-792
-1032
-1198
-1287
-1366
-1392
-1373
-1336
-1258
-1189
-1053
-881
-737
-630
-569
-463
-317
-157
14
151
124
-85
-495
-1055
-1687
-2359
-3090
-3893
-4631
-5273
-5745
-5984
-5988
-5744
-5364
-4854
-4187
-3379
-2473
-1560
-705
56
679
1225
1725
2197
2616
2948
3277
3601
3960
4374
4793
5224
5582
5826
6016
6092
6079
5902
5517
4984
4308
3591
2866
2127
1389
692
62
-438
-809
-1042
-1134
-1138
-1100
-1018
-927
-846
-733
-629
-529
-500
-464
-419
-352
-219
-52
184
398
655
921
1161
1365
1505
1572
1562
1460
1299
1061
754
430
52
-308
-695
-995
-1207
-1367
-1425
-1480
-1468
-1429
-1332
-1172
-1042
-903
-810
-719
-603
-500
-383
-293
-223
-169
-85
41
142
244
305
328
313
261
175
72
-64
-220
-393
-576
-730
-854
-961
-1044
-1096
-1132
-1130
-1112
-1049
-967
-882
-773
-669
-600
-472
-333
-163
54
133
13
-339
-821
-1364
-2026
-2695
-3436
-4215
-4950
-5537
-5819
-5844
-5639
-5248
-4767
-4162
-3398
-2475
-1508
-615
108
713
1210
1628
2060
2397
2704
2955
3206
3515
3878
4313
4765
5134
5403
5629
5765
5801
5702
5400
4929
4281
3555
2832
2107
1432
742
124
-356
-699
-886
-943
-957
-903
-870
-769
-661
-599
-524
-517
-476
-474
-460
-368
-288
-113
81
260
508
753
1029
1284
1444
1542
1505
1381
1226
994
687
326
-22
-378
-689
-927
-1097
-1174
-1265
-1331
-1305
-1245
-1139
-1010
-943
-844
-785
-733
-644
-584
-451
-358
-269
-191
-116
7
83
184
293
335
354
313
225
122
-5
-170
-352
-549
-694
-831
-924
-934
-944
-898
-898
-919
-886
-856
-810
-740
-736
-672
-614
-565
-464
-380
-270
-248
-343
-567
-909
-1322
-1800
-2299
-2854
-3458
-3979
-4350
-4591
-4656
-4561
-4347
-3957
-3448
-2881
-2209
-1533
-839
-220
239
686
1096
1483
1827
2104
2407
2688
2980
3336
3700
4071
4361
4569
4737
4830
4857
4749
4500
4160
3690
3143
2616
2113
1641
1187
727
322
37
-158
-268
-329
-382
-455
-490
-491
-456
-411
-416
-429
-450
-412
-310
-121
79
260
428
589
810
1018
1214
1341
1361
1323
1198
1042
846
613
396
135
-134
-362
-536
-662
-754
-846
-907
-942
-980
-956
-938
-918
-869
-869
-857
-802
-735
-640
-536
-420
-328
-209
-71
36
137
138
101
45
-46
-105
-199
-332
-458
-587
-704
-780
-836
-844
-824
-815
-808
-839
-833
-801
-827
-846
-838
-852
-841
-818
-753
-621
-478
-339
-284
-352
-553
-881
-1315
-1849
-2414
-2986
-3582
-4058
-4381
-4552
-4551
-4392
-4033
-3528
-2929
-2244
-1530
-813
-136
455
947
1324
1623
1844
2046
2227
2396
2586
2804
3044
3322
3602
3839
4055
4191
4258
4196
4030
3763
3385
2902
2352
1810
1307
850
462
152
-67
-212
-276
-246
-166
-60
11
95
151
182
209
224
224
224
253
306
393
509
628
738
858
959
1056
1111
1072
957
808
605
391
139
-160
-407
-652
-839
-960
-1050
-1062
-1031
-1006
-972
-912
-818
-701
-580
-455
-396
-363
-311
-263
-197
-126
-60
4
61
131
163
191
221
183
127
5
-140
-264
-404
-561
-721
-855
-955
-1003
-1040
-1101
-1101
-1057
-1014
-918
-853
-794
-745
-713
-665
-638
-619
-605
-559
-480
-402
-307
-204
-147
-190
-371
-611
-903
-1265
-1649
-2066
-2474
-2822
-3126
-3292
-3335
-3269
-3047
-2729
-2313
-1864
-1372
-901
-454
8
368
687
940
1128
1337
1542
1756
1982
2206
2413
2615
2825
3051
3246
3344
3348
3286
3198
3054
2819
2466
2071
1709
1382
1123
895
654
439
264
222
244
243
217
161
124
126
161
183
204
238
256
290
358
431
524
612
705
806
872
899
893
882
842
706
524
303
78
-92
-251
-428
-581
-707
-778
-834
-853
-858
-838
-815
-794
-697
-632
-591
-568
-549
-483
-438
-370
-334
-325
-271
-223
-166
-132
-136
-138
-159
-165
-211
-310
-394
-465
-558
-654
-744
-817
-860
-897
-919
-946
-979
-1005
-987
-965
-927
-899
-872
-831
-798
-713
-608
-497
-385
-277
-154
-81
-80
-162
-354
-628
-963
-1368
-1789
-2174
-2490
-2756
-2976
-3062
-3007
-2843
-2584
-2244
-1842
-1417
-982
-543
-131
240
559
761
982
1216
1421
1626
1797
1988
2176
2387
2597
2779
2934
3025
3078
3052
2985
2828
2632
2366
2054
1761
1455
1201
969
766
622
508
446
431
464
499
483
476
463
481
479
462
480
481
514
570
617
667
699
754
808
848
869
840
768
653
508
350
173
-11
-216
-399
-552
-693
-794
-844
-857
-869
-849
-799
-742
-694
-656
-616
-569
-508
-459
-402
-351
-300
-260
-217
-191
-164
-134
-137
-138
-183
-215
-262
-326
-389
-507
-601
-690
-773
-809
-853
-876
-891
-951
-956
-944
-946
-946
-958
-910
-870
-847
-807
-769
-735
-677
-619
-553
-478
-423
-353
-277
-208
-149
-129
-122
-114
-176
-308
-501
-732
-964
-1199
-1408
-1578
-1736
-1809
-1848
-1833
-1736
-1598
-1362
-1091
-822
-600
-410
-201
14
224
412
538
631
745
910
1123
1315
1483
1628
1767
1927
2072
2183
2221
2179
2091
1966
1838
1699
1538
1358
1183
1045
921
845
794
720
695
682
684
690
691
706
711
703
689
682
697
723
768
812
819
815
822
820
814
829
826
757
647
539
428
335
217
68
-62
-188
-267
-329
-389
-412
-466
-501
-508
-514
-493
-529
-601
-650
-681
-659
-645
-626
-615
-632
-596
-559
-498
-448
-467
-500
-514
-506
-481
-484
-508
-542
-588
-596
-623
-683
-744
-803
-841
-844
-851
-860
-867
-873
-856
-841
-807
-764
-711
-644
-593
-538
-477
-441
-417
-385
-346
-297
-306
-310
-306
-313
-293
-300
-352
-440
-558
-705
-847
-996
-1151
-1285
-1377
-1416
-1428
-1361
-1258
-1122
-950
-745
-502
-263
-15
207
398
562
692
805
907
994
1062
1142
1237
1353
1423
1473
1527
1577
1637
1657
1655
1631
1546
1407
1283
1153
1024
888
753
641
538
508
516
579
637
665
719
799
898
962
1017
1042
1038
1014
982
937
883
835
759
668
574
523
495
461
419
332
237
151
66
-18
-127
-236
-345
-444
-531
-579
-612
-636
-669
-691
-670
-620
-565
-555
-550
-544
-525
-507
-491
-489
-509
-503
-498
-475
-444
-431
-417
-421
-451
-477
-515
-535
-571
-620
-669
-723
-752
-786
-813
-807
-797
-774
-751
-714
-674
-644
-630
-606
-568
-524
-482
-443
-411
-389
-352
-291
-245
-211
-177
-164
-156
-145
-146
-161
-189
-217
-249
-286
-325
-360
-381
-397
-400
-388
-366
-348
-307
-260
-227
-191
-159
-117
-59
-6
36
85
120
164
233
305
358
411
487
561
638
692
735
728
692
690
705
702
684
680
681
683
698
701
703
691
668
657
650
650
642
629
609
607
616
624
623
620
637
650
670
682
710
730
707
668
619
564
511
448
387
326
255
193
141
101
64
12
-27
-61
-86
-107
-128
-159
-215
-270
-321
-359
-384
-413
-431
-440
-456
-444
-418
-386
-366
-367
-345
-340
-358
-383
-412
-431
-475
-521
-546
-558
-564
-553
-546
-531
-508
-478
-438
-439
-431
-426
-434
-436
-431
-425
-409
-382
-362
-332
-298
-254
-216
-187
-147
-115
-82
-51
-43
-43
-48
-55
-56
-65
-97
-126
-148
-151
-167
-184
-199
-209
-208
-212
-200
-175
-147
-115
-81
-65
-43
-20
15
59
72
83
94
123
146
142
139
133
119
108
100
109
120
133
159
172
201
215
215
217
226
247
245
234
236
251
263
276
293
329
372
400
440
472
493
496
486
487
490
469
453
428
398
373
339
318
292
254
206
161
118
63
17
-16
-41
-77
-114
-144
-168
-182
-198
-202
-195
-188
-171
-156
-156
-144
-124
-104
-93
-99
-96
-99
-88
-75
-70
-75
-101
-115
-122
-126
-136
-127
-112
-107
-111
-118
-102
-89
-94
-104
-99
-82
-52
-39
-39
-30
-26
-10
10
22
22
20
36
48
54
63
69
79
89
95
100
82
57
43
34
21
0
-13
-13
-33
-62
-82
-102
-114
-136
-156
-166
-169
-156
-158
-148
-132
-126
-121
-113
-91
-71
-69
-71
-70
-76
-74
-83
-90
-109
-127
-131
-135
-122
-115
-102
-97
-86
-69
-58
-51
-53
-42
-15
7
36
52
60
71
74
89
99
104
104
91
96
105
123
138
150
166
180
189
188
180
169
168
161
141
124
98
68
39
20
3
-20
-35
-42
-43
-52
-61
-65
-69
-77
-86
-89
-93
-101
-93
-83
-84
-86
-88
-76
-63
-53
-38
-32
-30
-28
-14
0
-3
-11
-22
-35
-32
-29
-26
-27
-17
-23
-22
-14
-2
6
0
2
7
29
44
44
63
75
79
96
134
174
192
192
190
183
179
184
177
152
131
106
90
71
59
49
31
18
14
8
9
16
1
-7
-17
-18
-26
-35
-36
-43
-42
-31
-17
-15
-15
-16
-10
-11
-11
-9
-25
-33
-46
-47
-64
-86
-99
-113
-120
-137
-138
-140
-140
-136
-134
-111
-88
-75
-60
-65
-73
-76
-72
-52
-37
-30
-32
-13
9
20
27
33
34
30
40
42
32
19
8
-5
-18
-12
-5
-7
-17
-18
-9
-11
-10
-7
-2
-9
-21
-17
-17
-20
-31
-41
-39
-35
-22
-20
-15
-12
-6
4
12
28
31
36
31
24
15
5
-11
-12
-7
-12
-12
-17
-5
-1
10
20
22
38
44
61
64
65
66
67
70
86
107
119
133
138
135
128
135
141
143
134
138
131
117
104
89
82
68
42
20
6
-5
-29
-47
-45
-52
-72
-79
-70
-57
-63
-80
-74
-66
-59
-55
-45
-32
-33
-43
-52
-53
-55
-65
-74
-64
-65
-75
-84
-87
-91
-90
-80
-74
-61
-46
-28
-20
-5
6
3
9
17
31
39
43
45
37
36
49
51
46
36
25
22
16
15
16
14
15
13
15
19
20
23
12
1
-10
-23
-29
-38
-45
-48
-48
-56
-63
-63
-66
-67
-70
-65
-63
-63
-58
-55
-53
-50
-42
-34
-31
-28
-30
-25
-28
-28
-28
-34
-30
-31
-32
-31
-28
-29
-25
-21
-23
-19
-16
-13
-5
-2
2
7
14
22
33
47
56
65
67
67
71
72
72
74
74
62
50
46
43
47
48
53
56
59
54
43
42
47
44
40
49
47
40
46
48
48
47
46
42
45
43
39
33
31
31
29
26
16
11
0
-9
-12
-13
-13
-16
-11
-11
-18
-17
-17
-19
-16
-10
-8
-10
-10
-12
-15
-12
-7
-10
-14
-7
-2
2
10
20
23
20
26
32
35
36
32
20
7
-10
-24
-37
-42
-48
-52
-57
-57
-59
-63
-64
-61
-53
-47
-52
-49
-42
-44
-46
-47
-47
-50
-51
-46
-42
-40
-38
-43
-38
-25
-16
-14
-15
-14
-12
-11
-9
-8
-6
-4
-12
-14
-14
-9
-11
-13
-11
-5
6
17
22
24
26
29
33
37
41
45
52
50
49
50
56
51
49
51
44
43
42
38
34
34
24
23
16
12
7
-7
-11
-13
-20
-24
-28
-33
-27
-27
-32
-26
-15
-4
0
4
9
13
17
17
17
19
16
10
4
1
-9
-15
-17
-10
-6
-10
-11
-7
-1
2
2
1
-2
2
0
-1
-5
-6
-7
-14
-18
-21
-21
-19
-18
-20
-19
-16
-17
-13
-12
-17
-14
-12
-9
0
3
2
4
5
16
23
26
35
32
30
29
22
17
12
8
-2
-8
-11
-17
-22
-19
-9
-8
-5
-4
-7
-10
-8
-4
-2
6
8
2
-3
-1
-3
-6
-7
-13
-19
-24
-21
-19
-25
-24
-19
-22
-23
-18
-15
-6
-3
-1
8
16
29
33
40
38
37
35
30
31
24
20
11
10
11
14
17
18
18
18
22
29
39
41
43
41
37
28
17
4
-8
-14
-26
-30
-30
-30
-24
-26
-24
-27
-26
-24
-20
-21
-26
-24
-25
-25
-27
-31
-33
-34
-32
-23
-13
-8
-7
0
6
10
18
19
14
15
17
7
4
-4
-7
-2
-6
-4
2
0
4
10
10
12
17
14
10
4
2
3
1
6
3
-1
1
4
8
11
7
10
12
12
9
6
6
5
4
-2
-5
-3
-4
-2
1
-3
1
3
-3
-4
-3
6
4
3
4
2
1
1
5
13
12
9
6
3
7
5
10
8
5
5
-2
-2
3
0
-3
-6
-3
0
1
4
5
7
2
1
1
3
1
-3
-2
-3
-7
-5
-2
-4
-3
1
4
3
2
-3
-8
-12
-14
-16
-10
-7
-7
-7
-7
-7
-8
-6
-7
-6
-11
-15
-15
-14
-16
-16
-14
-15
-17
-14
-12
-9
-4
3
6
4
5
5
11
10
4
1
-1
-4
-4
-2
2
-4
-5
-5
-5
-2
-7
-4
-2
0
3
4
4
0
0
-2
-2
1
3
8
8
7
8
8
13
8
12
9
8
10
6
2
0
0
-3
-1
4
5
7
10
10
8
9
11
9
8
11
7
1
1
-3
-3
-3
-6
-7
-5
-8
-7
-4
-5
-1
2
7
6
5
3
-2
-3
-2
0
5
9
9
9
8
4
1
4
2
-3
0
-2
-5
-4
-5
-2
1
1
1
-3
-3
-5
-9
-13
-14
-17
-19
-13
-14
-11
-9
-13
-12
-8
-6
-2
0
8
12
10
10
7
10
9
5
2
2
0
-3
-6
-3
0
5
9
15
20
18
20
14
15
8
5
0
-3
-4
-8
-9
-12
-13
-9
-8
-3
-1
4
8
7
9
5
5
2
-3
-3
1
0
1
-3
1
4
4
3
1
5
5
3
-4
4
0
-4
6
-2
-2
3
0
-1
-3
-7
-8
-9
-10
-9
-9
-13
-11
-15
-20
-21
-20
-18
-17
-10
-7
-4
2
-1
0
2
4
4
-2
-2
-6
-7
-3
2
7
6
7
9
6
11
12
11
15
20
23
27
25
17
13
12
11
14
12
11
10
4
2
1
2
-1
0
-1
-1
-2
-3
-7
-8
-8
-14
-15
-9
-13
-9
-4
-2
4
9
9
6
9
13
14
10
13
14
10
10
7
7
2
2
2
-2
-6
-4
1
-4
-7
-8
-15
-14
-19
-17
-15
-14
-12
-14
-14
-20
-26
-34
-30
-26
-24
-22
-19
-19
-20
-16
-17
-18
-11
-4
1
10
10
12
10
14
16
18
21
24
23
17
12
9
2
-6
-9
-9
-1
2
3
1
7
2
2
8
6
8
6
10
8
3
3
0
-7
-5
-2
0
-3
-4
-2
-4
-5
-8
-4
-2
-1
5
2
-1
-3
-7
-8
-8
-9
-14
-7
1
8
10
10
13
10
11
9
9
13
17
19
19
18
19
13
12
13
14
10
4
9
6
6
3
-2
-5
-9
-9
-2
6
10
6
1
3
-2
-6
-6
-5
-8
-5
-1
4
6
1
1
7
12
17
16
10
4
0
2
-7
-14
-12
-4
-3
-5
-6
-6
-2
-7
-4
-2
2
-2
-1
-2
-2
-2
-11
-15
-14
-9
-10
-11
-12
-2
-5
-1
6
7
6
5
11
10
9
1
-2
-3
-1
-9
-11
-5
-3
-1
1
-6
-11
-11
-16
-11
-12
-15
-12
-8
-3
-2
-9
-16
-12
-10
-2
5
6
9
5
2
4
-3
-7
-8
-3
3
9
15
10
7
6
3
5
-1
1
4
8
6
1
-1
-2
-3
-7
2
0
1
-1
-4
1
-6
-7
-2
-5
2
9
8
8
9
6
-1
1
4
7
10
9
12
11
11
13
6
7
5
5
12
8
11
13
15
15
12
17
15
9
5
0
-2
-6
-10
-17
-17
-17
-22
-20
-21
-17
-17
-12
-5
-8
-6
-10
-15
-16
-18
-15
-15
-14
-11
-6
-3
-1
-2
-13
-9
-6
0
9
9
13
15
15
12
13
13
14
14
15
14
9
3
-3
4
6
2
2
-3
-7
-6
-1
-6
1
2
-5
4
4
-1
-7
-11
-9
-6
-4
0
5
3
7
8
7
8
13
15
14
15
19
17
13
7
4
-2
-8
-8
-12
-14
-15
-13
-10
-7
-1
1
-1
6
4
4
2
2
4
-1
-3
-3
-4
-10
-10
-7
-4
4
4
3
2
7
6
3
2
0
-4
-10
-7
-3
-5
-10
-14
-19
-19
-17
-13
-11
-8
-16
-16
-13
-15
-13
-15
-11
-8
-8
-8
-8
-13
-11
-8
-1
7
4
3
5
8
13
17
16
18
21
21
13
9
-1
-9
-9
-5
-4
-6
-9
-4
-2
-1
3
4
5
6
6
9
8
11
10
7
11
12
22
20
18
21
23
22
19
26
21
18
18
19
18
16
12
2
-5
-12
-15
-21
-24
-28
-30
-29
-29
-21
-19
-21
-17
-16
-16
-11
-8
-9
-8
-6
-4
-2
-4
1
8
16
24
28
34
32
36
34
29
30
23
19
20
15
9
6
3
3
-2
-5
-12
-16
-14
-14
-12
-17
-18
-20
-18
-13
-13
-12
-7
-8
-9
-12
-9
-13
-10
-12
-5
3
6
6
9
7
4
10
9
8
-1
2
-2
-4
-1
-2
2
-5
1
-1
0
1
1
3
-2
4
6
7
3
6
6
4
3
1
0
1
-4
-9
-9
-5
-6
-4
1
0
-3
-3
-1
2
3
2
7
13
8
3
6
11
7
1
1
5
10
3
1
3
-5
-9
-8
-6
-11
-13
-18
-19
-15
-10
-9
-9
-9
-10
-8
-6
-2
1
-6
-5
-2
-4
-9
-9
-15
-13
-6
-7
-6
-2
-1
-9
-11
-6
-1
2
2
-1
-1
-7
-17
-14
-14
-17
-21
-17
-12
-4
0
5
13
15
15
14
12
10
10
5
3
-4
-4
-8
-2
-2
-2
10
15
20
19
16
19
21
21
24
25
25
22
20
17
11
10
6
2
0
0
3
5
7
5
6
8
8
7
3
7
-4
-6
-2
-8
-11
-18
-20
-22
-24
-23
-20
-10
-8
-16
-14
-14
-5
-1
0
4
8
11
13
14
15
13
9
7
7
3
3
-2
2
8
6
6
10
23
21
13
14
4
0
-10
-20
-27
-30
-30
-37
-29
-21
-18
-23
-19
-9
-2
7
13
21
27
28
31
33
30
24
14
2
-3
2
-7
-8
-6
-3
-1
0
4
7
8
4
5
0
-2
-7
-11
-12
-6
-11
-19
-24
-18
-9
-11
-11
-5
3
7
10
13
18
17
21
23
27
26
17
9
5
-1
-8
-15
-20
-27
-24
-12
-3
1
1
1
0
-1
3
7
1
-1
2
5
4
5
2
-6
-9
-11
-10
-5
-4
-7
-9
-6
2
8
7
8
3
-4
-9
-15
-23
-34
-39
-43
-33
-22
-18
-11
-9
-13
-16
-17
-14
-10
-5
0
5
6
7
5
9
9
8
11
9
2
0
-4
-7
-2
3
7
11
12
14
12
0
-13
-19
-26
-33
-31
-30
-28
-23
-26
-23
-11
-3
2
6
12
21
21
19
19
31
36
43
50
53
58
53
50
48
36
28
27
23
30
46
53
56
63
63
54
40
24
13
-5
-16
-15
-18
-14
-12
-5
1
-2
6
3
1
-7
-10
-10
-14
-7
-6
-8
-3
-3
-8
-12
-9
-14
-22
-28
-35
-37
-40
-34
-31
-26
-23
-22
-24
-17
-21
-24
-26
-24
-25
-28
-20
-20
-16
-10
6
9
14
8
-2
-8
-17
-28
-31
-32
-30
-23
-22
-15
-11
-14
-17
-15
-23
-28
-25
-17
-5
9
13
18
22
23
29
35
36
26
19
17
8
3
0
-6
-10
-6
-4
-13
-3
0
-6
-6
1
4
0
5
16
26
25
35
41
36
31
28
22
12
11
19
23
26
32
31
19
19
23
24
25
21
21
11
13
18
5
-2
-6
-3
-6
-5
-4
-10
-16
-13
-10
-7
-10
-9
-7
-7
-15
-27
-29
-36
-37
-36
-27
-32
-36
-31
-28
-26
-18
-13
-15
-15
-13
-4
-5
-7
3
3
4
0
4
12
12
19
20
14
8
0
3
3
6
1
2
11
9
8
8
11
8
-1
-12
