SAMPLES:	15993
BITSPERSAMPLE:	16
CHANNELS:	1
SAMPLERATE:	16000
NORMALIZED:	FALSE
-3
2
4
5
10
-1
6
-1
2
-3
-1
2
-3
3
-3
4
-5
4
-2
-2
-2
-9
-1
-11
-1
-8
-4
-1
-6
-3
-9
-2
-8
-3
-3
-3
1
-6
3
-8
-2
-5
-8
-5
-3
0
-8
-1
-8
0
0
-5
-4
-7
-3
-11
-6
-9
-9
-4
-5
-2
-8
-1
-3
-3
0
0
-1
-6
3
-6
7
4
5
7
4
10
1
9
4
9
7
7
6
-2
4
-5
-1
-6
-3
-8
-9
-3
-13
-4
-10
-2
-5
-3
1
-1
8
2
7
-1
1
2
1
3
-1
5
1
3
4
2
6
4
9
4
10
1
3
7
0
2
-6
2
-5
2
2
2
2
-7
0
-9
1
-6
-5
-5
-4
3
-5
5
-4
0
-4
1
5
3
7
-5
1
-3
-3
-3
-4
3
-2
3
1
-2
-4
-5
-4
-10
-2
-8
0
-2
0
4
1
11
1
9
3
10
8
7
10
6
16
1
9
4
3
5
-1
10
-6
-2
-3
-4
0
-4
1
-6
1
-4
3
-3
-7
-1
-9
-4
-9
-2
-2
-2
-5
-9
0
-10
-5
-10
-6
-7
-8
-5
-17
-9
-15
-9
-9
-6
-2
-11
-2
-4
-4
-1
4
6
4
5
1
10
5
8
4
2
6
0
9
2
5
6
5
10
6
11
4
9
1
2
7
0
6
2
11
1
4
3
-3
3
0
6
0
6
4
7
7
1
8
-2
6
0
1
0
1
6
-5
4
-4
8
7
12
18
12
17
8
13
4
4
2
-3
2
-8
-1
-9
-3
-5
-10
-6
-10
-3
-3
-1
-2
-4
0
-3
4
-3
5
0
0
1
-8
2
-9
-3
-8
-9
-12
-8
-3
-14
-9
-11
-10
-18
-14
-12
-20
-7
-13
-7
-11
-11
-6
-10
2
-5
8
5
4
7
2
7
2
5
6
8
9
1
6
1
5
5
2
7
-5
7
-9
0
-2
-2
3
-8
-1
-13
-4
-17
-5
-9
-9
-8
-7
-1
-5
0
-1
-1
2
-6
0
-3
-2
4
7
14
8
10
6
10
8
12
13
8
10
4
4
3
2
5
-1
6
6
7
1
-1
4
1
9
4
5
7
4
7
1
6
5
3
-3
-1
6
0
4
-2
2
3
-1
-1
-4
5
-6
1
-3
-1
1
-6
-3
-8
-5
-11
-7
-7
-14
-4
-9
-2
-5
-4
1
-4
0
-5
2
1
-2
-1
-1
1
0
-1
-7
-7
-4
1
6
-1
1
2
-3
2
-1
4
4
2
4
0
3
2
8
2
2
7
5
6
6
8
-1
5
0
-3
1
-3
-4
-8
-11
-7
-9
-5
-9
-6
-11
-3
-3
-12
-3
-7
-3
-5
-3
-3
-4
2
-3
1
0
1
2
2
12
10
12
9
8
12
4
8
8
7
9
5
7
0
5
1
2
4
4
9
-1
1
1
0
2
-3
-2
-5
-5
-12
-13
-6
-13
-9
-11
-7
-7
-8
-2
-6
0
-7
-5
1
-3
3
-3
1
1
-1
4
0
2
0
2
7
2
6
2
7
6
3
9
2
4
-1
6
7
2
6
3
10
6
6
12
4
10
-1
3
5
0
6
-2
-2
-2
-3
-3
-8
-5
-4
-1
-1
-2
4
-2
1
1
-3
-2
-5
1
-5
-1
0
-1
1
-1
3
0
6
9
3
6
2
5
2
1
5
0
4
2
2
2
-2
3
0
2
6
3
5
-1
5
3
0
-1
-8
-3
-7
-3
-6
-8
0
-6
0
4
2
2
1
1
-2
-3
1
0
3
-3
0
0
-1
1
-6
-2
-7
-10
-8
-12
-5
-8
-5
-6
-7
-3
-7
-3
-6
-10
-6
-7
-6
-4
-1
-3
-7
1
-1
0
5
-4
0
-2
-5
-1
-4
2
1
0
-3
-2
-2
-3
3
1
0
2
-2
-4
-6
-6
-5
-2
2
1
1
1
0
6
6
11
14
7
8
7
7
8
5
7
10
13
8
8
12
9
12
6
4
5
2
3
2
-1
-2
-5
-7
-6
-3
-5
-5
-2
-4
-4
-1
-2
0
1
-1
-1
1
3
2
0
-3
1
-1
-1
1
-3
5
3
-4
-3
-2
-4
-1
-2
-2
-4
-5
0
-2
-1
0
-1
-2
3
1
-2
-4
-3
-2
-1
-3
5
-1
0
2
1
0
-4
1
-2
0
7
7
2
-4
-1
0
-1
-1
-3
-1
1
1
-4
-3
-2
-4
-7
-5
-6
-3
2
-3
-1
0
4
2
0
2
3
4
3
0
0
1
-2
0
-2
2
1
1
4
3
4
7
5
5
5
5
5
7
6
-1
0
-3
-2
-1
-1
0
1
3
4
1
1
-2
1
-1
-1
2
4
5
5
4
1
-3
3
5
9
13
7
5
3
2
0
6
6
6
4
2
5
3
4
-1
0
-2
-2
4
-2
0
6
3
4
3
1
5
3
4
2
0
-2
2
0
-1
-1
-3
0
-6
-6
-2
2
3
0
2
3
2
1
0
2
2
5
1
-1
2
-1
-2
-1
-3
0
1
-5
-3
1
3
5
2
1
2
3
5
0
2
0
1
3
2
0
5
6
3
-1
-4
2
2
0
-1
-4
-3
0
-6
-4
-3
-5
-4
-4
-1
-6
-7
-6
-7
-6
-6
-5
-6
-4
-6
-6
-2
-5
-3
-3
-7
-6
-3
-5
-5
-6
-3
-5
-2
-3
-1
0
0
2
-1
4
4
5
4
-1
0
2
-1
-3
-3
-2
-2
-2
0
-1
1
-1
0
1
-3
0
-1
1
1
-1
0
0
3
5
3
-2
-1
1
-2
-2
-1
-2
-4
-4
-5
-4
-5
-5
-5
-6
-5
-7
-7
-6
-7
-5
-3
-5
0
-3
-3
-1
-5
-3
-3
-5
-6
0
-2
-3
-2
-3
-2
0
0
1
-2
1
4
3
2
2
3
3
4
3
4
4
-1
-1
1
1
1
1
4
7
2
1
6
6
8
6
6
6
1
-2
-3
1
1
1
3
-2
2
2
3
2
3
5
5
9
5
2
-2
0
5
0
0
-1
3
2
2
4
3
1
3
1
-1
-2
0
0
-1
-3
1
2
-1
1
-1
-2
-2
-1
1
1
-1
1
-4
-6
-1
-7
-6
-3
-4
-8
-7
-8
-6
-9
-9
-6
-8
-7
-12
-10
-7
-1
6
2
2
2
-3
-2
0
-1
-2
-5
-3
2
0
2
2
0
4
0
3
1
0
1
0
-3
-2
2
-1
0
0
0
0
-2
-3
-3
1
0
1
4
4
5
5
7
2
2
1
3
-3
1
0
0
0
-1
-3
-3
-4
-5
-5
-5
-2
-4
-4
-6
-2
-1
-3
-1
-3
0
4
1
1
3
2
5
6
7
7
6
7
6
7
6
4
6
4
6
8
3
6
6
2
3
3
3
4
4
2
2
4
5
5
3
4
3
0
2
0
6
4
4
5
5
5
4
0
1
1
1
4
2
4
3
2
2
-3
1
1
-3
-2
-1
-1
-3
-4
-7
-5
-6
-5
-5
-5
-3
-4
-3
-5
-3
-4
-3
-4
-6
1
-2
-3
-3
-2
-1
-1
2
3
0
-2
-2
0
3
-2
-2
-2
1
0
-2
-2
-2
-1
-1
-6
-5
-4
-10
-8
-8
-3
-1
-5
-3
0
-2
-1
-1
-3
-4
-1
2
1
5
5
0
0
0
1
1
0
7
8
10
8
7
4
4
2
5
4
2
2
3
1
2
2
2
1
-2
1
0
-1
-3
0
-4
-6
-5
-10
-9
-3
-1
-5
2
0
-1
-3
-5
-4
-3
-2
-5
0
2
1
0
-2
-3
-1
0
3
6
4
5
4
6
8
7
8
11
11
9
8
4
1
4
1
-1
1
0
0
0
-3
0
1
2
3
5
-1
2
2
4
6
7
7
3
2
-1
1
0
-3
-4
-2
-5
-4
-6
-8
-4
-2
-6
0
0
3
2
5
4
1
1
-2
-6
-4
-4
-6
-4
-5
-4
-7
-5
-3
-3
-3
0
-2
-2
-2
1
2
-1
1
4
4
0
3
3
-1
0
0
-2
-5
-4
-5
-7
-3
-5
-4
-2
-3
0
0
1
0
-3
-2
-1
3
4
2
0
2
1
4
7
1
3
5
5
3
7
9
7
8
7
6
4
5
8
10
10
4
1
0
-4
-2
1
-3
1
3
2
-1
2
-3
-3
-1
-4
-6
-4
-4
-5
-6
-7
-5
-1
-3
0
3
0
-1
-5
-4
-4
-4
-6
-7
-5
-5
-4
-5
-3
-4
-6
-6
-6
-7
-7
-5
-1
-2
-2
-5
-4
-3
-3
-2
-1
3
3
3
6
7
4
2
2
5
4
1
3
3
3
-1
3
1
-4
-2
-2
2
3
1
1
2
4
5
1
-2
0
2
2
5
0
2
2
-2
0
-1
-3
-1
0
-2
4
3
3
4
1
4
1
1
3
1
3
3
2
2
0
-3
-2
2
-1
5
6
5
5
3
5
3
4
3
1
1
4
4
3
6
5
7
6
5
6
5
3
1
3
2
1
2
1
1
-1
-1
-1
-2
-3
-3
-4
-3
-2
0
-1
0
-4
1
2
2
3
-2
-2
-2
-2
-6
-4
-3
-5
-5
-6
-2
-6
-7
-8
-10
-6
-4
-2
-3
-1
3
-1
-2
2
-2
-2
-1
-2
-5
-3
-3
-4
-1
-3
-3
-2
-4
0
1
0
1
-2
-2
-1
1
3
0
-2
0
-1
1
-3
-5
-3
-5
-1
0
-2
-1
-2
-4
-1
-2
-3
-3
-2
0
-2
-1
-5
-4
-1
-3
0
0
1
1
2
3
0
-2
-3
-2
1
0
0
0
-2
-3
-2
-4
-1
2
2
3
5
5
9
8
6
4
5
5
5
7
4
3
4
6
2
4
3
1
2
0
0
2
3
0
3
3
1
4
3
3
-2
-1
1
1
-1
-1
0
0
4
2
1
4
4
1
-1
2
0
-2
-1
1
-2
-3
2
0
-2
0
-1
-3
-4
-5
-6
-2
-2
-2
-5
-2
-2
-4
-2
-4
-4
-4
2
0
0
1
0
-5
-3
2
-2
-3
-2
-1
1
0
1
1
-1
-3
-2
-5
-4
-5
-6
-2
-6
-3
-4
-5
1
2
-2
2
3
1
1
-1
2
-1
1
1
2
3
1
0
-2
1
-2
-2
-2
0
-3
0
2
3
2
1
6
6
5
6
3
1
-2
1
0
1
2
-3
-1
-4
-2
0
-2
-2
-3
-2
-1
-1
-1
4
3
-1
5
4
3
2
-3
2
-1
-7
-4
-5
-1
0
-1
-1
3
3
5
5
4
6
3
6
5
2
3
4
5
3
1
1
0
-2
-1
1
0
1
3
0
0
-1
2
4
5
3
-2
2
-1
-1
-2
-3
3
-1
-5
-3
2
5
5
5
1
2
3
2
1
0
-3
-4
-4
-7
-3
-3
-3
-1
0
-1
-4
0
1
0
0
2
1
0
-1
-3
-1
3
1
-2
-2
-3
-4
-3
1
1
1
0
3
2
-2
2
-3
-1
-1
-2
-2
-3
-2
-7
-7
-5
-4
-3
-1
1
-3
0
2
0
0
-1
-3
-2
2
3
-3
0
1
2
2
1
3
0
1
6
5
0
6
8
5
2
3
4
4
4
4
4
0
1
0
1
-2
-4
-1
-2
2
1
3
5
2
7
4
4
4
1
-1
-1
-2
-4
-2
0
-3
-1
-3
-4
-1
-2
-5
0
-3
-7
-2
0
-4
-5
-2
-5
-5
-6
-6
-3
-5
-6
-4
2
2
3
4
6
6
1
2
3
1
3
1
-3
0
-1
-1
-3
-1
4
2
0
2
-2
-1
1
-1
0
-3
-4
-3
-6
-4
-8
-4
-4
-2
2
-2
0
2
-3
-2
0
1
3
-2
1
1
-2
0
-1
-1
-2
-1
-3
-2
3
2
1
1
-2
-1
1
0
-4
-2
-1
-4
-2
-4
-2
-5
-6
-8
-6
-5
-2
0
-2
-1
-2
0
-2
0
4
2
0
4
0
-2
1
-1
2
0
-1
-4
-1
-3
-7
-7
-4
-2
-6
-3
-4
-4
0
4
0
3
3
5
6
6
10
7
5
1
1
0
-1
5
3
8
11
13
14
11
13
13
14
15
9
7
8
6
6
3
5
7
5
7
5
7
9
9
8
5
4
3
4
4
4
2
0
2
2
-3
-2
1
-1
1
2
0
3
3
2
6
0
0
0
2
-2
-2
2
2
0
-3
1
-3
-2
2
-1
1
2
0
1
2
1
-1
-3
-1
-3
-4
-4
-7
-4
-9
-8
-7
-6
-2
-2
-3
-4
1
-2
-3
-2
-4
-4
-5
-4
-4
-8
-9
-10
-11
-15
-15
-13
-11
-10
-8
-9
-8
-4
-5
-5
-3
1
-1
-1
1
3
1
-2
-1
0
-6
-5
-2
-2
-2
2
3
5
3
0
4
2
6
7
8
5
2
3
2
2
2
7
7
1
1
7
6
5
7
3
7
8
5
3
3
5
6
3
6
3
4
7
4
4
1
2
2
-1
1
-1
-5
-3
-2
-5
-2
-2
-1
-1
-2
-1
-3
-2
-4
-2
-2
-2
5
0
2
4
2
-3
-5
-4
-5
-8
-6
-7
-4
-3
-2
-2
-2
4
4
2
4
8
6
1
3
4
1
-1
-3
-6
-7
-6
-5
-5
-2
-4
-7
-9
-10
-7
-7
-4
-5
-4
-3
1
1
-3
0
-2
1
2
0
1
-3
-1
-2
-8
-9
-10
-8
-7
-2
-4
0
1
-6
-2
-5
-3
-2
1
-4
-4
0
-3
3
1
-2
-1
1
2
3
4
3
5
-1
-1
1
2
-1
0
5
1
6
4
4
5
5
4
6
3
3
0
5
3
2
8
3
6
4
-2
-2
-4
-3
-2
-4
-5
-4
-1
0
2
5
6
8
14
17
15
15
15
14
13
13
10
6
-3
-1
-4
-8
-5
-7
-8
-6
-1
-2
1
1
-1
4
3
2
3
2
-2
1
0
0
-2
-6
-7
-3
-5
-6
-5
-1
-2
1
2
0
4
8
9
5
5
5
4
1
-1
-1
-6
-9
-6
-6
-6
-7
-7
-5
-8
-7
-6
-4
-3
-2
-2
1
-1
1
0
-4
-3
-4
-3
-5
-5
-3
-3
2
2
-1
-4
-2
-5
-4
0
0
4
3
3
5
3
3
4
-1
-1
2
3
6
4
7
10
7
10
7
7
8
8
7
6
4
-2
-2
-5
-5
0
2
1
2
7
3
6
5
7
10
9
10
4
1
-2
-4
-5
-3
-9
-12
-8
-7
-11
-7
-7
-5
-3
-1
1
-1
0
2
1
0
0
-2
-2
-1
-3
-5
-2
-5
-5
-5
-6
-1
-2
-4
-1
0
2
2
3
7
7
3
3
5
1
-1
-1
2
0
-1
-2
1
3
1
2
-3
-3
2
0
-1
1
0
2
-1
-3
3
-3
-3
-6
-8
-11
-14
-14
-11
-6
-1
3
9
12
15
20
13
10
8
8
6
3
-5
-7
-12
-12
-13
-13
-12
-16
-9
-8
-8
-3
0
6
11
10
10
9
6
4
2
0
-5
-4
-8
-8
-7
-5
-3
-4
-1
-3
-4
3
-2
-1
0
0
2
-7
-5
-3
-6
-11
-10
-10
-7
-7
-6
-5
-6
-2
2
3
1
3
7
7
4
3
4
-1
-2
0
0
3
0
-1
0
3
4
5
7
7
5
4
6
4
-1
3
3
1
3
4
4
3
4
0
1
-3
-1
1
0
2
-2
1
-2
-6
-2
1
3
-1
-1
-4
-5
-3
0
-3
-6
-4
-6
-2
-1
0
8
11
18
26
28
28
22
21
14
12
13
11
9
0
-11
-16
-24
-24
-23
-20
-17
-15
-14
-15
-11
-6
-5
-5
1
2
2
3
-1
-5
-11
-6
-6
-10
-9
-5
-6
1
3
3
8
5
-1
-4
-8
-16
-17
-16
-12
-6
1
7
9
2
-1
0
3
4
6
4
6
11
12
9
3
0
0
-3
-5
-3
0
7
6
12
15
14
13
13
14
10
11
0
1
2
-1
-5
-6
-7
-4
-4
-4
-4
-5
-2
-4
-1
-3
0
1
0
-3
2
4
6
5
3
4
1
3
2
-1
4
2
1
-1
-1
0
0
3
5
2
-5
0
9
7
10
12
11
8
2
-10
-11
-6
-5
-4
-6
-1
-8
0
-8
-10
-7
-6
3
1
8
0
14
-11
-2
-16
-20
-9
-13
0
-25
3
-4
3
-1
0
18
15
35
11
-5
-18
28
36
33
15
-5
5
4
13
-2
7
14
21
11
-8
-10
0
20
11
17
12
2
-3
-6
5
5
8
7
2
8
3
-5
-3
-10
13
24
31
17
14
7
-4
19
-6
11
-30
20
-11
-7
-8
-46
-10
-20
11
-7
-21
-16
2
-5
13
11
-14
17
-3
27
-6
-18
-5
-20
15
-7
14
-9
-18
-19
-8
22
10
14
-13
-14
-8
10
17
7
-2
-15
-4
-13
-2
8
-3
2
-10
-8
-12
-7
9
6
4
-5
-7
3
8
7
4
4
-9
-4
-4
-5
2
-9
-2
-13
-11
-13
-14
0
-5
-5
-10
-19
-13
-3
-1
2
-1
-13
-12
-6
1
3
2
-3
-6
-6
-1
6
3
4
0
-7
-3
0
6
9
2
-1
-3
-2
8
8
6
7
-1
-1
0
-1
0
-1
1
0
-4
0
3
-1
1
-3
-1
-2
-1
5
2
4
5
6
8
4
4
6
6
3
0
-5
1
1
0
2
-1
-3
1
1
-3
8
-7
1
-2
-8
-4
-11
2
-8
-7
-9
-5
-9
-3
-8
0
-6
-1
2
0
5
-10
2
-11
4
-6
2
-3
0
3
-6
-3
-6
3
-3
2
-2
-2
-15
-7
-8
0
-5
-5
2
-5
2
-1
7
4
0
1
2
5
1
1
4
-3
-2
-2
5
2
4
1
2
1
-4
-2
-5
-7
-12
-8
-11
-11
-7
-6
-7
-6
-8
-3
-3
-9
-3
-4
2
0
4
4
1
5
6
6
9
6
0
4
5
6
6
7
9
9
4
1
10
9
7
9
4
7
6
6
3
3
3
4
5
6
6
1
3
-1
2
3
5
2
-2
1
-1
1
0
0
-1
4
4
1
3
4
4
-1
0
0
-2
1
-8
-4
0
-4
-6
-2
1
5
3
7
8
2
6
3
6
8
4
5
3
1
0
0
2
5
0
-1
0
2
1
1
3
2
0
2
4
6
2
1
-4
-2
-2
-6
-4
-6
-4
-5
-3
-2
-2
-4
-6
0
0
-1
-3
-3
-4
-5
-2
-3
-3
-5
-6
-5
-4
-6
-7
-7
-8
-9
-6
-5
-9
-7
-8
-11
-10
-10
-9
-9
-12
-7
-3
-3
-4
-2
0
-4
-5
-6
-4
-1
1
2
6
5
7
7
7
7
4
9
11
7
11
10
8
9
13
7
9
10
10
12
7
10
10
5
11
13
11
9
6
5
5
9
6
2
-1
0
0
-1
-5
-3
3
4
0
3
6
3
4
6
4
5
7
3
1
0
0
-5
-4
-6
-4
-5
-5
-5
-3
-2
-6
-1
-1
7
0
2
4
3
-1
5
8
0
-4
-5
7
5
8
-7
-14
-4
6
5
-5
-8
0
3
0
3
-4
-1
0
-1
-2
3
5
-2
-6
-5
-2
-2
-13
-11
-7
0
0
-5
-5
-9
-3
-3
-8
-6
-2
-3
-1
-2
-6
-3
-4
-3
7
9
6
7
7
5
3
1
4
10
10
2
4
4
3
5
6
5
2
2
5
-1
-5
-5
-4
0
1
4
1
2
0
3
5
-1
0
0
-2
-1
-3
-8
-7
-9
-9
-2
-1
2
2
2
7
8
6
0
-2
-4
-6
-3
-11
-13
-13
-11
-9
-12
-11
-8
-7
-8
-5
-5
-5
-2
-3
1
6
6
1
1
4
7
3
3
1
-1
1
-3
1
1
2
3
1
2
-1
1
5
6
3
1
-4
-5
-2
-5
-1
2
3
6
1
2
2
5
3
5
2
1
3
3
4
4
3
4
3
0
2
1
3
-1
0
1
0
2
1
-2
-2
-1
-3
-4
-3
-6
-2
3
-1
-1
-4
-11
-11
-7
-6
-7
-2
-2
0
2
5
7
0
4
5
9
10
7
7
4
2
3
3
2
2
1
-1
-3
2
2
5
4
1
2
3
4
3
-1
-4
0
-3
-7
-9
-12
-13
-11
-9
-1
0
1
3
2
2
0
2
-1
-6
-7
-3
-2
1
0
-1
-3
-8
-11
-11
-10
-11
-11
-9
-13
-9
-8
-5
-2
1
0
0
0
-4
-2
-1
-2
-2
-2
-3
-1
-4
-4
0
0
-1
-2
1
4
9
7
6
8
5
6
0
0
0
0
1
5
6
3
7
2
1
4
5
5
7
6
7
8
11
13
6
2
5
-1
1
2
-1
-1
-1
-2
-4
-2
-5
-5
-4
-8
-9
-9
-10
-10
-8
-7
-7
-1
0
-2
-2
0
5
6
4
7
6
7
7
5
7
7
2
4
4
2
8
5
2
2
5
6
2
5
4
7
10
4
1
0
-1
2
1
-1
-1
-7
-5
-5
-10
-6
-7
-7
-2
2
5
5
7
2
7
13
10
10
4
1
-2
-9
-8
-9
-11
-13
-10
-7
-4
1
0
1
-2
4
6
6
12
16
16
12
11
3
1
-3
-5
-10
-10
-6
-7
-2
-3
3
8
7
4
4
3
4
7
2
1
3
4
-1
-5
-10
-15
-20
-24
-25
-20
-14
-13
-9
1
1
2
5
6
1
0
0
0
7
8
4
4
0
-5
-5
-4
-4
-4
-5
1
8
5
0
-1
-1
-4
-1
-4
-4
-8
-7
-8
-8
-7
-8
0
-2
-7
1
1
-2
-3
-6
-8
-9
-7
-10
-7
-2
4
7
7
7
4
6
13
7
2
-5
-8
-7
-8
-8
-2
-3
1
0
8
5
4
1
-6
-7
-12
-8
-2
1
3
3
-1
-4
-7
-5
-6
-11
-10
-3
0
4
4
7
14
13
17
11
8
9
10
11
16
17
16
19
17
16
15
8
4
0
-3
2
7
8
8
4
3
1
5
7
3
3
5
7
6
7
1
-3
-8
-12
-7
-11
-11
-4
0
6
12
15
16
22
19
16
11
10
8
9
12
15
14
-4
-9
-7
-5
-12
-20
-31
-33
-26
-20
-20
-27
-39
-36
-24
-11
-3
-1
-4
-5
-7
1
4
0
-3
0
9
14
19
23
22
17
14
11
7
8
10
9
13
14
14
12
-6
-5
-4
-9
-5
4
13
14
21
18
17
12
1
-9
-20
-25
-14
-5
5
9
4
1
-1
1
-2
-7
-13
1
7
15
11
6
-10
-18
-24
-32
-42
-52
-54
-43
-36
-31
-30
-34
-36
-30
-29
-24
-19
-13
-7
0
4
0
-12
-38
-41
-33
-24
-18
-26
-19
-8
0
1
-12
-19
-15
-10
-9
-6
-10
-17
-24
-26
-15
-7
-7
-11
-10
5
27
46
48
41
36
36
38
24
19
10
12
19
26
38
42
36
36
43
55
54
51
40
30
32
23
25
14
14
22
33
41
36
34
26
34
44
55
53
38
27
24
26
24
14
7
7
29
49
67
73
74
74
77
73
65
64
61
64
51
42
36
42
41
30
13
7
11
13
4
9
12
23
12
1
-10
-14
-11
-24
-46
-64
-65
-46
-28
-19
-14
-1
7
1
-8
-15
-16
-23
-31
-31
-34
-27
-21
-33
-49
-53
-40
-39
-38
-39
-37
-13
-12
-27
-49
-60
-66
-74
-75
-81
-82
-66
-54
-46
-46
-50
-57
-61
-61
-48
-43
-44
-48
-58
-61
-51
-41
-45
-50
-43
-33
-31
-34
-41
-39
-38
-38
-43
-41
-45
-43
-30
-18
-30
-48
-64
-65
-56
-53
-53
-49
-42
-26
-18
-5
1
-1
-1
1
9
20
27
15
1
-7
-6
-19
-41
-53
-34
-18
-5
-12
-14
-2
13
17
10
-6
-1
0
12
19
31
26
11
13
21
22
-2
-13
-7
8
19
22
20
22
19
12
3
6
10
14
16
25
28
32
29
13
11
22
26
15
-1
-2
-15
1
5
8
-4
-6
3
0
-9
-12
-14
-5
2
13
20
28
43
47
47
32
32
21
30
22
23
24
25
27
29
35
37
20
13
14
36
50
61
63
49
31
22
43
46
46
23
5
20
23
28
15
14
20
12
10
-8
-12
-14
-14
-10
-5
17
34
41
42
42
55
40
34
31
44
67
67
70
44
46
34
44
21
16
15
21
44
38
37
32
34
27
10
-1
4
9
20
7
17
9
23
22
10
2
-22
-32
-35
-21
-3
1
6
5
-10
4
-5
-10
-16
-15
13
26
32
18
9
19
21
16
6
-20
-32
-31
-8
4
-13
-25
-42
-42
-30
-28
-26
-40
-49
-31
-33
-16
-23
-22
-13
-7
-1
-7
3
9
-5
-15
-12
-9
-1
-3
10
-5
-1
-5
-12
-14
-6
-7
-14
-17
-1
10
12
21
13
15
21
19
1
-23
-26
-39
-36
-8
0
-6
-13
-3
7
19
36
17
17
27
49
39
61
71
73
43
47
42
34
32
46
51
57
52
37
11
14
25
31
37
19
19
15
21
28
25
23
5
-34
-40
-42
-21
-33
-30
-46
-51
-35
-25
-4
-6
-7
-34
-55
-31
-24
-5
-13
-37
-45
-52
-38
-49
-53
-54
-69
-69
-59
-39
-22
-18
-24
-55
-79
-63
-45
-34
-37
-37
-46
-31
-3
25
32
27
13
11
36
52
35
9
-21
-31
-29
-5
-10
-33
-36
-32
-1
5
1
-29
-33
-13
6
-6
-18
-29
-33
-22
-13
-40
-67
-67
-49
-18
-5
3
-16
-5
-6
-2
-11
1
-1
5
1
23
17
39
33
33
35
32
33
22
32
60
77
88
74
54
51
37
51
23
24
23
45
53
41
34
43
46
32
22
10
28
35
55
52
34
25
12
22
47
41
25
-2
21
45
45
43
11
10
8
12
20
-4
-7
-17
-36
-23
-26
-35
-84
-84
-61
-54
-40
-50
-67
-80
-73
-79
-85
-62
-46
-64
-84
-92
-101
-125
-104
-97
-82
-89
-89
-102
-84
-35
-27
-54
-89
-96
-101
-96
-55
-79
-86
-119
-128
-119
-102
-51
-63
-57
-74
-73
-74
-51
-16
-42
-65
-92
-91
-76
-47
-24
-45
-32
-22
-26
-16
24
41
0
-18
-28
-10
33
34
11
-11
36
46
53
63
82
81
83
82
109
100
122
107
123
144
134
105
97
145
182
198
189
160
136
149
159
169
143
145
139
183
199
213
188
173
171
180
202
208
179
164
174
217
232
190
151
99
124
148
184
159
146
135
132
147
143
139
97
85
58
67
98
106
128
100
106
82
62
48
38
43
36
5
1
-5
12
-21
-33
-39
-78
-119
-150
-185
-199
-218
-243
-318
-384
-421
-503
-551
-597
-609
-689
-719
-764
-780
-816
-810
-849
-879
-906
-880
-855
-860
-813
-797
-749
-719
-655
-627
-578
-531
-484
-443
-372
-323
-293
-250
-187
-139
-95
-26
27
47
94
148
188
225
240
272
302
353
356
340
366
397
428
441
463
489
502
529
560
586
616
627
638
655
693
719
736
736
749
765
788
807
794
779
789
815
832
829
836
846
868
892
893
886
856
846
830
826
794
717
635
574
559
531
527
496
469
455
448
484
515
537
601
639
716
795
846
924
1011
1133
1188
1209
1246
1004
599
234
1
-144
-611
-1175
-1815
-2293
-2554
-2842
-3121
-3393
-3621
-3761
-3862
-3682
-3425
-3273
-3161
-3042
-2746
-2453
-2107
-1874
-1702
-1504
-1207
-947
-711
-548
-330
-122
172
357
415
480
675
857
950
930
942
957
1021
1053
985
897
805
689
566
465
414
258
94
-25
-104
-97
-123
-144
-205
-201
-66
47
89
146
228
348
440
575
597
613
694
820
823
802
804
810
777
802
760
640
563
554
472
363
296
234
143
60
24
-49
-62
-46
-64
-98
-60
19
43
63
127
207
311
410
456
497
613
793
877
903
959
1063
1109
1150
1155
1140
1126
1142
1113
1033
1012
987
913
851
817
793
717
632
573
522
566
569
526
459
412
461
455
429
353
298
310
295
354
316
321
269
231
289
302
348
263
195
158
156
127
-119
-566
-939
-1205
-1382
-1728
-1973
-2368
-2574
-2788
-2795
-2841
-2859
-2847
-2855
-2786
-2570
-2304
-2113
-1995
-1808
-1575
-1355
-1161
-1029
-897
-750
-574
-435
-355
-246
-147
-22
87
206
172
144
170
240
296
235
170
80
42
111
52
-14
-113
-214
-244
-317
-300
-370
-400
-389
-443
-420
-426
-381
-366
-278
-128
-12
119
242
368
541
725
874
907
956
1033
1146
1190
1198
1162
1095
1086
1041
1005
895
812
760
684
676
646
629
621
628
690
692
784
831
905
1028
1154
1311
1380
1434
1447
1461
1548
1580
1597
1594
1598
1572
1488
1431
1355
1367
1436
1504
1515
1498
1526
1581
1626
1703
1723
1791
1812
1850
1852
1945
1949
1744
1249
736
234
-386
-1189
-2111
-2885
-3652
-4195
-4902
-5348
-5675
-5793
-5828
-5808
-5471
-5090
-4654
-4181
-3690
-3096
-2489
-2017
-1647
-1369
-923
-645
-422
-265
-62
74
260
478
627
650
739
889
954
992
1033
1011
980
963
963
805
673
542
346
98
-59
-232
-424
-651
-720
-709
-670
-549
-560
-417
-236
68
241
413
603
778
958
1141
1268
1331
1367
1392
1282
1257
1264
1182
983
766
694
550
445
257
46
-127
-257
-348
-578
-671
-690
-705
-742
-750
-619
-508
-343
-210
-75
124
294
445
537
710
911
1008
1116
1151
1257
1301
1387
1416
1380
1413
1423
1443
1399
1379
1370
1299
1322
1285
1206
1109
1005
980
869
893
831
823
743
718
746
795
877
901
897
901
932
1044
1124
1160
1158
1153
1161
1203
1295
1308
1348
1329
1302
1305
1358
1505
1551
1395
681
-408
-1239
-1782
-2281
-3175
-4109
-4883
-5577
-5820
-6060
-6024
-6062
-5836
-5608
-5297
-4613
-3675
-2892
-2412
-1984
-1350
-769
-387
-158
-24
159
300
464
417
359
423
612
673
564
469
449
556
602
586
464
391
339
220
162
-14
-154
-353
-582
-758
-805
-594
-556
-587
-527
-284
61
212
385
459
664
914
1080
1151
1086
1142
1231
1197
1101
1017
1034
980
872
811
760
742
651
552
380
310
252
141
-55
-184
-166
-130
-173
-244
-237
-78
59
209
294
466
692
909
1103
1204
1364
1519
1660
1729
1782
1903
1998
2017
2015
2061
2124
2093
2025
1893
1778
1727
1620
1401
1091
889
836
724
618
475
366
388
548
817
1012
1216
1503
1828
2088
2269
2464
2808
3157
3432
3544
3756
2793
889
-1125
-2151
-2701
-4373
-6141
-7871
-8792
-9214
-9133
-8929
-8744
-8146
-7060
-6224
-5056
-3264
-1427
-694
-502
237
1196
1461
1102
735
488
429
280
-3
-510
-538
-16
212
227
99
419
729
973
1112
1048
908
669
436
346
66
-265
-803
-1159
-1451
-1364
-979
-844
-884
-800
-149
513
830
962
993
1247
1512
1619
1507
1171
1236
1300
1339
1055
884
868
797
702
627
598
500
334
221
122
38
-71
-317
-572
-718
-550
-441
-446
-587
-401
17
380
551
623
873
1113
1400
1528
1506
1525
1652
1764
1735
1706
1820
1821
1799
1773
1889
1967
1909
1811
1709
1734
1672
1498
1160
878
835
854
780
549
410
552
711
964
1095
1377
1664
1995
2378
2642
2965
3056
3239
3259
3547
3742
3954
4006
3260
2150
544
-1127
-3001
-4965
-6430
-8013
-9720
-10820
-11417
-11150
-10796
-9723
-8500
-7210
-5537
-3558
-1629
-86
1251
2214
2664
2659
2681
2319
1594
751
18
-558
-1183
-1418
-1512
-1546
-1310
-921
-561
-218
100
589
659
847
686
528
315
29
-236
-599
-768
-974
-1031
-773
-498
-195
240
598
925
1162
1603
1720
1529
1303
1238
1038
740
512
418
361
366
505
538
538
761
964
965
830
827
782
506
275
-4
-259
-574
-822
-974
-1086
-909
-713
-492
-222
162
732
1104
1478
1649
1836
1985
2024
1987
1924
1879
1823
1756
1731
1673
1667
1697
1693
1657
1646
1696
1610
1508
1380
1273
1094
947
762
646
615
749
912
1049
1337
1690
2048
2259
2509
2847
3227
3518
3668
3729
3824
3941
4103
4212
3976
3401
2457
1300
-170
-2308
-4912
-7245
-9051
-10553
-12192
-13081
-13124
-12582
-11346
-9669
-7408
-5176
-2584
-235
1589
3084
4342
4938
4473
3573
2660
1551
24
-1443
-2619
-3350
-3811
-3762
-3554
-3032
-2182
-1109
-247
369
1047
1472
1598
1439
1207
768
327
-78
-419
-688
-662
-489
-241
85
466
905
1299
1440
1253
1004
963
748
189
-294
-508
-459
-493
-330
-32
445
1056
1665
2040
2231
2378
2409
1936
1193
730
274
-445
-1287
-1797
-1938
-1985
-1840
-1620
-1215
-530
242
847
1222
1728
2164
2359
2235
2038
1946
1740
1486
1125
1036
1006
1007
1047
1114
1311
1481
1594
1569
1524
1636
1700
1664
1533
1489
1507
1499
1522
1438
1503
1429
1474
1561
1687
1870
1997
2249
2314
2522
2840
3093
3354
3521
3781
4010
4041
4271
4323
3880
2836
1455
402
-1031
-3208
-6373
-9280
-11071
-11947
-12699
-13595
-13515
-12124
-9721
-7481
-5004
-2313
465
2578
3865
4696
5040
4959
3777
1946
77
-1288
-2503
-3948
-5139
-5329
-4752
-3968
-3421
-2533
-1267
64
974
1225
1404
1406
1521
1066
602
205
132
76
-25
121
576
1128
1367
1253
1174
1303
1250
714
-186
-835
-1208
-1322
-1499
-1525
-1254
-437
452
1179
1888
2710
3478
3720
3537
3184
2620
1865
881
-141
-1011
-1886
-2431
-2766
-2658
-2288
-1799
-1234
-656
38
858
1457
1795
1897
2016
2029
1936
1853
1665
1494
1294
1200
1122
1156
1100
1093
1022
1040
1052
1059
1017
918
1002
1176
1350
1533
1739
2048
2358
2554
2763
2631
2464
2117
1847
1749
1653
1526
1378
1332
1599
2081
2578
3067
3491
3986
4421
4721
4806
4613
4505
4071
2962
1408
-48
-1615
-3557
-5841
-8544
-10898
-12472
-12783
-13034
-13010
-11876
-9806
-7487
-5139
-2372
296
2283
3672
4441
4432
4050
3212
1833
-185
-1972
-3128
-4129
-5104
-5462
-4925
-4227
-3442
-2496
-1364
-490
497
1152
1228
1168
1265
1260
924
788
871
990
966
1143
1164
1448
1408
1350
682
140
-447
-832
-1412
-1922
-2168
-2023
-1488
-977
-197
691
1897
2730
3417
3737
3910
3820
3308
2558
1626
677
-177
-1086
-1753
-2157
-2316
-2292
-2368
-1847
-1234
-701
-274
-6
568
936
1330
1499
1643
1890
2148
2230
2172
2057
2079
1880
1501
1161
837
602
267
70
-50
126
336
654
967
1597
2198
2715
3060
3240
3494
3442
3150
2660
2132
1718
1377
907
737
883
1346
1584
1793
2443
3209
3877
4158
4388
4675
4709
4536
4438
4170
3650
2357
1049
128
-1027
-2883
-5032
-7404
-9953
-11909
-12893
-13047
-13399
-12800
-10891
-8573
-6040
-3316
-49
2287
3679
4795
5156
4696
3442
2010
90
-2109
-3728
-4733
-5736
-6127
-5693
-4546
-3794
-2748
-1475
-195
610
1243
1457
1337
1197
1131
1105
753
983
1117
1441
1423
1630
1900
1774
1280
520
-263
-868
-1798
-2317
-2791
-2740
-2235
-1626
-584
382
1687
2873
3779
4369
4445
4181
3595
2645
1738
684
-355
-1245
-1891
-2079
-2037
-1893
-1827
-1636
-1211
-503
-175
-111
-90
202
587
780
1125
1468
1932
2304
2596
2760
2757
2559
2182
1606
1013
489
16
-420
-653
-505
-48
521
1080
1836
2614
3411
3847
4085
4055
3719
3102
2348
1796
1223
755
415
544
953
1483
2076
2888
3566
4078
4289
4473
4470
4235
4001
3631
3424
2790
2430
2400
2055
1426
-224
-1217
-2332
-4044
-6795
-10609
-12464
-13627
-13915
-14205
-13803
-11236
-8717
-5374
-2109
1020
3826
5243
6180
5651
4560
3331
1021
-1624
-4108
-5309
-6097
-6776
-6763
-5576
-4027
-2582
-1372
-300
755
1158
1590
1228
788
556
472
576
550
1073
1854
2276
2517
2336
2374
2009
1104
-85
-1448
-2361
-3099
-3377
-3329
-2994
-2044
-704
870
2007
3127
4036
4639
4574
3990
3275
2329
1400
282
-654
-1151
-1456
-1507
-1565
-1116
-542
-487
-557
-961
-900
-731
-792
-856
-864
-332
522
1320
2142
2764
3397
3739
3588
3190
2604
1761
795
-228
-845
-1149
-1145
-837
-298
643
1712
2665
3390
3845
4223
4343
4095
3570
2661
1852
1148
817
693
554
773
1135
1903
2598
3271
3698
3906
3954
3771
3597
3453
3498
3400
3243
3082
3148
3391
3267
3016
2063
732
-791
-3290
-5608
-8988
-12251
-14531
-15518
-14752
-14591
-12989
-10076
-6489
-2640
259
3504
5228
5934
5850
4776
3260
857
-1436
-3509
-5370
-6124
-6359
-5946
-5331
-4246
-2597
-1466
-782
-354
267
319
154
-7
237
316
686
1384
2219
2941
3184
3480
3317
2675
1578
318
-836
-2399
-3542
-4039
-4031
-3538
-2952
-1482
5
1392
2768
3712
4340
4175
4088
3642
2764
1792
890
568
-71
-581
-648
-629
-643
-948
-834
-886
-1361
-1812
-2018
-1638
-1420
-1019
-347
423
1498
2370
3239
3674
3700
3600
3065
2279
1291
499
-185
-838
-1071
-762
-183
430
1082
1945
2661
3080
3226
3258
3099
2878
2591
2379
2076
1740
1722
1723
1954
1947
2130
2233
2331
2451
2541
2649
2734
2795
2789
2976
3482
4052
4391
4260
4193
4159
3684
3572
2649
1547
-119
-1947
-3435
-5951
-7694
-10774
-13155
-14148
-14019
-12886
-12675
-10356
-7170
-4175
-1293
844
3601
4589
4719
4266
3076
1892
-415
-2288
-3954
-5085
-5533
-5901
-5397
-5033
-3918
-2679
-1715
-1164
-776
97
348
610
633
1331
1656
2070
2430
3040
3345
3159
2584
1812
847
-40
-1216
-2329
-3103
-3481
-3264
-3089
-2019
-1182
127
1334
2335
3181
3560
3792
3407
2907
2588
2056
1241
575
234
238
-64
-228
-502
-727
-873
-1182
-1718
-2043
-2017
-1850
-1496
-882
-1
811
1710
2405
3067
3590
3578
3104
2378
1871
1197
393
-280
-572
-586
-359
23
637
1300
1864
2339
2552
2801
2888
2904
2716
2724
2885
3067
2739
2322
2028
2069
2195
1655
1344
1295
1684
1962
2052
2656
3190
3236
3166
3450
4363
4482
4048
3709
3855
3939
3501
2902
2626
2379
1273
-788
-3108
-4551
-7127
-11089
-15073
-16017
-14917
-14606
-14635
-12210
-7479
-3127
-849
1811
4934
6863
6071
4297
3325
1892
-702
-3664
-5390
-5920
-5969
-5946
-5679
-4995
-3433
-2052
-1530
-1764
-1339
-419
62
-488
32
1341
2785
2864
3259
4277
4962
4347
2684
1418
443
-880
-2664
-4094
-4611
-4271
-3790
-2864
-1913
-158
1401
2578
3116
3520
4027
3698
2900
2166
2098
2063
1430
840
802
965
851
-13
-685
-1184
-1621
-2295
-3388
-3436
-2815
-1941
-1043
-295
1260
2754
3503
3952
3846
4158
3390
2243
1150
404
135
-551
-849
-659
-148
644
1030
1620
2084
2478
2644
2361
2458
2508
2723
2629
2735
2999
3233
2937
2498
2274
2247
1831
1041
711
1091
1494
1741
2107
2892
3642
3971
4529
5194
5340
4969
3942
3584
3314
2686
2065
1072
526
-300
-862
-1995
-4198
-6383
-9775
-12236
-14436
-15057
-14012
-13561
-11366
-8807
-4776
-875
1639
4346
5176
5673
4691
2919
1366
-1360
-3132
-5175
-6019
-6244
-6200
-5025
-4384
-3244
-2257
-1468
-1035
-1199
-782
-380
-18
295
744
2079
3060
3746
4289
4580
4036
2806
1403
100
-1426
-2909
-3964
-4183
-3947
-3461
-2212
-847
447
1664
2612
3316
3206
2830
2566
2142
2005
1411
1428
1586
1588
1535
1300
968
371
-506
-1237
-2069
-2555
-2949
-3229
-2874
-1971
-636
528
1405
2426
3301
3617
3461
2942
2707
1874
1086
373
135
297
130
200
505
987
1374
1390
1534
1495
1595
1709
1704
1959
2315
2843
3223
3495
3747
3734
3325
2589
1997
1600
1094
634
637
981
1376
2075
3023
3922
4256
4455
4663
4738
4248
3615
3106
2598
1887
1421
1698
2181
1831
943
-197
-1847
-3969
-6021
-9666
-13427
-16109
-15982
-14303
-13673
-11367
-7338
-3021
223
1957
5045
6120
5158
3042
951
204
-2291
-4169
-5542
-5659
-4906
-4670
-3536
-3100
-2534
-1850
-1931
-2050
-2589
-1891
-1363
-959
-119
1645
3732
4482
4601
5002
5243
4150
2052
74
-1499
-2896
-4010
-4556
-4203
-3414
-2309
-1124
400
1554
2358
2563
2449
2249
2108
2118
1801
1596
1851
2477
2746
2343
1928
1584
846
-394
-1774
-2583
-3151
-3541
-3360
-2833
-1855
-537
623
1831
2661
3167
3435
3089
2511
1770
1345
981
384
307
428
752
938
1004
1342
1318
1230
1012
1000
1244
1260
1580
1942
2510
3222
3745
4098
3909
3690
3138
2329
1494
681
315
279
648
1303
1947
2864
3582
4378
4664
4475
4182
3532
2997
2795
2217
2361
1590
1526
2186
2876
3470
2381
1209
-436
-2419
-4534
-7227
-10727
-14617
-16740
-15342
-13323
-11470
-9942
-5930
-1884
1121
2484
4179
5028
3650
1329
-358
-894
-2169
-3673
-4540
-4549
-3797
-3205
-3011
-3009
-3368
-2673
-3121
-3126
-3591
-2330
-998
-120
1220
3033
5031
5285
4664
4437
4142
3042
735
-1489
-2423
-3109
-3090
-3291
-2606
-2045
-942
-117
600
1164
1251
1294
736
768
1139
1817
1903
1976
2689
3589
3693
2989
1955
1248
59
-1246
-2601
-3069
-3100
-3051
-2442
-1950
-635
483
1344
1800
2004
2394
2443
1972
1494
1398
1753
1671
1371
1411
1580
1611
1135
798
679
480
164
19
336
1054
1661
2251
2840
3511
4223
4432
4212
3684
3035
2360
1668
917
328
233
548
927
1414
2088
3099
3844
3991
3906
3790
3698
3154
2754
2473
2309
2087
1638
2084
2554
2435
2087
1724
1167
-878
-3634
-5442
-6407
-8677
-12312
-14175
-13339
-10923
-10004
-8791
-5871
-2531
-281
273
1704
2920
2374
944
-754
-743
-1459
-2219
-2910
-3673
-3106
-3049
-2686
-3469
-3890
-3209
-3032
-3070
-3311
-1926
-30
518
1534
2547
4407
4550
3829
3405
2716
2105
457
-878
-1829
-2258
-2040
-1980
-1660
-1304
-724
-121
-31
422
480
805
773
1052
1539
1996
2381
2549
2896
3046
2751
2092
1190
564
-382
-1201
-2023
-2354
-2129
-2086
-1640
-1118
-163
463
748
1002
1303
1705
1662
1423
1514
1606
1837
1642
1761
1711
1535
1223
754
644
392
338
256
402
869
1425
2006
2334
2687
3144
3324
3263
2889
2813
2426
1965
1490
1264
1411
1161
1283
1512
1949
2284
2623
3109
3285
3175
3254
3294
3248
2793
2530
2630
2677
2225
1990
1941
2241
1758
1323
278
-681
-1924
-3252
-4484
-6162
-7975
-10204
-11930
-11780
-10878
-9279
-8213
-6772
-3715
-1956
106
423
1803
1819
685
-124
-878
-1066
-1893
-2810
-2875
-3318
-2885
-2901
-3032
-3016
-3458
-2566
-2795
-2273
-1893
-592
412
1074
2071
3092
3671
3515
2912
2659
1899
952
-369
-1199
-1478
-1657
-1476
-1540
-1171
-1013
-292
98
474
479
366
639
713
1258
1751
2289
2465
2254
2657
2543
2290
1418
549
-80
-1114
-1616
-1989
-1998
-1818
-1599
-786
-167
303
788
1032
1563
1383
1727
1616
1564
1499
1494
1737
1592
1508
1271
1165
917
776
655
697
582
786
1047
1637
1981
2438
2730
2949
3094
3099
3138
2812
2467
1821
1283
1031
1066
1091
1117
1039
1467
2019
2738
3279
3561
3613
3122
2882
2867
3024
2733
2163
2180
2299
2040
1819
1794
2321
1680
448
-412
-1168
-2207
-3941
-5822
-7255
-9810
-11466
-12237
-10938
-9500
-8436
-6669
-4336
-2208
-705
278
1221
1174
151
-318
-1149
-1093
-1968
-1962
-2382
-2642
-2775
-2634
-2720
-3303
-3685
-3295
-3005
-2889
-2134
-849
748
1448
2509
3201
3719
3301
2804
2123
1555
565
-259
-918
-1242
-1069
-865
-765
-897
-869
-516
-473
-455
-185
114
554
618
1351
2217
2898
3212
2786
2562
2206
1653
1067
-69
-522
-1235
-1353
-1567
-1587
-1023
-697
-355
-170
174
777
911
897
1099
1186
1688
1393
1617
1569
1786
1634
1301
1221
926
848
621
580
661
901
1156
1457
1661
2212
2432
2652
2431
2419
2472
2464
2460
2198
2089
1659
1481
1482
1592
1698
1725
1670
1602
1687
2232
2662
2778
2766
2806
3231
3154
2811
2519
2199
2023
1678
1743
2059
2008
1352
841
501
-49
-1353
-3608
-4204
-4907
-5325
-7705
-10017
-10630
-9808
-8714
-7984
-7399
-5305
-3678
-2550
-1309
-695
1049
-103
-166
-1196
-789
-680
-1414
-1927
-2700
-2515
-2434
-2617
-3032
-3018
-2879
-2383
-2599
-1694
-871
286
600
999
1863
2536
2896
2518
2031
1687
1245
801
190
-412
-827
-929
-815
-819
-773
-544
-240
-85
109
537
701
929
1105
1432
1669
1669
2015
2030
2214
1742
1445
915
374
-346
-959
-1301
-1232
-973
-783
-470
-369
280
499
720
814
851
1065
983
1099
1230
1445
1563
1476
1393
1304
1315
1085
848
638
753
1012
1267
1493
1778
2135
2350
2331
2321
2257
2218
2148
2148
2218
2123
1982
1657
1428
1365
1479
1478
1415
1279
1456
1749
2385
2918
3117
3153
3142
3157
3003
2768
2373
1866
1392
1053
873
936
935
1208
902
479
-188
-843
-1175
-1899
-3674
-5454
-7281
-8282
-9235
-9594
-8851
-8108
-6886
-5945
-4232
-3147
-2207
-1821
-1597
-1363
-1456
-1287
-1056
-944
-932
-1001
-1129
-1483
-2051
-2276
-2689
-3081
-3206
-2830
-2124
-1539
-753
-46
713
1318
1531
1643
1555
1569
1288
996
776
782
736
551
334
156
27
-249
-649
-659
-628
-192
-66
207
492
863
1343
1404
1575
1448
1561
1567
1583
1356
1060
937
815
511
74
-306
-379
-405
-359
-533
-461
-264
-20
220
344
577
652
881
975
1091
1267
1470
1574
1488
1377
1375
1218
1197
991
983
1008
1136
1325
1474
1736
1920
1988
2009
1997
2116
2254
2239
2252
2127
2087
1847
1620
1526
1429
1345
1287
1351
1463
1625
1934
2373
2676
2875
2875
2882
2672
2446
1887
1662
1496
1791
1762
1521
1201
650
732
1012
1096
363
-745
-1538
-2364
-4085
-5942
-6534
-6569
-6812
-8297
-8693
-7702
-6586
-5640
-5495
-4376
-3671
-2611
-1813
-1580
-1139
-1007
-222
-519
-1323
-1291
-1049
-915
-2037
-2688
-2369
-2171
-2003
-2233
-1770
-1439
-686
-361
28
296
670
1066
1070
1127
1140
1321
1440
979
518
397
732
535
-203
-364
-308
-80
-432
-207
-228
190
486
1012
965
829
1258
1524
1535
1208
1462
1542
1259
736
659
637
640
106
-293
-615
-402
-295
-266
-429
-538
-304
-44
373
306
739
1053
1349
1238
1355
1695
1693
1464
1162
1004
1143
1244
1497
1315
1205
1318
1490
1764
1657
1803
1771
1894
1843
1948
2141
2305
2344
2189
2076
1766
1546
1340
1450
1470
1482
1337
1146
1192
1578
2200
2638
2673
2670
2629
2674
2573
2398
2187
1962
1863
1678
1576
1447
1521
1580
1045
429
-824
-1477
-2717
-3702
-5313
-6737
-7818
-8773
-8747
-8675
-7501
-6922
-5855
-5018
-4055
-3236
-2745
-2116
-1934
-1472
-1316
-891
-691
-481
-599
-984
-1381
-1675
-2130
-2208
-2380
-2154
-2030
-1551
-945
-551
-5
159
487
410
588
611
738
1051
1108
1277
1102
1269
952
533
143
-263
-463
-668
-430
-253
-70
252
390
529
719
1001
1040
804
979
1209
1519
1553
1497
1347
1070
993
639
394
55
-181
-335
-402
-234
-236
-179
-179
-51
0
145
329
555
833
997
1118
1139
1250
1367
1404
1315
1315
1304
1431
1470
1565
1606
1663
1672
1675
1671
1744
1710
1644
1574
1630
1750
1807
1929
1971
1919
1637
1275
1208
1446
1796
1835
1792
1722
1815
1755
1871
2132
2385
2339
2067
2094
2298
2463
2241
2162
2015
1733
1137
925
1381
1538
1168
28
-507
-1031
-1549
-2895
-4306
-5687
-6959
-7866
-8382
-7859
-7516
-7034
-6421
-5382
-4403
-4030
-3554
-3104
-2494
-2156
-1861
-1602
-1179
-571
-134
-366
-877
-1410
-1345
-1451
-1584
-1713
-1461
-1102
-998
-759
-301
13
88
-18
245
433
454
531
781
1151
1047
672
459
469
483
311
148
97
-7
142
313
529
415
426
602
624
512
283
597
854
1174
1327
1474
1359
907
631
722
698
429
-88
-136
-133
-44
-2
83
208
112
65
-66
-12
102
371
703
935
1078
1174
1331
1421
1405
1459
1483
1497
1456
1561
1770
1705
1631
1585
1702
1689
1578
1563
1721
1886
2005
2076
2144
2099
1873
1647
1466
1288
1086
1162
1472
1770
1802
1690
1618
1579
1579
1529
1614
2002
2561
2817
2660
2136
1715
1325
1149
1005
960
1124
1227
1003
501
-83
-743
-1680
-2694
-3345
-3994
-4971
-6268
-7242
-7124
-6523
-6110
-6183
-5870
-5226
-4700
-4676
-4352
-3835
-3091
-2570
-1914
-1388
-992
-880
-1166
-1172
-1048
-838
-1014
-1184
-907
-511
-248
-218
-194
-35
64
137
-17
-24
-14
126
271
479
611
455
272
231
273
186
63
100
197
383
487
687
715
637
506
415
637
665
696
688
1021
1331
1253
1029
718
739
683
641
630
582
634
479
430
465
448
320
2
-13
111
264
232
203
396
573
815
796
882
836
893
939
1074
1262
1380
1437
1499
1530
1511
1311
1254
1224
1326
1425
1451
1453
1392
1367
1353
1359
1360
1339
1256
1229
1191
1097
905
774
841
1043
1178
1037
807
665
723
818
965
1150
1290
1379
1466
1436
1362
1054
845
625
750
928
1139
1129
1093
1151
1213
1230
787
256
-559
-1064
-1435
-1670
-2013
-2631
-3161
-3555
-3887
-3853
-4315
-4521
-4914
-4617
-4044
-3761
-3435
-3845
-3916
-4031
-3599
-3102
-2856
-2591
-2474
-2247
-1858
-1660
-1309
-1439
-1089
-839
-346
-56
89
233
154
348
478
599
537
509
537
600
549
561
310
368
399
608
569
490
366
220
204
295
285
198
135
224
382
507
436
306
153
239
444
615
707
769
777
867
894
918
774
640
648
750
886
988
955
787
723
659
628
440
362
315
377
458
553
517
498
520
636
749
826
827
809
832
970
1095
1128
1128
1083
1129
1209
1302
1332
1301
1340
1408
1502
1475
1418
1247
1229
1176
1161
1121
1125
1193
1156
1127
999
928
877
1008
1049
1110
1030
944
858
922
937
960
814
918
978
1184
1424
1541
1473
1254
970
718
478
280
36
-426
-886
-1388
-1794
-2136
-2427
-2765
-3102
-3404
-3562
-3583
-3581
-3582
-3698
-3821
-3804
-3828
-3645
-3694
-3548
-3586
-3378
-3221
-3072
-2917
-2808
-2576
-2268
-1999
-1541
-1382
-1020
-858
-542
-348
-178
-22
56
212
357
477
541
567
647
652
711
778
767
764
714
786
678
709
584
637
490
572
518
484
423
370
412
409
406
417
340
452
499
593
596
562
665
602
777
759
833
763
720
788
725
793
756
737
769
821
938
892
910
852
812
844
853
920
870
917
955
968
1041
988
995
918
946
991
1019
1079
1122
1201
1278
1340
1381
1344
1296
1248
1276
1323
1373
1341
1310
1269
1288
1317
1268
1203
1069
1005
1011
1128
1208
1212
1076
1009
901
980
928
891
772
725
874
1077
1223
1178
964
884
674
478
126
-199
-429
-629
-856
-1172
-1669
-1947
-2135
-2336
-2510
-3024
-3325
-3646
-3543
-3370
-3436
-3652
-3937
-4119
-3894
-3784
-3587
-3887
-3973
-3987
-3708
-3365
-3062
-2870
-2810
-2556
-2112
-1796
-1431
-1360
-1071
-929
-521
-140
-51
62
51
245
346
488
638
565
736
910
1093
1174
1027
1005
783
852
860
787
699
568
544
506
567
544
358
216
176
261
241
283
242
197
263
337
419
343
318
322
334
474
561
578
508
547
654
762
836
831
742
739
816
907
901
909
860
839
875
956
937
860
792
774
823
902
961
941
929
999
1090
1156
1150
1119
1068
1082
1131
1220
1280
1237
1231
1231
1357
1385
1313
1201
1091
1066
1154
1311
1358
1305
1235
1211
1212
1257
1247
1191
1046
1136
1170
1295
1347
1315
1355
1235
1299
1090
1011
814
637
477
255
45
-390
-837
-1136
-1446
-1601
-1949
-2178
-2544
-2822
-2828
-3031
-3089
-3397
-3549
-3672
-3819
-3595
-3656
-3701
-3815
-3897
-3655
-3553
-3201
-3098
-2964
-2688
-2408
-1956
-1751
-1439
-1250
-1073
-709
-426
-108
-1
170
422
483
713
760
854
868
1017
1213
1184
1225
1262
1210
1194
1131
1121
893
817
835
710
688
591
581
435
432
457
284
249
266
275
324
319
380
270
332
481
467
482
466
494
504
649
774
770
750
818
858
921
951
1001
883
927
980
1037
1038
1018
1002
934
973
1004
952
903
865
865
874
957
1012
978
1028
1086
1173
1184
1192
1181
1179
1269
1324
1283
1208
1128
1132
1190
1234
1235
1035
967
898
1051
1218
1296
1248
1101
1096
1134
1274
1333
1261
1102
1002
1060
1224
1326
1245
947
738
556
531
250
-25
-358
-619
-867
-1202
-1589
-1954
-2397
-2599
-2814
-3024
-3240
-3636
-3704
-3795
-3695
-3790
-4024
-4218
-4299
-4164
-3929
-3881
-3800
-3892
-3647
-3495
-3065
-2794
-2582
-2393
-2237
-1769
-1406
-1085
-878
-713
-433
-233
38
182
227
320
414
635
693
812
861
873
1007
1048
1162
1065
947
914
863
911
868
740
648
533
606
599
549
493
335
347
389
503
477
416
369
376
467
598
601
532
452
534
579
705
752
730
697
742
895
947
973
941
894
904
974
1014
994
924
916
875
923
919
897
827
803
872
924
985
1011
1001
1029
1090
1159
1179
1116
1066
1044
1111
1223
1202
1050
946
920
1011
1096
1086
973
806
841
951
1029
1019
933
835
806
880
978
917
866
792
854
899
1019
1090
1062
997
834
805
603
499
196
54
-190
-415
-741
-1031
-1300
-1572
-1945
-2150
-2463
-2686
-2825
-2965
-2917
-3186
-3091
-3394
-3458
-3612
-3508
-3529
-3499
-3476
-3351
-3327
-3124
-2998
-2762
-2637
-2385
-2198
-1948
-1583
-1327
-1008
-853
-541
-438
-245
-136
55
68
296
298
499
461
713
706
786
794
822
779
758
804
801
753
729
678
577
573
475
439
283
335
230
254
227
284
271
279
279
254
255
283
320
326
350
374
428
473
596
577
653
623
723
752
818
859
856
866
910
919
934
925
918
878
877
906
898
903
897
923
921
957
986
966
994
1006
1052
1079
1106
1116
1102
1123
1138
1161
1133
1071
1010
966
1031
1040
1071
1019
984
958
950
1025
1048
1038
1025
996
1057
1084
1133
1068
927
905
919
1077
1111
1096
942
837
762
792
601
516
34
-248
-565
-621
-681
-1117
-1476
-2011
-2176
-2330
-2438
-2578
-2945
-3235
-3342
-3365
-3216
-3346
-3486
-3728
-3837
-3566
-3516
-3356
-3470
-3421
-3308
-3020
-2642
-2439
-2230
-2083
-1811
-1484
-1127
-872
-737
-579
-282
-92
204
186
321
296
519
703
832
885
875
953
1085
1175
1281
1108
1079
970
1044
1043
969
902
710
694
673
699
621
508
463
404
477
500
502
422
401
468
513
575
551
496
515
545
692
681
720
683
701
803
854
946
865
847
846
875
983
983
965
891
878
935
925
947
875
837
841
910
984
973
970
948
983
1062
1132
1151
1105
1078
1064
1076
1146
1169
1118
1005
941
965
1036
1079
1040
940
857
865
939
1024
1015
904
778
755
876
993
1006
884
688
657
765
946
928
831
648
647
624
780
649
361
-85
-386
-526
-604
-771
-1072
-1520
-1866
-2020
-2160
-2273
-2631
-2829
-3219
-3213
-3344
-3218
-3385
-3395
-3553
-3573
-3591
-3541
-3558
-3537
-3401
-3322
-3103
-2959
-2679
-2579
-2220
-2052
-1726
-1638
-1259
-1137
-801
-579
-301
-172
-23
129
258
370
489
572
614
759
871
1021
1014
1068
995
1038
1005
1058
925
858
773
740
774
754
727
632
524
539
496
575
560
521
533
503
620
607
638
628
570
624
607
679
693
705
816
813
904
896
909
903
887
946
912
909
886
874
912
918
957
890
851
822
830
864
849
859
813
823
882
913
974
932
943
915
925
943
926
904
908
915
986
986
961
891
842
849
854
895
897
861
863
869
936
936
944
931
861
897
850
895
852
904
992
1030
1047
958
913
940
918
991
774
661
304
193
-35
-134
-443
-707
-1105
-1292
-1502
-1710
-1902
-2255
-2351
-2624
-2637
-2826
-2913
-3092
-3110
-3296
-3102
-3358
-3216
-3491
-3319
-3319
-3196
-2989
-2972
-2788
-2654
-2415
-2103
-1935
-1623
-1503
-1315
-985
-835
-481
-507
-270
-249
-81
150
167
335
275
428
532
594
784
615
662
636
693
812
649
716
462
510
519
436
468
325
388
247
319
375
285
365
336
391
400
392
478
368
505
537
539
553
544
619
621
747
788
785
791
803
843
879
946
941
871
878
882
884
879
854
805
735
760
758
764
773
770
733
742
806
826
839
889
925
940
972
988
979
970
985
999
989
993
975
945
967
999
1015
980
947
949
922
1001
1025
1065
1031
1008
982
920
945
911
911
880
892
902
925
977
959
950
912
850
644
515
296
228
-56
-130
-502
-757
-1125
-1334
-1438
-1668
-1848
-2146
-2467
-2596
-2737
-2696
-2836
-3014
-3132
-3328
-3278
-3257
-3219
-3305
-3362
-3379
-3267
-3098
-2861
-2763
-2584
-2431
-2149
-1996
-1696
-1501
-1270
-1056
-793
-578
-411
-257
-121
12
164
291
352
430
590
717
844
907
890
814
818
909
971
991
936
835
737
791
904
819
727
557
533
585
673
773
675
592
590
610
730
720
673
587
587
703
782
817
776
726
734
809
885
862
833
811
824
894
935
898
796
754
756
758
751
701
621
600
646
702
673
623
562
543
586
652
666
641
620
668
707
765
759
698
632
620
666
697
697
627
563
529
562
585
598
550
510
513
572
649
674
699
659
607
621
653
672
678
649
693
648
723
749
754
798
736
812
670
761
531
380
83
-54
-176
-402
-583
-926
-1188
-1468
-1531
-1684
-1834
-2208
-2399
-2637
-2582
-2618
-2598
-2851
-2955
-3127
-3037
-2987
-2953
-2962
-3059
-2973
-2896
-2617
-2443
-2310
-2194
-2031
-1793
-1527
-1264
-1015
-917
-728
-588
-327
-190
-16
122
179
309
384
568
607
681
775
734
826
845
923
944
906
934
806
799
773
710
711
658
637
586
562
637
571
590
550
505
548
562
640
599
622
641
619
661
673
664
650
676
736
722
795
799
792
799
822
828
753
780
767
770
784
808
780
719
732
712
662
677
634
619
598
631
661
653
699
689
693
725
738
728
724
736
734
715
738
724
679
643
598
544
505
494
488
492
508
503
442
416
384
383
389
430
430
412
393
446
456
510
485
461
510
559
678
655
747
693
633
431
260
54
-3
-54
-213
-465
-820
-959
-1204
-1233
-1395
-1692
-2080
-2369
-2418
-2380
-2444
-2474
-2780
-2916
-3054
-2947
-2915
-2960
-2971
-3096
-2962
-2879
-2660
-2487
-2419
-2242
-2147
-1893
-1629
-1483
-1167
-1063
-726
-579
-321
-120
-88
125
138
334
376
462
656
653
864
870
917
922
841
973
887
990
947
852
857
780
879
739
679
567
462
523
538
629
515
499
506
530
633
591
576
493
498
625
647
748
659
637
649
685
759
727
740
689
722
791
816
802
741
726
714
726
744
667
632
592
636
634
635
610
559
562
572
606
590
594
624
646
704
704
687
651
635
661
652
654
641
617
642
632
640
584
529
479
463
491
541
517
487
441
385
403
387
424
358
357
376
410
433
507
450
501
463
618
648
734
660
567
449
428
355
147
-62
-301
-360
-516
-574
-880
-1118
-1433
-1535
-1725
-1795
-2039
-2136
-2330
-2284
-2355
-2504
-2629
-2772
-2802
-2748
-2720
-2638
-2739
-2653
-2509
-2436
-2261
-2180
-2079
-1956
-1743
-1393
-1194
-991
-807
-675
-479
-294
-98
-4
88
204
306
447
584
655
686
724
765
790
812
841
845
854
906
878
801
750
712
677
653
634
575
497
532
595
570
607
562
527
515
550
597
548
584
606
599
666
688
711
695
713
744
726
767
786
789
811
837
854
821
816
792
762
743
734
700
684
692
677
676
682
664
630
617
636
628
658
681
685
700
711
728
694
666
631
576
554
561
585
586
592
548
484
440
428
436
404
380
337
303
323
334
334
285
225
155
117
152
144
200
172
211
186
214
241
230
252
290
314
419
400
533
362
180
-22
-165
-129
-344
-366
-669
-905
-1049
-1142
-1158
-1332
-1553
-1746
-2035
-2008
-2079
-1999
-2183
-2273
-2425
-2474
-2406
-2442
-2404
-2514
-2477
-2376
-2316
-2115
-2101
-2016
-1894
-1715
-1446
-1375
-1145
-1080
-880
-673
-486
-349
-295
-119
-14
128
227
257
282
346
497
586
605
613
534
613
673
783
727
620
601
565
659
650
684
530
480
497
534
610
563
540
492
500
642
653
684
667
641
687
709
772
744
732
733
770
834
851
880
825
864
888
907
919
879
867
858
868
893
839
819
770
762
773
772
754
694
702
714
742
750
738
714
700
734
759
725
694
643
621
626
633
647
572
512
454
422
420
379
312
267
251
296
316
310
256
190
181
166
162
118
87
32
50
94
141
108
81
6
28
52
125
116
185
216
283
162
-62
-260
-410
-252
-483
-508
-929
-997
-1128
-1048
-1042
-1311
-1669
-1933
-2032
-1875
-1798
-1839
-2077
-2318
-2233
-2274
-2110
-2300
-2285
-2412
-2320
-2141
-2010
-1931
-1921
-1931
-1782
-1643
-1395
-1338
-1215
-1061
-883
-612
-519
-323
-354
-182
-50
72
230
226
277
303
432
596
571
586
542
532
669
680
751
629
616
607
642
699
684
593
524
527
581
608
608
577
547
608
644
706
653
648
620
680
722
753
705
695
700
766
827
823
794
769
812
864
903
896
873
824
868
901
918
868
826
788
809
849
865
821
775
795
822
862
868
832
812
820
860
894
889
864
805
793
780
776
746
710
689
664
627
584
518
486
458
428
394
359
352
312
297
264
226
135
85
43
76
103
101
52
-38
-50
-83
-29
-55
-66
-120
-104
-61
-6
46
33
-4
-41
-118
-286
-437
-545
-509
-569
-660
-941
-1196
-1326
-1322
-1333
-1464
-1691
-1900
-2039
-1916
-1859
-1813
-1993
-2134
-2198
-2219
-2074
-2065
-2110
-2133
-2113
-1985
-1876
-1792
-1703
-1720
-1576
-1456
-1241
-1109
-933
-854
-730
-546
-387
-265
-183
-86
-43
32
170
251
271
335
360
415
445
554
518
516
556
602
583
570
570
549
561
588
587
515
533
511
548
563
607
557
561
596
680
674
726
676
663
685
745
771
748
780
747
759
822
866
846
834
836
841
835
887
863
829
825
825
796
765
763
722
699
711
723
704
698
701
692
716
749
726
703
699
713
722
736
714
649
616
632
660
647
609
539
476
474
498
480
423
330
283
250
280
295
252
193
142
118
130
132
125
82
60
56
38
24
14
-7
-22
-5
-12
-11
-11
6
11
37
89
83
3
-138
-294
-464
-490
-535
-503
-668
-828
-1056
-1155
-1154
-1214
-1347
-1535
-1728
-1800
-1759
-1650
-1637
-1805
-1922
-2086
-2049
-1970
-1911
-1905
-1939
-1900
-1782
-1693
-1529
-1550
-1522
-1464
-1335
-1157
-1030
-861
-769
-665
-542
-457
-370
-284
-160
-95
-21
37
75
130
206
312
306
340
333
307
375
433
475
421
412
440
429
506
516
494
456
438
485
485
546
565
543
587
619
668
667
662
660
644
681
727
718
734
757
765
790
817
807
785
784
816
822
829
843
819
825
848
858
824
785
767
751
751
777
759
737
721
741
756
761
762
734
719
749
760
779
757
740
709
682
676
629
598
585
552
547
520
483
417
371
377
349
324
275
220
199
195
205
138
62
3
-44
-28
-8
-21
-72
-103
-81
-76
-52
-101
-132
-162
-111
-67
-86
-108
-136
-120
-64
-79
-160
-231
-353
-328
-403
-434
-585
-747
-827
-929
-966
-1044
-1157
-1243
-1366
-1367
-1453
-1535
-1570
-1649
-1652
-1719
-1687
-1780
-1813
-1811
-1784
-1748
-1702
-1659
-1652
-1639
-1493
-1426
-1309
-1234
-1170
-1123
-1038
-868
-745
-635
-544
-502
-414
-338
-184
-169
-109
-38
-6
107
179
241
243
230
279
297
320
377
333
362
396
454
472
483
506
500
505
545
537
536
567
634
684
717
746
723
726
762
811
812
808
804
825
886
944
952
918
892
876
881
912
918
907
901
914
928
921
917
872
823
815
807
795
794
793
791
787
800
781
740
723
720
718
722
718
698
667
648
631
602
575
521
469
435
416
399
371
316
261
214
190
175
149
103
45
6
-5
26
2
-14
-71
-86
-94
-66
-81
-109
-142
-138
-111
-113
-95
-126
-142
-124
-75
-68
-47
-86
-81
-105
-62
-56
-153
-333
-494
-577
-518
-509
-571
-775
-960
-1000
-961
-939
-1032
-1235
-1385
-1401
-1288
-1197
-1292
-1432
-1545
-1583
-1464
-1427
-1441
-1550
-1526
-1428
-1306
-1210
-1211
-1243
-1212
-1067
-909
-879
-823
-812
-695
-548
-432
-365
-408
-323
-269
-138
-68
-18
-41
-21
70
157
168
185
103
134
186
307
305
248
253
249
335
411
428
363
304
350
408
487
510
459
442
468
573
596
588
565
536
590
658
708
666
640
647
676
743
757
716
670
664
713
741
761
714
660
661
707
734
708
672
629
628
673
708
702
663
649
663
692
729
707
672
644
648
669
670
653
601
548
527
525
515
493
442
390
336
325
309
276
248
194
152
115
92
51
12
-27
-68
-89
-93
-95
-108
-98
-111
-136
-141
-164
-183
-216
-219
-217
-212
-193
-203
-195
-199
-193
-204
-210
-216
-203
-210
-195
-219
-205
-300
-449
-607
-691
-672
-703
-729
-806
-953
-1050
-1077
-1049
-1063
-1182
-1262
-1410
-1376
-1283
-1192
-1209
-1300
-1343
-1368
-1331
-1269
-1311
-1284
-1265
-1138
-1052
-962
-923
-952
-880
-761
-632
-582
-555
-510
-434
-256
-99
-90
-101
-113
-20
26
141
130
102
130
237
361
391
368
308
253
349
435
464
466
430
480
545
644
659
590
538
564
615
684
717
694
686
724
784
802
786
746
714
738
808
851
854
827
838
838
884
870
818
765
752
781
816
812
782
732
721
735
737
707
649
608
603
645
674
662
613
578
572
579
580
540
485
457
472
494
480
436
358
316
320
298
248
161
90
67
69
71
19
-68
-131
-153
-127
-114
-151
-208
-265
-250
-228
-217
-240
-290
-305
-276
-236
-224
-263
-311
-342
-315
-251
-226
-207
-234
-202
-184
-141
-166
-184
-225
-198
-192
-160
-199
-226
-298
-374
-422
-524
-569
-734
-721
-774
-745
-813
-876
-1004
-1034
-1057
-1022
-1105
-1151
-1233
-1227
-1153
-1099
-1085
-1217
-1248
-1280
-1170
-1071
-1008
-1042
-1076
-1025
-870
-756
-649
-680
-676
-632
-485
-376
-330
-292
-283
-203
-83
5
11
-24
4
56
104
189
187
182
213
303
360
354
343
293
316
376
456
462
442
451
487
534
593
552
511
496
544
598
653
669
633
626
665
699
690
668
633
621
663
714
716
691
660
663
679
698
683
632
590
604
625
640
630
590
554
562
575
569
539
518
508
524
557
561
539
515
522
533
549
549
530
524
527
526
507
476
440
405
396
384
356
316
261
223
198
199
187
158
107
63
39
40
42
25
-34
-84
-111
-127
-111
-133
-142
-193
-202
-206
-206
-204
-219
-215
-198
-177
-177
-201
-225
-228
-211
-180
-221
-272
-343
-353
-331
-320
-323
-473
-559
-647
-617
-609
-640
-693
-835
-915
-940
-954
-935
-1006
-1064
-1153
-1207
-1127
-1163
-1105
-1150
-1161
-1198
-1203
-1148
-1149
-1089
-1039
-1017
-978
-952
-905
-867
-816
-731
-735
-649
-625
-529
-469
-401
-341
-357
-293
-264
-189
-133
-75
-52
-44
-3
46
74
143
147
178
154
213
268
309
385
387
374
387
409
471
506
545
557
533
577
607
654
679
688
679
686
706
732
735
740
739
737
742
750
747
743
738
728
716
713
709
702
697
703
691
671
668
664
664
666
668
643
629
632
635
642
631
619
592
577
578
573
575
562
536
524
507
495
463
432
408
381
365
332
283
235
206
184
158
121
72
35
16
9
-5
-30
-50
-90
-106
-114
-129
-149
-178
-189
-177
-182
-169
-192
-185
-197
-205
-221
-239
-227
-236
-221
-254
-261
-287
-277
-262
-262
-289
-341
-390
-404
-382
-341
-347
-446
-515
-613
-581
-607
-627
-740
-813
-840
-807
-780
-797
-893
-982
-986
-947
-895
-916
-930
-1001
-950
-936
-868
-919
-898
-920
-868
-828
-765
-751
-686
-672
-606
-579
-538
-508
-489
-405
-352
-262
-254
-216
-196
-160
-99
-43
-13
-1
7
56
86
148
191
182
204
217
275
304
350
345
348
364
405
431
446
454
456
454
478
500
505
520
535
554
564
595
600
601
627
637
632
615
596
585
586
618
617
600
588
571
573
581
582
570
558
562
565
569
578
568
551
536
533
528
518
515
501
499
497
501
489
482
470
462
447
438
424
408
386
365
346
327
308
284
251
223
184
148
129
109
95
63
42
33
33
43
41
32
5
-27
-46
-44
-21
-5
1
-20
-33
-48
-37
-34
-42
-63
-69
-82
-70
-56
-45
-53
-85
-109
-147
-164
-175
-186
-211
-239
-286
-307
-354
-354
-432
-506
-583
-627
-634
-645
-684
-758
-839
-889
-897
-906
-922
-980
-1043
-1062
-1030
-1012
-1022
-1025
-1036
-1023
-1018
-990
-1011
-988
-959
-890
-855
-823
-814
-796
-719
-644
-589
-575
-583
-562
-511
-418
-325
-310
-274
-274
-219
-175
-117
-92
-95
-58
-7
37
95
111
130
134
193
208
232
253
278
327
372
418
431
429
464
478
509
522
525
541
558
609
612
625
618
612
635
655
685
665
658
676
680
709
708
689
668
649
666
673
669
656
631
628
641
657
646
629
607
603
602
610
598
577
565
563
562
561
544
530
517
517
513
495
470
435
401
376
357
325
287
263
235
206
165
117
70
37
23
4
-14
-43
-74
-82
-87
-96
-126
-171
-207
-226
-217
-206
-213
-241
-255
-259
-252
-258
-277
-297
-299
-283
-258
-268
-290
-326
-349
-353
-344
-352
-382
-406
-422
-438
-412
-422
-453
-493
-524
-529
-530
-530
-563
-592
-627
-622
-660
-662
-685
-705
-720
-740
-748
-772
-760
-727
-723
-713
-738
-759
-735
-717
-652
-655
-652
-632
-611
-525
-478
-442
-451
-458
-424
-365
-305
-249
-245
-204
-171
-101
-72
-56
-45
-44
9
67
109
133
154
181
213
219
243
246
272
309
362
375
404
412
420
457
461
478
472
471
498
518
556
576
566
572
557
580
575
589
592
599
625
638
634
632
613
599
590
589
590
575
586
580
582
571
558
530
515
494
492
479
470
459
459
456
457
446
416
385
353
340
338
330
312
297
272
244
233
208
180
145
112
90
82
75
64
30
3
-20
-42
-64
-95
-124
-148
-160
-162
-157
-159
-168
-188
-213
-221
-225
-212
-205
-192
-190
-194
-185
-182
-175
-169
-190
-196
-207
-190
-176
-169
-183
-207
-217
-236
-236
-254
-270
-277
-288
-299
-313
-337
-333
-352
-344
-363
-375
-390
-400
-407
-425
-445
-427
-442
-435
-457
-480
-486
-497
-488
-501
-532
-561
-582
-562
-523
-494
-497
-509
-528
-517
-482
-461
-451
-456
-468
-435
-402
-343
-323
-331
-345
-341
-315
-294
-256
-240
-202
-160
-124
-74
-65
-46
-40
-37
-5
11
41
79
113
147
165
177
174
180
202
208
238
251
286
312
341
369
380
373
371
372
389
405
431
440
455
465
481
493
486
488
467
455
465
472
496
507
508
506
508
509
500
481
468
465
468
470
473
468
459
443
431
407
385
366
357
352
357
353
341
329
314
301
290
269
244
224
211
202
184
167
147
121
96
76
48
17
-10
-24
-31
-50
-62
-77
-86
-95
-99
-113
-142
-163
-186
-178
-168
-165
-188
-205
-219
-224
-227
-243
-266
-290
-289
-287
-279
-276
-277
-286
-291
-301
-312
-337
-350
-354
-349
-343
-357
-386
-415
-434
-436
-416
-419
-440
-467
-482
-468
-445
-427
-432
-455
-457
-454
-431
-419
-418
-437
-457
-470
-456
-452
-446
-461
-454
-437
-418
-406
-404
-398
-383
-367
-346
-331
-320
-293
-287
-254
-246
-238
-220
-196
-172
-137
-126
-102
-78
-28
22
56
79
90
112
139
190
228
259
277
295
325
367
397
417
427
440
453
474
497
511
526
532
550
546
549
555
556
564
561
558
554
556
575
579
580
560
538
527
532
535
527
507
500
500
514
519
510
491
470
459
460
459
453
436
421
424
424
417
405
382
366
352
344
333
315
301
275
250
225
194
162
137
111
80
50
12
-20
-48
-75
-105
-141
-178
-217
-248
-272
-294
-314
-342
-372
-395
-412
-431
-455
-478
-497
-498
-510
-514
-510
-519
-519
-520
-512
-508
-512
-524
-534
-517
-494
-474
-470
-454
-454
-458
-443
-438
-431
-425
-417
-404
-408
-388
-376
-370
-347
-343
-339
-352
-336
-333
-323
-301
-299
-277
-282
-267
-276
-277
-250
-248
-216
-199
-185
-174
-169
-138
-146
-152
-144
-153
-127
-112
-77
-73
-68
-42
-54
-42
-47
-32
-32
-19
14
25
46
64
63
66
66
71
69
82
104
124
145
166
181
193
215
218
228
252
267
281
318
349
375
383
400
410
421
434
446
452
461
485
498
514
520
516
504
505
509
503
503
496
500
508
517
517
488
473
462
452
448
428
408
394
388
381
367
345
316
288
275
269
258
238
221
199
194
189
173
152
125
100
71
53
30
9
-7
-14
-31
-48
-69
-84
-102
-116
-134
-152
-170
-185
-179
-185
-195
-214
-235
-255
-258
-268
-279
-293
-310
-310
-312
-316
-323
-336
-348
-356
-351
-346
-342
-337
-337
-329
-320
-321
-325
-322
-326
-324
-322
-325
-335
-333
-329
-330
-332
-335
-348
-346
-337
-316
-303
-309
-315
-314
-302
-293
-287
-281
-279
-269
-254
-253
-263
-262
-256
-250
-225
-215
-220
-220
-207
-189
-177
-177
-191
-199
-188
-156
-123
-110
-101
-100
-85
-71
-49
-43
-34
-30
-17
-2
9
23
33
43
55
64
67
80
104
133
158
162
169
174
192
217
243
249
240
249
272
302
319
328
330
344
371
403
413
416
416
423
439
451
453
450
448
452
465
464
451
430
421
416
422
417
403
388
381
375
360
333
301
279
267
261
251
226
195
178
174
170
151
125
96
79
73
68
65
55
38
33
25
10
-9
-36
-52
-51
-53
-61
-72
-85
-91
-99
-102
-119
-138
-150
-154
-155
-162
-172
-180
-187
-202
-211
-226
-250
-259
-260
-268
-271
-281
-296
-315
-327
-331
-329
-338
-339
-333
-337
-333
-330
-329
-335
-340
-332
-331
-326
-318
-314
-305
-301
-294
-300
-301
-313
-309
-288
-271
-265
-260
-249
-230
-211
-191
-194
-205
-203
-191
-169
-158
-152
-153
-150
-141
-126
-110
-105
-100
-86
-72
-48
-36
-29
-31
-19
-1
19
27
22
24
27
49
55
55
53
48
63
74
96
109
116
129
135
140
151
151
154
155
176
183
188
194
188
199
218
229
227
230
234
248
263
274
274
274
275
283
283
284
278
274
272
287
294
286
276
269
271
272
274
268
254
252
252
255
262
250
236
221
222
218
211
196
191
192
191
199
188
176
164
160
157
157
156
151
140
143
145
145
134
114
109
101
107
110
102
98
95
93
87
78
69
55
45
43
49
43
31
24
18
14
4
-6
-17
-32
-45
-54
-57
-67
-78
-87
-101
-118
-127
-143
-156
-163
-182
-194
-206
-223
-232
-251
-268
-274
-284
-289
-302
-308
-316
-322
-329
-340
-355
-367
-371
-368
-373
-381
-391
-401
-399
-392
-388
-396
-401
-405
-404
-394
-384
-374
-366
-369
-367
-364
-360
-356
-351
-337
-326
-316
-300
-281
-267
-244
-230
-222
-214
-201
-188
-169
-151
-137
-128
-107
-93
-89
-73
-75
-62
-37
-8
14
36
53
64
84
112
130
146
159
180
193
210
232
237
237
247
258
268
278
292
302
318
333
346
353
362
370
380
386
388
389
393
399
404
403
400
398
386
378
369
369
359
355
347
344
347
343
338
332
326
320
313
302
293
283
280
265
261
239
230
211
191
169
143
130
118
106
94
77
60
40
24
11
-10
-29
-48
-61
-75
-86
-102
-112
-133
-156
-173
-189
-202
-217
-227
-231
-237
-238
-246
-260
-265
-271
-270
-266
-266
-267
-260
-257
-257
-256
-254
-261
-256
-254
-254
-247
-247
-244
-238
-234
-231
-232
-218
-207
-195
-183
-177
-166
-163
-160
-147
-144
-137
-130
-128
-111
-96
-92
-93
-95
-89
-75
-67
-61
-56
-52
-38
-29
-21
-22
-23
-27
-23
-7
0
8
1
3
12
16
26
20
15
17
20
31
37
50
55
60
71
71
71
66
75
85
94
103
102
97
98
102
105
109
106
99
104
114
128
140
143
138
150
157
155
153
149
154
161
169
178
176
164
171
178
186
190
186
183
192
210
218
219
219
215
217
228
233
232
228
224
219
216
208
208
192
174
163
159
154
147
132
122
110
93
77
52
41
30
15
-6
-25
-52
-67
-85
-99
-123
-155
-178
-192
-194
-206
-214
-231
-245
-258
-263
-283
-298
-306
-305
-309
-310
-309
-316
-314
-314
-310
-307
-306
-296
-287
-272
-260
-252
-255
-254
-241
-234
-223
-213
-195
-184
-170
-153
-143
-136
-124
-117
-112
-103
-87
-66
-49
-28
-17
-17
-11
-11
-9
-2
3
8
14
19
20
36
54
53
50
44
34
37
47
47
55
62
60
64
65
60
55
55
51
59
58
54
61
65
66
77
76
73
75
83
94
105
118
124
136
139
147
149
151
148
150
158
172
186
188
195
201
214
211
218
225
212
224
224
227
229
228
228
223
218
202
189
172
165
154
153
139
117
108
97
92
93
62
40
30
3
-12
-12
-35
-61
-71
-92
-101
-106
-124
-142
-160
-174
-176
-186
-198
-202
-211
-222
-225
-230
-237
-249
-247
-250
-257
-249
-255
-264
-254
-247
-261
-260
-260
-262
-252
-248
-244
-236
-229
-221
-207
-202
-196
-188
-185
-182
-166
-159
-153
-136
-115
-100
-85
-71
-61
-53
-37
-20
-6
6
21
35
47
72
84
97
109
119
121
126
136
157
169
174
196
203
212
227
237
250
259
257
248
247
244
240
246
249
247
236
230
219
215
200
189
181
171
163
160
151
134
115
99
89
76
57
43
30
22
21
12
0
-11
-21
-42
-51
-58
-62
-62
-52
-46
-57
-53
-54
-60
-59
-52
-55
-55
-58
-63
-55
-50
-45
-36
-31
-23
-18
-17
-23
-13
2
12
20
24
22
28
34
42
55
62
60
53
55
52
55
52
48
47
39
44
44
39
46
38
28
27
29
20
28
32
26
29
30
32
28
30
30
15
5
5
1
-1
6
11
6
-4
1
-1
-2
0
-3
-13
-20
-10
-5
-4
-1
-4
-10
-20
-32
-37
-36
-28
-36
-46
-52
-66
-62
-50
-51
-55
-58
-54
-48
-39
-37
-32
-32
-36
-35
-35
-33
-29
-33
-36
-26
-17
-17
-21
-11
-12
-18
-24
-31
-43
-43
-37
-46
-56
-64
-54
-48
-41
-42
-55
-64
-71
-71
-71
-79
-85
-96
-96
-91
-91
-94
-101
-99
-101
-110
-111
-113
-112
-103
-98
-97
-96
-96
-96
-93
-88
-81
-80
-85
-78
-79
-80
-76
-80
-73
-63
-55
-53
-44
-35
-31
-24
-20
-10
-4
-11
-14
-1
15
19
18
14
15
11
12
13
21
30
30
40
48
62
63
63
67
66
68
64
65
67
71
83
92
102
104
107
112
116
115
119
117
117
122
131
139
146
149
152
156
151
144
137
129
130
136
130
128
120
110
102
94
95
92
92
84
74
65
58
46
33
29
19
4
-13
-20
-22
-25
-38
-51
-63
-73
-81
-87
-85
-84
-79
-90
-96
-92
-97
-106
-110
-110
-115
-124
-120
-112
-106
-109
-104
-103
-100
-97
-100
-99
-96
-88
-84
-78
-66
-62
-67
-71
-66
-65
-56
-45
-42
-38
-31
-30
-29
-28
-22
-27
-28
-22
-23
-26
-21
-11
-4
1
6
10
6
10
12
18
20
21
24
28
31
30
36
44
51
59
65
70
71
77
85
86
85
88
89
84
82
85
80
82
84
83
83
85
84
84
80
84
89
81
77
77
76
75
78
68
68
66
61
61
54
51
42
32
30
32
32
29
18
13
14
5
2
-2
-15
-17
-17
-26
-27
-33
-40
-49
-44
-55
-56
-57
-65
-69
-75
-75
-74
-69
-71
-66
-62
-58
-53
-58
-60
-56
-61
-60
-58
-58
-51
-48
-47
-41
-37
-35
-29
-23
-17
-15
-9
-4
-2
5
15
15
15
20
27
34
41
47
51
51
59
62
61
68
78
87
87
92
97
100
98
97
96
93
87
90
88
86
88
84
78
71
63
55
40
40
33
34
36
33
31
26
19
13
12
2
-11
-26
-32
-39
-48
-56
-70
-75
-79
-84
-89
-95
-95
-96
-105
-115
-116
-117
-119
-112
-114
-119
-119
-118
-119
-121
-125
-131
-129
-123
-113
-105
-95
-87
-85
-78
-73
-65
-62
-61
-60
-59
-58
-61
-56
-57
-56
-51
-52
-51
-56
-55
-52
-39
-41
-44
-45
-40
-37
-33
-25
-31
-24
-18
-14
-7
-3
-2
6
10
13
17
22
25
29
31
42
40
43
56
57
61
61
58
57
62
66
70
67
65
65
66
70
75
75
75
74
76
82
90
93
90
84
78
71
62
55
48
39
36
40
33
35
31
32
28
19
21
19
15
10
12
5
5
4
1
-2
-4
-5
-9
-7
-5
-2
-4
-5
-3
2
4
5
4
5
6
7
14
12
12
12
11
11
12
12
16
15
15
21
15
12
11
12
18
14
10
16
19
16
24
21
18
12
10
5
5
3
-6
-9
-11
-10
-15
-15
-17
-18
-20
-14
-10
-11
-10
-6
-5
-7
-4
-4
-9
-11
-10
-15
-20
-19
-21
-18
-12
-10
-6
-2
3
8
9
13
12
8
4
5
4
5
-3
-2
-4
-3
-2
-11
-9
-8
-12
-15
-14
-13
-14
-16
-9
-10
-15
-13
-17
-23
-22
-25
-21
-27
-38
-40
-35
-32
-31
-31
-34
-32
-31
-30
-24
-21
-18
-15
-12
-14
-6
-5
-9
-4
-9
-11
-10
-7
-5
-3
2
6
11
10
8
11
13
15
21
20
26
27
25
27
28
32
26
26
33
23
18
27
28
29
29
31
35
39
35
37
39
36
36
31
37
35
36
29
23
25
20
16
13
14
13
16
7
5
7
3
0
-6
-12
-17
-17
-18
-24
-28
-33
-32
-29
-35
-37
-38
-40
-47
-50
-48
-47
-49
-47
-47
-43
-41
-39
-35
-33
-30
-30
-29
-29
-23
-22
-22
-25
-26
-26
-22
-19
-17
-17
-15
-15
-6
-8
-8
-4
-6
-12
-12
-9
-11
-10
-17
-16
-15
-12
-9
-6
-3
-1
7
13
14
18
19
24
32
35
36
36
33
38
46
53
60
48
55
63
60
61
61
60
54
60
61
58
48
47
42
36
28
20
16
12
4
7
3
-8
-16
-21
-26
-31
-33
-33
-29
-34
-31
-29
-31
-39
-47
-50
-52
-57
-56
-62
-61
-57
-51
-48
-54
-53
-53
-55
-49
-43
-41
-35
-33
-38
-38
-35
-36
-34
-36
-38
-38
-36
-33
-33
-28
-24
-23
-21
-22
-18
-15
-9
-3
1
3
4
11
15
14
17
22
24
23
20
14
9
12
17
20
20
15
17
15
20
22
25
21
18
21
20
20
19
18
20
23
25
26
28
29
31
37
34
28
33
33
33
34
37
40
34
36
37
38
35
33
33
31
33
31
29
32
33
26
25
22
23
24
26
32
32
33
32
29
30
30
24
27
30
28
32
29
29
35
34
30
29
28
30
26
28
22
20
19
20
20
17
19
15
17
19
22
21
21
21
16
12
13
14
18
13
8
6
-1
-2
-4
-5
-1
-3
-12
-12
-8
-8
-10
-15
-20
-27
-32
-35
-35
-37
-38
-35
-35
-39
-45
-44
-45
-45
-43
-39
-43
-43
-34
-29
-31
-31
-30
-32
-26
-22
-22
-18
-20
-21
-19
-15
-14
-16
-14
-11
-10
-5
-3
-1
-4
-5
-4
-3
-5
-8
-5
-7
-4
-9
-5
-4
-5
-9
-11
-12
-14
-15
-12
-10
-11
-15
-15
-19
-20
-17
-22
-22
-22
-23
-24
-22
-26
-29
-30
-32
-30
-31
-32
-34
-34
-28
-22
-21
-19
-20
-14
-14
-18
-18
-19
-14
-11
-13
-13
-13
-10
-9
-9
-5
0
-5
-2
-2
-5
-2
0
4
-2
1
5
2
-2
-3
-2
-4
-5
-8
-6
-1
3
7
7
9
7
7
7
5
7
8
8
11
9
16
16
15
20
13
17
20
22
22
26
24
17
22
16
18
22
20
21
24
29
26
24
29
28
26
24
22
18
16
20
14
10
10
14
14
10
10
12
17
19
17
16
16
11
10
14
16
24
28
36
41
42
46
48
53
54
47
47
46
44
46
46
50
44
46
41
40
34
27
23
23
23
14
11
5
2
1
-4
-9
-13
-14
-14
-16
-15
-19
-20
-18
-13
-15
-20
-20
-21
-20
-17
-16
-20
-20
-20
-21
-23
-27
-28
-31
-30
-23
-22
-20
-15
-12
-9
-8
-7
-11
-10
-10
-6
-8
-9
-7
-5
0
3
6
3
-1
-4
-5
-9
-10
-11
-9
-16
-19
-22
-17
-15
-16
-20
-20
-23
-23
-27
-29
-27
-29
-32
-36
-32
-33
-33
-30
-34
-34
-33
-33
-28
-28
-25
-25
-24
-24
-23
-18
-21
-23
-20
-19
-14
-14
-18
-16
-20
-20
-16
-15
-17
-13
-11
-14
-13
-16
-9
-12
-13
-11
-9
-3
-7
0
2
9
10
11
15
15
25
24
31
36
40
45
48
47
48
56
56
57
56
55
59
56
53
56
48
43
41
39
38
33
28
23
14
10
6
5
-3
-3
-1
-6
-3
-3
-9
-9
-9
-8
-7
-7
-5
-7
-4
-6
-13
-7
-9
-8
-10
-9
-11
-13
-8
-8
-8
-12
-16
-17
-13
-11
-12
-11
-14
-17
-19
-17
-20
-22
-23
-19
-19
-19
-18
-19
-17
-16
-13
-15
-10
-4
-2
-3
-1
0
9
18
17
15
16
27
32
29
30
35
33
33
38
35
37
35
31
26
23
18
20
17
13
9
6
7
4
5
3
3
2
-1
-3
-6
-10
-11
-15
-12
-11
-13
-11
-11
-10
-8
-13
-14
-18
-20
-21
-27
-24
-26
-25
-30
-32
-33
-37
-35
-36
-40
-41
-44
-49
-43
-36
-35
-32
-33
-33
-31
-32
-26
-26
-23
-25
-30
-27
-27
-27
-27
-26
-28
-26
-28
-29
-27
-30
-27
-24
-25
-26
-26
-24
-24
-20
-19
-20
-15
-15
-15
-10
-6
-8
-3
1
3
4
4
8
7
9
10
12
11
11
13
12
15
15
14
11
13
20
23
20
24
27
24
33
37
40
41
40
38
40
41
43
42
43
44
43
40
37
40
37
38
39
33
32
31
37
36
35
37
31
32
33
34
36
35
36
36
41
39
41
46
49
53
53
53
52
58
62
61
61
57
55
48
42
40
33
31
31
21
14
14
9
6
-4
-7
-13
-12
-12
-12
-13
-19
-17
-22
-23
-26
-24
-24
-28
-29
-24
-26
-26
-31
-35
-28
-24
-27
-27
-30
-28
-31
-33
-24
-26
-27
-28
-32
-35
-34
-34
-32
-30
-33
-32
-32
-32
-30
-28
-32
-32
-26
-31
-29
-23
-25
-22
-26
-23
-20
-17
-11
-7
-8
-6
-5
-1
1
2
2
0
7
6
9
9
8
3
6
4
6
8
3
0
2
0
2
6
2
0
-3
-1
-1
-6
-4
-4
-7
-6
-6
-1
1
1
4
9
12
14
16
19
24
28
36
39
42
44
51
50
53
56
53
52
46
48
45
40
37
30
22
17
14
10
7
2
-1
-4
-4
-10
-14
-12
-12
-14
-19
-23
-26
-33
-30
-27
-32
-31
-32
-35
-31
-29
-32
-28
-27
-24
-24
-24
-24
-24
-20
-18
-16
-17
-14
-17
-20
-20
-20
-19
-17
-14
-19
-19
-19
-15
