SAMPLES:	16091
BITSPERSAMPLE:	16
CHANNELS:	1
SAMPLERATE:	16000
NORMALIZED:	FALSE
-8
-9
-9
7
5
13
16
7
13
4
5
1
1
3
3
8
1
-4
-3
-6
-7
-7
-6
-1
-8
-8
-13
-12
-11
-1
6
6
8
2
-2
0
-5
0
-3
-6
9
3
5
2
1
-4
-9
-4
-2
-3
4
0
-5
-6
3
-3
3
9
6
0
-6
-9
-12
-13
-8
1
-7
-10
-8
-6
-6
0
0
5
3
12
25
20
17
22
25
25
33
28
29
27
27
14
15
6
-3
-9
-14
-13
-15
-15
-27
-25
-23
-31
-32
-25
-24
-14
-10
-10
-18
-18
-12
-18
-6
4
1
-5
-5
1
-1
5
9
10
13
14
19
21
22
21
16
10
8
10
0
-7
-5
-6
-3
-4
2
10
5
-1
-2
-2
-1
1
7
8
16
13
10
8
3
9
4
10
5
-2
5
-2
4
7
2
10
1
-2
-8
-14
-8
-11
-19
-18
-14
-17
-11
-7
-11
-7
-4
-5
1
-1
6
11
10
12
10
11
12
10
4
-3
-5
-7
-7
-14
-10
-6
-7
-5
-7
-10
-9
-5
-6
-9
-10
-10
-7
-9
-4
-4
-9
-6
-8
-4
-8
-8
-9
-7
-2
-5
3
10
8
6
9
13
14
5
-2
0
4
9
7
1
-5
-17
-8
-10
-9
-5
-4
9
6
11
13
7
11
7
15
13
10
7
4
10
-1
3
7
8
11
7
1
1
-1
-3
-4
-4
4
0
-2
-1
-6
-3
-4
-1
-4
-2
-2
-6
4
5
5
11
6
10
10
12
16
15
20
14
15
10
12
12
7
4
-4
-3
-3
-1
1
-4
-11
-5
-4
-14
-15
-21
-26
-25
-23
-20
-16
-12
-10
-12
-12
5
2
9
9
4
9
3
4
4
0
3
-1
-13
-13
-12
-10
-5
-9
-1
-6
-6
1
2
8
10
11
11
17
17
16
18
12
7
7
5
5
2
3
2
2
1
-3
2
-1
-1
5
1
5
7
10
10
6
10
6
-2
-6
-4
-11
-7
-18
-22
-15
-17
-15
-6
-9
-1
2
0
8
7
11
11
17
9
-2
-6
-3
-3
-2
-8
-16
-13
-4
0
0
7
0
-1
-4
3
0
-5
-3
-11
-8
-2
-6
-7
-10
-18
-11
-8
-2
1
1
2
7
9
3
-1
2
1
5
0
-6
-12
-8
0
-6
-5
-13
-18
-14
-6
0
-4
-1
2
6
14
19
25
17
18
13
5
9
1
3
9
9
7
7
4
7
8
6
5
7
-2
1
3
-2
3
-4
-11
-11
-8
-10
-16
-14
-7
-8
-7
-8
-13
-7
-1
-1
5
11
11
12
3
0
-1
-2
-4
5
10
3
3
-10
-3
12
10
9
3
-1
4
7
8
4
1
-3
-2
1
2
-3
-4
-6
-2
-3
-5
-5
-10
-1
4
4
4
2
0
-1
3
7
15
10
5
8
3
3
0
-3
-3
-1
0
1
0
2
8
9
11
8
2
-3
2
0
1
-3
-1
-2
-10
-15
-15
-18
-11
-10
-16
-15
-16
-10
-11
-3
8
6
1
4
5
5
9
7
1
3
7
18
13
9
9
6
12
8
12
7
1
5
11
9
11
10
6
1
7
6
-8
-3
-4
2
2
-6
-1
-6
-6
-5
-7
-10
-17
-11
-6
-3
-4
-5
-11
-13
-13
-18
-21
-19
-16
-19
-19
-15
-10
-9
0
6
9
9
10
7
-3
-9
-10
-8
-10
-4
10
17
15
16
9
2
1
2
0
0
0
4
0
-3
4
-11
-12
-12
-12
-6
-8
1
4
3
11
8
16
20
16
9
1
5
-2
3
-4
-3
-1
-2
-2
-8
-1
-3
1
1
1
9
9
4
5
2
7
-6
-10
-13
-15
-14
-12
-3
-8
-2
-4
1
2
-6
-6
-4
-12
-9
-9
-10
-5
-1
8
4
11
17
17
16
15
16
11
5
12
19
26
19
13
13
15
18
8
4
-1
-4
2
0
10
9
5
3
7
13
5
8
8
15
13
2
5
3
5
5
-1
-5
-11
-20
-17
-20
-16
-26
-35
-28
-16
-6
-12
-8
-7
-3
-1
-3
-4
0
0
4
6
4
-1
1
-13
-17
-6
-14
-15
-15
1
1
2
9
17
15
11
22
8
6
12
10
2
-2
-7
-15
-20
-25
-16
-4
-6
-1
6
13
10
3
0
-11
-8
-6
-6
-6
-10
0
-7
-8
2
-1
7
21
11
12
15
11
4
3
9
1
19
9
12
6
-1
-4
-12
-5
-20
-18
-16
-16
-5
-9
-5
2
3
6
1
6
6
1
2
10
4
5
15
4
10
14
14
23
21
20
18
20
11
8
7
1
-7
-15
-16
-10
-12
-9
-16
-20
-26
-26
-20
-27
-15
-9
3
9
20
22
16
15
19
16
9
16
10
0
-3
-15
-19
-13
-14
-8
-10
-15
-12
-13
-17
-21
-14
-11
-3
2
-3
1
-2
-3
4
4
2
2
-7
-12
-13
-20
-19
-11
-6
-8
-7
7
9
3
-7
-7
-2
-7
-4
3
1
0
-4
1
-4
-10
-7
-10
-13
-7
-5
1
7
8
10
8
21
28
10
14
12
-1
-5
-6
-9
-2
1
-7
-5
3
4
12
25
28
40
37
34
21
18
31
24
37
33
22
26
22
11
16
9
-4
-9
-6
-5
-17
-11
-8
-10
-16
-16
-17
-18
-17
-20
-16
-4
-16
-7
-4
-7
10
19
16
14
8
5
1
-9
-7
-20
-25
-24
-20
-13
-13
-6
-13
-6
5
13
5
-7
-1
-3
-10
4
15
8
4
4
5
5
9
2
3
5
1
8
2
7
-6
-10
0
-1
10
-4
-3
-8
-10
-4
-7
-14
-14
-5
9
16
17
4
10
7
12
27
10
5
-3
1
3
-1
1
-4
-2
-10
-12
-10
-9
-6
-22
-14
-12
-13
-14
-13
-2
-14
-5
-7
-7
2
-10
-9
-14
-10
-5
-6
-2
6
18
11
8
15
19
19
11
11
1
-5
-10
-12
-5
-7
-10
-10
-10
-3
-8
0
12
0
0
-7
-12
-4
-12
-9
-8
-8
-3
-12
-19
-9
-12
-8
-7
-1
8
1
0
2
11
11
12
11
10
15
10
16
19
7
8
10
4
1
12
1
-5
6
8
12
15
19
23
16
15
14
9
3
-4
2
-6
-3
-8
-11
-12
-7
-1
-7
-11
-6
-3
-12
-13
-11
-6
-9
2
4
8
0
-7
-7
-11
-7
-12
-15
-11
-7
-9
-7
5
11
7
8
13
22
21
13
8
5
4
6
14
7
-3
3
1
7
7
8
6
7
19
15
11
7
-6
-9
-12
-13
-11
-10
-5
-10
-5
-8
-12
-19
-21
-13
-12
-5
0
4
8
6
-1
12
13
5
9
10
4
4
5
5
15
20
27
18
11
12
0
-11
-3
-15
-17
-12
-14
-14
-20
-29
-28
-22
-12
-6
-1
5
16
15
8
11
15
9
13
14
19
15
2
1
-5
-6
-9
-4
-11
-8
-3
-6
-5
-6
3
-5
0
3
-1
-8
-6
-2
-6
-3
-6
-3
0
10
11
10
2
2
5
-1
6
10
7
2
2
-5
-15
-19
-29
-28
-22
-18
-14
-27
-15
-6
-14
-9
-11
0
0
9
10
5
5
-3
7
10
15
7
-3
-1
3
11
16
14
14
13
8
15
15
8
-1
-3
-11
-1
-1
-1
-2
-10
-2
-5
-7
-10
-8
-2
5
6
2
12
6
2
5
4
11
13
15
12
8
-2
-1
9
2
5
-1
0
3
-11
-5
-1
9
10
2
5
5
0
-6
-8
-11
-12
-9
-13
-15
-16
-18
-16
-18
-13
-13
-9
-9
-2
2
-3
-2
-9
-3
0
6
10
11
11
13
13
19
25
20
15
9
9
5
0
-4
-1
4
-1
-2
3
3
6
-1
6
1
-1
6
6
13
6
2
0
-6
0
3
7
10
9
12
15
13
8
-2
-4
-8
-4
0
-7
-5
-3
-1
-1
-5
-7
-11
-13
-16
-17
-13
-16
-11
-15
-7
-1
-11
-9
-13
-6
-7
-4
-2
0
10
7
13
12
10
11
5
11
10
-4
-1
8
11
11
-3
-5
-6
-5
8
7
9
4
0
1
3
7
0
-6
-10
-12
-11
-13
-14
-10
-19
-15
-12
-7
-8
-13
-5
-8
-4
8
12
15
13
11
7
10
19
16
22
26
25
20
24
17
14
11
2
0
-9
-13
-13
-12
-18
-15
-13
-4
-4
-11
-26
-31
-29
-22
-13
-12
-3
0
0
2
-8
-9
-10
-14
-13
-12
-13
-14
-9
-5
1
-8
-13
-7
2
2
9
8
9
3
-4
-2
-3
2
4
7
7
-1
1
3
11
22
23
26
18
10
0
-3
-6
-1
5
4
7
4
1
-1
-4
-6
-6
5
17
17
21
17
20
22
21
27
20
15
11
12
9
7
7
14
15
7
1
-6
-18
-24
-18
-16
-14
-18
-17
-12
-13
-14
-16
-15
-10
-8
-7
-10
-4
7
5
5
10
9
11
16
19
14
15
16
10
-1
-4
-11
-16
-11
-8
-1
4
4
7
9
4
4
6
-6
-13
-23
-31
-32
-27
-20
-22
-17
-11
-11
-3
-4
-4
-3
2
11
9
11
5
4
11
12
12
6
12
20
25
38
29
20
12
7
5
3
10
7
-3
-7
-10
-12
-8
-10
-7
-6
-7
-11
-4
-2
-2
-11
-10
-10
-13
-7
-18
-14
-12
-20
-17
-10
-8
-6
-3
-2
3
11
16
17
16
27
27
22
24
27
16
13
8
1
-10
-9
-11
-18
-16
-19
-13
-10
-8
4
5
4
6
7
4
7
16
15
7
-1
-1
-3
-3
-7
-9
-9
-8
-14
-9
-12
-21
-24
-35
-27
-33
-38
-38
-34
-28
-23
-24
-22
-16
-13
-5
0
12
16
16
17
26
30
34
40
33
30
27
24
22
13
20
25
26
27
20
20
8
-2
-7
-9
-2
-9
-6
-13
-22
-18
-23
-7
-10
-13
-9
0
4
0
7
2
-8
-11
-11
-2
-5
-3
-4
-4
4
7
7
16
19
25
16
18
16
17
18
11
14
13
19
20
18
21
12
6
5
-3
5
-4
-4
-6
-7
0
-6
-3
-2
-10
-12
-6
-11
-16
-11
-13
-23
-19
-20
-16
-10
-24
-19
-20
-22
-25
-20
-16
-10
-10
-14
-14
-20
-14
-5
-7
0
-7
-7
-1
6
20
26
34
29
26
21
14
14
13
10
11
10
8
-2
1
1
-6
-5
-16
-10
-8
-7
-2
-1
7
1
2
-2
-8
2
6
2
2
-7
-13
-13
-15
-20
-23
-26
-26
-22
-18
-17
-15
-19
-13
-8
0
8
6
14
8
9
10
10
13
6
5
4
1
4
0
3
7
3
6
6
11
1
5
5
0
2
-13
-10
-10
-12
-8
-10
10
8
16
16
18
23
17
23
12
17
16
9
9
-5
3
-6
-6
-3
-5
-3
-18
-16
-19
-8
2
6
13
10
12
23
27
39
30
28
20
16
13
4
16
12
11
8
0
5
2
-5
-8
-9
4
9
22
10
9
16
8
8
1
8
0
-9
-13
-20
-22
-20
-17
-5
-6
-2
3
-1
1
3
-8
-21
-15
-20
-10
-8
-7
-4
-15
-7
-7
-5
0
2
6
9
14
22
17
15
21
29
16
10
11
-2
-6
-12
-9
-15
-24
-24
-31
-29
-23
-11
-5
-4
-1
-4
-4
-1
2
-3
-8
-3
-5
-9
-9
-7
-5
-9
-10
-3
-1
10
11
4
8
5
10
2
4
6
4
0
-5
-13
-13
-16
-17
-14
-13
-1
-2
2
8
10
6
3
2
-4
-7
-5
1
-9
-9
-11
-8
-7
-4
-6
-3
1
3
6
7
3
8
7
14
18
24
19
11
13
13
8
-4
-6
-11
-16
-18
-19
-20
-20
-23
-18
-19
-11
-13
-2
-11
-4
1
-2
15
0
4
1
3
4
-4
-1
-5
-13
-11
-14
-8
-6
1
1
6
12
4
12
11
5
10
8
5
11
3
4
12
10
14
16
16
13
8
11
14
14
13
7
9
2
0
-4
-7
-4
-5
-7
-2
-1
0
0
-2
5
9
2
-1
2
-1
5
3
11
7
0
-1
2
10
8
11
6
12
15
9
15
3
8
1
3
-5
-12
-6
-23
-17
-14
-2
-1
-12
-6
-4
0
5
3
5
-1
-4
-4
-6
-4
-15
-13
-14
-7
-6
-4
0
1
-3
-5
3
2
10
12
5
10
7
3
2
7
2
7
4
-3
7
-2
-5
-4
-4
-9
-4
-13
-12
-9
-14
-10
-5
-8
-2
-5
-7
4
2
15
10
5
2
-2
-3
-5
-10
-11
-7
-4
-4
-12
-14
-5
-6
-5
7
2
-9
-6
-3
-7
0
-4
2
9
12
12
4
7
0
4
4
0
4
7
3
10
13
5
-1
-9
-10
-2
1
0
-4
-4
-2
-4
1
-2
10
4
-1
9
0
0
-5
-5
0
0
5
4
2
1
4
11
5
15
10
11
14
12
10
3
-2
1
6
8
4
-1
4
8
6
10
13
19
17
9
12
9
12
9
6
9
5
6
4
-7
-4
-17
-14
-9
-5
8
4
8
5
4
-1
-5
-13
-15
-9
-17
-18
-3
-11
-17
-14
-8
-4
-3
-3
-9
-11
-14
-13
-24
-21
-9
-12
-12
-16
-16
-15
-24
-12
-14
-17
-9
-16
-13
-22
-16
-15
-18
-4
3
7
4
9
3
1
2
0
0
0
4
11
15
22
12
10
15
24
23
23
29
17
11
-1
-5
-1
3
14
12
15
10
-2
-4
-5
0
1
5
3
4
-3
4
-4
2
5
7
11
3
2
-6
-9
-3
-2
-5
3
0
-5
-9
-15
-11
-14
-3
7
6
-1
5
6
2
12
14
10
12
15
22
36
29
19
14
8
8
15
12
16
3
-4
-10
-17
-18
-22
-22
-12
-7
-12
-14
-10
-16
-17
-8
-18
-10
-11
-11
-16
-17
-5
-3
-1
7
6
15
17
17
22
15
16
18
19
18
20
23
25
20
13
12
18
16
12
-2
-4
-1
-12
-4
-9
-8
-10
-18
-23
-25
-26
-34
-34
-36
-36
-37
-34
-36
-36
-25
-16
-17
-11
2
1
2
4
1
-7
-18
-18
-7
-2
-7
-12
-6
6
3
-1
-2
4
6
8
5
3
1
-4
1
1
2
-3
-7
0
17
19
19
21
11
13
19
22
19
11
3
-2
-1
4
-2
-15
-20
-19
-5
3
2
1
3
0
1
13
16
12
2
5
11
16
13
13
14
8
4
0
-5
-5
-2
-5
-3
3
-2
6
10
18
21
13
21
19
16
19
22
8
2
0
-13
-6
-4
3
11
15
17
8
11
20
11
13
11
15
15
7
3
-6
-6
-9
-11
-19
-18
-20
-44
-43
-48
-37
-25
-14
-13
-27
-13
-10
-1
1
8
15
22
31
29
10
-2
-1
5
11
15
10
1
7
13
25
19
8
7
-7
-1
2
-4
-11
-8
-13
-23
-23
-20
-23
-25
-27
-17
-16
-20
-21
-19
-10
-11
1
8
25
23
10
5
13
10
11
22
21
23
13
10
20
18
6
9
0
-22
-29
-39
-36
-26
-19
-10
-22
-19
-31
-36
-35
-34
-19
-18
-7
21
40
53
48
41
25
30
44
39
50
38
37
12
4
14
-19
-34
-41
-34
-35
-28
-17
-7
-8
-19
-14
-3
3
-2
-21
-14
-5
-3
-4
-12
12
-2
1
7
6
16
-2
13
13
13
23
36
41
28
30
13
-4
-13
-28
-24
-30
-26
-13
-17
-10
-26
-24
-23
-23
-6
-8
12
19
18
23
21
17
5
10
6
13
26
31
44
41
39
25
13
15
5
6
-3
-28
-47
-44
-20
-11
3
12
14
0
0
-7
-14
-31
-41
-24
-7
-2
4
-2
-31
-45
-55
-39
-15
10
27
37
36
30
3
-17
-14
-26
-6
11
14
13
-2
-24
-34
-46
-46
-31
-22
-9
-2
0
-8
-15
-8
-12
0
20
22
11
2
6
2
12
16
31
41
48
43
16
3
-8
-22
-8
13
28
50
49
38
13
-11
-28
-47
-39
-24
11
46
59
60
42
35
22
1
-4
-2
14
14
22
32
17
23
9
-10
-27
-44
-56
-60
-50
-35
-21
-29
-11
8
5
-1
-32
-35
-16
3
35
52
79
86
80
53
11
-30
-69
-76
-70
-43
-16
3
2
-13
-26
-47
-50
-50
-44
-18
13
50
59
48
26
-14
-39
-65
-52
-58
-54
-39
-33
-24
-28
8
31
42
43
19
41
54
70
80
64
60
21
-10
2
26
53
47
45
54
45
40
19
6
-5
-5
-10
-22
-34
-53
-70
-71
-66
-51
-38
-12
11
29
41
33
38
26
31
37
8
-31
-42
-44
-54
-66
-71
-102
-113
-66
-13
38
74
75
59
56
37
18
16
0
-26
-38
-32
-34
-32
-57
-61
-63
-55
-45
-55
-23
38
62
68
75
65
54
36
49
74
100
100
78
45
2
-26
-39
-95
-95
-70
-62
-38
-19
-10
-36
-43
-33
-17
8
31
29
26
37
36
19
1
2
-26
-26
-42
-43
-24
-36
-18
-26
-40
-20
32
42
47
42
7
-32
-33
-32
-37
-2
17
50
57
51
19
-27
-30
-11
11
26
41
14
28
40
20
-4
-15
-9
-12
-21
-2
24
34
45
76
82
55
16
-17
1
-5
24
23
-2
18
12
-7
-20
-39
-88
-88
-61
-12
17
28
19
-2
24
43
44
33
5
24
37
62
85
68
22
-29
-21
-50
-57
-58
-76
-76
-82
-70
-42
-37
-20
-21
-18
7
32
44
53
68
33
4
-15
-22
-30
-46
-68
-65
-35
18
64
103
81
43
55
34
-13
-48
-83
-107
-69
-80
-60
-64
-63
-39
-22
-8
-15
-5
-12
18
36
46
53
40
6
-20
-25
1
7
13
-7
-16
6
-4
7
-8
-23
-20
16
36
40
81
48
34
12
-4
9
27
85
57
35
-1
-5
-3
26
87
112
120
42
-43
-86
-101
-48
-4
14
55
69
126
106
60
-17
-88
-76
-33
33
17
-4
4
-11
-29
-50
-3
31
52
55
6
-47
-138
-163
-129
-78
1
10
38
13
39
23
-63
-124
-196
-147
-61
31
9
-33
-75
-33
10
0
-22
-50
-13
-1
42
-8
-60
-72
-39
51
75
34
-8
-18
-8
-15
-27
-46
0
27
56
130
166
137
59
17
-16
32
73
77
55
17
5
38
79
63
32
6
5
12
-27
-34
-10
3
38
13
15
24
-7
5
-48
11
75
47
56
-5
6
-18
-58
-90
-115
-40
-38
-24
-35
44
58
27
-1
-37
-33
-41
-62
-24
36
89
130
126
48
-41
-100
-103
-78
-57
-28
-6
51
58
35
-10
-5
29
93
152
156
59
-12
-60
-120
-44
-53
-6
52
101
110
71
37
-29
-74
-97
-93
-44
-27
-39
-63
-76
-52
-64
-57
-59
-42
-3
11
-8
34
34
57
30
33
9
-13
2
-132
-67
-110
0
32
85
78
-36
-59
-68
-52
-81
-79
-41
61
122
84
-55
-101
-157
-89
13
110
141
104
117
75
25
-49
-13
-13
-27
0
36
40
31
41
36
18
16
15
-9
12
4
66
1
20
-44
-68
-25
-26
-25
-70
-66
-35
25
26
79
41
107
83
125
88
-37
-116
-155
-72
-11
39
28
65
36
55
-21
-72
-139
-214
-146
-59
73
121
152
56
-98
-121
-110
-36
-18
-12
26
34
50
-16
-108
-203
-237
-164
-98
21
27
85
115
87
163
66
51
4
-30
39
75
133
89
-11
87
71
121
34
-43
-23
-71
55
-24
-11
-29
46
119
19
-39
-75
-86
-17
33
101
78
48
59
21
51
-6
-13
-24
20
99
26
18
-88
-110
-14
18
107
-40
-110
-113
-80
62
37
47
-7
-17
59
-22
39
-32
-39
-47
-5
62
44
75
53
-2
4
18
22
31
74
104
76
24
-26
-119
-167
-148
-60
-16
20
58
80
101
-3
-59
-74
-70
-19
-29
-58
7
58
154
-39
-153
-233
-171
-80
-99
-81
-147
-91
-33
88
176
121
5
-56
-35
29
67
29
-11
87
60
53
23
49
103
43
45
20
-5
-22
-93
-90
-93
7
120
53
-11
-121
-52
51
91
143
37
71
38
71
-38
-114
-88
-62
120
134
142
17
26
4
-7
14
-18
42
22
-21
32
13
-17
-15
-14
-164
-184
-135
83
213
100
23
-84
-64
-41
-126
-170
-77
118
298
256
175
-113
-132
-204
-120
-51
-76
4
-128
3
3
120
145
-81
-21
-167
12
28
12
164
11
155
-33
-134
-199
-209
-22
5
8
-35
-129
-53
-104
-4
97
36
51
-93
2
-41
95
-16
-41
60
102
144
-16
-51
-196
-112
-47
131
200
213
256
141
65
-176
-256
-113
-119
36
47
116
183
52
-29
-250
-226
-109
-62
-21
-69
-57
-29
91
143
91
36
-34
25
159
191
34
-80
-47
-24
-24
-112
-55
3
195
245
213
203
38
46
24
41
5
63
46
139
105
-9
-65
-309
-253
-187
60
145
99
164
82
189
33
-111
-173
-188
-104
-28
115
75
161
84
48
-70
-41
-52
75
139
132
-10
-69
-27
71
100
-39
-118
-209
-153
-211
-65
-86
37
-15
-19
10
-28
-26
-161
-281
-186
-52
10
43
-3
-114
-57
-33
74
75
33
111
131
133
43
-9
75
107
-70
-13
-48
147
-49
-103
-268
-89
171
94
152
-57
147
34
-19
-207
-284
-65
-28
144
118
98
-17
-122
-110
-80
-77
-71
84
23
119
67
38
-78
-110
-73
58
164
48
-103
-195
-93
25
-6
-29
154
173
184
-9
-63
-219
-289
-194
-126
123
224
181
61
-17
-3
22
23
182
-10
6
-95
28
217
234
254
-155
-218
-381
-220
-93
132
279
291
193
155
167
-7
-63
-395
-102
-215
220
120
156
37
-81
-109
-234
18
53
367
113
241
195
25
-256
-338
-200
27
132
98
-10
-54
44
203
33
-92
-76
-95
257
190
178
-185
-269
-129
48
223
322
340
122
31
-167
-247
-238
-145
-101
-35
-3
134
59
106
-174
-505
-490
-152
482
544
511
188
38
39
49
63
-482
-668
-615
-58
138
120
6
-54
-60
108
197
173
17
-365
-517
-252
201
191
79
-164
43
-215
-158
-92
62
153
-58
-187
-213
36
286
181
107
65
96
-109
-349
-251
-44
216
77
156
65
296
447
339
156
-14
-175
-222
-117
265
83
-300
-320
-30
281
299
127
-45
-239
-302
-85
241
403
61
-67
-437
-263
28
236
349
35
-202
-248
67
147
235
-293
-75
-234
212
133
-147
-167
-299
153
233
679
202
24
-410
-363
-352
-96
101
295
380
474
121
-123
-441
-275
-99
-5
-84
-272
-204
-174
192
256
225
-250
-160
33
412
245
-134
-428
-332
-62
57
223
113
118
33
27
391
455
332
-246
-176
12
199
221
-8
43
13
12
-170
113
176
403
-9
-210
-320
-102
224
153
-44
-307
-179
-111
-106
-203
-255
-107
14
22
-182
-238
-89
311
461
89
-48
-269
-167
-7
-111
94
-176
-53
-298
-86
415
461
884
338
102
-575
-679
-423
-151
254
76
-88
92
214
381
380
43
-150
-585
-524
-317
58
296
295
299
236
476
17
-97
-397
-208
103
168
273
45
55
-161
-109
-301
-5
125
409
219
-230
-472
-409
-6
111
245
-13
36
63
-23
-222
-163
57
299
47
-24
-147
18
104
-316
-419
-636
68
185
93
-41
59
262
-46
-313
-465
-297
-3
-63
232
-39
413
161
226
53
-135
-178
-409
-82
-82
255
-182
16
-487
-491
-188
90
1106
445
12
-775
-940
-169
3
556
218
77
99
21
160
252
117
84
-76
56
-91
-323
-134
128
504
432
-114
-115
-1
576
373
-75
-422
-588
-19
127
847
543
405
38
-78
301
5
-143
-371
-298
319
287
238
25
-4
16
-252
-255
-30
432
231
-89
-566
-87
66
209
-311
-299
42
475
546
-263
-89
-83
583
313
21
-492
-240
585
1044
896
-196
-285
-392
372
395
-156
-427
-464
337
451
-12
-660
-768
-385
73
-46
-153
-543
-676
-255
112
436
-48
-373
-76
262
-27
-537
-831
-136
448
494
345
150
638
643
-47
-916
-1175
-397
284
493
311
108
-81
-331
-81
32
344
166
76
-81
-32
196
58
288
-41
-398
-435
-171
325
106
-630
-576
-450
526
397
130
-63
-308
162
-105
-121
-688
-937
-604
-86
600
445
318
81
-5
-205
-380
67
562
1133
987
263
-271
-371
-36
109
-63
-319
-670
-256
116
259
302
-220
-333
-499
-25
553
604
412
26
-146
-71
4
-43
194
450
713
667
-19
-242
-644
-707
-627
-591
-179
128
443
387
163
-125
-168
-222
-58
10
72
-93
-253
-263
-173
123
234
-103
-339
121
511
629
391
286
-181
-432
-158
146
615
585
305
82
-131
-104
-154
-176
65
154
-120
-128
-102
425
489
348
357
392
628
768
588
-82
-703
-706
-468
-296
-122
-72
98
-261
-355
-617
-720
-361
-303
194
225
101
108
28
388
435
96
-359
-464
-38
-11
36
38
72
174
253
225
115
-181
-131
-179
-193
-270
-235
-88
-44
80
-286
-394
-361
-57
281
14
-143
-271
-37
102
310
534
349
527
70
-189
-508
-606
-573
-618
-572
-362
-144
-13
67
-173
-127
-141
-56
35
341
266
27
-367
-43
452
701
610
89
-160
-176
208
559
798
726
370
-10
-34
207
501
150
-78
17
236
445
462
477
291
-44
-305
-329
-168
-117
-196
-294
-441
-217
135
387
299
182
44
-355
-457
-532
-301
-100
-95
-3
-242
-188
-259
-223
-135
-404
-379
-461
-123
44
-121
-310
-517
-173
56
142
-8
-127
-58
-13
-88
-364
-480
-310
-40
-60
-27
50
228
539
647
500
325
6
-184
-196
-138
-16
-140
7
200
315
506
370
360
289
121
60
135
344
491
540
386
192
65
3
33
124
101
81
63
57
145
168
246
109
59
113
211
254
242
181
-109
-188
-327
-219
-82
33
192
216
391
264
276
145
-84
-184
-353
-439
-299
-159
25
155
9
-121
-97
-118
-127
-91
-92
-111
-37
8
34
-48
-205
-356
-482
-576
-551
-497
-402
-274
-314
-397
-431
-422
-359
-220
23
66
-107
-232
-291
-155
-14
-166
-304
-212
-104
109
283
429
417
265
79
-19
-41
58
176
167
252
201
193
362
340
468
343
392
373
351
387
291
230
151
103
52
36
-117
-120
-158
-227
-235
-482
-598
-490
-472
-449
-502
-619
-553
-683
-834
-917
-1061
-1240
-1486
-1662
-1888
-1774
-1675
-1482
-1376
-1206
-1025
-822
-661
-366
-91
67
181
361
630
977
1342
1623
1955
2159
2332
2266
2302
2365
2326
2088
1890
1723
1654
1728
1726
1712
1672
1580
1549
1437
1441
1400
1338
1277
1104
1124
1148
1260
1302
1339
1256
1019
837
581
519
513
394
203
66
-86
-60
-60
-53
-49
-190
-339
-558
-575
-808
-1026
-1353
-1787
-1933
-1868
-1397
-1027
-834
-597
-494
-432
-324
-312
-594
-910
-929
-494
95
451
737
999
1621
2476
3017
1664
-1926
-6924
-10970
-12964
-13759
-13409
-12834
-11680
-10127
-7890
-4636
-1468
1799
3424
3461
2711
2183
3405
4653
6128
7348
8258
8929
9077
10182
11071
11230
9535
6264
2985
141
-1106
-1980
-2466
-2801
-3312
-3570
-3650
-2216
-507
511
216
-1064
-1751
-1787
-447
1288
3119
4736
5412
5988
6333
7382
8153
7639
5977
3468
1568
197
-368
-443
-764
-1523
-2986
-4057
-4684
-4463
-4030
-4386
-5332
-6153
-5922
-4872
-3042
-740
1215
2325
2479
2802
3582
4313
4752
4151
2987
1652
890
723
1079
1472
1220
194
-1382
-2411
-2751
-2767
-2897
-3425
-3992
-4280
-3888
-2740
-1232
284
1065
957
482
301
746
1190
1397
1170
838
491
430
876
1368
1776
1424
616
-367
-944
-1121
-1334
-1500
-1823
-1897
-1971
-1676
-775
259
1182
1568
1814
1815
1132
-541
-3036
-6007
-9253
-12206
-14300
-14773
-13824
-11926
-9544
-7093
-4250
-1543
944
2729
3807
4577
4798
4967
5360
6533
8126
9441
10345
10707
10823
10292
9187
7508
5151
2607
-165
-2426
-3937
-4383
-4002
-3460
-2645
-1853
-920
-190
554
1334
1810
2384
2583
3194
4310
5720
7335
8199
8656
8569
8007
6928
5555
4095
2301
533
-1223
-2476
-3165
-3487
-3338
-3473
-3574
-3868
-4305
-4827
-5358
-5182
-4664
-3640
-2481
-1007
725
2338
3888
4944
5423
5113
4335
3393
2373
1555
706
173
-487
-950
-1266
-1611
-1817
-2418
-3064
-3899
-4452
-4618
-4334
-3561
-2552
-1361
-273
659
1492
2132
2500
2376
1945
1369
745
346
172
176
156
109
-157
-482
-841
-1103
-1330
-1690
-1986
-2402
-2510
-2210
-1489
-740
-168
460
834
1165
1120
1157
1359
1874
2488
1991
247
-2958
-6704
-10584
-13905
-15516
-15792
-14714
-13136
-10834
-7680
-4295
-465
2481
4788
5776
5887
6145
6126
7178
8464
9660
10408
10391
10732
10322
9708
8185
5727
2780
-935
-3727
-5923
-6480
-5936
-5084
-3824
-2803
-873
824
2510
3969
4705
5137
4720
4924
5609
6878
8336
9070
9264
8484
7699
6385
4724
2841
535
-1677
-4130
-5522
-5917
-5373
-4504
-3857
-3278
-3094
-2708
-2160
-1606
-1148
-1205
-1362
-1205
-185
1862
3869
5153
5316
4765
3855
2680
1669
725
-312
-1523
-2745
-3540
-3555
-2872
-2097
-1759
-2052
-2574
-3014
-3203
-2749
-1884
-910
-345
215
955
2117
3306
4047
4181
3463
2326
1008
86
-398
-566
-818
-1395
-1878
-2170
-2146
-2019
-1985
-1995
-2272
-2647
-2653
-2037
-970
67
705
1096
1253
1457
1788
1954
2245
2262
2304
2397
2895
3412
2379
-982
-6662
-12174
-16225
-17873
-17412
-15991
-13344
-10647
-7317
-3593
328
4538
7030
8026
7060
6031
6111
6917
9011
10399
11427
11059
9723
8548
7082
6022
3229
-783
-5359
-9034
-10102
-9630
-7153
-4469
-2030
-257
904
2867
4870
7106
7947
7485
6570
5827
6569
7782
9489
10287
9653
7650
4741
2447
429
-1260
-3419
-5804
-7545
-8291
-7355
-5475
-3095
-1107
-259
-146
-339
107
1157
2236
3086
3080
2520
2123
2336
3498
4193
3846
2137
-412
-2363
-3499
-3506
-3264
-3198
-3321
-3692
-3621
-2857
-1479
-344
-122
-736
-1524
-1666
-1104
186
1641
2657
2911
2565
2343
2443
2723
2536
1612
77
-1420
-2275
-2350
-1820
-1269
-1153
-1720
-2500
-2948
-2760
-2210
-1756
-1440
-1364
-1190
-538
561
1917
2679
2518
1750
938
617
717
904
1188
1242
1303
1556
2342
3264
2468
-789
-6931
-13024
-17173
-18552
-17215
-15131
-11785
-8526
-4964
-891
3023
7316
9577
9963
8118
5938
5561
6200
8350
9690
10524
9900
7602
5761
3751
2587
-47
-4064
-8153
-11419
-11321
-9239
-5061
-845
2348
4443
4962
6243
7742
9440
9802
8415
6785
5234
5468
6483
7949
8483
7119
4380
406
-2500
-4349
-5271
-6347
-7748
-8153
-7603
-5362
-2190
1238
3688
4140
3423
2237
2167
2823
3802
4153
3107
1704
200
-18
611
1018
550
-1618
-4009
-5827
-6041
-4745
-3320
-2206
-1868
-1847
-1728
-752
848
2043
2156
1028
-138
-633
-65
1308
2553
3108
2486
1371
425
163
468
545
-33
-1280
-2491
-3128
-2912
-2088
-1366
-1222
-1835
-2596
-2730
-2092
-865
242
787
801
695
1117
1835
2618
2843
2089
887
-396
-896
-730
-341
252
293
471
677
1686
3167
2561
-969
-7834
-14341
-18084
-18802
-16636
-13813
-9765
-5965
-2253
1764
5236
9125
10700
10295
7624
4784
4524
5226
7598
8959
9650
8815
5692
3293
960
-194
-2620
-6472
-9845
-11895
-10130
-6643
-1380
3561
6723
8360
7831
8305
8971
9678
9425
7501
5853
4329
4679
5637
6564
6716
4637
1298
-3226
-6084
-7365
-7620
-7503
-7488
-6268
-4420
-1338
2254
5492
7245
6744
4967
3011
2162
2075
2466
2629
1867
595
-878
-1408
-1286
-1560
-2649
-4699
-6316
-6770
-5796
-3545
-1194
822
1638
1475
1107
1192
1886
2101
1482
199
-684
-948
-388
769
1922
2394
1548
105
-1026
-1178
-761
-546
-812
-1485
-2125
-2436
-2038
-1035
-263
-193
-941
-1722
-1997
-1565
-606
249
890
1088
1129
1201
1434
1857
1811
924
-369
-1431
-1748
-1381
-678
282
799
1130
1263
1836
2928
2357
-681
-7251
-13982
-18112
-18929
-16218
-12746
-8206
-4227
-868
2616
5478
8838
10257
9909
7454
4406
3760
4419
7088
8897
9553
8396
4627
1396
-1544
-2681
-4315
-7167
-9445
-10692
-8248
-4119
1567
6744
9585
10437
8805
8018
7883
8453
8603
7279
5896
4094
3721
4039
4577
4420
2149
-1123
-5232
-7685
-8179
-7237
-5549
-4314
-2660
-970
1344
4223
6640
7839
6797
4602
2285
1084
1085
1615
2008
1619
312
-1999
-4082
-5183
-4804
-4546
-4804
-5169
-5069
-3383
-1016
1667
3500
3918
3161
1507
248
-186
428
792
477
-74
-348
-56
382
988
1225
598
-894
-2378
-2800
-1937
-653
247
382
-146
-894
-1583
-1780
-1441
-1185
-1362
-1784
-1852
-1051
518
1940
2872
2906
2191
1293
514
203
-38
-416
-1056
-1632
-1879
-1618
-858
-137
297
452
698
1242
2751
3961
2661
-1974
-9602
-15700
-18823
-18127
-15062
-11572
-6819
-3334
290
3745
7068
10184
10528
9365
5961
3842
4158
5634
8525
9412
9470
6710
2606
-474
-2920
-3455
-5716
-8091
-9977
-9665
-5724
-902
5295
9362
11163
10371
8173
7665
7486
8057
7324
6034
4599
3205
3374
3597
4289
3140
229
-3533
-7296
-8395
-7918
-5922
-3855
-1913
146
1763
4078
6073
7768
7721
5754
3102
558
-408
-172
673
991
-97
-2180
-4490
-5496
-4984
-4172
-3641
-3876
-3874
-2961
-1189
1529
3775
4782
4112
2162
272
-520
-124
488
618
-114
-748
-1091
-902
-14
784
871
-151
-1631
-2296
-1785
-516
656
1086
562
-519
-1481
-1894
-1504
-1012
-977
-1377
-1888
-1620
-466
1070
2275
2691
2204
1224
342
-177
-463
-936
-1490
-1898
-1876
-1441
-589
409
1046
1261
1294
1529
2308
3415
2991
-216
-6913
-13902
-18371
-19353
-16746
-12997
-8067
-3735
-229
3083
5608
8566
9856
9537
7334
4565
4114
4861
7492
9242
9722
8237
3797
-294
-3917
-5385
-6540
-8206
-9061
-9080
-6138
-1690
3860
8789
11167
11148
8715
6963
6472
6898
7344
6794
6029
4586
3601
3026
2871
2315
140
-2933
-6447
-8283
-8144
-6256
-3562
-1016
1277
2603
3938
5233
6701
7468
6202
3990
1272
-246
-321
343
1286
631
-1281
-4057
-5726
-5755
-4862
-3741
-3453
-2934
-2390
-907
1046
3038
4425
4050
2513
354
-848
-789
-181
333
278
-139
-723
-1019
-789
-118
314
-91
-1101
-1901
-1666
-680
508
1143
898
-56
-1365
-2081
-1912
-1192
-752
-782
-958
-924
-363
394
1202
1761
1514
863
30
-190
-27
-158
-563
-1402
-1761
-1942
-1551
-583
183
1233
1559
1801
2157
2654
3457
2332
-1232
-7851
-14381
-18602
-19305
-16178
-12197
-6832
-2792
573
3545
5458
8236
8973
8846
6958
4944
4994
5819
8897
10327
10463
7952
2745
-1512
-5801
-7132
-8179
-8915
-8538
-7893
-4264
-295
5088
9369
11077
10916
8172
6888
6064
6625
7531
7287
7057
5278
4076
2776
1824
887
-1558
-4168
-7244
-8389
-7737
-5417
-1922
772
3108
3927
4441
5037
5485
5883
4921
3627
1831
818
516
774
1380
359
-1675
-5019
-7302
-7796
-6978
-4961
-3270
-1466
-228
917
2110
3119
3656
3024
1577
-244
-1075
-1003
-122
723
898
449
-657
-1688
-2275
-2020
-1530
-1126
-1014
-850
-169
674
1647
2138
1783
663
-960
-2294
-2679
-2220
-1598
-1100
-974
-822
-353
182
786
830
434
-242
-658
-510
67
928
1006
707
26
-660
-815
-893
-287
400
813
1412
1948
3357
4126
2461
-2546
-10327
-16868
-20392
-19443
-15438
-10091
-4315
-193
3201
5363
7347
9063
9025
7850
5159
3791
4422
6834
10268
11902
11377
7023
840
-4738
-8639
-9686
-10186
-9692
-8589
-6290
-1938
3054
8303
11475
11928
9662
6315
4618
4703
6461
8079
8854
8312
6364
4299
2329
807
-1251
-3985
-7011
-9262
-9252
-7183
-3282
484
3188
4306
3973
3689
3584
4183
4684
4622
3956
2610
1990
1927
2505
2335
365
-2876
-6960
-9308
-9406
-7285
-4224
-1819
-257
385
973
1623
2673
3088
2626
1404
-132
-533
83
1431
2351
2029
553
-1458
-3127
-3694
-2922
-1761
-752
-325
-126
551
1417
2212
2265
1356
-277
-2032
-3149
-2983
-1773
-426
313
237
-40
-380
-184
128
501
604
227
43
-122
606
1242
1413
767
-606
-1422
-1655
-1018
-58
882
1517
1988
2505
3474
3413
655
-5583
-13535
-19163
-20863
-17731
-12393
-6286
-896
2249
4542
5218
6433
7242
6904
5966
4089
4540
6411
9771
12554
12712
10157
3720
-3130
-8916
-11386
-10825
-9723
-7639
-5744
-2479
1458
5212
8715
9844
9004
6023
3725
3872
5835
9123
11073
11589
9751
6339
2983
-126
-2116
-4222
-6231
-7985
-8578
-6924
-4060
-387
2277
3626
3482
2268
1921
2294
3903
5214
5777
5661
4644
3889
2602
1542
-185
-2497
-5105
-8306
-9797
-9790
-7009
-3637
-963
643
462
599
205
738
1452
1905
2298
1940
2087
2266
2855
2701
1646
-247
-2507
-3891
-4480
-3464
-1911
-487
431
613
675
675
809
703
400
-303
-1003
-1324
-1073
-161
766
1130
692
-249
-1073
-1256
-858
-13
525
857
802
780
1046
1142
977
24
-942
-1603
-1604
-765
421
1659
2357
2584
2626
3124
2734
-21
-6416
-14522
-19784
-20850
-16808
-10972
-4661
553
2805
3696
3051
3540
4317
5013
5413
4963
6601
9001
12338
14111
12935
9211
1788
-5504
-10914
-12122
-10000
-7440
-4481
-2694
-514
1479
3150
5021
5362
4989
3231
2501
4303
7695
11791
13677
13329
10289
5628
1195
-2324
-3775
-4527
-4850
-5332
-5500
-4190
-2564
-650
267
406
-116
-995
-462
1535
4733
7130
8010
7497
5812
3636
1346
-329
-1403
-2169
-3775
-5543
-6688
-6598
-4721
-3444
-2311
-2177
-2659
-2428
-2008
-139
1881
3401
3840
3330
2616
2128
1927
1202
588
-500
-1650
-2463
-2687
-1636
-564
63
49
-451
-847
-872
-556
15
479
509
187
-346
-540
-297
-86
-312
-755
-1173
-1368
-1041
-283
1021
2081
2332
1978
1266
824
521
190
-277
-875
-1208
-1054
-395
488
1466
1956
2218
2182
2701
3042
953
-4213
-12368
-18520
-20761
-18000
-11862
-5801
-98
2108
2526
1624
827
1960
2941
4676
5684
7606
10550
13010
14796
13272
9411
2689
-4630
-9432
-10979
-8377
-4991
-2018
-494
-397
-283
-664
-89
512
1193
1877
2693
5399
8883
12631
14417
13351
10016
5096
900
-2105
-2951
-2165
-1312
-974
-1900
-2702
-3351
-3697
-3767
-3862
-3373
-2684
-898
1773
4884
7472
8224
7072
4407
1894
45
-437
132
566
455
-1233
-3368
-4880
-5434
-4984
-4540
-4465
-4268
-3843
-2606
-507
1697
3313
3546
2467
1237
570
617
1462
2109
2156
1474
193
-717
-1247
-1383
-1228
-1388
-1728
-1974
-1767
-965
144
1024
1163
481
-564
-1321
-1359
-763
50
516
472
144
49
397
928
1375
1303
935
483
107
270
563
482
113
-602
-1003
-944
-554
384
1130
1673
1751
1725
1841
331
-3084
-9585
-15660
-19047
-18544
-13380
-7837
-1800
990
1207
439
-1310
-588
606
3447
6281
8604
11440
12864
14105
12597
9226
4138
-2060
-5717
-7563
-5780
-2764
-218
1121
-380
-2197
-4220
-4574
-3433
-1571
1391
3794
6762
9173
11186
12421
11333
9086
5375
2415
913
846
2111
2879
2809
826
-2072
-4767
-6582
-6528
-5727
-3916
-2186
-337
1627
3007
4074
3737
3036
1748
1182
1532
2652
4262
4105
2955
54
-2598
-4190
-5101
-4330
-3777
-2903
-2389
-2297
-1707
-1333
-650
-455
-476
-593
-309
490
1481
2642
2789
2347
1214
-67
-699
-937
-751
-352
-237
-277
-409
-581
-424
-184
-236
-404
-921
-1263
-1252
-1061
-448
-141
21
-239
-440
-369
-52
494
765
1005
827
658
544
318
243
-83
-217
-335
-230
327
650
1077
722
517
461
804
1639
27
-3544
-10290
-16130
-18701
-17537
-11629
-6402
-1386
-166
-1360
-2509
-3994
-1997
299
4114
7519
9827
12458
13103
13636
11553
7876
3321
-1415
-3031
-2990
-459
1791
2174
816
-3048
-6038
-7920
-7246
-4483
-1426
2280
4469
6623
7922
8711
9136
7858
6808
5111
4922
5633
6748
7729
6483
4184
9
-3598
-5961
-6564
-5188
-3942
-2260
-1588
-1102
-938
-1066
-737
-743
-421
5
1487
3417
5094
5902
4546
1818
-1400
-3424
-3098
-1758
52
905
349
-757
-2418
-3146
-3314
-2875
-2287
-1729
-1003
-131
1026
1544
1558
692
-445
-1154
-1134
43
1345
2183
2000
984
-160
-944
-860
-289
437
622
360
-205
-554
-621
-664
-801
-1296
-1700
-1941
-1546
-860
51
634
488
-32
-629
-490
-55
655
1161
1235
1326
952
1128
923
605
338
-264
372
931
817
-1336
-6678
-12633
-17244
-18312
-14640
-9240
-3827
-1083
-1909
-3806
-5921
-5672
-3000
1150
5918
9517
11993
13011
12945
11604
8977
5906
2784
1493
2013
3630
5295
4666
1908
-2650
-7133
-9439
-9062
-6226
-2632
511
2145
2583
2655
2684
3368
4139
5149
6539
7780
9408
10358
10333
8877
5905
2652
-224
-1451
-1420
-624
-152
-662
-2063
-4014
-5369
-5831
-5124
-3789
-2380
-1190
-131
847
1763
1975
1367
471
-96
675
1964
3452
3971
3121
1514
-639
-1907
-2161
-1625
-845
-674
-967
-1731
-2534
-2973
-2921
-2478
-2069
-1554
-967
-110
849
1324
1358
694
-156
-487
-174
1080
2295
2853
2556
1353
67
-868
-1104
-729
-275
-72
-242
-706
-1247
-1742
-1993
-1913
-1703
-1422
-1113
-705
-111
306
608
362
95
-24
284
1081
1570
1957
1460
937
718
954
902
-1502
-5938
-11857
-15911
-16748
-13773
-8518
-4664
-2952
-4960
-7773
-9580
-8869
-4678
359
5677
9067
10588
10874
10095
9422
8358
7471
6986
7103
8126
8937
8758
6579
2321
-2420
-6263
-7439
-6051
-3253
-793
-213
-1387
-3489
-4749
-4255
-2030
1220
4076
6286
7482
7968
8227
7744
7161
6135
5319
5103
5247
5727
5261
3876
1406
-1461
-3615
-4776
-4538
-3593
-2745
-2443
-3056
-4064
-4787
-4863
-4107
-2969
-1768
-543
625
1685
2463
2560
2086
1514
1050
1526
2524
3445
3772
2827
1145
-855
-2400
-2844
-2419
-1664
-1066
-1222
-1783
-2388
-2782
-2700
-2412
-1933
-1408
-726
53
836
1317
1335
1006
536
531
1035
1935
2713
2856
2371
1268
185
-510
-719
-480
-348
-374
-843
-1488
-2075
-2397
-2451
-2334
-1921
-1479
-568
157
538
510
-74
-77
556
1619
3098
2673
-48
-5424
-11832
-15107
-14901
-10354
-5351
-2917
-3789
-8040
-11670
-13114
-10618
-5419
29
4248
5995
6430
6021
5993
6365
6954
7867
8959
10495
11755
12004
10500
7219
3102
-59
-1283
-441
1368
2343
1467
-1518
-4929
-7271
-7495
-5429
-2617
7
1315
1480
1415
1338
1999
2979
4211
5475
6521
7597
7960
7611
6403
4639
3286
2504
2614
2866
2470
1176
-929
-2965
-4366
-4820
-4761
-4663
-4758
-5054
-5195
-4850
-4147
-3161
-2466
-1984
-1346
-494
1036
2457
3518
3880
3444
2985
2648
2712
3002
2953
2290
1278
218
-499
-846
-1191
-1516
-2117
-2817
-3196
-3263
-2911
-2529
-2278
-2240
-2234
-1995
-1392
-585
261
1016
1418
1705
1910
2143
2337
2398
2253
2011
1832
1677
1466
1057
226
-626
-1479
-1916
-1767
-1519
-967
-1121
-1671
-2384
-2770
-2153
-1125
200
1091
878
-1877
-6631
-11674
-13930
-11913
-7777
-3551
-2748
-4881
-8651
-11868
-11609
-8593
-3288
1115
3439
3728
2762
2369
2701
4276
6242
8245
9850
10701
10853
9887
8125
5937
4200
3643
4247
5273
5415
4024
1143
-2089
-4348
-4802
-3477
-1645
-398
-425
-1434
-2566
-3015
-2166
-495
1465
3106
3934
4293
4258
4211
4283
4441
4852
5344
5718
5846
5231
3995
2471
1035
262
-247
-556
-1037
-2110
-3342
-4757
-5569
-5469
-4885
-4003
-3951
-4213
-4387
-3994
-2572
-1015
471
1174
1389
1410
1704
2339
2972
3457
3411
3221
2729
2395
2078
1574
937
74
-619
-1031
-1156
-1449
-1863
-2601
-3313
-3598
-3509
-2905
-2335
-1891
-1637
-1551
-1260
-682
260
1094
1651
1815
1787
1846
1992
2246
2329
2145
1679
1164
865
832
888
679
63
-878
-1641
-1916
-1642
-863
-464
-78
-974
-3367
-7040
-11651
-13571
-12938
-8895
-4702
-3933
-6051
-10831
-13296
-12534
-8225
-2372
1537
3202
1762
379
-48
1786
5197
8018
10310
10593
10345
9472
8440
7904
7109
7065
7080
7389
7330
5898
3787
734
-1480
-2303
-1983
-662
-354
-993
-2773
-4598
-5171
-4443
-2414
-644
532
622
245
308
930
2423
3823
4929
5494
5584
5670
5570
5487
5182
4761
4302
3671
3188
2200
888
-764
-2322
-3306
-3788
-3713
-3777
-4202
-5346
-6363
-6812
-6059
-4373
-2839
-1717
-1514
-1630
-1492
-770
568
2133
3162
3602
3666
3318
3322
3247
3187
3026
2554
2240
1739
1297
644
-286
-1261
-2085
-2469
-2596
-2577
-2862
-3233
-3579
-3566
-3059
-2421
-1664
-1256
-1090
-898
-486
332
1173
1668
1827
1764
1875
2120
2433
2593
2342
1914
1409
882
614
496
611
685
432
58
-797
-2774
-5825
-9244
-11551
-11268
-9367
-6986
-6540
-8798
-11605
-13702
-12442
-8911
-4675
-1317
-785
-1434
-2423
-1569
1107
4642
7921
9337
9761
9044
8630
8759
9116
9967
10088
10170
9628
8551
7149
5196
3718
2306
1693
1448
841
-53
-1916
-3584
-4676
-4958
-4047
-3316
-2869
-3140
-3630
-3497
-2883
-1194
321
1688
2327
2530
3036
3540
4724
5611
6313
6534
6218
5939
5120
4454
3408
2512
1847
953
372
-714
-1870
-3329
-4820
-5595
-5714
-5127
-4550
-4326
-4663
-5099
-5117
-4394
-3001
-1593
-491
91
365
766
1318
2206
3071
3691
3875
3657
3359
3024
3053
2932
2795
2266
1388
473
-602
-1334
-1809
-2078
-2222
-2467
-2745
-3105
-3415
-3501
-3366
-2944
-2482
-1998
-1614
-1290
-880
-484
46
620
1287
1912
2206
2232
1915
1704
1709
2127
2714
2920
2731
1827
692
-1195
-3587
-5960
-7949
-8261
-7973
-7028
-7147
-9061
-11221
-13132
-12319
-9814
-6923
-4682
-4626
-5081
-5366
-3999
-1048
2151
4983
6053
6503
6513
7003
8363
9508
10874
11268
11178
10817
9899
9275
8240
7558
6776
5859
5098
3731
2345
616
-837
-1731
-2336
-2589
-3177
-4012
-4915
-5367
-5151
-4464
-3558
-2970
-2564
-2308
-1817
-794
519
2035
3191
3931
4317
4496
4843
5251
5655
5605
5178
4496
3703
3180
2432
1694
666
-614
-1584
-2634
-3066
-3333
-3674
-4055
-4742
-5164
-5230
-4693
-4065
-3412
-2974
-2707
-2125
-1564
-665
216
952
1613
1988
2468
2851
3267
3545
3632
3584
3188
2846
2202
1635
1150
616
296
-224
-744
-1443
-2167
-2726
-3061
-3080
-2992
-2939
-2938
-2876
-2786
-2514
-2018
-1331
-797
-533
-314
88
389
685
920
1340
2070
2330
2474
2056
690
-1614
-4701
-6532
-6383
-4851
-3397
-4295
-7270
-10605
-12332
-11150
-8226
-5438
-4396
-5394
-6852
-7365
-5821
-2773
395
2653
3309
3416
3512
4380
6038
7766
9351
10102
10194
9856
9348
9084
8978
9035
8945
8478
7506
6081
4541
3240
2519
2088
1616
712
-803
-2333
-3508
-3947
-3694
-3342
-3198
-3588
-4298
-4654
-4428
-3462
-2132
-964
-43
362
615
972
1724
2812
3746
4370
4421
4121
3609
3232
3320
3448
3439
2722
1552
408
-547
-918
-1068
-1241
-1743
-2633
-3488
-4026
-4108
-3907
-3553
-3348
-3152
-3011
-2892
-2419
-1922
-1238
-459
131
814
1263
1686
2092
2319
2667
2821
2854
2695
2383
2120
1878
1687
1428
1012
386
-254
-735
-1175
-1474
-1769
-1941
-1997
-1962
-1941
-2099
-2335
-2450
-2160
-1357
-527
-408
-986
-1363
-971
206
1311
1713
1252
-644
-3245
-6001
-6965
-5383
-3060
-1842
-3810
-7740
-10989
-11674
-8963
-5534
-3360
-3590
-5704
-7259
-7095
-4602
-1263
1294
2431
2099
1843
2287
3780
5834
7462
8617
8786
8567
8242
7961
8184
8584
9034
8994
8133
6795
5337
4307
3985
4102
3986
3129
1516
-334
-1674
-2114
-1876
-1386
-1470
-2204
-3331
-4312
-4301
-3782
-2749
-1920
-1617
-1548
-1772
-1488
-713
488
1676
2251
2467
2232
2037
2013
2310
3126
3617
3761
2937
1625
756
330
821
1137
839
-50
-1463
-2397
-2712
-2503
-2187
-2037
-2293
-2872
-3284
-3266
-2757
-2123
-1658
-1330
-1307
-1146
-725
-152
682
1306
1686
1706
1569
1558
1651
1955
2242
2289
2145
1683
1105
550
290
211
303
154
-410
-1038
-1689
-1726
-1528
-1315
-1153
-1276
-1299
-1432
-1490
-1267
-913
-226
260
703
877
-750
-3760
-7237
-7993
-5190
-1663
-403
-3708
-8760
-12040
-11562
-7639
-3894
-2536
-4332
-7408
-8666
-7332
-3748
-449
1129
1105
129
228
1413
3623
6042
7544
8363
8167
7680
7493
7633
8558
9637
10278
9857
8239
6397
5102
4971
5504
5740
5215
3454
1371
-399
-1223
-864
-447
-515
-1409
-2840
-4009
-4485
-4091
-3289
-2601
-2430
-2731
-2999
-3059
-2602
-1690
-411
713
1166
1041
643
719
1402
2447
3245
3212
2571
2017
1814
2032
2189
2071
1715
1144
498
-81
-426
-711
-962
-1205
-1550
-1884
-2296
-2604
-2603
-2414
-2039
-1901
-2080
-2268
-2278
-1847
-1091
-290
319
524
457
505
692
1262
1807
2121
2132
1927
1739
1675
1562
1433
1223
909
610
285
20
-245
-520
-872
-1125
-1162
-1028
-1017
-1192
-1385
-1466
-1219
-703
-72
628
-194
-2751
-6495
-8418
-6523
-2801
-160
-1969
-6750
-10826
-11693
-8474
-4422
-2458
-3553
-6850
-8878
-8315
-5391
-1797
116
311
-564
-1087
-333
1501
4042
6224
7413
7540
6976
6613
6811
7959
9570
10631
10639
9233
7463
6184
5945
6667
7145
6620
4977
2707
992
377
593
939
543
-563
-2239
-3443
-3854
-3600
-3043
-2884
-3013
-3553
-4100
-4096
-3573
-2596
-1728
-1218
-1037
-1043
-886
-545
207
1147
1823
2143
2074
1868
1766
1870
2201
2654
2758
2331
1603
905
673
769
932
793
185
-672
-1415
-1658
-1526
-1253
-1128
-1405
-1868
-2247
-2412
-2149
-1764
-1364
-1046
-1028
-1063
-986
-589
-14
517
880
1067
1034
937
1045
1410
1734
1830
1644
1290
995
705
627
762
729
490
-173
-554
-601
-465
-420
-623
-732
-768
-491
22
221
-1205
-4342
-7755
-7973
-4693
-1011
-761
-4994
-9821
-11637
-9539
-5535
-3012
-3470
-6116
-8742
-8922
-6547
-3238
-1099
-882
-1580
-1998
-1345
161
2167
4183
5660
6354
6313
5999
6144
7031
8560
10081
10652
9926
8244
7006
6982
7880
8656
8179
6574
4436
2750
2096
2314
2668
2277
801
-1105
-2551
-3072
-2768
-2370
-2283
-2923
-3840
-4685
-4910
-4398
-3648
-2871
-2428
-2346
-2509
-2691
-2507
-1705
-533
545
931
769
652
864
1368
1965
2451
2545
2312
1890
1663
1784
2085
2266
1833
1073
400
46
20
43
-23
-308
-811
-1332
-1561
-1574
-1442
-1337
-1418
-1517
-1701
-1752
-1707
-1462
-1106
-685
-443
-269
-177
-144
177
586
1105
1301
1197
969
1016
1192
1339
1375
1219
1154
964
746
537
310
313
312
273
49
-227
-289
194
336
-1150
-4425
-7657
-7316
-4029
-769
-1494
-6072
-10477
-11540
-8758
-4873
-2960
-4130
-7114
-9446
-8881
-6048
-2916
-1355
-1760
-2521
-2735
-1718
78
2055
3890
4981
5383
5277
5289
5898
7180
8782
10072
10203
9180
7717
7075
7850
9050
9609
8638
6571
4569
3386
3483
4051
4031
2966
1012
-896
-1978
-2110
-1757
-1520
-1957
-2954
-4126
-4932
-4972
-4414
-3721
-3272
-3222
-3470
-3745
-3884
-3193
-2027
-1064
-685
-906
-864
-450
259
1108
1770
2105
2001
1580
1416
1722
2319
2810
2742
2220
1469
940
803
1128
1377
1180
529
-329
-831
-868
-664
-423
-520
-908
-1428
-1797
-1837
-1612
-1289
-1087
-1068
-1244
-1303
-1150
-705
-255
143
280
105
-56
79
561
1053
1208
1041
820
529
516
718
1062
1394
1205
704
126
-67
341
722
1227
556
-1455
-4655
-6887
-5942
-2992
-660
-2254
-6529
-10265
-10669
-7941
-4643
-3276
-4715
-7616
-9503
-8534
-5684
-2814
-1783
-2445
-3181
-3260
-2017
-159
1943
3616
4331
4418
4252
4580
5571
7068
8653
9597
9485
8401
7335
7276
8410
9634
9862
8635
6630
4887
4137
4549
5114
5013
3652
1550
-292
-1177
-1098
-731
-804
-1575
-2883
-4072
-4603
-4401
-3939
-3612
-3581
-3800
-4156
-4350
-3961
-3167
-2376
-2067
-2148
-2018
-1535
-743
-112
369
718
944
1170
1296
1560
1844
2116
2322
2321
2080
1787
1518
1454
1627
1618
1466
954
383
-5
-180
-77
-99
-248
-695
-1166
-1409
-1380
-1151
-1091
-1139
-1365
-1495
-1463
-1231
-844
-476
-354
-439
-585
-598
-238
248
656
743
687
460
377
522
866
1199
1228
1173
809
551
362
610
1245
1526
353
-1990
-4277
-5005
-3897
-2482
-1803
-3362
-6111
-8585
-8961
-7036
-4959
-4376
-5705
-7447
-8368
-7652
-5834
-3852
-2813
-2975
-3460
-3511
-2363
-622
1311
2710
3418
3681
3739
4168
5197
6731
8183
8866
8651
7903
7368
7623
8503
9402
9568
8545
6947
5550
5086
5339
5578
5297
4137
2413
880
-3
-106
-20
-351
-1241
-2355
-3321
-3842
-3891
-3687
-3391
-3526
-3979
-4504
-4664
-4266
-3598
-2944
-2707
-2700
-2706
-2250
-1532
-836
-283
-14
354
586
893
1199
1555
1967
2209
2249
1995
1845
1765
1881
2003
1913
1646
1163
764
562
517
488
316
-17
-398
-748
-944
-956
-937
-995
-1148
-1349
-1515
-1538
-1416
-1130
-877
-697
-627
-708
-810
-720
-348
224
508
466
245
71
136
333
737
914
986
808
542
275
215
643
1407
1475
-25
-2328
-4493
-4438
-3089
-1667
-1543
-3583
-6336
-8367
-8025
-5890
-4012
-4064
-5774
-7677
-8246
-7003
-4944
-3097
-2621
-3142
-3789
-3594
-2240
-315
1481
2529
2931
2994
3152
3890
5195
6810
8016
8216
7780
7108
6988
7592
8573
9345
9071
7834
6317
5387
5310
5749
5847
5177
3790
2072
1015
611
710
609
-25
-1071
-2213
-3060
-3421
-3287
-2877
-2641
-3147
-3993
-4711
-4624
-3893
-3167
-2801
-2919
-3128
-3139
-2467
-1720
-1115
-884
-669
-192
129
488
749
1113
1468
1757
1883
1868
1839
1681
1773
1886
1954
1832
1397
1033
743
742
733
626
275
-209
-594
-815
-806
-746
-814
-1082
-1409
-1663
-1603
-1412
-1182
-981
-896
-864
-1001
-1054
-740
-248
136
205
185
214
189
137
261
612
1024
1201
961
523
167
291
1074
1871
1496
-299
-2488
-3529
-3097
-2191
-1886
-2409
-3790
-5414
-6634
-6691
-5699
-4740
-4708
-5670
-6626
-6970
-6360
-5380
-4147
-3241
-3054
-3212
-3274
-2428
-1011
556
1746
2439
2730
2884
3420
4547
6013
7147
7507
7284
6964
6997
7407
8007
8498
8502
7747
6732
5979
5667
5727
5504
4956
4020
2897
1897
1175
885
698
266
-512
-1515
-2323
-2801
-2902
-2778
-2617
-2857
-3516
-4117
-4229
-3737
-3192
-2965
-3158
-3334
-3119
-2489
-1927
-1530
-1336
-1065
-634
-280
118
401
668
925
1296
1622
1781
1818
1615
1524
1583
1704
1801
1613
1363
1013
810
765
714
568
169
-272
-573
-682
-625
-622
-798
-1101
-1359
-1496
-1441
-1293
-1065
-932
-993
-1096
-1124
-952
-685
-308
-186
-179
-190
-128
39
63
259
606
972
986
591
277
386
892
1358
1236
146
-1364
-2556
-2765
-2265
-1911
-2007
-2949
-4386
-5681
-6234
-5655
-4761
-4353
-4739
-5666
-6430
-6462
-5644
-4367
-3294
-2910
-3104
-3327
-2907
-1711
-122
1219
1941
2198
2309
2785
3769
5047
6200
6794
6860
6714
6662
6903
7383
7879
8095
7781
7064
6250
5709
5538
5464
5175
4552
3569
2554
1711
1189
870
539
40
-699
-1552
-2258
-2580
-2670
-2572
-2627
-2939
-3332
-3667
-3789
-3668
-3465
-3237
-2932
-2566
-2253
-2321
-2441
-2279
-1608
-603
61
234
-96
-367
-85
681
1627
2121
1929
1319
807
933
1586
2189
2219
1700
1008
578
528
789
1015
849
276
-346
-648
-695
-547
-532
-629
-838
-1192
-1313
-1340
-1201
-1069
-979
-846
-905
-979
-1009
-826
-558
-248
31
123
56
-144
-209
9
443
904
1067
784
281
138
493
1175
1416
682
-854
-2423
-3009
-2534
-1725
-1506
-2264
-3990
-5576
-6197
-5587
-4399
-3913
-4410
-5493
-6335
-6316
-5456
-4193
-3197
-2839
-3046
-3226
-2790
-1704
-327
892
1678
2035
2241
2660
3495
4598
5660
6320
6552
6515
6497
6651
6973
7360
7576
7490
6999
6312
5689
5282
5123
4829
4406
3735
2845
1997
1208
770
472
104
-327
-990
-1661
-2261
-2584
-2670
-2644
-2602
-2810
-3092
-3501
-3730
-3556
-3078
-2478
-2209
-2260
-2509
-2555
-2116
-1361
-628
-162
-134
-296
-325
8
636
1277
1601
1516
1236
999
1060
1338
1595
1674
1438
1079
693
455
480
541
451
218
-126
-459
-641
-753
-742
-775
-854
-1025
-1213
-1269
-1249
-1069
-997
-879
-837
-873
-876
-833
-586
-309
-179
-79
-10
22
65
2
212
539
860
982
790
534
377
661
1036
943
60
-1319
-2284
-2629
-2384
-2115
-2141
-2867
-3976
-5157
-5710
-5359
-4727
-4198
-4310
-4891
-5491
-5692
-5155
-4121
-3081
-2506
-2396
-2487
-2167
-1353
-215
914
1746
2402
2838
3255
3885
4606
5381
5954
6301
6587
6799
6863
6832
6840
6885
6869
6651
6271
5725
5125
4546
4041
3709
3379
2839
2064
1218
445
-51
-302
-470
-772
-1278
-1848
-2426
-2647
-2613
-2503
-2477
-2708
-3006
-3210
-3198
-2865
-2452
-2086
-1985
-2035
-1988
-1779
-1275
-774
-329
-156
-124
17
175
584
882
1057
1065
966
1013
1054
1156
1113
1055
860
699
614
503
402
191
-77
-303
-429
-431
-476
-623
-865
-1098
-1174
-1124
-994
-899
-972
-1146
-1235
-1138
-911
-698
-534
-457
-435
-482
-461
-275
-57
110
77
-84
-109
64
359
534
533
377
293
430
687
787
271
-864
-2098
-2670
-2409
-1869
-1595
-2053
-3026
-4218
-5071
-5065
-4394
-3629
-3372
-3841
-4553
-4927
-4692
-3942
-3049
-2334
-1928
-1785
-1701
-1261
-384
564
1331
1927
2527
3120
3676
4157
4596
4996
5340
5669
6085
6491
6663
6474
6044
5735
5689
5754
5659
5240
4617
3975
3265
2743
2434
2152
1781
1183
404
-205
-607
-838
-973
-1162
-1387
-1641
-1974
-2172
-2265
-2353
-2443
-2461
-2353
-2150
-2018
-2018
-2021
-2017
-1816
-1481
-1071
-768
-606
-542
-507
-293
-39
291
498
523
491
427
431
436
504
613
640
515
305
120
-19
-63
20
18
-98
-304
-564
-653
-630
-604
-663
-797
-897
-890
-828
-776
-772
-886
-977
-940
-642
-358
-326
-535
-779
-778
-532
-176
21
-44
-237
-285
-122
34
81
-24
-16
251
495
559
447
415
393
68
-769
-1709
-2018
-1804
-1429
-1360
-1712
-2301
-3086
-3795
-4066
-3822
-3308
-2934
-2894
-3132
-3287
-3339
-3209
-2878
-2414
-1781
-1278
-886
-535
-91
416
875
1189
1676
2382
3050
3618
3961
4171
4237
4321
4513
4891
5270
5432
5298
4956
4565
4171
4018
3930
3802
3575
3145
2589
2019
1598
1351
1112
772
495
251
-41
-322
-550
-735
-981
-1243
-1371
-1424
-1453
-1485
-1512
-1641
-1709
-1581
-1499
-1321
-1233
-1187
-1183
-1135
-929
-683
-427
-359
-379
-423
-420
-347
-180
33
54
-14
-133
-197
-163
-112
-5
7
-78
-288
-424
-477
-476
-488
-443
-406
-483
-515
-580
-618
-633
-712
-685
-487
-321
-242
-230
-334
-494
-558
-527
-339
-111
-96
-120
-256
-301
-306
-307
-56
8
-8
-117
-145
3
23
-26
-162
-193
-30
145
206
145
69
109
85
-79
-572
-1282
-1739
-1855
-1458
-1137
-1074
-1398
-1919
-2412
-2742
-2630
-2296
-1897
-1696
-1836
-2002
-2059
-1914
-1632
-1390
-1228
-1034
-741
-279
328
764
1062
1135
1163
1406
1860
2531
3048
3317
3225
3106
3058
3155
3474
3707
3699
3444
3132
2945
2882
2855
2703
2432
2064
1723
1508
1413
1336
1180
952
578
302
140
25
-46
-137
-274
-495
-663
-823
-833
-754
-831
-946
-1065
-1123
-1008
-860
-825
-751
-853
-944
-954
-827
-637
-584
-608
-674
-692
-628
-507
-446
-434
-503
-470
-424
-355
-386
-428
-462
-477
-383
-343
-239
-164
-175
-298
-396
-537
-486
-362
-323
-322
-280
-181
-121
-119
-287
-370
-287
-117
-71
-106
-156
-107
-11
-8
-56
-248
-447
-381
-206
17
98
7
-94
-245
-370
-442
-390
-261
-88
-50
-103
-185
-152
-93
-116
-211
-418
-644
-779
-876
-891
-981
-1204
-1387
-1524
-1464
-1465
-1458
-1449
-1494
-1519
-1550
-1568
-1451
-1235
-1021
-944
-896
-814
-546
-275
-61
178
410
699
890
1158
1417
1627
1833
1884
1973
2193
2383
2555
2698
2699
2599
2504
2405
2437
2493
2551
2415
2157
1905
1751
1720
1643
1561
1308
1017
745
576
547
458
339
151
-84
-178
-190
-335
-469
-585
-626
-654
-706
-737
-875
-938
-957
-927
-835
-821
-809
-876
-887
-849
-807
-779
-845
-792
-720
-484
-347
-387
-440
-545
-550
-428
-329
-292
-349
-236
-147
-112
-155
-199
-139
-119
-120
-110
-238
-360
-312
-160
-87
-105
-136
-59
68
-74
-323
-594
-608
-384
-97
159
205
213
-36
-289
-460
-460
-438
-314
-166
-63
51
-70
-252
-476
-554
-456
-155
86
139
1
-278
-261
-102
-48
-263
-612
-790
-856
-735
-696
-786
-972
-1156
-1275
-1339
-1315
-1202
-1152
-1114
-1095
-1134
-1127
-1154
-949
-807
-640
-519
-448
-333
-121
236
467
565
642
797
965
1242
1452
1689
1851
1860
2002
2040
2087
2269
2248
2314
2211
2186
2110
2094
2116
1987
1869
1663
1547
1360
1242
1093
908
829
700
577
375
302
122
-14
-133
-394
-469
-401
-362
-483
-660
-886
-870
-680
-637
-618
-772
-978
-1024
-884
-889
-790
-544
-380
-391
-652
-805
-863
-558
-374
-278
-229
-130
-21
-104
-244
-555
-673
-518
-93
334
433
342
50
-210
-465
-409
-244
-38
156
-79
-291
-382
-152
-16
-89
-247
-395
-163
-253
-299
-643
-689
-561
-226
82
115
-207
-829
-803
-695
-408
-628
-613
-369
28
153
-147
-527
-673
-291
-34
117
55
58
-23
-98
-18
-152
-308
-409
-442
-420
-486
-552
-780
-785
-760
-743
-697
-679
-714
-722
-736
-767
-704
-612
-595
-536
-465
-380
-181
-63
54
199
350
482
560
649
764
946
1149
1262
1378
1420
1582
1711
1791
1763
1723
1640
1694
1738
1677
1646
1470
1438
1293
1264
1207
1166
1025
750
577
337
256
174
138
130
-2
-130
-249
-290
-286
-295
-382
-633
-750
-725
-614
-454
-254
-97
-113
-244
-462
-719
-613
-433
-224
-236
-318
-254
-153
49
-78
-78
-125
-154
-168
-189
-245
-356
-332
-224
20
35
97
18
-199
-389
-478
-403
-87
48
5
-140
-271
-177
-190
-248
-373
-325
-329
-373
-409
-583
-641
-327
-62
-32
-301
-502
-724
-775
-553
-364
-148
-320
-211
-299
-193
-172
-255
-345
-595
-474
-171
129
84
-118
-300
-288
-153
-57
21
-68
-167
-310
-452
-486
-495
-544
-628
-638
-574
-418
-413
-471
-576
-657
-659
-641
-569
-478
-289
-158
-105
-51
-88
-104
23
203
389
507
644
725
904
950
952
944
1070
1275
1342
1343
1217
1258
1376
1411
1284
1125
1101
1301
1390
1233
965
695
640
733
704
672
511
337
286
160
136
22
-4
3
8
-48
-247
-268
-228
-99
-198
-375
-421
-265
-17
-43
-92
-208
-197
-105
-96
-177
-168
-135
-117
16
-43
-86
-186
-189
-188
-250
-154
-219
-117
-38
-128
-204
-345
-303
-173
-53
-181
-322
-582
-511
-299
-93
-167
-352
-601
-634
-457
-422
-307
-275
-204
-291
-306
-383
-304
-370
-423
-331
-314
-187
-314
-427
-508
-389
-141
-89
-237
-376
-353
-190
-205
-414
-546
-463
-249
-123
-11
-90
-175
-174
-105
-57
-74
-68
-126
-13
-18
-56
-171
-265
-116
-209
-166
-179
-242
-258
-392
-457
-369
-173
-31
-10
-63
-184
-186
-185
-207
-99
-93
22
158
304
331
269
288
309
321
348
475
502
645
809
794
693
539
559
739
803
935
936
826
682
661
600
450
443
548
711
706
669
584
439
365
264
198
187
247
234
279
437
405
318
24
-116
-216
-144
147
285
441
350
356
170
78
-124
-212
-53
69
258
134
60
-133
-106
-48
-184
-392
-439
-184
115
145
-289
-624
-634
-340
-51
29
-82
-280
-513
-405
-224
-248
-502
-696
-538
-115
47
-191
-595
-844
-731
-566
-397
-175
-180
-288
-476
-687
-526
-393
-228
-390
-633
-700
-427
52
152
-99
-307
-300
-363
-393
-263
-385
-278
-128
147
202
31
70
-118
-70
-29
3
50
11
-29
-24
-67
-33
-26
-116
-187
-185
-144
-149
-149
-207
-237
-192
-222
-205
-177
-212
-48
4
-79
-209
-281
-55
62
122
53
-131
-138
41
429
622
609
455
235
264
356
506
528
592
709
720
779
920
895
590
364
353
667
888
855
695
391
249
162
291
560
578
621
617
391
197
-49
-287
-169
20
321
500
507
357
161
-88
-259
-173
81
152
157
136
250
363
274
-29
-235
-191
-13
90
-45
-168
-202
-164
-203
-205
-109
99
137
-32
-485
-890
-849
-602
-220
-166
-156
62
-28
-132
-477
-681
-570
-574
-533
-553
-436
-24
134
63
-370
-685
-698
-643
-340
-187
-190
-71
-260
-340
-320
-258
-165
-312
-382
-251
-143
-72
-182
-141
-52
50
32
-251
-303
-199
133
273
129
-176
-196
77
203
157
-174
-350
-347
-76
188
20
-173
-346
-281
-114
51
45
14
-170
-244
-43
-76
46
-134
-73
-39
-79
-77
-45
187
182
162
-98
-60
-27
95
209
274
330
288
395
426
472
217
-109
-245
-134
399
724
981
754
483
313
256
285
189
262
281
399
465
481
500
338
305
260
500
285
34
5
201
532
576
483
131
130
264
432
436
160
145
149
197
92
249
299
261
-21
-177
-138
-66
111
-22
158
45
21
-56
-165
-256
-523
-332
-228
-204
-255
-284
105
-62
-273
-648
-700
-462
-372
-128
-349
-221
-157
-10
-122
-285
-334
-253
-221
-598
-569
-563
-160
4
7
-254
-401
-165
-90
45
-196
-159
-66
-31
-268
-694
-440
-126
142
12
-74
-170
-155
41
-111
-173
-617
-510
-461
20
109
-67
-98
-20
218
39
-34
-283
-316
-42
54
369
46
-281
-331
-10
279
306
280
-132
-78
-146
62
-10
-114
-37
47
243
30
29
78
196
54
-48
-153
-97
252
291
488
121
175
8
-94
202
237
455
407
500
352
130
175
238
273
239
224
140
154
264
302
319
198
204
330
185
122
17
117
281
203
130
203
406
425
238
72
117
388
358
151
-60
-58
257
318
393
211
112
-69
120
223
187
-85
-568
-543
-135
310
143
-45
-281
-357
-267
-436
-360
-310
-214
-223
-167
-48
-142
-189
-352
-360
-124
66
-42
-229
-540
-365
-37
277
131
-170
-313
-289
-100
-179
57
23
42
-145
-212
-53
33
1
-204
-243
-45
83
25
-79
-387
-174
-56
125
-101
-312
-274
-113
124
-49
-132
-317
-378
-374
-123
94
159
110
-187
-192
-203
2
-8
-76
-7
114
362
154
17
-173
-180
-277
-214
191
469
412
198
55
-63
-145
-365
-127
187
421
296
35
61
15
105
-150
-57
92
355
102
-260
-103
13
241
34
-34
-210
-69
352
381
163
-70
-288
-62
192
237
51
-160
75
277
472
142
-136
-257
37
290
245
218
130
319
429
259
63
-166
-19
214
338
329
89
59
-31
117
100
177
75
54
16
73
38
-104
-58
37
185
7
18
41
92
-93
-159
-97
-5
-255
-279
-133
114
67
-95
-210
-284
-80
119
150
10
-149
-88
-16
-79
-147
-195
234
141
24
-264
-357
-217
58
263
138
-66
-218
-109
-198
-142
-377
-308
-39
84
231
-208
-264
-361
-175
-67
-231
-231
-338
-266
-151
-2
51
25
76
-8
-101
-124
-137
-32
59
15
65
143
334
307
62
-61
-98
27
-186
-208
-159
183
376
327
97
-237
-263
-28
179
247
83
-93
-149
-25
132
46
42
-184
-93
129
143
77
-147
-215
-90
17
-13
-132
-107
111
255
347
279
113
88
36
207
187
154
5
35
262
423
396
211
-165
-214
-156
123
176
225
31
-189
-79
-100
-66
-254
-259
-313
-140
-28
218
326
240
37
-34
-101
-148
-7
-31
84
131
281
344
242
164
99
36
-86
-22
4
-22
33
-101
76
84
132
52
-142
7
-152
-143
-175
54
249
-5
-248
-321
32
146
79
-108
-398
-386
26
402
335
-63
-464
-391
-12
145
-51
-251
-185
190
284
199
116
28
-124
-241
-226
-194
-44
-115
-97
-16
26
52
-43
74
37
-69
-190
-159
-4
182
-48
-209
20
385
439
16
-240
-124
62
219
-45
-212
-143
18
173
150
38
-155
-413
-414
-195
213
300
86
-289
-360
54
259
226
-79
-291
-310
-45
192
319
175
53
-4
9
-42
-242
-331
-275
70
349
246
65
-62
-228
-340
-64
18
116
-45
-145
9
92
319
252
34
-252
-244
98
263
368
170
113
-34
-87
79
-101
-96
-196
113
297
364
84
-227
-314
-175
-25
53
152
21
142
-55
82
-1
119
140
47
-54
-123
60
42
100
70
222
228
298
105
-128
-361
-272
-24
151
154
71
239
212
236
49
-203
-177
-147
132
118
18
25
-6
234
0
29
-182
-259
-261
-297
-49
-41
72
-61
109
134
64
-32
74
124
-3
-56
-24
227
249
315
142
151
136
-28
-96
-208
-265
-198
7
238
238
-69
-324
-538
-295
-69
-69
-29
69
187
132
-1
-140
-163
-216
-20
-7
-49
-65
201
547
140
-212
-577
-185
131
-45
-101
-191
40
-6
-70
61
-193
-281
-478
-101
125
-31
-53
-101
171
15
-73
-209
-149
53
261
-11
-254
-383
-257
-98
-90
94
50
172
109
176
112
-112
-291
-45
166
333
185
101
169
223
409
278
227
-25
-103
-120
-179
-98
-115
108
226
379
270
36
-61
-115
-181
-395
-245
57
392
454
291
87
-97
79
28
-116
-140
110
196
15
11
-192
6
127
195
193
34
-202
-171
47
148
-82
-105
114
151
269
66
-112
-355
-361
109
113
154
16
84
137
-36
46
-218
-86
-119
7
-83
113
148
-32
-129
-235
-183
-131
-29
189
85
39
-88
-405
-177
73
428
-13
-295
-230
68
268
29
-104
-227
-16
526
624
189
-387
-571
-219
257
519
459
17
-397
-429
147
361
129
-219
-298
109
71
-95
-546
-378
13
265
328
-71
-96
-288
-172
-212
-211
9
224
367
167
-71
-134
85
282
54
-142
-231
-86
-19
-111
-61
62
204
265
275
-109
-189
-309
70
140
154
33
130
294
78
137
-180
-194
-129
206
337
302
-256
-648
-533
22
275
144
226
-15
65
-99
-188
-333
-466
-134
56
425
579
382
-168
-603
-286
59
172
-318
-284
9
459
714
353
-28
-528
-443
-89
109
221
115
217
312
134
-164
-450
-341
-17
407
330
-109
-639
-647
-67
562
634
93
-448
-443
-112
60
-26
-133
-36
116
285
35
10
64
137
52
-149
-232
-174
29
177
242
122
40
12
39
23
24
-87
-80
-248
-44
114
186
203
-52
-11
-184
-73
-85
-57
-149
-175
-47
54
108
59
137
58
-29
-95
-72
127
320
233
-44
-184
32
200
319
122
-91
-126
-28
190
100
-30
-15
73
10
-48
5
66
99
55
-44
-57
-53
-90
-126
-98
-19
145
178
139
99
18
-182
-373
-227
-57
237
120
-65
-252
-204
7
93
67
-105
-116
-192
-73
-109
-27
-78
-66
26
176
219
130
58
-185
-204
-112
141
176
45
-150
-182
-5
115
131
64
62
-36
-34
-22
15
161
96
3
-63
-52
16
27
140
36
150
207
102
17
-240
-206
-115
-28
112
130
237
180
33
-42
-46
-45
-85
-132
-71
141
232
273
-32
-44
5
-4
-64
-153
-64
26
1
-173
-159
-91
146
27
-64
-41
67
82
-106
-277
-273
-107
46
150
51
-122
-222
-275
-81
302
308
40
-331
-273
-110
69
56
79
218
375
274
34
-81
-145
-114
-161
-9
83
148
161
232
272
17
-162
-206
-162
-79
-162
-113
66
180
272
111
-65
-155
-205
-192
-69
126
212
219
114
-36
-28
6
-87
-66
30
183
329
124
-65
-275
-208
-72
-24
58
-33
2
30
90
-78
-188
-315
-80
99
126
-57
-235
-102
32
280
203
21
-212
-101
134
275
80
-204
-307
-77
228
309
230
18
-25
-4
-31
-155
-155
40
123
82
-51
47
80
66
13
-76
-61
-127
-118
-28
67
80
44
-144
-135
-49
116
74
-113
-228
-155
29
150
171
285
261
125
61
-83
-162
-207
20
208
241
186
33
-9
7
-75
-102
-95
87
120
49
111
24
-66
-166
-149
27
1
11
85
86
167
74
-107
-338
-386
-157
73
141
-69
-70
19
153
120
-83
-152
-184
-131
-7
-9
24
45
54
10
-117
-48
-8
102
16
-100
-127
-58
-46
-75
-84
13
27
-79
-145
-140
-31
36
64
39
37
44
103
30
-79
-115
63
231
290
123
-112
-251
-154
66
112
-11
-131
-90
28
191
200
84
-119
-224
-102
74
105
32
-78
-64
20
122
93
-31
-149
-167
-96
-20
61
54
16
4
43
76
88
78
66
129
165
84
-74
-150
-41
105
151
38
-66
2
123
170
24
-129
-168
-76
-10
34
66
-22
7
34
55
-31
-131
-142
-123
-24
73
126
103
19
-6
19
9
-39
-15
38
186
195
13
-143
-177
-62
47
57
54
35
-5
-16
-8
-20
-90
-95
-24
123
215
139
8
-66
9
55
-3
-46
-124
-79
49
134
123
43
-25
3
8
-10
-95
-19
87
41
-21
-165
-101
21
51
-5
-100
-118
-81
-56
3
59
90
93
22
-41
-123
-74
58
194
151
-17
-137
-204
-161
-139
-82
-21
36
130
72
34
18
-46
-84
-96
-64
-27
53
126
185
193
70
-54
-137
-75
27
20
-1
24
40
120
134
143
130
15
-98
-113
-21
34
-28
-36
49
117
82
-27
-106
-132
-57
-32
-84
-118
-119
-57
-6
25
-26
-53
-50
-31
41
20
-29
-67
-87
-93
-101
-58
43
97
116
9
-104
-103
-70
-13
62
50
2
-33
-13
-2
9
-42
-72
-21
47
69
47
-17
-57
-26
-17
20
20
41
104
149
143
22
-49
-49
16
67
75
70
103
99
59
-13
-60
-72
-1
90
108
75
-16
-54
-32
-13
7
4
-1
-24
-55
-51
-27
29
4
-2
-12
-11
71
79
54
-11
-47
-29
-11
36
29
-10
-45
-45
-28
-46
-33
-9
-3
-20
-52
-23
-8
38
56
61
73
62
36
9
-57
-114
-143
-136
-36
33
68
58
1
-22
-60
-96
-120
-101
-5
126
202
185
144
97
43
-12
-64
-59
1
76
140
144
112
8
-99
-150
-138
-60
7
6
-13
-66
-61
-38
-57
-46
-22
10
10
-7
-16
-11
-15
48
97
89
29
-55
-102
-94
-64
1
43
68
90
59
18
-23
-59
-103
-96
-64
-16
32
37
30
32
52
70
92
77
36
-46
-130
-142
-93
-21
21
58
76
78
77
23
-63
-116
-119
-72
-59
-32
1
51
99
97
40
-61
-115
-117
-62
-21
17
50
54
59
53
42
13
-8
-13
-11
-24
-40
-51
-66
-42
-10
14
24
30
40
43
13
-42
-64
-33
21
66
64
35
29
10
14
32
43
41
27
28
29
-1
-33
-35
-12
8
12
25
-3
-10
-24
-32
7
33
46
19
-28
-53
-53
-36
-24
11
43
83
63
15
-35
-103
-132
-92
-4
80
107
89
77
41
-35
-114
-139
-122
-38
40
63
39
7
-7
-16
-56
-103
-99
-55
22
71
65
50
23
11
3
-29
-26
-6
54
117
133
102
61
42
51
60
75
47
-15
-53
-35
15
51
64
42
30
25
37
58
33
-19
-74
-79
-65
-48
-6
6
32
57
87
76
35
-5
-30
-33
-38
-29
14
28
30
52
63
22
-62
-133
-181
-176
-127
-72
-28
20
53
74
67
37
-16
-61
-81
-58
6
72
101
82
66
45
14
-31
-73
-90
-83
-66
-43
-2
47
45
2
-49
-66
-56
-47
-20
-17
-17
-44
-58
-35
-11
3
7
-12
-57
-73
-50
-24
26
42
36
33
2
-43
-62
-23
31
61
56
44
19
18
25
16
-1
-27
-35
14
65
66
54
26
2
-4
-11
-22
-47
-53
-57
-37
27
46
9
-30
-56
-30
-5
-7
-18
-30
-12
2
19
37
35
31
37
33
32
28
21
55
65
41
30
38
33
9
-45
-75
-54
-20
-17
-7
37
59
73
59
65
22
-39
-62
-94
-56
-33
1
26
38
47
9
-20
-37
-66
-87
-93
-70
-33
-9
27
60
60
8
-30
-81
-96
-106
-102
-77
-47
19
69
77
60
38
-21
-67
-79
-57
-12
16
35
49
63
72
83
54
21
8
4
13
58
92
88
98
96
84
49
23
13
-8
-26
-36
-18
12
20
16
30
31
26
7
-25
-32
-43
-44
-33
27
77
89
102
83
70
37
-1
6
28
19
-11
-30
-12
-7
-14
-32
-49
-68
-79
-66
-47
-43
-62
-43
-42
-58
-56
-67
-56
-16
-2
-23
-32
-43
-23
1
27
34
15
35
48
43
11
-18
-18
-18
-8
-6
-12
9
20
29
9
-8
-4
3
-1
-36
-21
3
11
24
33
44
37
-3
-30
-20
-6
-11
-7
31
53
57
73
69
45
17
-17
-31
-46
-40
-29
-15
20
21
22
12
11
32
6
-34
-64
-56
-39
-24
-13
3
18
34
0
-40
-55
-61
-34
-22
2
13
26
44
43
32
-11
-30
-30
-34
-27
-25
-1
6
20
30
32
35
24
33
34
25
11
15
12
-15
-35
-11
7
-8
-21
-25
-21
-12
-1
22
25
36
50
54
65
47
38
15
-1
-28
-22
-7
-29
-40
-45
-42
-19
-9
4
-7
-35
-25
3
7
-26
-44
-45
-40
-28
-32
-34
-29
-44
-29
-17
-3
10
14
31
54
48
50
49
52
35
25
27
23
27
9
8
11
7
-10
-28
-36
-26
-30
-37
-58
-62
-46
-45
-56
-70
-52
-29
-3
-6
-11
19
35
18
-6
-8
-10
-6
15
28
36
38
33
27
32
32
32
19
4
16
21
15
-17
-35
-21
-16
-21
-44
-57
-57
-57
-56
-40
-16
-17
-16
13
22
27
1
9
34
52
70
66
70
63
47
38
28
17
12
-5
16
30
30
33
11
-1
-30
-34
-26
-36
-44
-47
-26
-9
-6
-15
-13
-2
-7
10
20
10
20
17
27
38
34
54
56
55
38
13
19
22
-5
-6
0
-11
-13
-24
-15
-1
-5
-14
-14
-22
-33
-31
4
3
0
12
32
47
32
39
33
36
23
5
16
16
9
12
14
7
-8
-32
-33
-30
-25
-31
-25
-24
-18
-19
-38
-30
-42
-40
-34
-24
-25
-26
-3
8
21
20
15
0
-7
-7
-5
-2
-7
4
10
-1
8
0
-2
-10
-23
-22
-15
-1
2
7
7
11
0
-24
-31
-60
-86
-75
-55
-44
-48
-43
-16
-8
-6
2
2
8
22
24
43
57
49
51
39
19
6
2
-17
-32
-17
-26
-8
9
8
20
18
29
29
33
24
9
15
9
11
14
15
18
23
21
25
46
46
34
27
17
25
33
30
35
31
39
37
40
40
19
3
2
4
20
11
-1
-4
-20
-26
-25
-16
-31
-42
-29
-10
-9
-13
-2
-14
-11
-1
-7
-11
-31
-28
-28
-33
-42
-50
-38
-40
-29
-32
-37
-20
-19
-10
-10
-10
5
9
14
3
-6
1
8
5
-3
12
17
16
10
5
11
7
-2
-8
-18
13
17
17
35
49
49
32
43
47
34
26
38
46
28
11
26
25
17
-7
-8
-7
-16
-18
-27
-27
-20
-11
-30
-42
-29
-9
-30
-34
-35
-30
-15
-18
-9
-12
-17
-7
-5
-9
-13
-19
-34
-34
-41
-33
-39
-41
-10
-7
-20
-14
-14
-15
-16
-33
-19
11
15
-7
-25
-28
-12
-31
-43
-16
6
15
3
-13
-43
-36
-25
-11
-3
9
23
-1
-7
10
13
-5
0
6
13
16
10
23
37
37
36
44
43
40
36
27
34
25
15
-17
-11
1
-5
9
6
-8
-13
-1
17
37
72
85
85
74
83
60
31
34
27
7
3
17
34
17
-5
24
30
32
23
28
32
14
10
-19
-9
-8
-24
-34
-57
-56
-60
-61
-28
-13
-6
5
13
17
-4
-2
-22
-17
-14
-7
-15
-18
-3
-2
-7
-21
-13
-12
-14
-16
-7
-22
-30
-23
-34
-13
14
-2
5
12
7
12
-29
-34
-22
-22
-2
-3
6
4
15
39
20
27
9
-14
-15
-23
4
-26
-23
-12
3
12
-2
16
12
-7
-18
-2
-8
-10
-25
-28
-16
-34
-40
-25
-24
-25
-16
-9
-1
-4
-20
-29
-5
-14
-25
-10
-14
-18
5
27
32
54
57
42
54
51
32
14
21
37
53
42
13
18
5
0
-1
2
5
-12
-9
-12
-8
7
8
-1
-7
14
2
4
-6
-16
-29
-51
-41
-41
-14
-17
-7
4
18
21
0
7
19
22
39
28
47
47
22
9
-6
-1
-10
-4
-15
-30
-23
-52
-56
-50
-35
-10
-20
-7
-15
-21
-28
-44
-23
-33
-18
-15
-12
-3
-21
-18
-4
-2
18
25
35
23
31
25
-4
-10
-4
2
6
24
26
36
32
24
7
11
25
14
18
39
50
33
18
13
23
17
-1
11
10
-3
-3
-1
-4
-12
-11
-1
5
13
32
26
6
20
9
33
31
16
22
-5
-22
-13
-6
-16
-3
-20
-27
-30
-40
-35
-29
-30
-15
-11
-11
-3
-26
-7
-8
-6
-8
-26
-8
-10
-11
-17
-16
-2
-7
-1
-4
9
19
11
22
0
-3
-16
-4
15
20
33
30
18
16
2
-9
-7
-3
5
12
23
19
29
32
33
32
37
47
30
7
12
7
8
-1
-3
8
-5
1
-11
-13
-18
-26
-31
-30
-42
-33
-23
-23
-25
-34
-37
-32
-24
-19
-15
-4
6
8
5
1
4
10
10
7
14
-2
-6
-11
-34
-24
-18
-21
-33
-46
-44
-27
-15
-11
-4
8
3
8
2
4
0
-3
13
4
0
-11
-9
2
4
7
10
9
9
7
7
-1
-9
-2
-3
7
19
26
22
15
18
12
30
30
25
24
23
17
17
21
9
3
-10
-20
-10
0
2
15
24
24
22
22
13
-2
-5
-8
3
0
-9
-12
-9
-7
-4
-7
-9
6
0
-12
-13
-21
-17
-15
-5
-8
-12
-12
-8
-12
-5
11
23
19
16
23
11
1
3
3
2
-2
-9
-13
-20
-27
-32
-28
-41
-43
-32
-22
-5
5
16
15
13
11
4
3
-1
-4
0
3
13
15
15
25
24
21
17
27
29
31
22
13
24
32
30
28
24
17
19
15
9
5
-6
-5
-10
-7
-3
-2
-2
-3
-2
-10
-9
-4
-3
-6
-13
-14
-6
-11
-17
-11
-6
-1
1
-9
-18
-30
-40
-36
-36
-35
-33
-41
-40
-17
-9
6
14
7
7
5
10
0
-16
-17
-24
-17
-18
-22
-11
-18
-16
-13
0
1
3
11
6
15
19
12
6
-2
-12
-19
-13
-8
-12
-8
7
20
10
16
7
5
18
19
16
16
10
11
10
-3
-13
-16
-12
-10
-7
-9
-4
-3
6
11
19
13
4
0
-14
-19
-8
15
18
20
22
18
15
2
2
2
2
2
0
7
14
20
23
18
15
29
34
28
27
16
5
14
11
1
-2
-7
-7
-11
-11
-8
-3
-1
4
13
15
16
19
24
15
10
4
2
5
6
-4
4
9
3
-8
-7
11
5
7
6
14
22
13
9
4
5
2
-4
-2
-9
-11
-21
-27
-30
-34
-31
-43
-32
-30
-31
-16
-17
-8
-5
-14
-14
-17
-13
-16
-23
-22
-24
-16
-28
-25
-18
-18
-12
-6
6
11
17
13
11
10
16
18
8
0
-3
2
-1
1
-2
-2
2
4
1
11
2
-8
-2
0
14
15
16
20
19
12
16
22
24
23
20
26
25
17
12
5
4
4
6
2
-2
10
6
10
15
14
19
11
6
-5
-15
-26
-36
-38
-46
-39
-32
-26
-16
-13
-6
-4
-3
0
3
-3
-10
-5
-3
-14
-21
-26
-26
-29
-31
-29
-25
-10
-6
-9
0
0
2
7
2
12
11
6
1
-1
4
5
10
6
6
16
13
16
14
15
7
15
14
21
26
29
32
27
36
32
33
46
43
32
24
27
31
22
15
18
23
15
15
16
6
5
4
1
8
-5
-10
-13
-17
-10
-15
-13
-12
-13
-18
-22
-27
-36
-37
-33
-35
-34
-43
-33
-33
-37
-27
-30
-37
-32
-28
-15
-4
-2
-6
-18
-16
-11
-9
-2
-5
-8
-6
-5
-12
-7
-7
-2
8
5
7
0
-6
-18
-15
-4
-2
-5
-7
1
4
1
3
2
-9
-15
-3
9
11
9
7
11
6
20
13
10
16
11
11
9
15
13
12
22
27
31
30
28
25
26
21
17
11
16
16
18
15
5
16
10
7
12
7
5
5
16
19
16
15
8
10
7
-3
-17
-23
-18
-30
-23
-27
-25
-22
-30
-16
-10
5
-2
-6
5
4
17
18
17
17
3
-1
-7
-7
-24
-22
-6
-7
2
-5
3
-1
3
24
15
14
3
-2
10
-1
10
9
5
-1
-4
-8
-21
-18
-17
-16
-8
-4
-13
-3
-8
-8
-2
4
-9
-24
-23
-20
-12
-7
-5
-3
12
11
8
13
12
15
14
16
19
11
7
2
-1
-6
-5
1
6
6
8
3
-1
-7
-11
-4
-10
-11
-13
-10
-10
-10
-5
-5
-15
-17
-13
-1
-1
2
3
2
4
-3
2
0
-4
-10
-17
-15
-12
-10
-5
7
13
19
28
25
34
28
21
23
14
8
-1
-3
4
1
-1
-4
-8
-6
-10
0
6
0
1
3
2
5
5
7
7
0
2
12
6
-4
-4
-5
-4
5
9
12
18
16
18
7
10
5
-3
-3
-16
-26
-43
-52
-46
-47
-42
-38
-33
-24
-15
-7
3
13
14
14
8
20
22
14
11
4
0
-5
0
2
-7
-10
-8
-9
-2
9
15
18
21
14
9
15
15
20
10
2
-2
-3
-7
-8
-6
-1
-1
-4
-5
-2
4
-2
-2
-2
-4
-10
-9
-2
-4
0
-1
-4
2
5
4
4
8
5
-3
1
-2
0
10
3
2
6
5
6
9
10
6
2
-4
-2
-7
-8
-8
-15
-6
-12
0
4
5
19
16
19
18
15
10
5
0
-11
-12
-15
-16
-12
-12
-2
-6
-7
0
1
5
5
-5
-11
-20
-14
-8
-9
-5
-6
-6
-1
0
3
1
1
2
-2
-2
3
5
12
18
21
22
11
16
4
-6
-4
-9
-10
-16
-6
-5
-13
-3
-8
-10
-7
-4
2
-4
6
5
8
10
5
13
5
0
-5
-5
-2
-1
-2
4
5
3
15
20
31
32
20
11
10
16
14
7
-4
-2
-6
1
6
3
0
-5
2
3
9
1
-5
-5
-8
0
-8
-3
6
10
14
14
18
19
10
5
3
2
0
-11
-11
-18
-12
-20
-20
-15
-19
-21
-14
-10
-9
-6
-8
-14
-11
-13
-14
-14
-11
-9
-5
3
0
8
8
-2
-6
-2
-3
-8
-18
-9
-4
-4
1
0
6
9
12
9
21
13
6
4
-8
-5
-14
-19
-19
-22
-29
-22
-18
-12
-14
-14
-11
-1
-5
0
-3
-6
1
3
-3
2
8
7
11
11
18
18
13
19
23
8
12
14
16
27
24
18
21
20
10
6
2
-4
-4
-13
-15
-6
-12
-12
1
7
16
7
7
4
3
7
-5
2
-3
2
1
-2
-7
-22
-31
-33
-32
-16
-10
-11
1
5
10
11
9
7
13
10
5
-3
-4
-8
-13
-6
-3
-7
-13
-16
-9
-7
0
3
18
23
22
32
31
37
32
26
34
25
22
21
4
3
3
5
0
-5
-8
-13
-16
-13
-13
-15
-15
-15
-10
-8
-3
-3
-2
-2
-10
-7
-12
-14
-4
-12
-10
-13
-13
-9
-2
17
14
15
24
10
13
8
-7
-6
-16
-16
-19
-22
-27
-32
-27
-26
-15
-13
1
-2
-9
-2
-5
0
-1
-8
-11
-16
-8
-8
-12
-13
-8
-1
-1
5
10
20
18
18
22
19
19
17
17
19
16
17
12
8
17
4
2
12
-1
11
7
11
23
19
24
24
21
17
19
24
14
17
10
-1
1
-2
10
7
5
13
9
20
18
16
9
11
7
-1
4
-6
-13
-24
-21
-18
-13
-15
-20
-16
-13
-11
-22
-21
-21
-28
-26
-26
-23
-17
-14
-20
-21
-10
-18
-16
-18
-11
8
8
4
2
-4
-7
-10
-16
-10
-10
-16
-20
-8
-2
-3
0
14
16
4
7
4
8
3
3
-4
-9
-3
-1
-8
-7
7
10
12
21
28
19
25
25
29
33
23
22
-2
-20
-16
-14
-12
-10
-7
4
-11
-8
-10
-12
-7
7
19
21
24
10
3
2
3
5
1
5
7
1
6
11
2
-4
-12
-17
-20
-25
-30
-30
-27
-33
-23
-23
-19
-12
0
4
1
3
4
4
-1
6
5
6
15
12
9
10
7
8
1
-11
0
3
4
6
8
1
4
-2
-7
-7
-9
-12
-6
0
10
21
20
19
18
15
9
10
11
18
12
16
22
20
22
14
9
11
11
7
11
7
8
-6
5
18
9
7
1
3
9
2
0
-13
-9
-1
3
16
13
11
-4
-3
-5
-4
5
-4
3
11
8
12
14
10
-1
-6
-8
-12
-3
-12
-5
3
3
2
-17
-18
-19
-23
-13
-14
-20
-29
-44
-34
-33
-31
-25
-30
-25
-37
-42
-35
-31
-25
-18
-16
-10
5
4
-1
-9
-1
3
7
14
2
-1
0
-3
-1
0
-1
-3
-8
0
4
-7
-13
-1
13
13
25
26
25
27
30
30
30
25
23
26
31
38
22
10
4
4
8
7
9
8
-1
-11
-6
-9
-12
-8
-8
-3
-10
-13
-13
-19
-14
-10
0
13
22
21
22
14
12
10
17
18
23
15
2
-6
-18
-21
-30
-19
-31
-19
-17
-24
-9
-16
-8
-7
-1
1
-4
-5
-14
-10
-11
-22
-14
-12
5
8
9
14
12
15
12
17
12
0
-10
-9
-9
-12
-6
-12
-11
3
5
15
5
9
17
19
20
19
24
17
20
4
9
0
-16
-8
-3
5
13
14
19
13
-2
8
14
12
9
9
14
17
18
17
10
22
21
25
25
16
3
-2
-5
-12
-5
-10
-5
-7
-15
-10
-10
-17
-19
-19
-14
-15
-10
-16
0
1
-5
