SAMPLES:	15979
BITSPERSAMPLE:	16
CHANNELS:	1
SAMPLERATE:	16000
NORMALIZED:	FALSE
-3
-4
-3
-3
-5
-6
-3
-4
-2
-2
1
1
1
1
1
-1
-1
1
-2
-2
-1
1
1
-3
-3
-2
0
-1
-3
1
1
-1
-2
-1
3
-1
-3
-3
-2
-2
-2
-5
-6
-3
-6
-2
-2
-4
-3
1
-2
-2
0
-4
-5
-4
-2
-4
-3
-1
-3
-4
-2
-2
-3
-5
0
0
2
0
0
1
-1
4
-1
-1
2
-2
0
-3
-1
-4
0
2
0
0
0
1
-2
2
3
1
2
-1
0
2
1
1
2
1
3
2
4
3
2
-1
0
-1
-2
1
0
0
-1
-1
-5
1
-2
1
0
-6
-2
-4
-3
-6
-3
-3
-3
-2
-6
-4
-2
-2
-1
-2
-1
-2
-2
-2
-1
2
0
-2
-1
-1
0
-3
-1
-1
-1
0
-3
1
1
3
5
5
2
1
1
4
5
1
2
-2
-1
1
1
1
3
5
4
2
4
3
1
0
1
2
0
0
0
2
3
3
5
6
5
4
7
6
8
8
4
8
8
8
5
8
7
3
5
3
1
-1
1
-1
-4
-1
0
0
0
-1
-2
-2
-1
0
-1
-6
-1
1
-1
-1
-2
-4
-4
-4
-2
0
-1
0
-2
0
4
1
1
0
2
3
5
3
2
0
-3
-2
2
0
-2
-1
-1
1
0
-2
-2
-1
-2
-4
-2
-3
-3
-2
-2
-2
-1
1
0
3
-2
0
-2
-3
-5
-2
-2
-1
2
2
-1
-1
2
1
2
3
0
1
3
0
2
-3
-1
2
1
-3
-2
-1
-2
-1
-1
0
-1
0
-2
-5
-5
-7
-6
-8
-7
-5
-7
-5
-4
-4
-2
-4
-5
-2
0
-2
-2
-2
1
2
0
-2
0
0
-4
-2
-1
-1
-2
2
3
3
2
1
1
3
1
0
-2
0
1
0
-1
-3
1
-3
-6
-2
-4
-5
-2
-3
-3
-4
-3
0
3
2
-1
-1
-2
-1
1
1
-1
2
1
1
2
0
0
1
2
0
1
6
3
2
4
3
6
4
4
6
4
2
0
2
4
4
4
2
4
2
2
4
1
1
4
5
4
2
1
2
2
5
7
5
2
2
1
3
5
2
2
2
0
5
4
4
4
1
0
5
3
1
3
2
3
1
2
1
-1
-2
-2
-6
-4
-1
-2
-3
-3
-3
-1
-1
-3
-2
-4
-2
-5
-1
0
2
0
3
4
0
1
-2
3
3
1
2
2
0
0
3
1
1
1
-3
-5
-3
-3
-2
-3
-4
-2
-1
-2
-5
-7
-4
-4
-3
-4
-5
-4
-4
-2
-4
-4
-3
0
-2
-4
-4
-5
-5
-3
-4
-2
-1
-3
0
-1
-3
-3
-5
-3
-1
-3
-1
1
-1
-3
-1
0
0
-1
-2
0
-1
2
3
1
5
3
3
3
1
4
6
5
4
2
3
4
2
1
1
1
1
4
4
2
4
4
3
0
1
2
2
1
-1
0
4
5
3
2
3
1
4
7
5
3
3
0
-2
1
1
3
-1
-1
0
1
-2
-1
1
-1
-3
-1
0
0
1
0
2
0
-3
-2
0
-2
-2
2
0
-2
0
0
-1
-3
-3
-3
-3
-5
-2
-2
-3
-1
-3
0
-3
-3
-2
-3
-2
-2
-5
-5
-4
-1
-1
0
-1
-4
-1
0
-1
0
0
-1
-4
-3
-2
-2
-3
-2
-1
2
3
2
1
0
1
2
2
2
1
1
4
-1
1
0
1
1
2
4
1
2
1
0
0
1
4
1
-1
-1
2
1
1
2
2
2
2
2
2
3
2
1
1
1
2
-2
0
-2
0
2
-1
3
3
0
-2
0
0
1
3
4
1
0
2
4
0
-3
0
2
0
1
-3
-1
0
-3
-1
-2
-2
-1
-2
1
-2
1
3
-1
-1
0
1
3
3
1
1
-1
0
-1
-1
0
0
-2
-3
0
-2
0
-1
0
0
0
1
2
0
-3
-1
-3
-3
-2
0
2
3
0
4
2
4
2
4
7
6
2
0
1
1
-1
-4
0
-3
-2
-3
-3
0
-3
-3
0
-2
-1
-1
2
4
0
0
-1
-2
-3
-1
-2
-2
-1
-6
-2
-2
-1
0
-1
-4
-3
-3
-1
-1
-1
0
0
-2
1
-1
-4
-3
-3
-4
-3
0
-1
0
-2
1
3
4
5
1
1
1
1
-1
0
0
0
2
-2
3
2
0
-1
1
0
-1
3
4
6
5
2
2
0
0
4
0
2
3
-3
1
-1
-3
-3
-4
-3
-4
-2
1
2
1
4
1
0
4
-1
0
2
0
-4
-4
-2
0
2
-5
-7
-2
-2
-1
0
-3
2
0
0
-1
-2
3
1
0
-1
1
-3
0
1
-1
-2
-2
0
0
2
3
4
2
1
2
1
1
4
-1
1
0
0
0
-1
-2
-2
-1
-2
1
0
-1
1
2
3
3
2
3
-1
-1
-3
-2
0
-1
0
2
-1
1
4
0
0
1
3
3
2
3
3
4
3
1
1
0
0
0
-1
0
0
1
1
2
0
-2
-1
-1
-2
-4
-3
-3
-4
-3
0
-1
-2
-4
-1
1
-3
1
3
3
-1
-3
0
0
0
-3
-1
1
0
3
2
3
0
-2
1
-3
-3
-2
-4
1
1
0
-1
-1
0
2
1
-1
2
2
-1
0
2
2
2
4
2
2
2
0
4
0
-1
-2
1
5
4
0
-1
1
2
2
-1
-1
0
0
-1
0
-5
-3
-5
-3
0
0
-3
-1
-2
-1
-1
-3
0
-1
-2
0
4
3
1
0
0
3
2
2
1
1
0
-1
1
-2
0
-1
2
1
1
2
3
2
1
-1
-1
3
-1
2
0
1
4
2
2
-1
-4
1
-1
-1
-2
-3
-1
-3
-3
0
1
1
2
3
1
-2
1
0
-2
-2
-5
-2
-4
-2
0
-3
-1
-2
0
2
3
3
3
5
2
1
3
2
3
0
1
3
3
2
2
3
1
1
2
2
1
0
-1
-1
-1
0
-2
2
0
-2
-2
-5
0
-1
-2
-2
-3
-4
-2
0
0
2
-1
2
4
2
2
2
3
5
3
3
4
4
2
1
2
2
1
3
0
-3
-1
-2
-2
-1
-1
0
0
-2
-2
-6
-5
-3
-1
-1
-4
-2
-5
-5
-4
-4
-3
-1
-2
-1
-2
-3
-4
-3
-5
-4
-2
-6
-1
0
-4
-3
-3
-3
-4
-2
-1
-3
-2
-1
-2
-1
-3
-2
3
-1
-3
-1
-1
0
1
1
1
0
2
3
5
5
5
7
4
2
4
1
3
3
2
4
2
0
1
-1
-1
0
-2
-4
-2
-2
-3
-2
-3
-5
-4
-5
-4
-6
-4
-2
-2
0
-1
1
3
3
1
4
1
3
3
4
4
3
4
3
4
1
4
4
3
2
3
4
3
5
4
2
3
2
0
1
1
1
0
1
1
2
-1
1
1
1
3
2
2
2
4
2
2
-1
0
2
4
7
2
1
0
0
1
1
1
3
3
2
2
2
4
2
4
3
3
4
-1
4
-4
-1
-1
3
2
-2
2
2
1
2
-1
1
-4
-5
2
-4
-3
-8
-12
-5
-10
-8
-7
-7
-3
-4
-7
-9
-10
-7
-2
1
-3
-9
-7
3
5
-3
-5
-9
-2
8
1
4
-3
2
5
2
1
0
-6
2
-12
10
2
-5
8
-1
5
-7
9
-1
3
9
1
9
-10
2
2
-9
3
4
-6
-14
-1
-6
-5
3
-4
-4
6
-8
1
-2
0
3
2
0
11
5
-14
-15
-2
5
9
10
10
-4
-2
18
-9
0
-14
5
-5
-1
12
-3
9
-12
7
-2
19
-17
1
-21
13
21
-13
1
-15
3
-13
6
0
5
-26
7
3
7
8
-25
16
-4
12
-4
-5
7
7
9
-7
-3
26
15
-22
-22
-25
26
-25
20
-24
44
12
-10
15
-32
25
-39
1
20
-9
17
-10
-29
17
-2
3
10
-4
-13
-5
-20
10
16
-7
10
11
10
1
-1
-16
5
7
19
3
-4
24
-3
-14
38
-18
-11
19
-5
22
7
-10
-7
-38
13
14
-14
-9
53
1
-30
4
-41
2
40
25
14
-20
-43
-21
0
40
2
-11
17
6
-1
10
-7
-4
7
-9
19
13
25
0
11
-11
-22
24
-22
18
18
-54
-8
0
3
-38
-34
22
-20
25
-38
0
10
-9
13
-65
33
-58
32
12
-31
13
13
-10
-13
47
-23
15
-13
12
24
-7
-13
-28
15
41
10
13
3
-1
-6
12
-45
-14
36
-17
53
-16
12
-2
-32
20
-24
-36
35
-8
39
27
-56
-12
-23
9
1
24
-26
-3
54
-12
21
-38
37
-24
7
6
-20
-27
-1
-18
-11
21
14
19
-4
-11
-43
9
6
-35
52
11
-2
-1
25
-46
-19
27
-30
29
6
-48
14
-4
12
13
-16
-6
-22
3
-4
58
55
-44
14
39
-15
56
15
17
-21
-27
2
4
19
-7
7
-12
-17
19
-10
-31
29
4
20
-21
1
10
0
27
-43
-32
-11
3
13
19
-16
-3
-22
6
-41
8
8
-20
36
29
3
9
-33
13
0
-16
-6
-5
7
-14
25
-23
-17
-19
-13
13
4
39
-27
4
2
-15
16
-34
-14
-30
-1
28
14
-10
-39
-25
19
28
-5
1
11
29
-27
41
-65
109
-78
78
-78
166
221
-289
-6
-397
478
125
-166
103
-240
83
152
-160
98
-134
61
-6
11
-1
-22
-13
-35
56
-7
-11
-13
8
17
8
29
-32
-1
-12
-4
59
-19
-32
-20
-20
12
23
-39
-2
7
19
27
-28
-7
-8
1
2
2
27
0
6
-22
5
-8
-10
9
-5
-5
20
-8
-20
19
-5
5
9
10
-4
5
-2
-15
1
-6
-6
-5
-14
4
-1
-2
9
-27
8
-6
-8
-2
4
0
-1
18
0
11
6
10
4
21
0
16
5
1
6
-2
3
-7
0
1
-5
-2
-17
-3
-9
9
10
7
3
5
11
-6
14
1
12
-2
1
4
-8
0
-4
4
6
10
3
2
8
-5
8
5
5
9
-8
-7
-12
-8
-13
-15
-13
-12
-13
0
-1
6
0
4
1
5
5
1
9
8
2
5
-7
-1
-5
-13
-8
-12
-4
-2
-2
4
7
7
5
3
1
-9
-6
-14
-9
-14
-15
-18
-18
-14
-14
-20
-10
-11
-7
-5
-7
-2
-5
4
4
6
7
4
2
2
0
1
-2
5
-3
3
4
7
9
7
3
5
4
6
3
3
3
4
5
8
6
4
6
5
11
10
16
15
15
16
15
22
16
19
14
8
3
-4
-4
-6
-13
-8
-6
4
1
-5
-6
-6
-2
1
0
3
3
6
4
-3
-3
-2
-1
4
2
-5
-11
-9
-8
-10
-5
-9
-6
-10
-12
-8
-12
-7
-14
-13
-14
-16
-8
-12
-12
-10
-12
-9
-7
-3
0
5
4
3
1
-1
3
0
8
16
13
14
11
11
4
4
11
11
12
10
10
0
2
-1
1
10
10
9
5
6
-1
-7
-6
-9
-8
-4
-5
1
-2
3
1
1
4
6
7
12
18
20
12
10
-2
1
4
4
7
0
-1
-4
-3
-7
-1
3
6
8
6
0
-2
-11
-9
-6
-7
-3
0
4
5
2
-2
2
4
5
4
5
3
-5
-5
-7
-14
-9
-12
-10
-9
-9
-5
-7
-2
0
-3
5
7
8
9
1
3
4
3
0
0
2
1
-3
-6
-6
-8
-6
-6
0
5
0
-6
-10
-11
-13
-10
-12
-10
-10
-13
-11
-13
-10
-12
-11
-6
-8
-2
0
-7
-3
-1
-1
1
0
4
6
4
2
-1
-4
1
3
6
4
5
2
5
7
7
4
0
4
2
0
0
1
1
-2
-1
-2
0
2
3
7
8
8
3
4
4
5
6
9
9
6
5
3
1
3
2
3
3
3
2
4
3
4
4
0
1
1
-1
-5
-2
-3
-3
1
1
1
2
4
1
0
1
3
3
7
2
2
4
5
4
1
0
0
-7
-2
-3
-5
-8
-13
-14
-19
-16
-14
-11
-9
-8
-7
-3
-5
-2
0
1
2
1
1
-2
0
1
-1
0
0
1
3
4
3
3
6
5
7
13
13
15
16
14
14
9
9
8
7
5
1
0
-2
-3
2
1
3
2
1
2
-1
0
2
2
-2
1
2
2
4
3
-1
-2
-2
-1
0
-2
-5
-5
-5
-7
-7
-8
-9
-7
-6
-10
-12
-7
-7
-7
-3
-5
0
2
4
6
4
9
9
12
12
10
10
10
7
9
6
4
5
7
6
4
4
4
3
4
1
1
1
-2
-3
-2
1
2
1
-2
-1
-3
-2
-4
-5
-4
-4
-2
-2
-4
-6
-5
-2
0
-1
1
-2
2
4
1
0
0
-1
-1
-3
-2
-2
-2
-7
-8
-9
-13
-12
-10
-10
-6
-6
-10
-7
-8
-8
-8
-8
-4
-6
-7
-8
-6
-5
-8
-4
-5
-5
-2
-1
1
2
2
0
2
-2
-2
0
-7
-6
-4
-3
-4
-4
-4
-2
-1
-1
-4
-5
-3
-7
-4
-5
-1
1
1
2
-1
-1
-1
-2
1
-1
3
1
0
4
5
9
9
14
13
15
10
8
10
11
12
11
16
13
7
9
9
7
5
7
8
7
4
2
3
6
4
5
6
5
2
4
6
8
5
1
-2
2
3
3
4
1
3
2
2
1
3
0
-1
3
0
3
-2
-5
-3
-5
-6
-5
-4
-6
-3
-5
-5
-4
-4
1
-1
-3
1
1
1
1
2
2
2
3
2
2
1
0
-1
-1
-1
-2
-1
0
-2
1
-5
-2
-4
-6
-9
-12
-7
-4
-1
4
-1
-2
-1
1
4
-1
0
1
1
8
7
7
7
6
4
3
1
-3
-1
-1
0
-1
-4
-3
-3
-4
-2
-3
-1
-5
-3
1
-4
-1
1
-1
-2
-1
2
-1
-3
-3
-3
0
1
-1
1
-3
-4
-1
-7
-8
-7
-6
-5
-8
-3
-2
-3
-4
-7
-6
-3
-2
-4
-5
-2
-2
1
0
2
3
3
2
2
4
3
6
7
6
7
6
8
10
5
6
4
3
3
-1
2
2
0
-4
0
-3
-3
-4
-5
-5
-4
-4
-3
1
-1
3
4
4
4
2
7
4
5
3
1
-3
-4
-4
-5
-6
-7
-5
-4
-6
-8
-3
-6
-4
-2
-3
0
4
3
5
7
3
2
-1
0
1
-1
2
7
6
9
5
5
0
-2
1
2
4
-1
0
2
-2
-1
-1
-4
-2
-2
-1
-3
-3
-5
-2
1
4
5
5
4
3
2
5
4
3
6
6
7
4
0
-2
-1
-4
-5
-4
-2
1
1
4
2
3
1
0
0
1
-2
-1
-2
-4
-2
-1
0
0
1
3
2
3
2
1
3
1
1
1
-3
-7
-7
-10
-9
-13
-13
-11
-12
-9
-5
-5
-2
2
7
8
8
7
9
10
5
5
6
5
2
4
6
5
4
0
-1
-1
2
3
4
6
4
7
7
4
1
1
-4
-5
-5
-8
-9
-10
-5
-4
-4
-1
-1
-2
3
5
6
7
8
9
4
2
2
-2
-3
-5
-9
-10
-5
-3
-2
-5
2
1
2
4
3
4
4
2
2
0
-4
-1
-3
-11
-7
-6
-8
-10
-10
-8
-7
-6
-2
-1
-1
3
3
0
1
0
1
-1
-2
0
-5
-5
-2
-3
-1
0
3
2
1
4
4
8
4
1
4
3
2
-2
-6
-5
-7
-7
-6
-5
-6
-9
-7
-7
-3
-1
-1
0
2
5
4
3
2
-4
-3
-2
-1
-4
-2
0
0
-1
1
2
0
1
4
7
7
9
9
7
6
7
8
4
3
-1
-1
1
1
2
3
6
6
7
5
9
5
3
3
1
1
-1
3
1
-1
-6
-4
-3
-3
-2
-1
-1
2
3
2
2
5
6
5
8
7
7
5
5
5
5
3
0
-1
-2
1
1
0
-3
-5
-5
-5
-2
-1
-2
-2
0
-2
-3
-2
-4
-4
-4
-5
-1
-2
-4
1
2
5
4
2
2
4
7
6
6
6
5
2
5
1
-4
-1
-5
-4
-5
-4
-4
-6
-4
-1
1
2
3
4
6
3
2
3
3
-2
-2
-6
-8
-11
-12
-7
-6
-3
-4
0
-3
3
2
1
1
2
1
-3
-2
-4
-4
-3
-2
-4
-1
1
-1
0
2
3
2
3
1
0
1
0
-2
-1
-4
-3
-4
-7
-6
-4
-2
-1
-2
-1
3
5
4
3
7
2
5
2
1
0
-3
-2
-5
-4
-4
-5
-2
0
1
1
1
3
3
4
-1
-2
0
-3
-2
-3
-2
-3
-4
-2
-2
0
-2
1
4
4
3
4
4
2
3
1
-1
-2
0
0
-4
-6
-6
-6
-1
-2
1
0
2
0
-4
-3
-1
1
-1
3
-2
0
3
4
3
5
3
0
3
5
4
3
4
3
4
4
1
1
5
2
4
1
1
1
2
1
-1
2
2
2
-1
-3
-1
0
-1
1
1
2
2
1
4
3
1
2
0
3
4
1
2
-1
-1
-1
-2
-1
-2
-1
-3
-2
-2
1
2
1
2
-1
1
1
-1
-4
-4
-5
-8
-6
-7
-5
-9
-4
-3
-2
0
0
0
-4
-4
1
3
-1
-1
-1
1
0
1
-2
0
2
0
-1
-1
2
3
2
4
3
3
2
3
4
4
5
3
2
4
2
5
2
2
2
0
1
3
5
4
2
-2
0
-1
-2
0
1
0
0
-4
-4
-3
-2
-2
1
-2
-1
4
1
0
-2
0
0
-3
-2
-4
-2
-1
2
-1
-4
-5
-4
-3
-2
-4
-2
-2
-3
-2
-3
-3
-3
-3
-2
-4
-2
-1
0
0
0
1
-1
1
-1
0
-1
-1
0
-1
-1
-4
-1
0
2
1
0
2
2
4
1
2
1
-3
1
2
4
2
2
0
0
2
3
1
3
1
3
3
0
2
2
0
-2
2
-1
1
3
2
2
3
6
1
4
2
-1
1
-2
-2
-2
2
5
2
3
6
3
1
0
3
4
4
5
1
1
1
1
1
-1
1
4
3
2
4
2
6
6
7
4
5
2
2
2
1
0
-1
-1
-3
-2
-1
0
-1
-2
-1
0
1
-1
-1
1
-1
1
0
0
-1
1
0
0
0
-1
-2
-3
-3
-5
-3
-4
-7
-5
-5
-6
-4
-7
-5
-6
-5
-6
-7
-3
-5
-1
-3
-2
-1
-1
-1
2
2
0
2
3
0
-4
2
2
2
-1
0
0
-2
0
-5
-5
0
-2
0
-2
-5
-2
-3
-2
2
-1
0
0
1
0
-1
-3
-1
1
-1
1
-1
-1
1
0
0
1
0
1
1
0
1
-1
-1
1
2
2
0
1
3
2
-1
0
-1
-1
1
-1
-1
1
2
3
0
-1
-2
-1
-1
0
-3
-4
-1
-3
-3
0
1
1
-3
-3
0
0
-1
-1
-3
-1
-1
-4
-5
-2
-3
-4
-4
-5
-1
1
-1
2
0
-2
3
-1
3
6
3
1
3
3
1
4
5
4
3
4
5
3
4
4
4
3
3
5
3
3
3
5
6
4
3
4
4
4
1
0
6
4
2
6
5
6
5
4
6
5
4
2
0
-3
2
2
-1
1
-2
-1
3
2
3
3
4
3
3
0
-1
1
6
4
1
0
-1
1
-2
-1
3
0
-1
0
-4
-6
-3
-3
-5
-4
-4
-4
-5
-2
-6
-7
-3
-5
0
-2
-1
-3
-3
-4
-3
0
-1
-3
-1
-1
-4
3
0
-1
-3
-2
0
0
1
0
-2
-6
-9
-1
-7
-4
-3
-6
2
4
6
-4
3
7
10
11
3
7
9
5
4
8
9
11
6
4
5
-1
0
1
-5
-2
-6
-6
-9
-16
-17
-19
-24
-23
-16
-9
-9
8
-11
-13
-2
-9
8
0
-2
-7
8
5
2
9
7
3
4
0
-21
-5
5
6
-1
-7
1
10
-10
-8
1
22
18
5
13
-9
-7
11
-7
13
5
19
-10
-18
-9
-37
-7
-2
-2
-22
8
12
32
29
14
21
-6
-8
-8
-14
1
-3
-33
-5
21
-3
22
22
16
-7
15
11
11
8
13
36
-3
2
6
7
-32
-23
-10
-22
9
-51
-1
-9
0
-11
-20
1
-5
12
-33
13
17
55
-1
51
37
0
55
6
1
-4
-28
33
40
11
10
20
25
4
-48
-35
-42
-21
-22
16
32
-56
12
-1
9
-34
0
9
14
29
23
45
-24
2
11
-45
8
28
44
-25
-15
17
58
63
-38
31
-31
-18
26
15
-61
0
17
-35
-9
-24
-20
-117
-66
-124
-235
-299
-385
-486
-665
-1478
-2267
-1277
1463
3243
1884
-129
-151
971
1711
1377
97
-316
295
540
414
-277
-726
-815
-612
-1305
-3032
-3432
-1111
3126
4231
2088
-1093
-2647
-1369
847
1413
1042
744
513
1159
881
-69
-982
-800
-104
426
878
649
274
-437
-419
100
66
-440
-1183
-1393
-836
-302
-957
-1304
-2172
-2621
-1323
1298
2831
1836
789
269
1018
1729
1600
954
1212
1523
1654
1268
306
-609
-1571
-1242
-627
-346
-379
-136
5
-312
-646
-1363
-1702
-1610
-1235
-828
-117
-50
-428
-427
-838
-1103
-1296
-1545
-1350
-866
-75
1356
2521
2221
1278
218
217
941
1303
1726
2033
1732
1122
632
-178
-434
-386
-31
399
907
787
53
-794
-1603
-1335
-872
-705
-430
-523
-882
-1059
-1145
-928
-901
-1048
-612
-840
-2282
-3377
-2719
25
2524
3316
2115
813
-827
-1370
-251
1515
3240
3242
2703
1490
348
-872
-1140
-896
-332
1109
2144
2041
334
-1137
-1791
-1083
-608
-544
-466
-326
270
445
266
-883
-1340
-1091
-409
186
320
740
682
447
-153
-249
-201
393
399
461
518
415
280
-647
-586
-444
661
745
231
-282
-431
112
215
345
-49
-349
-1707
-2141
-1482
128
1006
434
84
92
-131
-688
-761
-664
264
1280
1467
-323
-1972
-2091
-17
1339
179
-640
61
2635
3359
1833
415
-27
351
1384
1486
-458
-2033
-3251
-2298
-1021
-591
-340
-81
446
449
711
1079
1294
761
1474
3044
3861
3461
2615
2198
1529
910
715
1436
1890
1263
-197
-575
-856
-578
-689
-842
17
359
803
32
-771
-3206
-4670
-3697
-1578
291
127
423
-353
-576
-1012
-809
-875
19
386
-67
-134
-1121
-1094
-1218
-234
103
-699
-906
-441
-340
-774
-2070
-2820
-3270
-2557
-1564
-1315
-1478
-1830
-1381
-644
-119
-545
-297
-143
246
-194
-535
-545
-1251
-1291
-923
60
75
-536
-885
-682
-715
-897
-561
162
976
529
199
-138
-415
-606
-119
745
1088
579
631
724
763
104
-482
-465
88
1416
1360
1209
427
-328
-436
590
1754
1596
1026
806
774
715
567
770
1330
1316
1573
1360
1565
664
-563
-1011
-597
1374
2229
2661
1348
-421
-1368
-990
563
1536
2365
2051
1457
525
-201
-963
-910
-109
1340
2430
1874
1012
-289
-1094
-618
-49
1380
2029
2294
1926
921
560
-191
-308
462
1368
2155
1894
1458
672
-376
-734
-148
761
1332
1647
1369
1224
1080
111
-461
-585
271
904
1192
1131
237
-666
-1401
-400
205
72
-267
87
594
423
-379
-1393
-1615
-1944
-962
-198
469
350
-1196
-1803
-1608
-1084
-222
-19
119
-335
-752
-815
-1488
-1958
-1489
-313
226
-78
-666
-696
-1349
-1332
-1275
-944
-124
-58
476
-143
-866
-1679
-1821
-738
144
225
-525
-1250
-1771
-2310
-2288
-1960
-1974
-1775
-1351
-315
-324
-1115
-2342
-2603
-1552
-178
726
428
-193
-1321
-1938
-1568
-583
-113
44
-63
262
-320
-729
-773
-971
-707
-241
887
1196
637
-96
-1019
-1209
-718
-759
-387
-63
400
532
65
119
-112
-275
130
700
1237
1630
1574
1206
806
646
1067
1218
1499
1566
1596
1428
793
655
580
817
913
1049
1162
1152
252
20
135
495
931
851
1215
1000
887
657
486
827
932
1135
1272
1083
979
503
171
-157
-571
-698
-511
-177
41
-66
-159
-257
-683
-387
-166
-107
114
73
301
469
585
72
-529
-450
-133
191
158
432
315
109
-205
-242
-121
-561
-865
-1302
-1158
-568
-233
552
477
45
-598
-1060
-716
-541
391
1067
1337
1160
246
-238
-987
-945
-60
1157
2057
1570
150
-1159
-1788
-1499
-795
301
1088
1254
962
182
-591
-1229
-1517
-756
726
1894
1981
999
-327
-1632
-2043
-1148
159
1313
1466
1323
553
-400
-982
-983
-26
1041
1776
1980
1800
899
-38
-570
-425
330
1004
1567
1607
871
-480
-1407
-1035
-253
708
892
386
-111
-532
-683
-1218
-1503
-1239
-699
104
532
504
-330
-1602
-2131
-1429
310
1786
2151
1096
-617
-1754
-1739
-826
135
995
1328
1403
568
-801
-1651
-1970
-1514
-773
439
1343
834
-470
-2048
-3054
-3052
-2037
-335
779
929
139
-1125
-2141
-2221
-1544
-461
1006
1996
2020
844
-546
-1491
-1669
-1262
-322
883
1582
1494
881
20
-1032
-1804
-1427
95
1939
2512
1909
890
-128
-673
-834
-137
747
1285
1080
418
79
-224
-854
-1434
-1369
-341
719
966
687
168
-425
-782
-674
-72
459
479
495
570
667
700
637
645
740
790
786
1038
1538
1886
1648
1035
440
288
496
918
1413
1609
1471
564
-180
-138
354
491
-48
-190
-265
-651
-1018
-1155
-1049
-1197
-1316
-789
107
471
-79
-599
-620
-446
-192
245
644
747
423
-128
-291
-537
-681
-639
-350
-82
-146
-262
-323
-323
-335
-157
-40
37
-222
-212
-54
-55
-44
-190
-154
-262
-692
-843
-791
-500
-435
-544
-675
-718
-585
-521
-742
-878
-614
96
906
822
325
-473
-593
-455
-421
-258
-90
114
-69
-346
-628
-704
-477
-274
-258
5
152
204
-53
-349
-370
70
897
1196
861
427
499
831
1048
1038
1166
1444
1645
1019
174
-220
23
370
122
-55
116
368
324
3
-57
-3
-237
-640
-946
-777
-260
164
204
-94
-744
-1037
-974
-603
-73
461
941
1049
848
613
279
-21
-284
-341
97
679
1116
787
-193
-1089
-1257
-589
-172
-79
-124
-208
-618
-1209
-1159
-660
56
255
234
316
368
297
-428
-1211
-1322
-296
704
785
697
501
201
-560
-1362
-1092
-658
-278
-283
-46
254
-339
-1040
-1601
-1560
-1384
-1217
-732
-250
-82
-296
-527
-630
-428
42
488
481
77
-145
419
1281
1535
970
566
1194
1817
1202
194
755
1895
2240
879
-570
-728
263
1490
1692
1171
322
-404
-243
76
-28
-425
-458
813
1838
1382
-316
-940
-288
278
-55
-501
137
797
864
89
-290
-446
-324
-362
-212
576
816
602
-296
-596
350
1556
1693
-143
-1470
-1097
718
2179
1320
-459
-1359
-187
1239
675
-1111
-2118
-1414
251
1037
492
-1408
-2200
-954
554
715
-1602
-3210
-2364
115
1488
-376
-2861
-3002
-236
1376
-66
-2137
-2602
-562
1695
1931
846
-731
-1377
-2
823
552
-191
-232
925
1006
478
188
732
644
296
523
1308
1796
1302
514
734
1554
1576
662
19
720
1691
1483
732
292
312
925
928
554
437
437
549
668
598
522
164
-96
-292
85
958
1232
826
-323
-673
38
629
455
-630
-1130
-465
405
526
-166
-990
-1378
-1095
-550
-360
-614
-1261
-1464
-1198
-710
-499
-1097
-1656
-1596
-918
-319
-496
-1033
-1353
-1136
-651
-469
-609
-904
-1028
-760
-327
-289
-383
-609
-517
-460
-561
-587
-603
-299
-153
-271
-502
-519
-521
-382
-305
-369
-151
-76
178
187
25
-151
-197
47
257
369
323
419
562
510
282
-259
-391
49
212
232
-84
-294
-304
-404
-210
-81
-208
-236
-170
-26
-111
-167
127
331
512
325
106
103
199
186
82
172
378
716
600
212
33
240
515
311
-7
148
436
356
-15
-142
229
524
650
291
-162
-309
-111
433
689
55
-629
-373
746
1272
639
-130
-480
201
691
772
459
-34
-51
304
967
1214
632
74
-151
-41
560
1054
1066
451
-156
83
708
728
97
-48
272
765
676
-42
-39
557
750
178
-246
147
432
407
210
501
822
172
-353
-484
233
607
211
53
79
833
483
-77
53
271
876
357
-455
-551
163
1543
1025
-524
-1320
-242
1425
821
-1161
-1850
-253
1518
1263
-417
-1480
-1386
-399
442
156
-1013
-1773
-1036
1112
1681
-340
-2481
-2601
-179
1468
366
-1830
-2463
-359
1517
1105
-1043
-2245
-1115
474
1509
80
-2479
-2301
102
2753
2015
-984
-2624
-1600
1463
1605
-143
-2071
-1657
922
1435
1054
-636
-1820
-897
-31
993
273
-1061
-897
-149
1195
814
-407
-1081
-907
135
451
134
-540
-1002
-120
1315
1299
-249
-1714
-1617
12
1294
927
-764
-1639
-193
1031
907
-319
-1495
-1216
-310
847
983
-41
-899
-995
49
830
416
-883
-1789
-721
1309
2211
669
-1521
-1490
86
1355
415
-1068
-905
644
1995
1127
-542
-1426
-555
471
1009
740
-164
14
7
473
544
42
-32
-235
237
280
-353
-217
-200
188
567
420
381
37
377
299
-79
-181
298
1023
1120
1133
674
125
35
494
1054
896
492
404
1058
1795
1071
-400
-1194
246
1960
1997
749
-597
23
972
1058
-116
-1228
-218
598
1445
1457
279
-978
-1755
-614
701
541
-312
-592
-101
831
534
-1043
-1945
-1536
167
883
-367
-886
-487
-323
-258
-1138
-1344
-902
-262
107
-426
-311
-546
-892
-1132
-1076
204
63
-937
-1184
-665
137
-610
-1324
-1212
-276
346
-96
-751
-1000
-277
-329
-693
-721
-244
553
400
-355
-778
-664
-233
-137
102
67
325
467
44
3
-225
-215
-420
-821
-986
-691
-75
-67
-405
-963
-1024
-692
-899
-1017
-902
-428
137
-52
-296
-314
33
185
115
98
245
710
1099
1464
1565
1184
626
783
1215
1945
2319
1971
1434
1143
1823
2393
2046
973
446
935
1778
1994
1377
774
724
1222
1176
1074
883
286
368
613
1208
1290
72
-243
179
1039
1331
538
-311
-280
226
582
312
-401
-286
352
1404
932
-1153
-2368
-1412
1228
1672
-529
-2058
-1473
269
358
-1125
-1952
-1122
-495
-931
-1349
-1031
-91
-943
-2324
-2142
-861
185
-1117
-2144
-1628
-765
-552
-1443
-1491
-1150
-507
-445
-1547
-1762
-1222
128
463
-1109
-1960
-1388
190
785
-90
-1167
-1561
-769
410
823
315
-662
-952
13
909
505
-833
-1176
355
1551
1049
-737
-2309
-1608
87
902
-113
-2151
-2629
-1125
625
643
-1213
-2668
-2212
-740
296
96
-831
-1363
-791
141
590
289
-161
-125
629
1381
1499
1272
1146
1576
2021
2122
2074
1765
1779
2214
2718
3005
2547
1971
1816
2067
2238
2118
1963
1868
1825
1818
1666
1374
864
496
782
1010
1009
303
-335
1
528
504
86
-164
-322
-183
-56
14
-151
-557
-365
-112
172
184
-427
-828
-666
185
640
-304
-1397
-1026
487
1608
636
-1591
-2272
-940
904
1192
-488
-1183
-992
-679
-124
-730
-762
-863
-956
-338
-809
-868
-1159
-973
-33
-497
-1005
-2020
-2248
-1120
-465
239
-302
-1095
-1158
-755
-439
-937
-1388
-1748
-796
80
85
-83
-535
-514
-933
-1264
-917
-406
236
6
-287
-360
-20
813
670
180
-662
-1299
-1443
-1425
-743
-342
-281
-704
-1200
-1541
-1831
-1592
-1768
-1778
-1794
-1593
-1144
-1114
-797
-770
-893
-1148
-1328
-795
-27
722
994
871
777
817
1270
1802
2060
2057
2032
2247
2712
3229
3198
2897
2408
2188
2486
2968
3363
2966
2344
1953
2001
2234
2102
1738
1413
1133
1378
1492
1161
568
272
505
191
-219
-328
12
310
-397
-990
-858
-137
221
-236
-540
-424
-296
-528
-535
-135
213
-31
-719
-659
-258
-255
-542
-641
-294
-18
-159
-311
-397
-833
-853
-606
-635
-290
-105
106
-261
-1147
-1186
-994
-540
-696
-793
-155
-398
-904
-1416
-820
-57
-858
-1769
-1835
-692
174
-34
-870
-1522
-1392
-602
133
-235
-1117
-1461
-983
-28
336
12
-415
-737
-505
8
6
-470
-809
46
1589
1747
-57
-2400
-3209
-2113
-820
-473
-1083
-1850
-2052
-1995
-1949
-2363
-3051
-3307
-2806
-1872
-1273
-1412
-1826
-2040
-2017
-1831
-1557
-974
-239
511
1046
1215
1030
796
1248
2168
3015
3355
3188
3383
3865
4256
4248
3724
3415
3360
3838
4344
4269
3812
3042
2546
2292
2345
2177
1818
1507
1521
1956
1564
651
-276
-596
-46
128
-269
-632
-554
-138
-358
-1332
-2132
-2101
-1240
-555
-574
-756
-1030
-982
-1060
-1130
-823
-440
-202
-339
-198
-39
-220
-550
-493
-155
-216
-146
183
358
147
-328
-326
77
491
121
-476
-602
-381
-517
-901
-608
424
625
-294
-1320
-1354
-908
-1017
-1222
-1437
-562
35
30
-175
-1184
-1075
-1298
-1612
-791
-371
635
46
-805
-683
-864
-35
-403
-636
-343
-158
1135
1185
773
319
-1024
-1972
-3423
-3785
-2344
-393
565
-1308
-4058
-5482
-4826
-3385
-2966
-3323
-3564
-3112
-2419
-2396
-2801
-3161
-3123
-2683
-1842
-708
538
1259
1220
611
203
792
2203
3839
4809
4897
4598
4415
4806
5349
5642
5642
5341
5229
5494
5856
5748
4862
3751
3073
2896
3057
3200
3005
2307
1224
468
103
87
34
-312
-694
-1232
-1278
-1246
-1398
-1750
-2226
-2170
-2290
-2604
-2843
-2773
-2178
-1911
-2064
-2264
-1877
-1116
-762
-1168
-1707
-1646
-831
237
552
359
5
53
354
309
80
-327
-322
494
1604
1872
750
-670
-661
382
994
66
-783
-102
1256
1569
-199
-1573
-1475
-780
-169
-530
-512
-569
-934
-1117
-1100
-638
-724
-1202
-1447
-596
-161
-569
-1356
-1434
-149
340
418
46
-460
-224
-460
462
1597
1604
366
-2676
-4187
-4004
-2832
-1155
-1100
-1842
-3852
-5785
-6079
-5356
-3960
-3644
-4199
-4766
-4719
-3933
-3483
-3466
-3648
-3589
-2797
-1531
-74
762
734
348
414
1311
2844
4346
5218
5226
4826
4773
5539
6641
7276
7272
6893
6569
6545
6588
6677
6467
5665
4845
4278
4267
4113
3438
2489
1425
716
482
460
374
-323
-1289
-2059
-2418
-2359
-2345
-2345
-2716
-3363
-3992
-3972
-3332
-2780
-2706
-3214
-3546
-3562
-3126
-2544
-2124
-1580
-1121
-831
-765
-699
-309
266
759
941
861
1024
1387
1793
1567
1074
1148
1575
1834
1149
682
937
1558
816
-475
-268
1418
2427
485
-1613
-1880
-491
657
-187
-1223
-1714
-1295
-479
-756
-1298
-2127
-2078
-1052
-339
-285
-1049
-1276
-676
-153
162
-105
-75
25
263
620
1001
1521
1006
-472
-2969
-4897
-5125
-3088
-352
286
-1973
-5852
-8203
-7722
-5534
-3403
-3248
-4191
-5350
-5766
-5207
-4607
-4011
-3835
-3486
-2545
-1343
-49
547
390
71
333
1803
3801
5428
6079
5559
4814
4694
5781
7478
8548
8596
7696
6790
6556
6928
7520
7516
6832
5857
5129
4776
4496
3766
2794
1707
1142
1013
998
544
-668
-2064
-3099
-3334
-2975
-2615
-2629
-3511
-4610
-5262
-5060
-4391
-4041
-4008
-4191
-4127
-3906
-3568
-3264
-3014
-2515
-1920
-1066
-493
-217
-60
106
607
1239
2077
2738
2812
2372
1905
1906
2321
2678
2737
2329
1851
1750
1773
1333
407
71
819
1395
412
-1092
-1379
-104
266
-1220
-2827
-2619
-620
494
-337
-1923
-2523
-1637
-807
-662
-690
-545
-263
-432
-484
55
542
976
615
719
1065
1109
-707
-4264
-6729
-5795
-1362
1677
337
-4487
-8785
-9660
-7833
-4958
-3067
-2903
-4356
-6796
-7971
-7283
-5042
-3038
-2649
-3098
-3348
-2250
-601
145
93
113
1331
3273
4882
5622
5426
4910
4735
5502
7385
9195
9942
8888
7047
6091
6525
8084
9083
8775
7404
5807
4895
4534
4474
4325
3734
2846
1853
1113
649
-30
-939
-1980
-2717
-2785
-2607
-2711
-3651
-5089
-6088
-6178
-5212
-4304
-3981
-4551
-5581
-5974
-5532
-4278
-3100
-2717
-2815
-2992
-2511
-1545
-639
-20
182
336
940
1777
2669
2933
2564
2364
2529
3346
4047
4215
3596
2632
2124
2310
2752
2915
2249
1377
521
350
622
819
494
-764
-1869
-2117
-1514
-971
-1139
-1737
-2064
-2159
-1958
-1709
-1290
-951
-778
-847
-822
-602
-106
378
910
1505
1798
983
-2170
-5867
-7566
-4468
553
2749
-428
-6500
-10434
-10074
-6696
-2972
-1632
-2997
-6394
-9068
-8880
-6322
-3242
-1924
-2570
-3836
-4249
-2943
-1055
192
498
757
1966
3482
4544
4967
4897
4964
5375
6722
8704
9948
9411
7556
6151
6465
8142
9831
10106
8597
6348
4813
4757
5391
5821
5467
4275
2674
1133
608
560
496
-376
-1495
-2224
-2650
-3001
-3606
-4546
-5394
-5754
-5218
-4465
-4424
-5174
-6293
-6537
-5993
-4718
-3546
-3098
-3530
-4337
-4222
-3030
-1208
41
260
-150
-459
-41
1237
2592
3180
3036
2699
2775
3170
3618
3851
3697
3299
3116
3273
3435
3120
2345
1665
1349
1326
1433
1232
550
-621
-1592
-1788
-1228
-714
-709
-1696
-2686
-3238
-2672
-1408
-890
-1017
-1641
-1528
-1013
-386
116
599
1208
1211
36
-2909
-5934
-6817
-3781
427
1922
-1540
-7207
-10524
-9734
-6187
-2762
-1624
-3266
-6984
-9620
-9096
-5863
-2563
-1658
-2737
-4288
-4784
-3505
-1473
436
1214
1505
2051
2748
3485
3995
4777
5540
6342
7529
8721
9161
8254
6919
6581
7638
9271
10241
9736
7964
5913
4943
5439
6423
6709
5806
4143
2374
1231
1120
1436
1378
296
-1135
-2146
-2723
-3064
-3406
-3818
-4385
-5076
-5366
-5265
-5311
-5755
-6310
-6180
-5460
-4469
-4072
-4224
-4850
-5018
-4022
-2479
-969
-380
-574
-838
-936
54
1490
2729
3148
2590
2402
2496
3107
3769
4062
4078
3582
3184
3210
3287
3291
2862
2441
2137
1769
1563
1091
483
-373
-933
-765
-409
-448
-1222
-2192
-2621
-2482
-2011
-1497
-1079
-1052
-1207
-1599
-1573
-921
-119
894
892
96
-2355
-5227
-6711
-5322
-1118
1274
-243
-5634
-10048
-10065
-7045
-3160
-1937
-3156
-6160
-9283
-9243
-6784
-3093
-1393
-2545
-4239
-5268
-4186
-1920
77
1390
1420
1671
2156
2849
3669
4497
5644
6594
7368
8101
8392
8066
7224
7044
8031
9399
10109
9431
7849
6295
5593
6221
7077
7141
5991
4141
2717
1922
1998
2291
2057
833
-833
-2087
-2396
-2569
-2775
-3304
-3924
-4635
-5295
-5459
-5606
-5704
-5970
-5834
-5481
-5129
-5051
-5219
-5112
-4673
-3804
-2628
-1915
-1652
-1952
-1902
-1157
117
1532
2260
2212
1715
1478
2202
3193
4136
4283
3885
3338
2994
3174
3477
3712
3435
2906
2443
2099
1854
1465
1016
395
-96
-255
-165
-253
-964
-1723
-2045
-1811
-1436
-1331
-1362
-1454
-1427
-1300
-1045
-726
-507
74
339
95
-2042
-5016
-7072
-5797
-1649
1100
-191
-5638
-10203
-10617
-7503
-3200
-1405
-2663
-6487
-10165
-10166
-6804
-2250
-572
-2211
-4817
-6387
-5124
-2182
938
2469
1874
878
685
1827
3665
5315
6581
7056
7058
7254
7578
7844
7752
7918
8815
9560
9772
8808
7471
6510
6335
7224
7809
7462
5783
3725
2564
2358
2965
3273
2565
841
-1267
-2344
-2397
-1958
-1632
-2283
-3551
-5158
-6168
-5849
-5283
-4704
-5125
-5767
-5948
-6221
-5580
-5285
-4621
-4080
-3803
-2931
-2726
-2249
-2026
-1617
-497
283
1145
1409
1451
1538
1820
2703
3510
3873
3628
3093
2852
3055
3615
4020
3827
3195
2418
2036
1990
2139
2022
1399
496
-460
-627
-316
-115
-379
-1161
-1625
-1860
-1777
-1499
-1261
-895
-958
-1035
-1080
-822
-50
552
337
-1370
-4622
-6431
-6037
-2468
408
-340
-4229
-9455
-10584
-8157
-3989
-1289
-2976
-6199
-10011
-10205
-6959
-3117
-669
-2500
-5110
-6684
-5647
-2227
528
2191
1547
266
74
1139
3426
5134
6373
6962
6934
7017
7189
7639
8201
8684
9265
9637
9429
8569
7536
7037
7321
7975
8142
7244
5495
3892
3187
3566
4092
3920
2613
682
-911
-1516
-1065
-575
-933
-2297
-4063
-5175
-5249
-4567
-4071
-4389
-5210
-6226
-6432
-6066
-5257
-4469
-4397
-4348
-4611
-4128
-3284
-2567
-1787
-1525
-848
-379
61
556
739
1362
1806
2456
2971
2994
2881
2665
2814
3250
3643
3786
3282
2581
2068
2091
2473
2491
2071
1180
186
-400
-337
108
251
-368
-1326
-1993
-1904
-1550
-1000
-813
-971
-1298
-1431
-1340
-697
-160
716
645
-385
-2698
-5262
-5762
-4475
-1141
153
-1777
-6149
-10033
-9530
-6425
-2772
-1818
-4390
-7698
-10338
-9095
-5417
-1972
-1134
-3670
-6133
-6765
-4733
-1225
1270
2115
786
-538
-324
1420
3988
5744
6720
6703
6135
5994
6366
7504
8529
9268
9537
9041
8240
7365
7196
7783
8368
8487
7552
5848
4350
3761
4260
4845
4643
3344
1390
-212
-874
-446
-2
-317
-1646
-3301
-4409
-4811
-4434
-4126
-4063
-4756
-5745
-6292
-6446
-5873
-5102
-4453
-4146
-4496
-4519
-4318
-3553
-2564
-1700
-823
-577
-518
-480
-40
885
1756
2478
2668
2362
2130
2263
2919
3573
3841
3603
3017
2505
2366
2648
2878
2813
2237
1355
572
72
64
310
434
-19
-852
-1654
-1971
-1670
-1068
-567
-787
-1221
-1652
-1497
-935
-304
435
892
236
-1500
-4184
-5378
-4638
-2403
-180
-1097
-4078
-8349
-9709
-7247
-4050
-1996
-3869
-6940
-9342
-9705
-6554
-3487
-1618
-3208
-6086
-6834
-5585
-2350
93
1199
908
-573
-795
347
2940
5082
5946
6046
5699
5571
5972
6986
8342
9158
9323
8947
8219
7711
7526
8072
8722
8746
7873
6386
5039
4472
4797
5336
5172
3883
2088
589
5
309
564
302
-1085
-2743
-3844
-4180
-3803
-3783
-3763
-4581
-5434
-6249
-6468
-5632
-5092
-4448
-4640
-4931
-5037
-4900
-3818
-2856
-1907
-1618
-1629
-1432
-1100
-189
684
1539
1831
1688
1695
1882
2463
3031
3479
3593
3193
2752
2463
2671
3055
3167
2942
2257
1535
985
750
696
539
370
47
-439
-1128
-1790
-1874
-1316
-920
-759
-1452
-1783
-1880
-1435
-547
-156
481
16
-800
-1986
-3562
-4075
-4253
-2785
-997
-1567
-3986
-7928
-8757
-6736
-4047
-2715
-4414
-6847
-9005
-8997
-6184
-3243
-1948
-3941
-6309
-6734
-5009
-2001
103
922
156
-1106
-916
806
3356
4851
5375
5419
5242
5418
5833
7046
8216
8847
8815
8321
7900
7479
7696
8263
8834
8690
7381
6040
5002
5005
5548
5765
5197
3544
1861
678
698
1279
1263
466
-1294
-2645
-3503
-3488
-3029
-2936
-3310
-4675
-5685
-6316
-5924
-5149
-4557
-4229
-4888
-5391
-5585
-4856
-3431
-2599
-2034
-2222
-2351
-2018
-1336
-24
796
1256
1074
846
1157
1701
2703
3259
3486
3072
2476
2307
2434
3106
3350
3188
2578
1763
1322
1137
1264
1168
839
388
-113
-552
-914
-1012
-928
-767
-893
-1141
-1639
-1552
-1125
-443
-68
-404
-349
-403
-449
-1226
-3170
-4321
-4541
-2832
-676
-1494
-4215
-8117
-8746
-6204
-3692
-2744
-4763
-7469
-9143
-8651
-5497
-2824
-2377
-4732
-6821
-6485
-4253
-1410
13
295
-614
-1371
-657
1346
3590
4551
4802
4929
5193
5604
6118
7214
8246
8673
8565
8064
7882
7748
7977
8563
8901
8517
7110
5737
5163
5429
6000
5912
4950
3354
1782
1025
1273
1692
1389
114
-1524
-2608
-3007
-2883
-2810
-3043
-3780
-4764
-5532
-5756
-5422
-4959
-4698
-4823
-5195
-5371
-5160
-4515
-3613
-2867
-2458
-2431
-2509
-2174
-1260
-218
594
940
821
758
927
1775
2710
3240
3159
2690
2324
2314
2768
3226
3390
2919
2176
1628
1543
1573
1421
1089
537
199
-125
-364
-631
-1002
-1079
-1013
-977
-1123
-1511
-1579
-1295
-703
-489
-301
-253
-215
-763
-2033
-3502
-4021
-3585
-2401
-1429
-2419
-4734
-7489
-7963
-5872
-3648
-3111
-5094
-7556
-8717
-7775
-5250
-3118
-2900
-4841
-6501
-6249
-4076
-1480
-123
0
-786
-1334
-687
1223
3415
4590
4772
4478
4612
5096
5998
7127
8166
8505
8115
7462
7254
7582
8217
8767
8787
7988
6693
5643
5565
6151
6458
5904
4528
3077
1926
1722
1991
2200
1463
-60
-1601
-2467
-2394
-2056
-2060
-2799
-4102
-5096
-5416
-4991
-4527
-4537
-4860
-5335
-5609
-5342
-4755
-3966
-3543
-3421
-3296
-3107
-2638
-2064
-1171
-478
-41
133
105
369
924
1736
2427
2680
2403
2042
2095
2479
3077
3262
3009
2454
1870
1818
1982
2106
1776
1102
420
42
94
118
-133
-745
-1264
-1282
-1152
-923
-1086
-1361
-1266
-1189
-810
-753
-538
-72
-53
-555
-2375
-3811
-4247
-3305
-1869
-1289
-2568
-5342
-7638
-7558
-5178
-3112
-3335
-5536
-7895
-8318
-6830
-4334
-2756
-3343
-5283
-6507
-5455
-3100
-1008
-160
-441
-981
-1109
-139
1688
3476
4328
4523
4482
4746
5080
5823
7011
8067
8349
7751
7102
6986
7491
8243
8770
8551
7471
6112
5410
5774
6462
6523
5573
4046
2647
1901
2063
2449
2360
1095
-618
-1830
-2086
-1802
-1634
-2235
-3116
-4426
-5337
-5336
-5018
-4171
-4452
-4863
-5517
-5921
-5302
-4630
-3484
-3062
-3229
-3428
-3418
-2530
-1561
-579
-147
-106
-201
-96
622
1471
2280
2506
2383
2094
1945
2274
2728
3274
3314
2716
2079
1677
1834
2155
2001
1491
664
-57
-144
57
316
-154
-916
-1626
-1416
-1029
-811
-970
-1502
-1117
-1169
-512
-534
-255
-188
-1074
-2100
-3854
-3832
-3241
-1894
-1289
-3150
-5155
-7445
-6903
-4771
-3361
-3279
-5789
-7471
-8118
-6509
-4083
-2988
-3351
-5512
-6178
-5236
-2898
-807
-407
-603
-1399
-1250
-134
1655
3382
4038
4175
4117
4365
4981
5851
7021
7835
7933
7405
6832
6898
7486
8344
8730
8290
7158
5836
5533
5954
6599
6454
5346
3954
2711
2342
2441
2682
2345
1094
-366
-1507
-1739
-1484
-1518
-1946
-3015
-4160
-4752
-4993
-4699
-4494
-4507
-4589
-5139
-5486
-5539
-4792
-3725
-3060
-3084
-3507
-3582
-3087
-1909
-725
-183
-366
-857
-780
112
1322
2164
2281
1877
1490
1609
2212
2908
3260
2938
2401
1929
1896
2044
2196
2099
1633
903
223
-63
121
320
96
-423
-1044
-1312
-1311
-995
-660
-857
-977
-1312
-829
-508
-126
220
-637
-1526
-3302
-3933
-3305
-2455
-1482
-2327
-4123
-6407
-7204
-5736
-3821
-3201
-4800
-6680
-7603
-6962
-5159
-3588
-3177
-4441
-5978
-5639
-3799
-1753
-663
-727
-954
-1141
-584
803
2501
3711
3964
3977
4122
4628
5269
6305
7289
7783
7601
6935
6812
7195
7949
8527
8416
7686
6503
5729
5801
6464
6695
5940
4649
3321
2747
2575
2858
2788
1819
436
-961
-1396
-1320
-1279
-1528
-2393
-3481
-4328
-4668
-4535
-4511
-4882
-5108
-5026
-4948
-5082
-5241
-4943
-4182
-3578
-3128
-3100
-3261
-3023
-2257
-952
-32
-48
-604
-651
30
1306
2203
2432
2057
1433
1481
2225
3163
3449
2947
2255
1920
1971
2280
2443
2094
1481
640
229
400
527
473
-137
-772
-1065
-979
-825
-852
-1032
-1189
-995
-971
-578
-407
-90
-329
-1307
-2630
-3384
-3354
-2637
-2203
-2189
-3323
-5187
-6687
-6595
-4622
-3519
-4060
-6031
-7459
-7079
-5957
-4357
-3619
-4048
-5333
-6070
-4831
-2791
-1188
-985
-1342
-1407
-1190
-91
1444
2994
3771
3681
3766
4185
4961
5747
6644
7436
7555
7103
6570
6862
7692
8312
8515
7892
6997
6135
5843
6333
6774
6498
5336
3946
3105
2900
3045
2962
2417
1190
-115
-917
-1172
-1117
-1264
-1942
-2730
-3946
-4495
-4410
-4201
-3883
-4644
-5214
-5405
-5413
-4831
-4592
-4291
-4091
-4119
-3789
-3459
-2927
-2374
-1894
-1292
-976
-760
-551
-34
661
1376
1783
1751
1671
1592
2063
2682
3162
3057
2515
2065
2118
2533
2747
2601
1871
1131
650
688
1077
1111
654
-184
-843
-979
-699
-349
-310
-683
-1232
-1330
-1040
-409
48
125
-151
-1409
-2672
-3772
-3600
-2480
-1931
-1665
-3452
-5566
-6976
-6765
-4288
-3104
-3675
-6032
-7953
-7626
-6099
-3848
-3153
-3882
-5676
-6553
-5046
-2723
-712
-528
-1236
-1723
-1658
-146
1618
3334
3779
3445
3355
3694
4715
5785
6883
7635
7455
6772
6229
6690
7794
8635
8674
7815
6623
5700
5761
6511
7161
6661
5133
3512
2792
2927
3390
3346
2471
967
-482
-1147
-946
-667
-842
-1803
-3081
-3990
-4513
-4158
-3730
-3803
-4415
-5632
-5934
-5642
-4890
-4116
-4183
-4218
-4644
-4551
-3782
-2832
-1804
-1601
-1798
-1754
-1428
-580
266
944
1357
1263
1065
1228
1808
2584
3035
2985
2619
2274
2143
2534
2966
3049
2645
1706
1032
803
1032
1407
1312
714
-218
-866
-841
-275
-13
-194
-755
-1168
-835
-690
-147
-6
170
-309
-1794
-2920
-3824
-3149
-2464
-1819
-1996
-4206
-6139
-7411
-5873
-3664
-3341
-4586
-7054
-7781
-7205
-5500
-3649
-3494
-4464
-6339
-6092
-4226
-2094
-872
-1232
-1492
-1773
-1179
354
2100
3476
3530
3328
3505
4147
5157
6067
7113
7553
7192
6634
6566
7402
8201
8565
8317
7494
6437
5796
6211
6942
7146
6072
4404
3427
2981
3333
3480
3197
2067
345
-819
-1053
-480
-467
-1171
-2543
-3729
-4164
-4190
-3688
-3627
-4036
-4866
-5718
-5873
-5445
-4751
-4113
-4027
-4345
-4733
-4675
-3806
-2682
-1873
-1678
-1901
-1985
-1589
-585
544
1243
1203
791
653
1199
2140
2913
3173
2788
2256
2024
2316
2946
3318
3026
2330
1587
1227
1294
1592
1766
1395
610
-226
-563
-328
216
458
-116
-884
-1565
-977
-225
494
592
-72
-913
-2300
-2748
-2705
-2255
-2285
-2826
-2921
-4258
-5376
-6553
-6030
-4418
-4361
-5075
-6751
-7381
-7098
-6103
-4446
-3955
-4597
-6215
-6339
-4648
-2571
-1240
-1455
-1749
-2010
-1437
193
2018
3273
3150
2789
3123
4167
5356
6215
6871
7095
6865
6623
6914
7737
8318
8417
8097
7593
6948
6399
6532
7009
7016
6143
4787
3900
3519
3541
3582
3109
2119
619
-332
-525
-313
-452
-1341
-2384
-3436
-3895
-4054
-3854
-3857
-4587
-5170
-5720
-5443
-5102
-4891
-4697
-4682
-4458
-4554
-4095
-3673
-2954
-2375
-2196
-1755
-1582
-1047
-536
92
805
1020
1130
1182
1589
2183
2616
2801
2764
2671
2461
2565
2857
3079
2899
2303
1805
1486
1451
1575
1530
1193
450
-245
-415
-189
122
128
-490
-1074
-1218
-759
143
379
170
-746
-1860
-2668
-2876
-2557
-2467
-2647
-2966
-3724
-4926
-6272
-6386
-5113
-4031
-4524
-6126
-7363
-7298
-6129
-4841
-3965
-4391
-5721
-6359
-5287
-3010
-1421
-1250
-1865
-2060
-1506
-197
1541
2898
3335
2991
3031
3821
4976
5928
6573
7027
7001
6663
6582
7154
8039
8447
8191
7582
6891
6463
6556
6950
7090
6407
5075
3949
3574
3681
3719
3391
2378
1061
-85
-542
-249
-292
-917
-2101
-3119
-3660
-3903
-3736
-3659
-3836
-4553
-5325
-5657
-5578
-5074
-4555
-4151
-3986
-4563
-4868
-4470
-3374
-2011
-1579
-1774
-2286
-2217
-1317
-56
1098
1189
679
262
650
1768
2798
3090
2727
2175
1919
2253
2838
3243
3166
2585
1925
1531
1438
1684
1855
1686
1150
389
-237
-316
-103
423
377
-311
-1066
-1365
-711
124
494
374
-637
-1748
-2776
-2999
-2715
-2571
-2539
-2656
-3497
-4977
-6550
-6575
-4882
-3754
-4169
-6200
-7570
-7707
-6288
-4442
-3523
-4058
-5980
-6811
-5403
-2903
-1020
-1159
-1877
-2376
-1819
-258
1589
3113
3237
2827
2802
3674
4978
5927
6657
6987
6906
6550
6491
7181
8043
8500
8310
7612
6850
6219
6339
6908
7170
6491
4975
3883
3512
3687
3781
3403
2451
960
-102
-497
-52
35
-741
-2069
-3271
-3780
-3974
-3668
-3599
-3913
-4748
-5751
-5832
-5326
-4555
-4262
-4500
-4709
-4969
-4598
-3882
-2870
-2175
-2226
-2344
-2276
-1546
-696
89
584
730
587
595
1190
2013
2700
2786
2470
2355
2237
2543
2923
3240
3049
2421
1767
1506
1562
1803
1884
1553
798
-71
-347
-90
373
466
-27
-474
-930
-1050
-441
61
870
341
-1254
-2938
-3710
-2852
-1943
-1796
-2470
-3709
-5251
-6305
-6074
-4628
-3490
-4477
-6325
-7506
-7262
-5780
-4668
-3927
-4411
-5646
-6426
-5474
-3185
-1641
-1253
-1941
-2218
-1869
-825
1079
2661
3261
2696
2359
3179
4538
5797
6461
6831
6705
6213
6192
6928
8112
8495
7988
7263
6678
6431
6540
6990
7135
6501
5081
3985
3828
4032
4107
3529
2523
1335
186
-120
76
160
-557
-1861
-2914
-3475
-3468
-3343
-3277
-3690
-4682
-5393
-5650
-5153
-4404
-4411
-4399
-4774
-5019
-4674
-4144
-3146
-2534
-2543
-2645
-2620
-1976
-977
-126
355
397
221
339
909
1810
2458
2527
2313
2079
2155
2564
2980
3253
3044
2496
2044
1818
1901
2008
1974
1694
1194
445
-125
0
373
710
300
-590
-1041
-877
-182
339
377
82
-753
-2200
-3249
-3044
-2151
-1671
-2652
-3963
-4872
-5418
-5480
-5228
-4486
-4498
-5636
-6807
-7124
-6135
-5275
-4731
-4691
-5124
-5706
-5693
-4350
-2574
-1629
-1846
-2235
-1986
-1065
265
1758
2812
2975
2479
2615
3863
5305
6260
6368
6278
6195
6161
6666
7541
8285
8136
7321
6681
6545
6817
6931
6924
6532
5606
4641
4009
4131
4178
3708
2869
1820
961
316
139
197
-247
-1231
-2440
-3031
-3143
-3140
-3256
-3690
-4297
-4997
-5408
-4971
-4476
-4196
-4612
-5116
-4854
-4471
-3811
-3404
-3182
-2949
-2857
-2488
-1848
-1112
-700
-404
-99
238
575
894
1333
1843
2229
2257
2290
2356
2448
2700
2853
2858
2703
2264
1944
1852
1884
1840
1579
1293
901
488
183
137
406
239
-153
-756
-955
-430
-189
322
-190
-327
-869
-1652
-2073
-2454
-2110
-2458
-3008
-3261
-3679
-4105
-5220
-5616
-4890
-4537
-4740
-5817
-6288
-6188
-5727
-5027
-4457
-4408
-5181
-5506
-4533
-2952
-1888
-2027
-2205
-1900
-1103
-41
1084
2106
2381
2317
2736
3837
5047
5504
5717
5949
6249
6446
6689
7223
7595
7665
7344
7157
7031
6779
6667
6650
6489
5997
5117
4438
4263
4135
3746
3066
2202
1408
828
416
229
-210
-946
-1806
-2444
-2822
-2994
-3266
-3410
-3836
-4514
-4903
-5117
-4544
-4103
-4363
-4598
-5180
-4794
-4165
-3507
-2857
-3004
-3058
-3032
-2375
-1284
-690
-418
-496
-336
95
694
1303
1722
1893
1771
1929
2179
2567
2781
2712
2683
2458
2350
2203
2063
2017
1866
1683
1434
1023
770
404
356
423
497
287
-393
-866
-721
-12
433
299
-265
-989
-1548
-2113
-2193
-2087
-2423
-3017
-3324
-3525
-4012
-5041
-5882
-5129
-4390
-4545
-5573
-6594
-6462
-5793
-4903
-4395
-4564
-5432
-5899
-4749
-3023
-1833
-1937
-2420
-2143
-1339
-99
997
1911
2207
2167
2601
3532
4614
5292
5585
5978
6249
6315
6411
6935
7620
7888
7547
7001
6789
6699
6851
6921
6786
6171
5111
4437
4294
4370
4114
3388
2456
1554
922
585
505
193
-625
-1629
-2462
-2783
-2857
-2963
-3235
-3793
-4510
-4983
-5136
-4634
-4204
-4304
-4743
-5330
-5196
-4354
-3632
-3052
-3198
-3496
-3302
-2699
-1621
-905
-775
-763
-680
-132
529
1129
1531
1610
1683
1727
2017
2417
2644
2782
2724
2565
2444
2324
2220
2278
2216
1983
1697
1140
826
627
665
713
516
237
-212
-450
-390
-238
175
96
-35
-190
-926
-1659
-2540
-2626
-2294
-2293
-2650
-3491
-4395
-5197
-5497
-4890
-4245
-4514
-5616
-6626
-6590
-5673
-4867
-4385
-4704
-5401
-5717
-5134
-3594
-2324
-1950
-2221
-2272
-1753
-698
558
1574
2183
2205
2356
3060
4098
5063
5593
5890
6004
5978
6170
6735
7540
7863
7617
7110
6732
6705
6820
7079
6990
6289
5302
4577
4431
4493
4252
3602
2687
1849
1116
848
657
311
-407
-1341
-2096
-2521
-2776
-2952
-3185
-3530
-4062
-4619
-5015
-4903
-4729
-4490
-4363
-4838
-5014
-5153
-4582
-3518
-3049
-3026
-3396
-3366
-2625
-1563
-660
-412
-512
-724
-366
613
1481
1835
1703
1424
1565
2068
2577
2938
2970
2648
2407
2364
2447
2548
2446
2264
2054
1698
1288
1001
873
880
902
611
290
-147
-273
-59
344
506
467
63
-941
-1599
-2243
-1945
-1798
-2435
-3037
-3552
-3826
-4483
-5287
-5332
-4893
-4655
-5512
-6184
-6366
-6010
-5479
-5213
-4833
-5121
-5598
-5523
-4318
-2845
-2323
-2403
-2523
-1969
-1084
-12
1245
1963
2087
2045
2766
4004
4965
5345
5467
5935
6187
6350
6740
7263
7759
7607
7196
7038
7014
6952
6953
6835
6523
5838
4988
4644
4573
4296
3756
2973
2236
1496
986
752
422
-166
-1244
-2042
-2406
-2640
-2671
-3106
-3571
-4308
-4843
-4993
-4726
-4260
-4475
-4742
-5248
-5300
-4732
-4134
-3511
-3354
-3618
-3659
-3192
-2310
-1438
-1034
-1014
-993
-653
-49
748
1345
1535
1552
1503
1737
2209
2645
2863
2876
2641
2492
2475
2519
2665
2588
2288
1904
1539
1276
1156
1031
887
779
367
181
-151
-190
2
49
394
143
-3
-719
-1619
-2126
-2142
-1927
-2246
-3044
-3431
-3802
-4344
-5107
-5416
-4740
-4532
-5187
-6067
-6427
-5831
-5350
-4965
-4804
-4997
-5398
-5437
-4287
-3011
-2259
-2449
-2516
-1924
-1024
26
960
1761
2025
2180
2746
3816
4723
5051
5443
5793
6253
6291
6394
6970
7457
7712
7391
7032
6838
6694
6712
6718
6538
5888
4970
4385
4315
4293
3849
3040
2064
1398
1031
764
535
-139
-1091
-1910
-2433
-2521
-2543
-2946
-3410
-4059
-4425
-4488
-4423
-4440
-4659
-4887
-4844
-4442
-4351
-4324
-4331
-3963
-3250
-2906
-2655
-2579
-2240
-1680
-1067
-361
-186
-48
112
657
1443
1846
1859
1732
1854
2266
2749
2928
2785
2608
2402
2549
2697
2619
2358
1860
1722
1675
1496
1246
717
607
479
553
475
196
-41
-193
91
467
444
-517
-1706
-2518
-2162
-1878
-2167
-3118
-3691
-3944
-4520
-5017
-5345
-4984
-4783
-5470
-5882
-6252
-6030
-5768
-5330
-4813
-4810
-5208
-5378
-4455
-3214
-2385
-2180
-2193
-1881
-1251
-227
1101
2049
2161
2142
2653
3788
4834
5270
5546
5853
6060
6204
6564
7095
7509
7511
7209
7079
6966
6703
6627
6539
6392
5885
5116
4520
4217
4004
3601
3134
2381
1577
873
483
347
-71
-771
-1735
-2347
-2774
-2991
-2913
-3308
-3764
-4579
-5040
-4674
-4434
-4134
-4534
-4868
-4960
-4890
-4174
-3658
-3190
-3285
-3480
-3116
-2478
-1648
-1156
-926
-796
-545
-104
574
1210
1523
1545
1598
1843
2153
2426
2600
2709
2695
2507
2361
2496
2512
2441
2155
1867
1773
1511
1210
1015
888
872
599
247
1
-76
37
126
204
313
181
-598
-1757
-2660
-2230
-1840
-1749
-2867
-3762
-4159
-4702
-4744
-4796
-4377
-4592
-5737
-6265
-6234
-5336
-4941
-4904
-5000
-5356
-5339
-4962
-3684
-2709
-2459
-2526
-2469
-1660
-852
131
1066
1638
1905
1997
2877
3954
4845
5114
5268
5715
5922
6289
6592
7127
7476
7264
6982
6742
6691
6672
6640
6589
6193
5517
4752
4386
4384
4086
3551
2780
2031
1445
1024
763
488
-305
-1243
-1906
-2144
-2225
-2658
-3122
-3608
-4013
-4145
-4325
-4262
-4535
-4749
-4589
-4391
-4190
-4409
-4437
-3935
-3360
-2940
-2982
-3024
-2620
-2032
-1247
-746
-545
-535
-420
166
1063
1593
1610
1377
1444
1942
2459
2729
2684
2453
2295
2311
2530
2670
2415
2041
1719
1695
1665
1373
1113
830
770
727
474
413
179
156
219
246
526
234
-692
-1650
-2362
-1674
-1441
-1984
-3044
-3938
-3884
-4111
-4461
-4767
-4882
-5010
-5595
-5749
-5724
-5502
-5493
-5482
-5040
-4920
-5032
-4951
-4243
-3232
-2684
-2508
-2264
-1725
-1144
-294
853
1639
1835
1805
2464
3681
4632
5000
5211
5469
5769
6098
6644
7190
7387
7074
6883
6916
6997
6893
6685
6537
6205
5670
5016
4656
4468
4096
3600
2850
2212
1543
1097
825
449
-130
-1069
-1698
-2059
-2268
-2505
-3008
-3381
-3835
-4121
-4169
-4276
-4251
-4595
-4686
-4392
-4312
-4131
-4319
-4051
-3504
-3162
-2883
-2800
-2552
-2089
-1566
-917
-487
-359
-346
-25
697
1343
1598
1493
1406
1597
2040
2417
2656
2507
2211
2159
2271
2467
2366
2041
1801
1637
1499
1341
1175
1004
872
576
506
451
373
382
0
163
325
372
-310
-1597
-2352
-1764
-1441
-1562
-2961
-3977
-3902
-4012
-4008
-4587
-4875
-5093
-5551
-5507
-5554
-5250
-5532
-5601
-5095
-4938
-4626
-4763
-4250
-3408
-2855
-2268
-1998
-1596
-1237
-513
712
1626
1994
1850
2375
3430
4400
4995
5168
5416
5599
5798
6391
6960
7258
6953
6650
6696
6798
6852
6603
6428
6044
5548
5074
4722
4555
4085
3585
2981
2305
1764
1180
899
569
-69
-815
-1483
-1892
-2059
-2499
-2906
-3167
-3601
-3914
-4225
-4186
-4109
-4182
-4436
-4503
-4339
-4249
-4005
-3853
-3513
-3216
-3119
-2850
-2476
-1942
-1495
-1142
-868
-639
-230
141
687
1075
1183
1310
1448
1732
2088
2270
2327
2288
2149
2156
2309
2380
2183
1944
1599
1606
1547
1402
1184
787
664
569
564
468
330
326
87
137
41
505
-28
-816
-1959
-1956
-1457
-1667
-2244
-3657
-3471
-3637
-3794
-4241
-5005
-4794
-5168
-5056
-5069
-5264
-5401
-5789
-5135
-4792
-4376
-4696
-4602
-3872
-3238
-2419
-2102
-1704
-1363
-1011
-33
932
1677
1813
2105
2865
3788
4543
4855
5235
5535
5755
6166
6514
7003
7005
6836
6833
6854
6938
6603
6367
6146
5842
5494
4939
4662
4240
3707
3219
2691
2224
1615
1111
704
214
-439
-1043
-1405
-1733
-2176
-2772
-3056
-3382
-3564
-3829
-4140
-4152
-4401
-4393
-4239
-4192
-4053
-4264
-4250
-3780
-3260
-2848
-2798
-2843
-2561
-2035
-1258
-811
-654
-664
-473
204
827
1248
1291
1188
1320
1641
2115
2336
2322
2098
1917
2129
2261
2344
2072
1690
1526
1507
1492
1294
1055
788
617
455
280
309
206
332
259
-2
-92
-76
106
-273
-1412
-2074
-1961
-1561
-1612
-2821
-3482
-3700
-3776
-3787
-4311
-4404
-4708
-5120
-5036
-4935
-4742
-5114
-5257
-4925
-4451
-4230
-4280
-3979
-3348
-2760
-2273
-1897
-1446
-1045
-486
515
1334
1850
1907
2368
3366
4205
4762
4930
5245
5557
5891
6354
6776
6969
6709
6529
6643
6883
6829
6402
6039
5718
5486
5169
4770
4320
3802
3249
2867
2365
1873
1215
716
305
-227
-627
-1344
-1660
-2178
-2477
-2636
-3081
-3359
-3857
-4116
-4055
-4059
-4091
-4176
-4302
-4385
-4283
-3971
-3516
-3221
-3265
-3243
-2880
-2372
-1815
-1431
-1226
-992
-732
-338
200
706
928
1038
1096
1251
1636
1885
2064
2140
2103
2040
2075
2127
2175
2146
1913
1682
1470
1266
1284
1280
1047
790
321
178
288
293
459
257
-117
-217
-123
-54
-423
-1653
-2097
-1658
-1359
-1766
-3164
-3863
-3513
-3288
-3546
-4142
-4714
-4978
-5067
-4851
-4382
-4502
-5182
-5417
-4943
-4167
-3844
-4033
-3805
-3352
-2829
-2215
-1609
-1114
-912
-538
373
1420
1908
2062
2513
3419
4187
4545
4817
5232
5659
5931
6275
6684
6791
6549
6418
6550
6848
6667
6138
5827
5559
5403
5027
4636
4247
3624
3006
2636
2398
1940
1322
538
117
-334
-733
-1105
-1631
-2054
-2619
-2853
-3067
-3247
-3566
-3915
-4065
-4053
-4081
-4038
-4032
-4171
-4086
-3944
-3545
-3121
-3013
-2956
-2733
-2454
-1892
-1352
-1093
-847
-686
-389
166
681
922
1084
1164
1291
1661
1874
1995
2123
1947
1942
2046
2103
2104
1929
1751
1625
1544
1280
1189
1153
906
678
330
430
523
418
91
-256
-87
201
616
31
-1113
-2205
-2191
-964
-761
-1666
-3721
-4490
-3716
-3029
-2837
-3997
-5059
-5550
-5375
-4429
-3875
-4218
-5315
-5720
-5019
-3963
-3530
-3772
-3866
-3373
-2677
-2049
-1477
-1241
-933
-274
679
1608
1838
1883
2503
3609
4539
4777
4693
4794
5330
5972
6564
6829
6512
6012
6016
6497
6986
6761
5993
5435
5128
5179
5084
4703
4108
3205
2687
2405
2365
1944
1121
374
-205
-421
-810
-1184
-1646
-2209
-2553
-2905
-3136
-3317
-3672
-3776
-3974
-4115
-4223
-4223
-4081
-3918
-3839
-3687
-3385
-3260
-3018
-2762
-2321
-1854
-1669
-1477
-1134
-735
-267
26
313
556
693
945
1250
1636
1822
1794
1785
1848
1950
2072
2071
2046
1881
1658
1575
1541
1536
1369
1239
980
849
545
439
544
439
392
-10
-77
64
195
223
-670
-1261
-1991
-1449
-1200
-1600
-2534
-3851
-3494
-3259
-3071
-3494
-4663
-4863
-5178
-4664
-4117
-4381
-4772
-5448
-5044
-4245
-3685
-3748
-3912
-3544
-2970
-2175
-1687
-1294
-1017
-655
146
1071
1630
1876
2160
2902
3813
4279
4552
4721
5185
5604
6067
6365
6466
6302
6081
6357
6512
6515
6054
5591
5419
5189
4982
4616
4204
3575
3041
2623
2519
2104
1406
668
114
-93
-495
-903
-1455
-1960
-2316
-2550
-2764
-2958
-3321
-3597
-3735
-3817
-3776
-3820
-3773
-3813
-3735
-3603
-3348
-2994
-2844
-2677
-2464
-2143
-1719
-1391
-1146
-830
-496
-195
77
339
625
883
1083
1279
1513
1561
1662
1775
1904
1961
1854
1828
1764
1709
1490
1479
1395
1250
1124
793
812
719
607
693
501
400
92
15
279
631
240
-639
-1793
-2010
-1054
-856
-1304
-3182
-4118
-3661
-3151
-2738
-3713
-4570
-5313
-5362
-4555
-4069
-4038
-4994
-5400
-4970
-4173
-3599
-3630
-3597
-3414
-2841
-2211
-1588
-1210
-886
-258
526
1155
1452
1729
2382
3301
4004
4313
4365
4569
5066
5660
6200
6326
6057
5845
5866
6273
6576
6448
5872
5338
5040
4998
4949
4588
4019
3317
2722
2482
2226
1845
1193
594
128
-301
-640
-1109
-1409
-1791
-2228
-2501
-2922
-3122
-3314
-3342
-3339
-3614
-3774
-3828
-3734
-3619
-3412
-3233
-3068
-3071
-3050
-2589
-2202
-1802
-1478
-1409
-1106
-895
-442
2
306
410
494
693
951
1347
1604
1650
1537
1417
1519
1821
1969
1925
1656
1397
1274
1368
1352
1228
1086
745
731
574
598
680
527
322
135
131
365
525
-276
-1133
-1861
-1246
-580
-1004
-2266
-3815
-3602
-2996
-2548
-3049
-4317
-4948
-5232
-4552
-3821
-3827
-4525
-5404
-5086
-4226
-3379
-3286
-3477
-3438
-3214
-2461
-1784
-1139
-940
-656
-49
765
1283
1572
2134
2871
3593
3823
3987
4299
4835
5387
5778
5967
5872
5671
5683
6009
6329
6234
5665
5228
5107
5040
4861
4464
4065
3479
2944
2557
2341
2048
1478
841
314
-171
-491
-817
-1138
-1503
-2047
-2426
-2766
-2905
-3088
-3150
-3258
-3468
-3699
-3788
-3614
-3392
-3214
-3205
-3103
-3022
-2874
-2577
-2189
-1813
-1629
-1511
-1312
-971
-507
-117
194
285
283
380
714
1167
1387
1489
1341
1336
1400
1412
1596
1663
1582
1438
1201
1082
1121
1188
1132
1062
555
376
443
641
846
431
157
-31
243
572
738
-9
-1129
-1915
-1408
-303
-516
-1741
-3472
-3706
-2942
-2478
-2481
-3499
-4424
-5040
-4728
-3799
-3377
-3872
-4827
-4987
-4375
-3623
-3227
-3214
-3122
-3050
-2646
-1984
-1342
-917
-698
-125
574
1127
1299
1759
2472
3303
3749
3772
4068
4311
4851
5377
5754
5850
5518
5310
5518
5961
6027
5759
5245
4862
4592
4490
4448
4195
3555
2819
2363
2119
1970
1587
1083
469
-100
-507
-737
-950
-1377
-1835
-2147
-2323
-2487
-2832
-3069
-3130
-3136
-3177
-3328
-3384
-3317
-3249
-3055
-2787
-2671
-2540
-2613
-2336
-1935
-1516
-1174
-1117
-953
-824
-394
-24
355
451
424
547
726
1095
1224
1321
1249
1231
1213
1300
1413
1388
1329
1089
1070
904
867
838
811
852
592
494
333
401
425
473
448
347
287
451
170
-425
-1510
-1487
-644
-330
-889
-2795
-3509
-3254
-2505
-2134
-2736
-3784
-4736
-4917
-4073
-3148
-3243
-4319
-4896
-4704
-3763
-3169
-2977
-2851
-3016
-2875
-2350
-1480
-858
-601
-318
277
972
1137
1509
2135
2991
3575
3612
3821
4014
4496
4984
5490
5726
5496
5111
5081
5551
5842
5786
5253
4641
4338
4188
4339
4240
3720
2918
2196
1967
1908
1747
1264
630
-8
-479
-698
-847
-1115
-1588
-2037
-2346
-2421
-2578
-2761
-2924
-3037
-3113
-3254
-3234
-3172
-2995
-2965
-2808
-2596
-2427
-2316
-2221
-1858
-1429
-1161
-1026
-986
-813
-522
-114
284
437
355
295
533
873
1172
1187
1073
980
950
1110
1297
1329
1157
921
759
789
787
732
677
566
442
408
375
402
342
248
274
259
319
281
553
15
-762
-1641
-1267
-158
-142
-1165
-3020
-3360
-2832
-1977
-1784
-2657
-3657
-4784
-4368
-3429
-2599
-2943
-4239
-4593
-4390
-3316
-2794
-2495
-2591
-2899
-2692
-2209
-1158
-725
-394
-127
278
860
984
1636
2263
3073
3326
3320
3521
3787
4472
4877
5341
5292
5002
4766
4885
5416
5524
5360
4778
4381
4129
3992
4083
3898
3418
2619
2049
1890
1765
1509
1030
581
44
-443
-811
-987
-1061
-1378
-1710
-2164
-2517
-2717
-2643
-2459
-2502
-2823
-3225
-3213
-3008
-2644
-2408
-2372
-2433
-2465
-2237
-1851
-1404
-1245
-1167
-1209
-1003
-621
-256
60
97
171
161
331
524
771
957
956
877
793
779
877
1003
1059
939
767
692
656
637
579
543
540
426
307
274
353
354
282
226
178
216
357
601
229
-686
-1685
-1356
-290
-8
-963
-2655
-3297
-2952
-2161
-1737
-2204
-3319
-4455
-4448
-3385
-2485
-2691
-3727
-4352
-4093
-3302
-2587
-2260
-2294
-2608
-2528
-1987
-1180
-604
-370
78
437
869
1090
1515
2280
2931
3425
3444
3445
3565
3991
4606
5163
5203
4807
4428
4424
4966
5287
5170
4577
3992
3729
3735
3879
3679
3150
2438
1897
1661
1544
1319
982
503
-123
-588
-905
-962
-1088
-1402
-1781
-2172
-2435
-2564
-2434
-2298
-2413
-2696
-2903
-2867
-2633
-2466
-2187
-2012
-2044
-2039
-2044
-1704
-1290
-1009
-809
-820
-788
-609
-222
160
379
335
209
253
444
794
940
922
700
564
541
629
802
791
626
410
280
366
466
380
334
142
101
50
89
182
188
153
-5
73
152
423
26
-506
-1189
-1212
-628
-532
-767
-1819
-2436
-2477
-2207
-1829
-2060
-2509
-3294
-3470
-3241
-2741
-2492
-2989
-3241
-3371
-3035
-2588
-2299
-2032
-2014
-1868
-1639
-1153
-788
-471
-17
429
883
1027
1355
1794
2383
2829
3070
3309
3309
3563
3835
4330
4594
4507
4342
4168
4314
4483
4564
4360
4032
3598
3360
3270
3182
3030
2619
2007
1580
1218
1100
940
637
213
-377
-778
-914
-962
-1118
-1438
-1852
-2108
-2188
-2137
-2021
-2159
-2335
-2549
-2530
-2306
-2145
-1938
-1943
-1918
-1810
-1643
-1393
-1192
-1009
-840
-785
-690
-494
-242
-8
41
75
165
245
391
483
529
604
554
481
400
405
499
541
497
328
236
152
200
193
191
130
62
-31
-111
-75
-58
69
69
26
52
-25
-203
-533
-881
-826
-689
-624
-902
-1521
-1929
-2063
-1827
-1672
-1840
-2301
-2797
-2898
-2711
-2367
-2276
-2486
-2772
-2876
-2630
-2200
-1859
-1775
-1729
-1632
-1328
-1026
-698
-318
79
452
693
907
1185
1661
2141
2575
2808
2792
2903
3130
3512
3866
3988
3949
3777
3699
3787
3959
4022
3883
3527
3157
2965
2938
2843
2601
2221
1790
1489
1247
1091
901
506
110
-219
-469
-666
-886
-1033
-1157
-1350
-1635
-1757
-1797
-1807
-1833
-1930
-1926
-1936
-1891
-1785
-1673
-1579
-1490
-1383
-1257
-1147
-987
-829
-683
-579
-493
-380
-252
-107
45
112
155
124
131
240
357
408
325
187
118
166
220
248
168
65
-54
-127
-130
-73
-56
-127
-220
-334
-311
-193
-50
7
-85
-182
-295
-454
-651
-755
-669
-585
-721
-1121
-1513
-1689
-1627
-1506
-1494
-1685
-1994
-2261
-2249
-2015
-1813
-1873
-2114
-2295
-2281
-2003
-1721
-1474
-1367
-1375
-1295
-1070
-628
-237
74
234
334
532
823
1250
1659
1938
2079
2191
2311
2537
2869
3157
3300
3265
3195
3230
3355
3439
3432
3296
3141
2986
2834
2705
2561
2345
2111
1855
1591
1397
1184
962
700
431
213
-26
-250
-451
-612
-743
-886
-1065
-1271
-1390
-1437
-1373
-1348
-1394
-1494
-1558
-1461
-1342
-1206
-1207
-1232
-1210
-1116
-950
-832
-734
-715
-647
-553
-418
-262
-183
-176
-185
-170
-99
-22
-45
-47
-65
-33
-38
-125
-156
-182
-153
-163
-233
-302
-316
-304
-297
-290
-320
-308
-301
-200
-125
-134
-210
-232
-182
-221
-359
-627
-704
-633
-499
-495
-778
-1171
-1510
-1459
-1190
-935
-1124
-1635
-2037
-2066
-1694
-1339
-1235
-1527
-1881
-1978
-1682
-1152
-846
-862
-1075
-1090
-809
-350
80
249
239
233
455
879
1326
1582
1638
1699
1848
2115
2354
2529
2639
2680
2764
2796
2827
2789
2767
2804
2785
2706
2511
2317
2190
2147
2068
1885
1585
1280
1084
951
889
728
491
194
-49
-177
-227
-259
-405
-644
-897
-996
-990
-958
-980
-1037
-1124
-1167
-1116
-1064
-971
-944
-965
-974
-941
-820
-698
-621
-588
-596
-617
-598
-490
-318
-219
-248
-337
-378
-340
-244
-142
-119
-176
-289
-354
-263
-169
-157
-252
-375
-398
-389
-371
-382
-367
-362
-358
-352
-337
-287
-278
-195
-157
-117
-185
-394
-565
-642
-509
-434
-525
-835
-1119
-1208
-1137
-969
-1008
-1176
-1441
-1558
-1454
-1319
-1224
-1322
-1415
-1483
-1414
-1257
-1133
-1045
-1024
-925
-805
-602
-411
-216
12
178
337
467
633
877
1147
1400
1560
1634
1683
1813
2080
2320
2425
2358
2271
2274
2397
2575
2637
2537
2313
2121
2018
2048
2044
1919
1684
1420
1239
1124
1092
1013
831
565
334
210
84
-40
-170
-254
-334
-463
-606
-722
-758
-758
-753
-777
-843
-911
-902
-841
-765
-735
-773
-828
-814
-692
-560
-524
-574
-620
-586
-503
-423
-378
-402
-462
-508
-463
-396
-369
-398
-441
-432
-427
-446
-445
-425
-392
-385
-460
-553
-576
-505
-450
-390
-364
-358
-390
-403
-291
-166
-102
-158
-195
-161
-177
-269
-393
-378
-297
-295
-430
-625
-701
-688
-590
-583
-717
-962
-1190
-1124
-883
-689
-839
-1140
-1301
-1161
-842
-644
-603
-768
-862
-772
-473
-102
16
-97
-210
-73
248
547
685
728
754
815
1000
1240
1440
1460
1435
1515
1690
1865
1886
1854
1839
1884
1946
1935
1885
1803
1718
1667
1663
1613
1472
1278
1146
1131
1106
979
769
577
450
405
360
290
145
-62
-180
-228
-199
-216
-338
-466
-575
-589
-541
-510
-559
-670
-740
-705
-640
-627
-631
-641
-673
-672
-620
-538
-482
-509
-543
-547
-548
-537
-531
-495
-469
-496
-559
-593
-574
-535
-511
-500
-510
-544
-579
-571
-530
-472
-441
-449
-475
-470
-438
-387
-304
-242
-179
-191
-254
-310
-352
-308
-244
-165
-193
-363
-562
-661
-558
-422
-388
-561
-821
-945
-885
-697
-622
-780
-1002
-1086
-990
-756
-587
-626
-759
-825
-670
-423
-266
-224
-238
-154
26
245
413
473
522
646
862
1022
1081
1089
1195
1391
1563
1652
1622
1583
1594
1709
1847
1879
1775
1618
1516
1549
1630
1638
1493
1240
1090
1056
1100
1075
896
681
500
444
472
449
344
171
9
-67
-82
-108
-133
-237
-311
-323
-341
-335
-394
-436
-464
-509
-516
-515
-531
-537
-538
-535
-527
-563
-600
-588
-554
-517
-541
-566
-595
-594
-544
-497
-477
-553
-639
-652
-594
-553
-563
-618
-687
-710
-686
-601
-547
-555
-581
-590
-540
-449
-349
-303
-294
-317
-297
-186
-106
-107
-168
-217
-167
-80
-64
-121
-225
-285
-225
-133
-117
-217
-378
-477
-460
-392
-344
-398
-544
-645
-660
-602
-507
-478
-531
-590
-612
-532
-414
-343
-310
-294
-265
-172
-30
116
204
212
231
315
488
667
771
808
820
871
1012
1172
1271
1266
1232
1269
1367
1470
1483
1414
1354
1354
1403
1400
1304
1184
1110
1107
1112
1023
858
711
632
631
604
526
400
255
184
182
175
90
-30
-154
-213
-204
-211
-240
-323
-412
-454
-426
-373
-378
-435
-498
-513
-513
-493
-497
-502
-496
-515
-535
-543
-550
-556
-561
-547
-515
-541
-586
-616
-603
-566
-539
-538
-563
-619
-640
-581
-524
-487
-487
-492
-466
-429
-400
-371
-350
-332
-303
-276
-250
-242
-225
-172
-157
-169
-182
-195
-183
-173
-148
-129
-188
-283
-336
-326
-289
-270
-277
-325
-435
-549
-580
-508
-381
-325
-381
-504
-590
-553
-375
-183
-113
-182
-251
-208
-18
204
312
311
276
330
451
631
788
842
838
843
933
1048
1144
1170
1149
1129
1130
1161
1197
1208
1197
1184
1135
1058
975
945
962
934
844
734
629
557
530
519
495
399
262
162
116
115
106
49
-44
-158
-235
-260
-248
-239
-294
-378
-405
-389
-365
-345
-358
-372
-411
-429
-443
-448
-431
-442
-464
-510
-550
-565
-535
-480
-457
-503
-565
-585
-560
-497
-469
-476
-512
-554
-530
-466
-401
-379
-406
-445
-441
-394
-322
-265
-284
-305
-306
-235
-130
-76
-90
-165
-194
-142
-23
66
46
-56
-139
-117
-34
37
40
-35
-121
-150
-107
-15
-19
-152
-273
-310
-251
-208
-248
-298
-351
-383
-358
-311
-231
-246
-326
-365
-327
-181
-43
23
15
-25
-16
92
267
404
445
422
441
517
609
683
708
746
769
781
812
847
882
903
919
930
912
867
810
782
803
827
817
739
625
552
526
522
477
392
296
214
168
154
151
119
39
-60
-131
-137
-131
-129
-163
-249
-325
-352
-286
-209
-218
-318
-413
-403
-325
-273
-304
-378
-425
-401
-364
-356
-385
-426
-428
-398
-377
-379
-383
-385
-358
-329
-335
-339
-328
-300
-285
-317
-347
-350
-306
-254
-219
-247
-290
-297
-251
-175
-150
-193
-249
-248
-186
-116
-91
-114
-152
-148
-93
-26
-6
-21
-55
-85
-66
-33
10
9
-29
-88
-120
-104
-70
-34
-56
-126
-196
-195
-103
-9
-8
-105
-203
-195
-77
50
69
-29
-129
-98
34
180
203
128
88
144
278
385
411
371
343
410
535
621
623
546
500
539
621
663
625
582
587
609
607
551
492
450
439
454
430
376
295
233
242
265
244
157
62
9
11
23
3
-52
-128
-182
-206
-200
-195
-221
-281
-322
-339
-322
-307
-323
-369
-404
-389
-368
-358
-369
-385
-384
-363
-340
-333
-336
-329
-306
-272
-259
-240
-219
-206
-195
-199
-190
-184
-160
-113
-83
-70
-83
-89
-68
-56
-44
-55
-60
-62
-63
-42
-35
-31
-44
-61
-59
-52
-54
-50
-43
-20
-8
-11
-28
-56
-58
-35
-11
-16
-50
-66
-53
-32
-16
-9
-16
-19
-25
-34
-36
-45
-58
-76
-74
-67
-40
-25
-29
-40
-54
-32
21
73
95
100
102
148
202
255
290
298
341
372
393
420
426
434
438
446
462
470
465
439
426
415
395
365
320
291
276
252
201
138
111
117
103
65
11
-24
-30
-25
-38
-94
-164
-202
-175
-146
-165
-214
-264
-278
-257
-231
-244
-284
-304
-305
-274
-277
-312
-352
-367
-337
-311
-309
-316
-290
-243
-199
-186
-194
-184
-151
-123
-91
-71
-71
-66
-42
-3
12
22
34
57
77
68
64
66
86
118
132
120
108
115
131
140
114
74
52
59
80
83
53
28
21
38
52
27
-22
-59
-63
-39
-36
-68
-104
-112
-98
-78
-71
-95
-109
-111
-101
-82
-75
-73
-66
-56
-43
-44
-51
-43
-26
-21
-5
7
24
42
55
67
79
89
110
137
159
172
165
163
169
180
183
171
181
208
211
213
200
197
187
181
191
186
160
126
96
74
63
54
39
29
12
-13
-25
-23
-20
-29
-45
-69
-84
-104
-105
-111
-124
-133
-143
-139
-148
-152
-158
-164
-165
-167
-175
-181
-181
-176
-176
-172
-163
-159
-133
-103
-78
-64
-69
-63
-53
-40
-26
-10
6
20
31
36
43
39
40
51
76
97
102
104
111
126
150
160
142
121
97
84
96
138
156
115
37
-9
-11
2
8
-1
-15
-49
-80
-89
-92
-80
-81
-99
-106
-90
-73
-69
-87
-94
-71
-47
-25
-20
-37
-61
-67
-47
-39
-33
-46
-56
-49
-34
-3
9
12
15
26
60
80
71
63
72
116
149
142
129
126
145
170
177
169
152
158
177
188
186
154
125
103
95
89
73
51
33
31
35
24
4
-24
-34
-41
-57
-69
-82
-100
-125
-169
-187
-178
-172
-187
-227
-255
-253
-238
-217
-200
-185
-180
-175
-156
-131
-115
-112
-102
-71
-41
-25
-26
-18
16
48
70
66
53
50
46
55
65
72
64
52
66
75
72
73
88
96
92
74
75
91
112
128
119
93
70
57
56
58
50
29
12
24
29
12
-10
-16
-9
-15
-36
-61
-73
-65
-58
-51
-63
-79
-88
-95
-74
-57
-58
-59
-64
-55
-42
-36
-24
-21
-9
-10
-20
-24
-16
7
27
34
33
42
48
52
56
58
68
81
85
82
68
71
80
89
97
95
91
95
96
102
110
106
99
77
65
65
69
63
53
36
24
14
7
6
-1
-18
-33
-47
-48
-59
-75
-91
-106
-112
-126
-137
-160
-177
-183
-181
-179
-176
-163
-148
-136
-121
-110
-102
-81
-59
-34
-18
0
12
22
40
51
71
78
86
95
101
110
102
97
102
124
133
137
133
118
109
100
90
100
107
103
89
80
71
60
42
18
-10
-33
-43
-41
-32
-37
-47
-61
-56
-70
-77
-86
-88
-86
-81
-83
-89
-91
-102
-96
-85
-84
-85
-94
-96
-101
-95
-87
-74
-58
-48
-42
-47
-50
-54
-48
-38
-30
-13
5
18
36
51
60
55
51
46
50
63
76
72
64
64
65
69
69
64
62
62
59
67
80
88
85
85
83
87
86
73
65
47
28
22
21
26
19
13
4
-14
-27
-38
-34
-28
-34
-45
-48
-49
-52
-57
-55
-57
-58
-65
-69
-71
-71
-65
-51
-30
-20
-13
-10
-4
-4
2
3
-3
0
8
15
13
17
19
31
46
58
68
71
73
73
84
93
86
79
66
57
51
50
46
28
4
-17
-25
-24
-42
-57
-61
-48
-39
-48
-54
-49
-44
-44
-44
-47
-62
-86
-98
-97
-88
-87
-89
-93
-90
-78
-71
-71
-63
-59
-45
-29
-27
-29
-31
-36
-45
-47
-45
-49
-41
-30
-9
5
10
20
37
55
55
49
51
63
59
56
56
65
83
80
73
66
60
58
61
76
104
116
113
99
96
98
99
101
78
55
28
7
-15
-30
-44
-50
-51
-45
-33
-35
-42
-47
-44
-55
-76
-84
-87
-94
-90
-79
-65
-60
-65
-58
-31
-5
8
3
-1
4
10
26
47
51
51
38
31
39
44
41
38
53
61
58
49
56
70
76
71
56
44
56
55
57
41
34
26
21
21
24
31
36
36
25
18
2
-8
-12
-12
-1
-3
-15
-32
-36
-35
-34
-39
-55
-61
-64
-70
-94
-103
-103
-96
-90
-95
-99
-107
-98
-78
-51
-37
-34
-32
-41
-41
-50
-50
-38
-6
32
46
29
4
4
9
37
51
49
31
11
17
34
47
48
54
61
64
61
48
38
31
16
3
-6
11
42
61
54
18
-21
-43
-41
-35
-35
-42
-35
-23
-13
-16
-17
-13
-13
-6
5
20
39
28
7
-12
-23
-20
-21
-17
-27
-25
-3
23
34
22
5
-17
-25
-35
-37
-7
27
27
6
-10
4
12
15
6
5
16
48
80
100
77
27
16
39
41
-26
-107
-90
27
141
166
101
3
-79
-102
-55
31
107
114
63
-3
-54
-94
-123
-114
-60
22
46
30
-33
-104
-137
-117
-58
-25
-18
-26
-28
-19
-36
-51
-51
-39
-19
-2
0
-15
-20
-12
9
11
-33
-77
-80
-49
-25
-10
7
20
28
26
34
36
22
6
18
64
86
75
45
47
75
84
58
20
6
8
22
41
53
49
36
25
30
22
-3
-24
-19
9
29
23
13
4
-5
-15
-13
-6
1
-8
-17
-27
-28
-24
-28
-19
-2
6
5
-8
-35
-33
-26
-18
-7
4
19
21
18
14
25
26
37
50
65
56
28
9
4
12
9
9
10
12
-4
-12
-6
6
9
2
5
19
23
9
-14
-35
-34
-32
-30
-15
-20
-35
-33
-14
-5
2
3
1
6
5
-11
-22
-25
-28
-38
-47
-40
-26
-20
-17
-18
-15
-13
-19
-27
-27
-15
-8
-5
10
18
12
4
-1
-5
-2
3
11
27
37
43
40
35
30
33
40
42
35
31
32
29
26
24
23
25
24
22
20
8
-1
-9
-21
-27
-38
-37
-35
-33
-40
-44
-44
-43
-44
-53
-62
-56
-48
-45
-35
-32
-25
-32
-43
-47
-53
-54
-54
-50
-50
-47
-43
-30
-17
-12
-15
-19
-11
-2
16
30
44
48
51
58
70
82
75
70
79
86
78
63
50
50
62
70
71
59
50
39
34
41
40
37
29
29
29
22
15
3
-10
-20
-29
-33
-37
-42
-48
-44
-39
-30
-19
-14
-16
-19
-20
-27
-33
-39
-46
-58
-66
-68
-61
-59
-56
-52
-50
-46
-43
-33
-24
-18
-16
-14
-12
-18
-20
-19
-11
-1
5
9
20
26
37
49
60
69
74
72
65
59
53
50
42
43
42
36
37
37
35
31
31
32
31
33
23
10
0
-7
-15
-19
-22
-28
-30
-37
-38
-39
-40
-38
-44
-37
-35
-31
-26
-25
-21
-20
-17
-16
-6
-6
-8
-11
-8
-1
-6
-4
-2
-2
-1
-2
2
7
11
12
14
26
36
40
39
35
35
30
28
25
23
22
17
13
14
14
12
15
7
2
4
6
5
4
-4
-7
-11
-16
-22
-28
-38
-44
-45
-44
-40
-38
-34
-28
-21
-16
-10
-5
-3
-6
-17
-21
-19
-20
-22
-24
-24
-22
-18
-12
-11
-11
-4
-2
-3
-2
3
3
1
-3
0
5
5
4
8
13
21
25
23
30
31
32
34
37
38
32
29
30
29
26
23
21
23
19
14
16
16
15
16
11
2
2
2
-5
-10
-14
-19
-20
-23
-21
-19
-24
-26
-23
-18
-13
-9
-11
-12
-9
-8
-6
-5
-9
-10
-3
-2
-3
-3
-5
-5
-2
3
4
10
15
12
21
23
22
26
28
26
22
19
18
13
7
2
-5
-3
1
2
-3
-5
-8
-7
-4
-3
-3
-13
-18
-22
-16
-15
-22
-23
-18
-12
-6
-4
-5
-11
-14
-9
-11
-15
-24
-20
-13
-4
-2
-2
0
5
11
9
10
3
3
6
10
20
18
14
14
8
5
4
2
2
1
1
2
9
3
-1
-2
-2
1
2
3
7
10
16
19
24
16
16
21
21
16
8
8
2
0
-3
-6
-8
-12
-9
-5
-5
-7
-6
-5
-7
-8
-10
-13
-13
-14
-11
-13
-16
-18
-19
-22
-22
-24
-24
-21
-16
-5
-6
-5
-8
-10
-5
-5
-2
-9
-7
-6
-1
-1
-1
1
0
0
5
3
3
1
-2
0
-1
-5
-2
2
9
15
12
16
12
11
8
11
9
6
7
5
9
4
7
4
2
5
-5
-11
-15
-11
-10
-9
-8
-17
-19
-17
-17
-17
-24
-27
-26
-15
-8
1
9
15
14
14
16
17
18
17
18
15
19
17
22
22
17
12
15
20
21
21
25
27
29
37
32
29
22
22
23
26
24
16
14
10
5
3
1
-2
-7
-1
3
3
1
-4
-9
-13
-11
-4
-2
-5
-10
-11
-17
-20
-24
-35
-38
-34
-29
-26
-21
-22
-18
-21
-17
-11
-10
-7
-11
-15
-14
-11
-8
-7
-2
7
7
9
7
8
5
3
4
7
4
-3
-10
-11
-12
-11
-7
-2
1
0
3
4
0
-5
-8
-4
3
4
10
4
3
-3
-5
-5
2
7
3
7
7
6
4
5
3
1
2
4
5
4
0
-3
0
-1
1
0
-1
1
-5
-5
-7
-4
-2
-1
0
1
0
-2
-3
-6
-5
1
6
9
10
3
2
6
6
8
7
14
20
16
14
10
8
10
12
12
9
10
14
10
7
12
5
4
-2
-1
-4
-10
-14
-15
-12
-12
-13
-10
-6
-7
-7
-12
-10
-12
-9
-7
-6
-8
-6
-6
-7
-2
-5
-6
-5
-2
-4
-4
0
1
2
0
4
9
5
3
3
3
5
7
7
7
8
8
7
4
1
0
-1
1
-1
1
5
3
-1
2
0
-4
-2
1
-1
-1
1
-4
-5
-4
-3
-5
-6
-6
-3
-3
-8
-8
-5
-6
-4
-4
-3
-4
-4
-3
-4
2
0
2
3
-1
-4
-3
-1
-7
-4
-1
-2
1
-2
-2
-3
1
9
11
12
13
8
11
11
7
8
10
10
11
12
13
14
12
15
14
14
13
13
13
7
7
4
3
1
3
2
0
1
-1
-7
-7
-7
-5
-5
-3
-3
-3
-5
-7
-8
-9
-7
-10
-14
-14
-16
-16
-13
-12
-13
-15
-15
-15
-15
-16
-11
-12
-16
-11
-8
-6
-4
-1
-1
-2
-3
-3
-5
0
0
1
0
-2
1
0
2
5
4
5
4
5
6
4
5
2
3
3
-1
1
1
-2
-3
2
6
6
8
5
7
6
4
5
2
3
2
1
-4
0
-3
-3
0
1
-1
-4
1
5
7
4
4
5
5
1
5
7
2
4
5
6
4
4
5
4
7
5
6
8
6
5
5
7
9
12
12
8
6
4
1
4
6
7
6
5
6
6
4
3
3
-1
0
0
2
4
-1
-5
-3
-8
-7
-4
-7
-6
-3
1
1
0
-1
-2
-2
0
-1
-3
-3
-6
-10
-12
-13
-15
-12
-14
-15
-12
-7
-8
-8
-9
-5
-1
-2
0
-4
-2
-4
-10
-7
-9
-9
-10
-11
-12
-11
-10
-9
-2
-1
0
0
1
1
0
0
1
3
5
6
8
5
3
1
1
3
2
2
7
8
11
7
3
3
7
5
7
4
1
-3
-6
-6
-8
-8
-7
-2
3
1
-2
-2
-3
-7
-4
1
7
8
6
6
6
6
2
2
4
4
1
1
2
-2
1
3
7
7
5
3
0
2
-1
-3
-1
0
0
0
0
2
2
4
2
1
5
7
9
6
10
3
1
4
4
5
1
2
1
-2
-7
-11
-15
-10
-10
-7
-7
-10
-6
-9
-5
-4
-3
-2
0
0
1
-2
-3
-2
-3
-7
-2
0
-2
2
-1
1
0
1
2
5
4
5
10
9
8
12
14
15
14
14
15
12
14
14
13
17
17
15
14
15
13
7
11
13
7
3
6
1
-4
-6
-8
-7
-14
-13
-15
-21
-21
-25
-26
-24
-25
-25
-24
-22
-19
-17
-15
-16
-11
-16
-13
-12
-10
-11
-8
-3
-2
4
5
5
3
6
6
8
7
5
9
9
11
8
10
14
15
17
18
18
20
15
15
12
11
11
7
6
2
2
-2
-3
-3
-6
-9
-4
-7
-6
-11
-17
-14
-16
-16
-17
-14
-18
-18
-17
-14
-14
-14
-12
-13
-8
-6
-1
-3
-4
-1
-3
1
0
4
7
8
9
7
4
4
5
3
6
9
12
12
10
8
7
10
8
10
11
8
8
9
9
9
12
15
14
15
11
11
5
0
-2
-3
2
-2
-1
-4
-4
-5
-7
-5
-3
0
4
4
2
-2
-3
0
1
3
4
8
6
3
2
-1
-6
-7
-8
-5
-8
-8
-6
-9
-6
-6
-7
-3
-1
-7
-4
-10
-10
-10
-14
-9
-5
-1
1
3
4
3
4
5
5
9
6
7
7
5
2
0
0
0
2
-1
-1
-2
-3
-2
-1
2
5
4
3
3
6
2
2
2
-3
-2
-3
-3
-1
-1
-4
-2
0
2
7
7
11
14
12
9
3
1
0
4
4
5
7
3
2
0
1
-1
3
1
0
0
1
3
2
5
6
6
2
2
-1
-3
-8
-9
-8
-7
-5
-5
-2
-4
-8
-8
-9
-8
-6
-3
-8
-11
-12
-12
-15
-15
-14
-15
-9
-2
1
1
-3
-1
-2
-1
2
-1
2
1
3
-2
-4
-2
-4
-1
-7
-4
-4
-4
-1
3
7
11
8
9
10
10
11
10
6
2
2
0
1
-1
0
0
1
7
10
13
12
10
13
7
6
6
4
5
3
1
0
-3
-4
-3
-8
-10
-11
-13
-13
-13
-10
-9
-4
-6
-7
-5
-8
-6
-10
-11
-11
-16
-11
-12
-10
-6
-1
1
1
0
5
6
5
7
3
5
3
5
7
9
6
2
1
1
2
0
-1
1
4
4
6
11
12
10
13
8
9
10
