SAMPLES:	16009
BITSPERSAMPLE:	16
CHANNELS:	1
SAMPLERATE:	16000
NORMALIZED:	FALSE
1
1
2
-1
-1
0
4
4
0
-1
-2
-2
-2
-1
2
5
5
7
8
7
6
2
1
-1
-1
-4
-3
0
-3
-2
0
-1
3
3
-3
0
-3
-11
-10
-6
-8
-5
-4
-7
-4
-5
-5
-7
-7
-5
-4
-6
0
0
-1
-1
0
7
-1
2
0
0
3
-1
1
3
4
5
7
4
8
11
8
9
9
9
8
5
3
3
-1
1
-4
-1
2
-1
1
0
-1
-4
-9
-12
-5
-9
-3
0
-1
4
6
7
3
1
0
-4
-7
-6
-6
-6
1
0
2
5
5
8
6
7
6
2
1
1
2
3
3
4
4
2
0
4
9
5
5
7
5
-1
-1
-2
2
4
6
8
5
4
9
4
-2
-1
-4
-3
-3
3
3
-2
-1
-5
-4
2
-1
-2
-4
-1
1
1
4
2
5
5
6
10
10
6
1
-3
-4
1
0
1
4
3
-1
2
4
-1
-2
0
0
-1
-1
1
0
2
-1
-5
-4
-10
-8
-12
-10
-11
-9
-8
-10
-6
-8
-9
-8
-9
-7
-7
-8
-10
-7
-4
-10
-7
-3
-4
-8
-2
0
-3
1
-1
-2
4
5
2
3
1
0
0
0
-1
-3
-4
0
6
5
8
9
7
5
4
0
1
1
4
-1
-10
-9
-7
-8
-9
-9
-5
-1
0
1
-1
-1
-5
-4
0
2
4
0
6
7
6
2
6
8
-3
-4
2
-6
-12
-8
-4
-2
-2
-6
-2
3
-1
-2
4
7
3
-4
-4
-1
1
0
1
3
2
2
1
7
6
7
10
10
16
14
10
4
3
8
4
1
3
-1
-6
-1
-3
-1
-1
-3
2
7
7
11
8
10
11
7
6
0
-2
-2
-4
-3
-1
3
7
10
13
10
13
9
4
4
5
4
1
-6
-8
-5
-8
-9
-9
-4
-4
-6
-2
-1
-1
0
1
0
2
1
0
0
-1
-2
-3
-3
-5
-5
-5
-6
-5
3
5
3
5
5
3
1
1
1
1
-4
-7
-10
-9
-8
-3
0
6
4
6
8
4
3
-2
6
3
6
0
-10
-8
-8
-9
-6
0
0
-5
-4
-2
-2
5
4
5
1
0
-2
-2
-5
-10
-12
-11
-6
-6
-4
-6
-6
-5
-6
-6
2
2
2
3
-1
-5
-9
-9
-7
-6
-4
-6
-5
1
2
-1
-1
-3
-3
-3
-2
-3
-3
-2
-1
1
2
4
-4
2
0
2
7
6
9
12
7
9
13
8
3
0
-1
1
-1
-1
2
1
2
0
4
2
2
0
1
3
3
1
-1
-2
-3
-3
-2
-2
3
2
0
4
2
4
7
8
6
7
7
6
2
1
1
2
0
4
5
2
0
1
8
1
3
3
-1
-6
-8
-3
1
4
-2
-1
-3
-5
2
2
3
4
12
13
12
10
6
4
-2
-3
-2
-6
-3
-1
-6
-8
-6
-2
1
6
6
9
0
0
9
4
2
-1
-5
-8
-10
-4
-4
-3
-3
1
0
2
8
7
5
0
-5
-3
-8
-14
-16
-18
-15
-9
-7
-7
-3
-7
-4
2
1
2
7
8
6
5
3
-5
-4
-2
3
8
6
1
-7
-5
-8
-5
-1
-1
2
4
9
5
1
0
-2
0
-2
-1
-1
-9
-8
-8
-7
-7
-4
0
-2
3
-4
-2
-2
-7
-4
1
0
-5
-1
1
4
3
-4
2
0
0
4
8
8
8
0
-5
0
4
2
-3
-4
-4
-8
-9
-8
-13
-14
-16
-16
-16
-16
-10
-3
3
2
0
-4
-7
-12
-7
-6
-3
1
6
13
19
17
9
9
13
8
7
15
19
10
2
1
2
5
6
7
2
0
-1
-3
1
2
4
4
6
14
15
9
1
4
6
8
14
18
12
4
0
-10
-17
-17
-10
-6
4
14
14
15
7
8
-4
-5
1
-1
7
3
1
-3
-12
-16
-24
-17
-10
-7
1
8
5
-1
1
3
11
15
15
14
4
-5
-13
-18
-19
-23
-22
-17
-1
3
7
18
16
12
4
7
12
12
8
2
-3
-4
-7
-7
-5
2
5
4
11
8
-1
-10
-11
-13
-8
-2
3
4
2
1
-5
-4
-8
-9
-15
-16
-6
-1
1
1
0
-16
-20
-23
-18
0
9
12
21
17
6
-4
-13
-6
-7
-5
7
10
11
2
4
7
1
2
3
6
8
20
21
16
22
15
5
1
5
-2
-6
-6
-3
-8
-16
-7
0
-4
-2
1
0
3
0
-2
0
5
2
2
12
13
5
5
5
-2
-3
-4
-5
-1
9
10
5
1
-6
-17
-23
-18
-21
-20
-15
2
7
2
-5
-2
-2
-6
-7
-4
7
8
4
5
6
5
3
-3
5
7
8
10
5
3
0
-4
-13
-3
0
-2
1
-4
-5
-10
-12
-10
-8
-2
-4
-6
-4
-1
1
2
4
4
9
7
11
13
2
-6
-8
-5
-5
-7
-6
-7
-4
-1
-4
-9
-8
-5
-2
0
-2
-4
-5
-7
0
1
2
2
3
14
25
31
21
18
15
12
3
-1
5
5
7
7
5
3
-2
-16
-20
-21
-19
-13
-19
-17
-12
-15
-7
-3
-2
-7
-5
0
5
13
7
0
7
13
17
25
20
18
23
22
17
6
0
-1
2
11
15
14
6
0
1
2
0
2
1
3
8
-2
-5
-9
-14
-16
-17
-13
-11
-8
-13
-17
-13
-14
-18
-20
-16
-12
-7
-4
-2
4
1
3
-3
-12
-8
-5
1
-3
-5
3
7
4
8
3
3
11
19
19
16
15
15
8
8
3
-1
-7
-12
-11
-14
-6
-7
-3
-4
3
6
5
14
11
14
10
7
-3
-17
-19
-20
-13
-9
-4
5
-3
-2
-3
-8
-5
8
11
8
14
5
-4
1
6
6
6
6
-3
-7
-7
-13
-13
-19
-17
-13
0
0
-6
-14
-14
-16
-15
-15
-6
1
-3
-1
5
3
-5
-9
-9
2
2
-4
-9
4
10
6
8
9
13
13
18
24
20
10
8
8
13
16
7
6
6
10
4
7
16
13
9
6
12
6
2
2
-3
-4
-4
-3
-8
-16
-15
-10
-5
-6
1
2
-1
-1
-6
-12
-18
-7
3
8
11
10
3
-3
-6
-8
-10
-13
-4
0
5
6
4
7
6
5
3
5
8
5
5
0
-4
-3
-12
-10
-3
0
4
5
1
1
4
2
7
10
7
10
13
13
9
4
0
-4
-9
-14
-9
-6
-8
-10
-8
-4
-3
0
-1
2
0
-6
-7
0
9
1
-5
0
-4
-3
2
4
12
11
3
-3
4
4
-3
-4
-5
-10
-7
-15
-12
-10
-20
-13
-4
-2
-1
0
2
6
3
3
8
11
11
9
11
7
10
5
1
3
11
10
10
10
7
5
-1
-1
-1
0
-2
-7
-9
-11
-11
-6
0
0
-4
-10
-10
-2
-3
-7
-6
-7
-2
-5
-7
-8
-2
1
-2
1
2
-5
-3
0
4
1
-6
-2
-3
-3
4
7
-3
-4
-1
3
5
5
3
-2
-1
-2
-3
-7
-6
-12
-9
-2
2
5
-2
-2
0
1
9
11
11
6
3
-1
-4
0
-6
-4
2
4
2
-1
-3
-4
1
4
-1
2
4
0
4
-1
-2
-8
-5
-4
2
3
5
12
9
6
2
4
2
6
8
9
13
9
8
5
3
0
-6
-5
-7
-8
-8
-12
-11
-11
-9
-9
-9
-10
-14
-13
-11
-11
-7
-2
1
-2
-3
-2
-5
-6
-5
-3
3
5
3
5
9
6
9
12
16
15
10
14
11
15
14
14
8
7
9
6
0
-5
-3
-8
-8
-3
-7
-3
-5
-6
-4
-7
-1
3
6
9
11
10
11
10
10
7
5
10
7
5
6
7
3
2
1
1
4
4
7
-1
-4
-11
-14
-9
-5
-3
-4
-6
-5
-7
-5
-9
-12
-9
-7
-5
-1
3
2
6
8
12
11
14
14
15
13
15
12
10
8
0
-2
-2
-6
-1
-2
0
3
-3
-2
0
4
-1
-6
-6
-3
-5
-7
-14
-21
-22
-24
-17
-14
-10
-9
-9
-2
7
9
6
-1
-3
3
3
3
-2
-9
-11
-13
-9
-8
-14
-18
-15
-12
-5
-7
-10
-9
-11
-12
-18
-13
-4
1
0
2
5
1
-4
0
4
8
7
2
-5
-16
-18
-17
-7
1
16
28
32
29
17
11
1
-5
-12
-15
-6
-5
4
6
-2
-8
-20
-20
-9
3
19
31
31
29
32
30
21
14
4
0
1
1
7
11
6
2
8
17
20
12
9
10
1
-3
-4
-7
-8
-15
-17
-20
-22
-23
-23
-21
-21
-23
-23
-18
-8
-5
-7
-7
-6
-5
3
22
22
23
19
17
31
33
29
34
39
37
31
42
42
42
43
40
26
11
10
4
5
5
6
-1
-7
-12
-21
-30
-37
-42
-38
-26
-15
-16
-22
-26
-30
-34
-36
-33
-26
-12
8
14
13
8
-2
3
0
-2
-3
-2
8
14
10
9
0
-10
-21
-16
-9
-13
-15
-23
-24
-21
-20
-20
-26
-30
-38
-43
-42
-35
-36
-27
-18
-14
-4
4
11
9
8
4
12
22
33
44
49
56
46
39
39
31
24
25
30
33
35
22
9
1
-4
4
3
1
-11
-24
-24
-21
-11
-12
-17
-25
-28
-16
-5
-3
-9
-4
4
10
24
32
24
17
21
16
19
24
19
26
25
26
22
14
-1
-11
-11
-7
5
-2
-1
7
3
2
-16
-30
-33
-34
-29
-25
-21
-21
-32
-39
-39
-36
-36
-43
-39
-28
-8
14
23
18
7
14
26
36
43
33
22
17
31
35
29
23
4
-5
-7
-5
-14
-19
-27
-30
-17
-9
-1
0
1
-11
-9
-20
-31
-35
-34
-21
-4
14
23
23
7
2
4
4
1
-5
4
25
39
49
43
26
13
1
-3
-2
1
-6
-4
5
0
-6
-17
-18
-30
-40
-33
-24
-16
-18
-18
-16
-13
-22
-32
-21
-5
-4
-3
2
6
-1
-8
-18
-20
6
31
59
62
49
32
5
6
19
32
38
45
66
67
56
36
15
-4
-15
-9
-6
19
41
52
45
23
-2
-20
-24
-13
-5
1
17
39
38
-1
-37
-60
-55
-53
-49
-27
-22
-30
-53
-62
-57
-56
-51
-44
-42
-20
-8
-23
-33
-44
-60
-55
-30
4
17
10
-16
-9
40
64
44
32
35
44
60
92
114
79
25
12
41
40
18
8
3
29
16
-5
-14
-30
-53
-64
-36
-12
-20
-44
-59
-39
-30
-41
-46
-48
-34
-8
13
31
39
46
41
29
33
28
27
54
85
92
84
41
-18
-34
-8
-12
-29
-56
-59
-32
-40
-59
-84
-97
-103
-94
-83
-63
-19
-5
-18
-37
-46
-52
-70
-84
-74
-9
45
40
36
57
69
46
38
54
56
69
95
100
87
55
41
53
76
70
56
46
27
32
28
21
-3
-29
-46
-15
41
79
77
16
-61
-74
-23
13
15
-24
-68
-78
-36
15
25
-2
-29
-33
-14
23
58
30
-10
-3
46
77
43
31
17
-26
-58
-60
-52
-88
-104
-52
-3
0
-12
-23
-24
7
43
37
44
76
87
78
53
49
67
55
27
34
46
32
21
17
-2
3
-17
-70
-64
-19
6
-23
-64
-82
-96
-103
-73
-72
-106
-132
-121
-76
-63
-74
-105
-87
-38
0
45
83
72
28
38
103
131
114
84
72
32
-19
-22
9
61
34
-23
-38
-8
43
26
-35
-66
-49
-40
-10
23
-6
-60
-86
-55
-21
-12
-48
-100
-95
-29
17
-2
-24
-47
-59
-73
-103
-65
-40
-61
-125
-112
-26
6
-25
-27
47
38
-18
-27
-19
-16
-19
-3
14
45
8
-57
-81
-61
-29
-27
47
74
91
156
168
163
126
84
107
156
159
148
129
86
37
-10
-1
14
53
93
76
58
108
156
134
109
69
85
164
146
115
81
83
93
107
136
117
98
89
58
113
173
107
94
71
98
120
77
-18
-33
-45
-54
-50
-34
-47
-110
-174
-142
-107
-107
-101
-115
-164
-124
-151
-181
-140
-174
-127
-171
-83
-49
-93
-172
-189
-68
-47
-2
-62
-77
-104
-116
-100
-22
16
-54
-101
-130
-113
-127
-83
-83
-43
-56
-37
13
-41
-58
-66
-8
46
68
101
49
52
9
-61
-64
-54
-30
-49
-11
-19
-15
-84
-220
-156
-206
-194
-95
-138
-134
-268
-290
-271
-250
-212
-288
-298
-328
-294
-176
-178
-188
-212
-198
-237
-245
-176
-136
-114
-121
-179
-204
-86
-5
9
-56
-63
69
64
147
213
163
39
108
275
271
317
381
451
381
397
497
526
515
568
587
612
679
717
718
715
693
677
683
741
869
876
828
706
737
628
641
713
713
586
545
480
532
566
319
205
253
433
270
2
125
270
171
-125
-232
40
109
-311
-331
-28
-193
-498
-658
-99
-57
-527
-876
-140
64
-666
-1252
-641
-186
-555
-826
-813
-416
-768
-596
-832
-660
-956
-881
-391
-698
-1111
-922
-246
-553
-1168
-1178
-557
-434
-624
-1045
-800
-510
-392
-750
-838
-470
-443
-513
-529
-402
-404
-465
-384
-431
-543
-343
-177
-439
-746
-814
-658
-671
-952
-947
-806
-791
-981
-938
-857
-911
-1010
-994
-668
-547
-597
-536
-301
-147
-70
21
236
410
594
772
1044
1270
1451
1611
1785
1922
2076
2280
2420
2442
2498
2601
2640
2566
2517
2570
2418
2343
2166
1986
1969
1849
1745
1528
1306
1115
943
873
765
531
586
493
334
285
177
335
209
31
24
27
6
-44
-182
-193
-152
-134
-288
-478
-484
-205
-257
-1039
-1021
-588
-205
-1157
-1634
-874
-508
-903
-1856
-1697
-986
-908
-1004
-2220
-1347
-393
-840
-1865
-1741
-672
-773
-1431
-1629
-405
-669
-1213
-1757
-708
124
-1289
-1886
-295
444
-1336
-2294
-276
651
-853
-2191
-872
1051
-16
-1876
-1781
561
566
-1613
-1767
330
821
-773
-1632
-192
911
135
-969
-586
499
330
-308
-245
370
232
-250
40
395
-10
-538
-167
132
-180
-361
-296
19
-101
-492
-399
-12
-46
-259
-172
28
-106
-247
-22
314
413
143
364
707
688
679
719
1049
1268
1246
1295
1588
1734
1717
1635
1895
2052
1949
1972
1908
2002
1840
1740
1769
1708
1680
1407
1362
1414
1288
1137
935
838
749
813
786
439
275
570
816
244
-177
-136
611
545
-397
-591
279
865
-436
-678
310
292
-517
-515
-101
-450
-200
8
-688
-714
46
-201
-1189
-733
65
-672
-1158
-639
-321
-1084
-1284
-911
-249
-1120
-1996
-473
-209
-1010
-1858
-761
-548
-834
-1196
-1629
-621
-290
-1299
-1439
-929
-485
-1069
-1046
-883
-1059
-474
-782
-648
-1557
-892
-131
-525
-558
-1214
-668
156
-545
-958
-1042
127
-118
-1144
-108
252
-245
-743
-537
399
53
-556
-332
472
498
-329
-423
110
705
-233
-163
131
186
-78
-359
33
-46
-154
-189
243
346
-236
-546
-80
226
13
-282
35
286
255
100
34
450
367
271
296
590
797
712
667
798
987
1124
1105
1157
1167
1133
1334
1401
1509
1356
1191
1326
1494
1478
1306
1181
1054
1262
1280
930
770
675
914
844
733
641
474
614
787
450
-25
277
720
478
79
206
647
353
-297
327
437
-283
-385
539
937
-134
-817
-439
972
176
-1281
-526
289
-104
-733
-359
168
-716
-916
-583
-167
-594
-1070
-679
-219
-568
-1503
-1264
239
-538
-1568
-757
-362
-771
-1265
-1044
-815
-768
-1349
-633
-150
-696
-1399
-1083
-406
-283
-1201
-939
-747
-40
-533
-1220
-499
-73
-488
-1177
-838
154
-95
-1230
-568
407
19
-963
-671
102
55
-703
-380
65
461
-363
-589
267
384
-364
-775
-131
363
-23
-374
220
619
-106
-446
-445
101
6
-461
-207
-50
117
23
-44
-95
-305
-343
-17
180
53
1
92
405
321
131
187
562
594
402
491
798
1026
807
469
872
1298
1086
848
1160
1396
1200
834
1028
1558
1313
797
596
1317
1617
746
365
1070
1212
421
434
824
551
334
560
454
553
593
363
219
341
555
271
238
390
242
217
97
332
137
138
173
81
169
6
440
-352
-429
101
349
-425
-88
-237
11
-147
-857
-238
-374
-380
-584
-795
36
-932
-711
104
-1122
-851
-778
-375
-790
-1332
-455
-820
-217
-583
-1738
-528
-556
-547
-1055
-1209
-24
-781
-967
-1071
-791
27
-920
-956
-1028
77
-323
-1602
-458
100
-505
-677
-344
-309
-698
-152
-317
-733
-302
259
92
-749
119
-56
-79
-135
-402
41
-201
125
264
-15
-358
84
390
-376
-777
-95
138
-195
-497
117
370
-340
-366
-67
-147
-312
-125
-210
-294
-76
232
196
-145
-113
286
143
253
465
613
646
664
637
615
911
868
778
988
1183
1065
1081
1194
901
806
1239
1208
955
1062
1176
968
774
991
768
531
802
651
502
872
755
423
445
703
419
478
433
184
544
456
211
505
393
234
277
497
270
184
415
-113
318
-186
415
300
-381
244
-244
316
132
-459
-159
-425
279
-845
-630
275
-101
-818
-405
-518
-415
-703
-732
-544
-564
-1104
-706
-303
-1330
-936
-336
-153
-1494
-1212
-407
-438
-1012
-1608
-99
-61
-1149
-1256
-371
-253
-1003
-1166
-424
-242
-972
-425
-438
-868
-805
-298
101
-273
-1007
-299
65
-120
-541
-929
-78
344
-94
-852
-35
585
-525
-907
-64
299
161
-667
-209
632
74
-388
-221
-50
-9
-828
-167
417
-95
-186
52
176
-178
-479
127
238
-268
-293
222
612
60
-152
322
316
145
63
395
640
513
493
435
864
934
504
436
952
1177
894
671
1158
1273
519
924
1336
1134
341
702
1382
1156
453
518
1418
912
308
338
866
1016
305
136
635
612
462
436
854
471
-33
368
314
915
265
-10
410
393
956
-717
-18
515
532
-31
-663
843
82
-168
-507
658
215
-563
-262
-156
-266
-1065
155
63
-844
-481
-89
-325
-1317
-953
62
-831
-1344
-361
-111
-1130
-1100
-499
-353
-911
-1299
-298
-639
-1680
-991
-288
-163
-1155
-791
-612
-437
-1222
-951
-114
-1110
-1096
195
-243
-1218
-643
340
-543
-1671
-184
-81
-531
-381
-212
-580
-152
146
-391
-538
19
313
-61
-482
-345
251
22
52
281
85
-327
-298
118
-179
-663
298
488
-241
-807
113
827
-490
-511
272
-127
-443
-29
362
83
-408
-98
515
338
-324
41
504
284
-25
388
973
862
515
411
892
1091
633
588
1035
1092
848
1017
1126
1192
970
564
1079
1414
871
756
1016
1088
872
913
880
830
450
355
1161
944
499
469
450
1023
668
-143
619
355
380
428
7
931
-72
416
-58
130
485
-447
244
301
796
-169
31
128
-3
-210
-147
-599
-268
-235
-72
-462
-331
-120
-797
-565
-534
-86
-1020
-1157
-791
-181
-634
-851
-792
-998
-1489
-832
-331
-688
-1551
-201
-673
-785
-756
-897
-636
-1387
-638
-626
-1020
-301
-478
-439
-1115
-1179
330
-1177
-1211
-400
-543
-79
-1108
-91
-74
-571
-390
-679
-45
-152
-473
60
-147
-96
294
120
-313
-430
107
454
17
35
396
150
-82
-65
48
-72
-578
-237
7
-7
123
-243
-585
-373
-89
-44
-454
-383
61
141
-215
-376
90
211
-129
-72
337
336
79
383
413
559
850
1092
1021
724
776
1048
1109
858
1122
1355
1275
1203
1654
1418
842
986
1299
1127
1032
1296
1163
774
913
1016
732
519
797
651
467
718
815
532
86
110
709
508
71
-14
272
577
315
352
-75
51
308
111
-43
-240
139
883
-100
-458
-373
257
-31
-419
-143
-523
-358
-343
-718
-1125
-45
41
-700
-941
-735
-236
-272
-1351
-1400
-380
98
-472
-984
-846
-1159
-1254
-670
-1067
-969
-810
-102
-612
-1189
-1190
-1037
-957
-1091
-746
-379
-515
-989
-906
-686
-482
-1028
-723
-200
-204
-1047
-918
92
-138
-1131
-1115
239
33
-248
-330
-59
-149
-699
-453
50
527
538
-227
24
317
-127
-263
-358
-144
-518
-42
126
-396
-720
-789
-318
-171
-89
-425
-857
-598
-377
-107
-179
45
85
-159
-13
-165
-78
271
546
601
610
847
1045
1026
887
855
1219
1604
1565
1462
1629
1624
1426
1458
1706
1759
1443
1522
1413
1578
1643
1243
933
1230
1870
1192
400
705
1021
896
654
556
757
358
-2
284
753
725
375
135
73
105
324
87
346
285
-67
216
163
-50
-113
-326
-43
-360
-335
316
2
-767
-752
-149
50
-521
-899
43
-680
-711
-560
-431
-785
-1452
-746
-649
-709
-321
-892
-722
-741
-746
-557
-1373
-1083
-847
-843
-970
-776
-924
-1373
-1016
-345
-1120
-1204
-1049
-1043
-1064
-820
-170
-304
-803
-612
-804
-810
-1002
-923
-323
-787
-456
-78
-120
-101
-1123
-856
269
0
-184
-644
-154
237
-364
-112
-436
-405
-244
-744
-285
-127
-451
-1004
-955
-149
-208
-631
-533
-432
-536
-984
-914
-597
-427
-278
-386
-308
-95
-199
35
-188
-206
381
665
887
781
866
1001
1202
1547
1596
1826
1864
1887
1916
2044
2247
2137
2108
2241
2260
1919
1844
2339
2110
1648
1512
1601
1631
1219
1201
1109
1128
1025
824
883
297
-105
314
748
890
226
96
-41
91
3
-202
-54
-48
19
24
-252
-348
-574
-164
-145
-195
-202
-188
83
-497
-442
-255
-500
-342
-973
-22
311
-674
-801
-1069
-329
-1583
-984
-106
-845
-725
-1421
-647
-689
-1303
-965
-1587
-643
-1233
-674
-324
-1231
-661
-1415
-410
-1185
-1132
-119
-1533
-1026
-698
-483
-1090
-1447
130
-828
-1065
-1022
-899
-612
-691
-104
-452
-618
-346
-334
-360
-673
-332
-74
-224
71
394
65
-597
-768
2
-211
-907
-824
-633
-180
-409
-762
-772
-1629
-1538
-1125
-999
-740
-1055
-862
-960
-978
-762
-1209
-1104
-601
-183
22
-151
138
341
484
620
891
1251
1388
1803
1932
1894
2051
2069
2287
2343
2540
2565
2536
2858
2783
2848
2375
2143
2290
2385
2754
2235
1816
2000
1699
1343
896
1252
1122
611
865
708
552
87
-205
32
-55
347
-79
-231
-249
-707
-351
-409
-28
5
-775
-694
-586
-262
-443
-495
161
-346
-121
-234
-341
-571
-642
83
-515
-670
-118
-326
-746
-1389
-492
-295
-700
-817
-1180
-543
-938
-406
-564
-894
-803
-1002
-961
-1531
-798
-900
-971
-677
-1079
-714
-1559
-812
-794
-1399
-1318
-831
321
-704
-1496
-823
-527
-227
-860
-467
-410
-827
-243
-728
-853
-819
-788
-155
-237
187
-258
-720
-534
-821
-456
-780
-668
-525
-937
-1049
-1624
-1392
-1484
-1493
-1264
-1263
-1223
-1518
-1364
-1331
-1517
-1278
-1005
-735
-931
-992
-707
-553
-335
-150
313
377
610
1103
1307
1530
1578
1816
2154
2386
2683
2933
3282
3356
3386
3308
3321
3312
3294
3518
3368
3278
3025
2687
2661
2401
2237
2023
1963
1713
1151
1034
794
714
682
435
182
-178
-391
-324
-448
-278
-543
-849
-852
-651
-516
-1197
-1195
-889
-722
-425
-459
-423
-706
-640
-781
-477
-359
-471
-540
-456
-379
-730
-525
-410
-100
-533
-1179
-1014
-669
-346
-1103
-1422
-532
30
-370
-1347
-1146
-1209
-879
53
-450
-1499
-1894
-984
-311
-332
-817
-1689
-1769
-1036
-1201
-915
-1022
-874
-845
-973
-502
-834
-899
-1106
-589
181
193
-281
-682
-680
-529
-287
-63
343
295
515
-88
-862
-926
-1030
-1017
-1280
-710
-496
-832
-1283
-1904
-2313
-2203
-2040
-1757
-1655
-1708
-1727
-2054
-1886
-1726
-1761
-1737
-1566
-969
-514
-471
-308
-110
262
631
1086
1639
1968
1988
2039
2294
2861
3373
3664
3874
3922
3949
3772
3930
4099
4013
4010
4040
4260
3771
3319
3075
2667
2325
2297
2645
2285
1509
1064
1003
531
103
-124
-145
-166
-648
-950
-1013
-947
-1449
-1732
-1536
-1337
-1301
-1548
-1841
-1504
-1392
-1620
-1463
-693
-520
-1193
-1127
-940
-508
-322
-124
157
-206
-183
-256
-249
-70
-444
-141
105
163
-222
-326
-631
-1116
-420
-400
-559
-149
-245
-1242
-1904
-1093
-462
-508
-794
-963
-916
-1847
-1125
-638
-1028
-1088
-1319
-962
-1234
-231
-731
-1362
-1026
-648
-53
-61
-225
-333
-1131
-766
-100
77
340
33
-188
-412
-208
-377
-1149
-1272
-1495
-1399
-1066
-1363
-1906
-2633
-2928
-2930
-2432
-2470
-2668
-3023
-3137
-2789
-2596
-2063
-2086
-2370
-2298
-1912
-1098
-751
-406
-454
-181
422
962
1518
1924
2040
2119
2570
3374
4068
4211
4281
4270
4550
4827
5058
5237
5194
4968
4888
4968
4936
4527
4006
3513
3479
3507
3199
2622
2074
1657
1336
1087
781
656
268
-572
-1140
-1299
-1230
-1378
-1721
-1870
-2027
-2365
-2654
-2357
-1942
-2135
-2449
-2203
-1805
-1541
-1784
-1577
-1089
-845
-720
-381
-426
-681
-479
367
330
378
313
24
-174
424
766
-367
-544
-296
92
12
-508
-895
-1224
-526
-265
-619
-813
-1328
-1287
-847
-1241
-979
-979
-1008
-1444
-1425
-987
-1527
-1330
-1391
-1076
-1031
-736
-669
-1067
-1047
-893
-602
-619
-580
-718
-646
30
56
64
-191
-76
-268
-783
-974
-1422
-1565
-1330
-1596
-1686
-1897
-2214
-2807
-3144
-2973
-2847
-2926
-3078
-2994
-2965
-2953
-2862
-2751
-2536
-2334
-1973
-1555
-1228
-989
-929
-333
178
886
1534
1895
2305
2561
2884
3393
4022
4600
4774
4928
5161
5319
5463
5528
5601
5625
5519
5528
5273
4908
4443
4138
3949
3675
3391
2928
2356
1677
1057
782
664
409
-52
-552
-869
-1268
-1552
-1873
-2141
-2258
-2294
-2089
-2157
-2383
-2827
-2979
-2546
-2072
-1716
-1645
-1738
-1826
-1733
-1402
-938
-625
-616
-454
187
381
116
26
371
286
411
957
1153
408
32
234
254
149
286
268
-491
-1076
-725
-190
-504
-1294
-1418
-1244
-1203
-1148
-1059
-1329
-1919
-1808
-1410
-1055
-1007
-1007
-1210
-1747
-1292
-611
-682
-1013
-527
-346
-433
-467
-40
-69
-812
-462
435
885
36
-1481
-2218
-2431
-1932
-1266
-1530
-2351
-3536
-3912
-3772
-3419
-3229
-3668
-4410
-4715
-4272
-3857
-3767
-3761
-3733
-3673
-2999
-1950
-1455
-1768
-1792
-1066
132
1192
1960
2356
2381
2587
3373
4509
5168
5300
5298
5541
6048
6631
7135
7269
6988
6691
6603
6758
6753
6259
5420
4801
4481
4224
3810
3059
2227
1440
1035
1132
1108
821
286
-171
-528
-761
-939
-1279
-1690
-2201
-2701
-3011
-3064
-3153
-3314
-3369
-3253
-3391
-3589
-3415
-3155
-3028
-2949
-2587
-2282
-1942
-1538
-1295
-1348
-1134
-595
27
432
230
-312
-324
444
1040
645
-218
-529
-233
227
321
54
-530
-1092
-1207
-699
-635
-757
-864
-1590
-1730
-1715
-1534
-1558
-1860
-2046
-2360
-1875
-699
-723
-1222
-1808
-1927
-1637
-787
328
-184
-553
-506
-52
676
873
888
11
-876
-1461
-1484
-1139
-984
-1337
-2043
-2585
-2838
-3072
-3128
-3515
-3850
-3905
-3831
-3562
-3593
-3626
-3925
-3839
-3232
-2665
-2284
-1950
-1749
-1292
-686
333
1099
1507
1762
2122
2898
3829
4765
5344
5534
5724
5940
6390
6862
7202
7338
7330
7287
7230
6992
6595
6245
5992
5769
5536
5121
4403
3634
3145
2774
2500
2082
1486
667
-144
-728
-1308
-1605
-2073
-2577
-2919
-3231
-3545
-3748
-3847
-4071
-4217
-4180
-4139
-4171
-4128
-3973
-3603
-3167
-2948
-2901
-2952
-2844
-2398
-1690
-962
-542
-541
-609
-374
50
481
731
841
798
1064
1341
1015
546
464
652
572
526
528
2
-610
-705
-499
-319
-1176
-1788
-1661
-1177
-1238
-1879
-1785
-1782
-2053
-2279
-2128
-1767
-1311
-1287
-1262
-1244
-991
-736
-464
-325
-132
-76
26
521
309
-877
-2251
-2323
-1690
-1454
-1803
-2260
-3042
-3971
-4478
-3935
-3631
-3928
-4731
-4976
-4778
-4592
-4408
-4111
-3830
-3694
-3714
-3133
-2237
-1647
-1429
-1066
-89
926
1631
2022
2461
3057
3642
4469
5434
5917
5980
5978
6496
7227
7524
7576
7610
7482
7230
7092
7293
7220
6686
6078
5812
5537
4979
4280
3685
3196
2650
2238
1904
1260
331
-704
-1088
-1089
-1332
-1999
-2978
-3408
-3606
-3618
-3506
-3705
-4060
-4590
-4656
-4043
-3611
-3423
-3574
-3557
-3215
-2838
-2401
-2018
-1706
-1437
-999
-370
20
20
74
559
1085
1420
1610
1665
1631
1611
1720
2004
2160
1753
890
109
313
911
893
150
-711
-1121
-1278
-1380
-1522
-1679
-2147
-2521
-2200
-1724
-1604
-2094
-2547
-2626
-2352
-1962
-1539
-1348
-1270
-1371
-1130
-454
220
120
-1073
-2368
-2755
-2156
-1941
-2139
-2769
-3034
-3490
-4097
-4671
-4914
-5039
-5107
-5116
-4838
-4920
-5057
-5388
-5162
-4596
-4128
-3633
-3321
-2765
-2313
-1789
-781
197
888
1189
1598
2471
3360
4205
4808
5447
5931
6299
6834
7375
7721
7774
7687
7857
7975
7978
7863
7713
7468
7125
6655
6226
5715
4982
4453
4158
3938
3390
2536
1728
1010
371
-142
-609
-1107
-1807
-2528
-2974
-3333
-3690
-4107
-4323
-4270
-4365
-4519
-4661
-4566
-4348
-4216
-3906
-3591
-3361
-3027
-2777
-2331
-1934
-1618
-1117
-702
-324
-63
77
405
903
1285
1523
1612
1663
1786
1860
2028
2112
1735
1383
1280
1399
1211
712
403
91
-375
-1134
-1429
-1105
-928
-1375
-2156
-2560
-2504
-2130
-1796
-1784
-2136
-2382
-2282
-1832
-1387
-1103
-1125
-990
-462
-50
-625
-2034
-3039
-3168
-2689
-2355
-2393
-2944
-3877
-4855
-5343
-5187
-4664
-4657
-5145
-5549
-5585
-5350
-5219
-5059
-4783
-4573
-4268
-3603
-2739
-2119
-1902
-1413
-483
586
1356
1825
2390
3011
3721
4619
5568
6154
6335
6539
7089
7725
8115
8092
7988
7901
8000
8115
8118
7843
7244
6638
6161
5981
5625
5096
4468
3836
3281
2623
1992
1364
701
126
-420
-953
-1513
-2334
-3096
-3710
-4013
-4080
-4084
-4211
-4641
-5071
-5112
-4767
-4276
-4019
-4000
-4034
-3840
-3306
-2594
-1973
-1712
-1558
-1393
-914
-167
416
811
1059
1222
1512
1725
2050
2208
2202
2239
2325
2418
2237
1799
1504
1431
1385
1204
865
389
-61
-309
-481
-756
-1495
-2380
-2707
-2246
-1412
-1227
-1924
-2956
-3536
-3026
-2056
-1256
-1179
-1654
-1814
-1703
-1016
-730
-1377
-2480
-3441
-3355
-2998
-3075
-3329
-3940
-4373
-4838
-5190
-4905
-5163
-5643
-6240
-6058
-5062
-4603
-4715
-5056
-5022
-4483
-3911
-3073
-2380
-1968
-1657
-863
546
1498
1803
1937
2553
3637
4659
5471
6070
6379
6529
6978
7767
8376
8449
8162
8075
8203
8369
8387
8101
7684
7110
6704
6394
5998
5284
4448
3912
3604
3226
2548
1578
687
-75
-516
-773
-1298
-2113
-3078
-3661
-3822
-3955
-4148
-4460
-4863
-5137
-5321
-5047
-4658
-4435
-4337
-4290
-3956
-3603
-3243
-2766
-2331
-1787
-1456
-1119
-623
-322
120
571
1122
1558
1595
1652
1784
2039
2263
2381
2392
2161
1912
1659
1638
1614
1330
1000
556
210
-134
-511
-501
-511
-719
-1364
-2004
-2162
-2018
-1916
-2089
-2298
-2406
-2287
-1977
-1798
-1773
-2011
-2072
-1484
-713
-344
-1438
-2958
-3573
-3259
-2812
-3013
-3714
-4082
-4461
-4969
-5417
-5726
-5642
-5666
-5864
-5801
-5748
-5773
-5760
-5488
-4788
-4207
-3946
-3576
-2924
-2124
-1395
-689
93
887
1552
2285
3240
4094
4710
5208
5798
6536
7204
7680
8046
8241
8328
8396
8482
8673
8652
8483
8241
7899
7477
6950
6465
6023
5564
5040
4448
3792
3040
2243
1628
1063
592
-21
-886
-1703
-2455
-2990
-3319
-3686
-4065
-4484
-4890
-5075
-5167
-5184
-5146
-5090
-4943
-4695
-4356
-3991
-3678
-3375
-2971
-2467
-2010
-1572
-1203
-738
-233
279
733
1033
1251
1455
1750
2063
2294
2353
2272
2246
2292
2318
2228
1954
1603
1267
956
668
394
61
-252
-568
-865
-1128
-1472
-1726
-1983
-2193
-2182
-2121
-2020
-2133
-2403
-2345
-2108
-1669
-1433
-1633
-1611
-1384
-1064
-1234
-2107
-2991
-3508
-3770
-3851
-3971
-3890
-4155
-4968
-5704
-6068
-5791
-5654
-5880
-6115
-6225
-6008
-5683
-5224
-4715
-4470
-4269
-3876
-3180
-2349
-1740
-982
-50
980
1835
2421
2999
3695
4479
5319
6190
6816
7233
7558
8017
8631
8911
8863
8726
8664
8816
8821
8745
8373
7775
7072
6557
6310
5963
5330
4479
3653
3029
2473
1877
1151
394
-445
-1165
-1775
-2389
-3068
-3739
-4180
-4481
-4711
-5072
-5423
-5645
-5696
-5435
-5105
-4914
-4861
-4895
-4610
-4072
-3375
-2830
-2540
-2321
-1954
-1400
-683
-47
292
544
864
1330
1867
2212
2342
2438
2484
2640
2693
2702
2561
2335
2181
2023
1769
1340
861
428
203
26
-193
-631
-1283
-1787
-1852
-1636
-1624
-2102
-2649
-2681
-2241
-1814
-1858
-2061
-2044
-1590
-1290
-1110
-1116
-1338
-1789
-2632
-3026
-3116
-3376
-3714
-4107
-3959
-4319
-5345
-6198
-6239
-5548
-5446
-5956
-6378
-6331
-6052
-5846
-5319
-4734
-4505
-4515
-4156
-2974
-1895
-1226
-727
7
934
1695
2419
3330
4184
4845
5470
6298
7057
7476
7750
8142
8679
8949
8969
8830
8839
8880
8781
8604
8191
7540
6895
6413
6211
5833
5132
4340
3557
2978
2157
1513
913
310
-398
-1265
-1968
-2721
-3298
-3795
-4098
-4540
-5006
-5536
-5745
-5701
-5633
-5462
-5343
-5311
-5237
-5098
-4562
-3900
-3266
-2926
-2753
-2350
-1793
-1118
-587
-63
308
672
1071
1609
2134
2328
2483
2622
2845
2957
2938
2963
2938
2775
2535
2234
1966
1692
1385
1065
789
297
-307
-810
-1024
-1080
-1347
-1707
-2025
-2243
-2432
-2621
-2352
-2077
-2121
-2441
-2694
-2161
-1382
-1181
-1051
-1715
-1925
-2744
-3297
-3289
-3666
-3638
-4510
-4436
-4390
-4887
-5563
-6658
-6367
-6085
-5862
-5915
-6313
-6088
-6218
-5731
-5043
-4585
-4297
-4312
-3481
-2297
-1267
-569
-187
733
1514
2405
3283
3993
4841
5284
6128
7009
7653
7982
7923
8390
8785
9135
9216
9024
8998
8707
8641
8378
7941
7318
6588
6308
5950
5525
4587
3732
3074
2561
1943
1090
300
-443
-1093
-1641
-2206
-2928
-3824
-4550
-4838
-4862
-5076
-5316
-5761
-5955
-5783
-5685
-5199
-5096
-4889
-4776
-4421
-3662
-3133
-2623
-2357
-1934
-1311
-904
-295
176
638
1042
1460
1963
2338
2497
2553
2713
2918
3036
3022
2984
2932
2699
2395
2172
1910
1603
1181
784
570
233
-219
-696
-1141
-1336
-1519
-1571
-1776
-2071
-2390
-2433
-2232
-1962
-2228
-2496
-2477
-1880
-1332
-1277
-1642
-2215
-2569
-3119
-3319
-3920
-4109
-4497
-4254
-4207
-4777
-5848
-6837
-6758
-6041
-5544
-5745
-6276
-6475
-6288
-5644
-4977
-4526
-4417
-4415
-3628
-2510
-1324
-680
-262
510
1417
2360
3139
3750
4494
5228
6130
6963
7577
7806
7893
8214
8769
9163
9161
8938
8838
8735
8752
8468
7951
7265
6605
6272
6034
5585
4779
3800
3027
2509
1977
1347
424
-516
-1266
-1887
-2272
-2882
-3690
-4379
-4807
-4945
-5137
-5438
-5722
-5778
-5700
-5553
-5488
-5272
-5057
-4631
-4075
-3559
-3149
-2930
-2501
-1894
-1157
-508
-154
242
606
1060
1651
2072
2374
2524
2580
2765
2934
3077
3053
2949
2716
2599
2437
2223
1948
1548
1226
758
409
84
-297
-627
-964
-1318
-1553
-1910
-2085
-2396
-2372
-2347
-2191
-2047
-1996
-2155
-2384
-2450
-2011
-1372
-936
-1244
-2417
-3330
-3996
-3624
-3669
-3683
-4543
-4876
-5435
-5571
-5942
-6378
-6488
-6569
-6445
-6355
-6407
-6332
-6237
-5787
-5208
-4659
-4230
-3893
-3112
-2239
-988
-138
742
1365
2038
2810
3749
4740
5606
6207
6892
7540
8134
8521
8734
9032
9221
9473
9499
9514
9390
9061
8700
8236
7790
7335
6858
6338
5712
4992
4149
3407
2673
2039
1383
542
-257
-1232
-1922
-2552
-3044
-3621
-4442
-5087
-5680
-5824
-5945
-6009
-6040
-6301
-6316
-6309
-5932
-5367
-4975
-4588
-4455
-4006
-3497
-2831
-2140
-1690
-1229
-786
-201
423
903
1414
1816
2195
2426
2674
2942
3137
3312
3262
3282
3116
2932
2745
2574
2451
2064
1697
1255
886
538
201
10
-285
-784
-1333
-1722
-1683
-1653
-1855
-2021
-2122
-2040
-2019
-2148
-2098
-1875
-1450
-1190
-1181
-1858
-2708
-3735
-3865
-4105
-4135
-4612
-4898
-4973
-5586
-6109
-6993
-7020
-6901
-6797
-6586
-6656
-6586
-6595
-6453
-5616
-5081
-4466
-4344
-3627
-2601
-1590
-579
192
1095
1764
2481
3412
4308
5301
5866
6632
7443
8104
8521
8593
8972
9269
9529
9618
9586
9537
9131
8782
8440
8134
7653
6858
6335
5690
5157
4330
3549
2851
2077
1330
523
-111
-867
-1704
-2513
-3089
-3563
-4196
-4807
-5375
-5740
-5935
-5994
-5908
-5870
-5945
-6058
-5799
-5371
-4857
-4428
-4042
-3548
-3089
-2518
-1958
-1350
-802
-424
64
596
1200
1609
1921
2334
2638
2977
3085
3176
3176
3146
3132
3189
3063
2793
2415
2115
1930
1622
1182
687
341
103
-243
-635
-1008
-1380
-1636
-1829
-1934
-2111
-2211
-2270
-2075
-1909
-1961
-2014
-2053
-1606
-1519
-1411
-2026
-2678
-3187
-3672
-4030
-4892
-5219
-5199
-4778
-5039
-6049
-7123
-7533
-7266
-6842
-6567
-6475
-6754
-6721
-6583
-5705
-5021
-4575
-4187
-3610
-2512
-1585
-650
260
1108
1981
2659
3644
4612
5441
6158
6789
7720
8347
8770
8962
9139
9468
9620
9773
9725
9521
9114
8628
8358
7952
7457
6704
6001
5337
4739
4142
3415
2533
1518
597
-30
-459
-1040
-1928
-2897
-3724
-4311
-4696
-5066
-5372
-5821
-6078
-6116
-6096
-6034
-6125
-5896
-5424
-4911
-4467
-4166
-3624
-3062
-2458
-1940
-1448
-923
-445
159
753
1344
1632
1885
2207
2622
3077
3209
3222
3161
3079
3156
3119
3077
2764
2360
1979
1710
1511
1114
716
228
-60
-316
-515
-876
-1345
-1719
-1904
-1954
-1903
-2015
-1977
-2072
-2107
-2061
-1801
-1491
-1324
-1420
-1399
-1796
-2144
-2977
-3412
-4032
-4749
-5008
-5105
-4580
-5267
-6262
-7413
-7496
-7004
-6886
-6868
-7047
-7048
-6800
-6571
-5671
-5226
-4781
-4501
-3780
-2490
-1549
-584
226
1229
2175
2883
3837
4665
5635
6283
7087
8057
8688
9054
9047
9364
9774
10005
10032
9849
9633
9288
8854
8492
7973
7378
6610
5929
5345
4639
3936
3055
2226
1363
514
-160
-791
-1556
-2383
-3243
-3918
-4538
-5111
-5403
-5710
-5849
-6230
-6326
-6211
-5916
-5711
-5663
-5264
-4865
-4265
-3802
-3221
-2572
-2114
-1566
-1134
-422
171
643
1140
1632
2067
2341
2567
2863
3108
3262
3150
3186
3115
3036
2890
2627
2469
2166
1944
1562
1158
634
118
-278
-461
-592
-817
-1291
-1760
-2112
-2115
-2103
-2013
-2006
-2005
-1902
-2049
-1797
-1652
-1023
-936
-940
-1570
-2230
-2976
-3745
-3961
-4640
-4834
-5386
-5295
-5618
-6374
-7382
-8143
-7964
-7689
-7451
-7308
-7380
-7143
-7158
-6556
-5769
-5060
-4471
-4089
-2951
-1779
-499
445
1280
2209
2990
4038
5119
6176
6996
7454
8270
8992
9737
10011
10016
10104
10112
10234
10206
10129
9741
9079
8465
7868
7391
6752
5926
5164
4258
3455
2507
1735
982
222
-582
-1559
-2358
-3135
-3756
-4221
-4881
-5392
-5935
-6133
-6149
-6400
-6495
-6564
-6096
-5508
-5117
-4802
-4541
-3987
-3268
-2570
-1779
-1171
-700
-269
295
1024
1603
1901
2102
2326
2653
2981
3266
3428
3293
3029
2883
2889
2881
2544
2189
1864
1643
1365
1032
628
70
-500
-971
-1112
-1065
-1101
-1349
-1845
-2233
-2293
-1953
-1389
-1157
-1407
-1766
-1828
-1521
-1103
-687
-81
113
-647
-2007
-3388
-3739
-4347
-4767
-5420
-5326
-5304
-6195
-7197
-8457
-8452
-8701
-8586
-8219
-7937
-7612
-7881
-7392
-6467
-5775
-5235
-5089
-3768
-2597
-1160
11
1213
2336
2806
3538
4662
5965
7168
7784
8627
9337
9993
10406
10598
10827
10641
10526
10357
10393
10204
9481
8775
7902
7219
6437
5609
5015
4013
3169
2160
1438
664
-419
-1341
-2215
-2573
-3221
-3982
-4760
-5503
-5970
-6234
-6111
-5972
-6001
-6358
-6454
-6116
-5395
-4509
-3976
-3470
-3130
-2697
-1829
-990
-129
235
423
883
1422
2076
2438
2685
2671
2665
2685
2931
3029
2897
2627
2310
2210
2103
1837
1423
956
736
575
420
48
-390
-925
-1236
-1398
-1446
-1407
-1546
-1601
-1613
-1560
-1537
-1519
-1196
-898
-716
-508
-418
92
30
224
178
380
304
-869
-2250
-4139
-5589
-6088
-5769
-4422
-4761
-6150
-8596
-9920
-9739
-9447
-8792
-8832
-8621
-8583
-8439
-7370
-6436
-5742
-5709
-5324
-3704
-1930
-10
1126
2230
3049
3677
4733
5919
7177
7946
8591
9674
10633
11342
11285
11048
10753
10483
10504
10462
10383
9666
8705
7828
7056
6366
5273
4181
3132
2265
1644
1005
358
-741
-2128
-3239
-3963
-4018
-4232
-4621
-5313
-5957
-6235
-6241
-5822
-5554
-5462
-5463
-5160
-4387
-3478
-2731
-2244
-1865
-1355
-744
126
851
1446
1691
2010
2350
2661
2780
2727
2654
2596
2524
2504
2462
2199
1764
1212
941
748
594
307
-109
-331
-619
-723
-795
-882
-1050
-1494
-1774
-1868
-1613
-1266
-1038
-957
-915
-924
-933
-876
-637
-84
291
495
576
770
960
915
680
637
410
-189
-1416
-3039
-4869
-6235
-6726
-5837
-5258
-5812
-7794
-9619
-10266
-10257
-9938
-9557
-8988
-8559
-8322
-7804
-6815
-5872
-5389
-5071
-4032
-2296
-239
1350
2681
3651
4415
5114
6155
7345
8344
8967
9674
10578
11482
11779
11525
10898
10262
9914
9757
9730
9420
8666
7656
6427
5435
4511
3709
2753
1680
822
105
-451
-1260
-2249
-3148
-4019
-4561
-4908
-4996
-5007
-5309
-5558
-5756
-5523
-5096
-4753
-4438
-4053
-3461
-2681
-1953
-1290
-835
-520
-83
605
1383
1894
2083
2112
2142
2271
2445
2583
2562
2338
2002
1781
1644
1560
1326
918
506
90
-132
-419
-602
-895
-1134
-1277
-1339
-1337
-1496
-1633
-1837
-1824
-1598
-1434
-1233
-1213
-967
-763
-699
-729
-683
-218
280
627
651
681
605
543
411
436
512
133
-880
-2434
-4052
-5419
-6414
-6632
-6153
-5562
-5819
-7043
-8441
-9342
-9495
-9352
-8900
-8080
-7155
-6222
-5709
-5337
-5007
-4572
-3732
-2607
-1125
569
2084
3304
3968
4532
5308
6097
6899
7421
8083
8830
9629
10281
10575
10428
9946
9256
8621
8236
8065
7951
7630
7078
6252
5178
4081
3061
2106
1370
822
523
243
-199
-858
-1714
-2529
-3206
-3597
-3649
-3559
-3432
-3384
-3317
-3252
-3221
-3221
-3108
-2923
-2539
-2165
-1558
-1002
-587
-186
51
248
337
413
507
552
544
437
329
336
349
408
222
-341
-1151
-1565
-1452
-857
-599
-776
-976
-951
-676
-804
-1260
-1648
-1456
-731
-244
-155
-473
-807
-804
-719
-583
-673
-740
-595
-646
-857
-1480
-1711
-1321
-564
-102
-562
-1308
-1716
-1588
-1190
-1048
-1035
-907
-437
-40
-242
-667
-867
-706
-893
-1658
-2581
-2892
-2537
-2026
-1823
-1838
-1918
-2104
-2613
-3450
-4182
-4243
-3621
-2666
-1916
-1551
-1535
-1780
-2247
-2718
-2917
-2489
-1394
-105
934
1539
1834
1939
1902
1852
2068
2732
3817
5039
6027
6514
6539
6397
6229
5947
5652
5547
5718
5995
6026
5831
5388
4806
4073
3267
2541
2072
1983
2069
2095
1714
1131
560
193
-241
-814
-1197
-1069
-792
-802
-1127
-1401
-1447
-1624
-2002
-2457
-2544
-2204
-1918
-1807
-1878
-1793
-1679
-1768
-1970
-2177
-2211
-2105
-1876
-1475
-1067
-919
-970
-1006
-793
-645
-808
-1150
-1127
-773
-251
34
136
-63
-400
-531
-449
-273
-173
-71
170
133
-372
-939
-928
-284
279
430
157
-273
-606
-845
-783
-667
-451
-167
207
293
-17
-570
-1015
-877
-455
-145
-117
-83
49
106
5
-138
-98
317
712
800
269
-683
-1456
-1859
-1903
-1886
-1884
-1684
-1485
-1581
-2244
-3190
-3892
-4098
-3833
-3533
-3251
-2804
-2343
-2145
-2425
-2835
-2928
-2548
-1865
-1097
-328
321
992
1614
2063
2382
2706
3189
3775
4424
5058
5682
6215
6651
6834
6696
6380
6041
5641
5259
4885
4553
4349
4185
3861
3287
2513
1663
942
341
10
-81
-123
-398
-856
-1163
-1382
-1669
-2163
-2552
-2561
-2372
-2132
-1941
-1850
-1835
-1993
-2108
-2011
-1685
-1360
-1240
-1162
-974
-688
-496
-503
-460
-210
-17
-27
-59
5
162
145
64
67
261
458
280
-280
-625
-263
553
926
376
-360
-752
-689
-413
-119
257
265
-113
-532
-748
-526
-449
-374
-359
-479
-866
-1233
-977
-358
-72
-430
-987
-892
-448
-420
-1081
-1415
-1002
-215
5
-628
-1074
-848
-53
481
449
107
-562
-1601
-2842
-3911
-3984
-3513
-2739
-2467
-2739
-3174
-3537
-3989
-4576
-5232
-5268
-4609
-3525
-2640
-2171
-1860
-1554
-1263
-1120
-968
-518
264
1224
2138
3025
4008
4841
5471
5682
5670
5651
5724
5968
6297
6709
7126
7413
7396
6971
6107
5186
4287
3582
3064
2772
2568
2448
2238
1814
1164
352
-511
-1311
-1914
-2180
-2101
-1853
-1735
-1763
-1781
-1824
-1999
-2358
-2736
-2879
-2737
-2450
-2011
-1403
-792
-410
-377
-599
-793
-813
-696
-447
-177
131
428
644
702
605
452
341
186
-16
-131
-81
-23
37
155
240
207
128
-33
-170
-411
-649
-822
-827
-561
-159
201
260
-62
-635
-949
-1002
-920
-1014
-1159
-1012
-746
-731
-992
-1149
-712
-191
-236
-867
-1365
-1250
-956
-1115
-1400
-1197
-364
248
-41
-771
-1057
-619
-261
-810
-2210
-3624
-4676
-5222
-5584
-5614
-5066
-4292
-3895
-4251
-5084
-5701
-5864
-5650
-5245
-4613
-3646
-2487
-1383
-636
-203
362
1204
2157
2839
3220
3642
4460
5583
6787
7748
8319
8498
8362
8035
7683
7406
7321
7302
7239
6879
6398
5858
5147
4273
3263
2397
1727
1099
420
-353
-1044
-1365
-1419
-1454
-1768
-2343
-2894
-3224
-3400
-3422
-3261
-2894
-2470
-2322
-2282
-2166
-1814
-1359
-1002
-726
-469
-137
150
290
310
147
86
151
433
717
783
592
325
203
294
317
137
50
264
715
936
701
258
-54
-287
-355
-282
-4
178
45
-251
-413
-322
-185
-159
-276
-404
-414
-436
-624
-881
-1099
-1032
-705
-415
-309
-383
-524
-566
-612
-569
-533
-429
-270
-145
-124
-194
-210
-98
128
145
-484
-2114
-4467
-6822
-8351
-8891
-8665
-8243
-7740
-7325
-7093
-7259
-7780
-8312
-8480
-7979
-7118
-6082
-4903
-3578
-1932
-250
1476
3023
4207
4972
5223
5427
5903
6833
8172
9352
10263
10715
10886
10887
10624
10120
9368
8510
7560
6591
5646
4838
4219
3684
3102
2352
1379
194
-1205
-2568
-3724
-4406
-4643
-4717
-4755
-4847
-4693
-4355
-3911
-3561
-3502
-3531
-3514
-3226
-2602
-1675
-528
650
1715
2463
2940
3142
3210
3129
2983
2778
2644
2601
2531
2449
2332
2164
1926
1445
691
-222
-1097
-1722
-2057
-2112
-2026
-1929
-1929
-1988
-1922
-1776
-1567
-1424
-1353
-1238
-1065
-732
-330
240
838
1384
1651
1395
818
177
-47
106
446
781
927
971
864
512
80
-374
-572
-606
-803
-1133
-1398
-1223
-864
-973
-2282
-4687
-7497
-9760
-10950
-11284
-11123
-10706
-10038
-9182
-8477
-8118
-8021
-7839
-7345
-6711
-6012
-5293
-4300
-2796
-800
1629
4072
6248
7762
8472
8630
8576
8942
9638
10313
10647
10607
10718
11011
11338
11337
10827
9950
8653
7033
5159
3385
2011
1097
513
-13
-481
-1002
-1609
-2347
-3208
-3971
-4575
-5054
-5562
-5995
-5965
-5300
-3988
-2621
-1594
-913
-537
-166
153
539
981
1424
1918
2384
2954
3569
4214
4683
4757
4460
3842
3029
2179
1317
536
21
-313
-516
-709
-1005
-1254
-1488
-1632
-1775
-2069
-2402
-2760
-2979
-2822
-2334
-1519
-696
3
521
815
1067
1253
1375
1406
1366
1300
1243
1242
1242
1312
1261
1202
1110
923
597
85
-373
-738
-895
-1021
-1142
-1304
-1402
-1288
-1012
-988
-1810
-3958
-7021
-10005
-11937
-12629
-12536
-12158
-11513
-10589
-9518
-8682
-8143
-7658
-6998
-6270
-5766
-5536
-5076
-3885
-1738
982
3860
6498
8575
9907
10496
10699
10948
11318
11508
11197
10496
9963
10028
10569
11071
11072
10511
9456
7934
5987
3859
1874
326
-882
-1798
-2589
-3078
-3256
-3194
-3078
-3059
-3231
-3615
-4292
-4948
-5371
-5121
-4239
-3012
-1765
-738
323
1438
2548
3330
3632
3599
3277
2913
2590
2549
2857
3278
3683
3765
3600
3231
2634
1910
950
-53
-959
-1833
-2549
-3091
-3249
-3005
-2532
-2066
-1796
-1713
-1712
-1617
-1422
-1151
-825
-518
-152
224
783
1613
2553
3354
3638
3547
3111
2639
2122
1571
1078
611
296
86
-3
-43
-72
-130
-223
-398
-732
-1287
-1875
-2291
-2229
-2022
-2121
-3283
-5618
-8471
-10946
-12300
-12811
-12827
-12801
-12549
-11658
-10658
-9653
-8712
-7593
-6246
-5220
-4598
-4311
-3664
-2314
-359
1888
4216
6431
8284
9613
10555
11390
12229
12618
12249
11211
10075
9438
9267
9351
9291
9010
8534
7769
6709
5325
3755
2197
523
-1152
-2762
-4002
-4664
-4803
-4591
-4151
-3614
-3169
-2977
-3073
-3116
-2845
-2351
-1832
-1561
-1321
-736
334
1839
3227
4282
4780
4868
4761
4475
4118
3668
3159
2643
1966
1385
939
722
660
418
-17
-658
-1428
-2241
-3037
-3588
-3829
-3904
-3833
-3693
-3303
-2594
-1654
-678
154
767
1113
1235
1407
1646
1995
2336
2531
2633
2702
2860
3027
2992
2745
2249
1585
857
132
-535
-1086
-1471
-1711
-1750
-1643
-1469
-1293
-1258
-1292
-1419
-1429
-1461
-1936
-3362
-5941
-8767
-11057
-12129
-12520
-12747
-12678
-12175
-10958
-9698
-8702
-7682
-6561
-5202
-4382
-4117
-3975
-3329
-1891
-45
1951
3998
6027
7895
9382
10580
11640
12379
12419
11673
10551
9613
9031
8607
8196
7735
7457
7284
6909
6203
5151
3949
2577
961
-784
-2451
-3685
-4463
-4821
-4762
-4326
-3645
-2986
-2442
-1965
-1375
-758
-382
-334
-516
-424
38
794
1687
2497
3344
4069
4577
4838
4811
4594
3993
3114
2112
1099
278
-467
-921
-1146
-1218
-1248
-1514
-1899
-2248
-2482
-2656
-2968
-3384
-3731
-3811
-3550
-2966
-2180
-1274
-379
482
1225
1914
2461
2737
2845
2698
2565
2516
2389
2296
2064
1879
1781
1616
1278
785
276
-152
-613
-1174
-1735
-2096
-2141
-2133
-2083
-2022
-1916
-1676
-1407
-967
-769
-1404
-3330
-6217
-8932
-10833
-11890
-12591
-13051
-12872
-12106
-10924
-9661
-8154
-6320
-4559
-3332
-2979
-2984
-2761
-1993
-822
448
1958
3621
5423
7217
8992
10753
12190
12872
12607
11685
10601
9594
8639
7565
6675
6010
5630
5393
5088
4840
4523
3975
2866
1299
-367
-1935
-3222
-4290
-4917
-5085
-4886
-4412
-3702
-2525
-1043
311
1180
1513
1608
1602
1579
1545
1496
1594
1838
2199
2608
3171
3805
4400
4632
4379
3669
2645
1564
469
-610
-1539
-2313
-2893
-3308
-3385
-3085
-2567
-2132
-2050
-2186
-2374
-2466
-2447
-2478
-2476
-2282
-1868
-1240
-354
718
1817
2784
3421
3722
3765
3600
3283
2776
2144
1417
688
102
-220
-344
-343
-370
-436
-640
-936
-1286
-1641
-1913
-2087
-2244
-2380
-2488
-2306
-1843
-1203
-1027
-1820
-3656
-5946
-7950
-9459
-10590
-11666
-12474
-12610
-12184
-11225
-9991
-8196
-6051
-4114
-2856
-2314
-1850
-1144
-241
633
1300
2179
3251
4642
6238
8042
9886
11331
12152
12190
11812
11208
10287
9103
7685
6432
5368
4438
3713
3231
3157
3109
2756
2021
1055
128
-800
-1778
-2761
-3672
-4375
-4769
-4708
-4098
-2986
-1636
-338
786
1696
2459
3036
3362
3366
3097
2690
2253
1949
1916
2209
2676
2983
3119
3156
3078
2851
2343
1510
418
-874
-2208
-3276
-3982
-4254
-4258
-4139
-3872
-3388
-2754
-2076
-1558
-1224
-1062
-1009
-1080
-1110
-906
-502
89
743
1348
2037
2671
3319
3738
3853
3645
3067
2325
1494
719
42
-610
-1165
-1711
-1988
-2007
-1881
-1741
-1678
-1546
-1420
-1398
-1471
-1458
-1270
-1038
-942
-835
-864
-1546
-3189
-5481
-7439
-8713
-9703
-10883
-11955
-12267
-11758
-10961
-10027
-8665
-6729
-4792
-3583
-2990
-2366
-1294
-143
657
1226
2004
3167
4547
5924
7530
9219
10652
11475
11697
11622
11358
10729
9712
8443
7196
5963
4811
3840
3242
3037
2816
2288
1487
746
214
-350
-1138
-2132
-3014
-3709
-4195
-4379
-4109
-3256
-2208
-1246
-401
575
1687
2704
3349
3551
3465
3202
2854
2573
2512
2641
2683
2588
2430
2465
2541
2456
2101
1482
686
-310
-1415
-2430
-3144
-3632
-3985
-4230
-4246
-3917
-3354
-2676
-2010
-1422
-995
-738
-545
-353
-10
361
620
820
1097
1608
2223
2735
3046
3174
3139
2854
2314
1680
1029
365
-341
-1113
-1779
-2184
-2335
-2161
-1978
-1779
-1574
-1356
-1026
-775
-622
-562
-547
-407
-545
-1284
-2862
-4963
-6872
-8503
-9823
-11046
-11910
-12139
-11957
-11405
-10533
-9122
-7316
-5624
-4346
-3451
-2512
-1528
-598
225
984
1889
2904
4077
5457
7055
8721
10076
11017
11537
11692
11543
10966
10089
8983
7745
6444
5191
4210
3545
3085
2632
2021
1394
791
309
-220
-919
-1655
-2499
-3279
-3850
-4068
-3821
-3351
-2678
-1902
-970
172
1251
2313
3148
3663
3787
3543
3242
2987
2755
2530
2221
1964
1817
1775
1852
1849
1690
1350
681
-126
-1053
-1887
-2618
-3360
-3956
-4457
-4596
-4449
-4010
-3275
-2476
-1669
-1041
-531
-59
356
708
898
963
1064
1225
1459
1758
2102
2516
2825
2944
2936
2732
2435
1912
1180
336
-579
-1329
-1996
-2449
-2702
-2794
-2726
-2515
-2144
-1599
-1049
-592
-364
-185
-63
61
-232
-1214
-3035
-5228
-7240
-8905
-10131
-11160
-11744
-11915
-11685
-10907
-9787
-8136
-6264
-4706
-3454
-2645
-1825
-925
-144
588
1224
1956
2892
4006
5388
7010
8645
9987
10859
11298
11422
11199
10687
9834
8600
7191
5687
4440
3528
2899
2431
1948
1503
1063
720
382
-62
-610
-1371
-2224
-3118
-3770
-3961
-3775
-3366
-2837
-2113
-1121
118
1333
2444
3225
3691
3794
3591
3289
3021
2787
2412
2026
1667
1499
1450
1446
1442
1300
961
407
-325
-1032
-1727
-2403
-3076
-3695
-4163
-4334
-4219
-3804
-3152
-2449
-1731
-1125
-519
22
490
853
990
991
1028
1145
1374
1626
1863
2103
2225
2373
2466
2526
2286
1741
1094
319
-446
-1103
-1677
-2078
-2438
-2669
-2674
-2394
-1876
-1356
-884
-415
-80
78
110
330
434
-79
-1694
-3924
-6002
-7686
-9012
-10355
-11346
-11845
-11952
-11625
-10830
-9286
-7255
-5438
-4096
-3172
-2132
-1033
-67
630
1199
1822
2411
3140
4189
5703
7460
8899
9878
10533
11031
11323
11174
10652
9749
8451
6871
5307
4136
3310
2603
1844
1144
645
315
121
-43
-194
-580
-1263
-2074
-2721
-3041
-3114
-3074
-2981
-2614
-1955
-1001
146
1337
2493
3315
3711
3803
3716
3660
3502
3080
2505
1830
1358
1098
1012
1046
985
740
340
-149
-475
-785
-1264
-1938
-2693
-3378
-3867
-4073
-3941
-3502
-3048
-2552
-2002
-1279
-448
340
948
1361
1501
1579
1607
1653
1707
1673
1619
1480
1427
1465
1573
1689
1577
1219
660
53
-491
-1061
-1568
-2082
-2494
-2694
-2695
-2420
-1923
-1330
-721
-293
46
393
822
993
449
-1039
-3117
-5243
-7160
-8863
-10386
-11591
-12272
-12539
-12204
-11249
-9614
-7565
-5666
-4100
-2837
-1690
-556
278
844
1211
1445
1790
2369
3365
4819
6398
7913
9113
10071
10914
11454
11645
11244
10317
8922
7254
5705
4338
3261
2292
1349
642
172
28
30
87
100
-91
-558
-1248
-1883
-2291
-2582
-2841
-3018
-2850
-2350
-1555
-468
711
1918
2872
3495
3940
4171
4291
4066
3559
2842
2059
1431
1001
745
536
258
-6
-213
-312
-441
-679
-1075
-1643
-2310
-2969
-3486
-3730
-3810
-3720
-3527
-3155
-2544
-1738
-769
139
899
1393
1701
1887
1984
2010
1884
1680
1407
1177
1084
1144
1351
1400
1371
1171
897
538
111
-359
-967
-1577
-2131
-2542
-2790
-2780
-2519
-2140
-1655
-1116
-507
96
652
1215
1357
841
-556
-2526
-4562
-6513
-8197
-9820
-11177
-12028
-12393
-12029
-11067
-9448
-7414
-5564
-3917
-2653
-1364
-156
687
1266
1534
1656
1892
2311
3207
4441
5864
7198
8344
9428
10395
11148
11439
11175
10317
9010
7495
6021
4683
3380
2197
1130
308
-186
-353
-253
-66
9
-94
-454
-888
-1250
-1547
-1897
-2324
-2667
-2820
-2593
-1987
-1061
75
1117
2041
2877
3550
4112
4377
4307
3839
3067
2268
1515
913
400
-53
-420
-741
-929
-887
-802
-771
-971
-1372
-1851
-2324
-2695
-2953
-3223
-3406
-3439
-3259
-2697
-1949
-1055
-216
554
1201
1731
2155
2448
2575
2411
2127
1725
1390
1166
1027
1032
956
811
610
419
327
190
-91
-530
-1050
-1621
-2191
-2550
-2646
-2544
-2396
-2116
-1646
-987
-282
370
1125
1685
1526
460
-1334
-3213
-5082
-6984
-8885
-10627
-11868
-12627
-12720
-11997
-10614
-8740
-6874
-5067
-3326
-1745
-296
779
1500
1900
1936
1961
2174
2805
3815
4875
6004
7162
8473
9791
10849
11556
11725
11296
10282
8910
7442
5998
4462
2884
1425
256
-566
-1007
-1037
-823
-590
-535
-600
-697
-811
-969
-1381
-1891
-2418
-2788
-2862
-2603
-1914
-967
23
995
1988
3015
3979
4606
4804
4607
4060
3292
2465
1665
906
163
-580
-1124
-1423
-1466
-1362
-1220
-1192
-1334
-1563
-1892
-2218
-2513
-2854
-3211
-3535
-3599
-3324
-2764
-1988
-1154
-258
624
1428
2156
2704
3057
3065
2799
2416
1992
1602
1240
968
744
530
330
150
85
44
-68
-359
-818
-1311
-1752
-2078
-2225
-2179
-2073
-1889
-1574
-1122
-483
183
843
1288
1121
377
-1064
-2771
-4621
-6521
-8275
-10044
-11393
-12281
-12569
-12035
-10981
-9412
-7625
-5752
-3888
-2163
-613
676
1607
2170
2358
2452
2638
3047
3724
4564
5581
6688
7863
9067
10165
10986
11341
11154
10428
9365
8055
6600
5028
3382
1859
505
-480
-1081
-1262
-1181
-1037
-844
-726
-642
-633
-721
-938
-1314
-1752
-2098
-2185
-1978
-1587
-1000
-285
605
1591
2543
3464
4173
4547
4527
4145
3570
2882
2090
1226
389
-406
-1049
-1498
-1717
-1763
-1690
-1646
-1640
-1711
-1817
-1932
-2103
-2369
-2707
-2995
-3103
-2974
-2577
-2045
-1414
-705
75
892
1621
2225
2593
2753
2637
2358
2023
1629
1254
848
436
152
-98
-212
-270
-342
-426
-651
-939
-1230
-1473
-1658
-1906
-2051
-2075
-1943
-1643
-1301
-791
-228
314
898
1415
1602
1079
-184
-1835
-3619
-5504
-7357
-9133
-10647
-11797
-12488
-12452
-11725
-10302
-8555
-6790
-4930
-3183
-1481
-16
1051
1885
2287
2424
2512
2776
3400
4194
5093
6116
7198
8402
9574
10563
11229
11397
11023
10190
8987
7632
6174
4544
2924
1382
88
-782
-1320
-1403
-1313
-1190
-1074
-1026
-907
-848
-904
-1115
-1471
-1871
-2173
-2226
-2002
-1513
-932
-210
609
1551
2597
3476
4092
4397
4348
4017
3444
2753
2031
1203
343
-494
-1150
-1530
-1732
-1774
-1763
-1728
-1724
-1785
-1884
-1934
-2024
-2178
-2415
-2648
-2689
-2511
-2155
-1656
-1086
-438
294
1021
1765
2377
2787
2936
2798
2597
2315
1965
1581
1111
742
350
31
-198
-378
-465
-657
-817
-1042
-1327
-1553
-1801
-1869
-1869
-1821
-1643
-1345
-910
-509
-93
375
836
1028
576
-539
-2048
-3705
-5481
-7255
-8939
-10386
-11506
-12226
-12241
-11583
-10318
-8711
-7050
-5242
-3483
-1755
-248
911
1841
2330
2621
2831
3106
3669
4313
5096
6015
7042
8177
9256
10239
10914
11093
10795
10107
9100
7861
6419
4826
3211
1691
395
-557
-1142
-1433
-1483
-1470
-1367
-1209
-1042
-899
-854
-924
-1126
-1444
-1687
-1742
-1578
-1208
-728
-134
574
1396
2319
3156
3782
4166
4166
3984
3540
2918
2219
1326
411
-442
-1152
-1589
-1858
-2012
-2065
-2110
-2075
-2044
-2019
-1992
-2106
-2266
-2481
-2673
-2691
-2578
-2284
-1866
-1393
-789
-102
673
1470
2134
2590
2817
2852
2735
2531
2215
1827
1365
904
563
268
-1
-177
-347
-447
-564
-712
-896
-1131
-1331
-1507
-1659
-1700
-1625
-1482
-1218
-920
-542
-135
279
636
635
33
-1135
-2590
-4218
-5945
-7664
-9272
-10592
-11632
-12175
-12034
-11277
-9950
-8367
-6628
-4868
-3145
-1469
-25
1109
1927
2432
2709
2939
3285
3825
4515
5294
6180
7126
8166
9245
10160
10757
10907
10620
9919
8873
7608
6198
4629
3024
1442
85
-909
-1503
-1747
-1837
-1827
-1703
-1474
-1237
-1063
-938
-980
-1219
-1498
-1699
-1705
-1551
-1270
-810
-229
488
1362
2300
3174
3852
4224
4260
4024
3574
2996
2256
1374
440
-443
-1151
-1634
-1875
-1992
-2022
-1972
-1870
-1774
-1725
-1727
-1775
-1892
-2096
-2273
-2341
-2230
-1958
-1583
-1058
-430
297
1056
1815
2449
2883
3090
3117
3006
2709
2313
1841
1332
811
325
-9
-249
-432
-635
-815
-951
-1096
-1245
-1386
-1501
-1635
-1744
-1802
-1768
-1610
-1277
-828
-389
43
481
737
530
-222
-1392
-2788
-4407
-6172
-7965
-9588
-10837
-11712
-12031
-11791
-10988
-9643
-8037
-6274
-4498
-2779
-1145
165
1190
1929
2384
2669
2953
3375
3887
4528
5352
6331
7346
8392
9455
10331
10843
10883
10530
9864
8869
7578
6066
4449
2842
1352
75
-865
-1456
-1810
-1983
-1964
-1756
-1484
-1285
-1150
-1071
-1114
-1297
-1514
-1679
-1715
-1626
-1389
-959
-376
376
1218
2091
2882
3490
3904
4074
3985
3623
3062
2340
1510
655
-131
-787
-1324
-1691
-1904
-1955
-1927
-1868
-1793
-1733
-1683
-1722
-1827
-1924
-2018
-2050
-1972
-1774
-1434
-987
-464
166
850
1486
2024
2427
2678
2745
2648
2386
2018
1568
1073
584
135
-195
-485
-738
-999
-1182
-1239
-1322
-1391
-1524
-1707
-1898
-2057
-2097
-2034
-1895
-1677
-1374
-984
-470
90
422
224
-567
-1687
-2973
-4427
-6021
-7636
-9112
-10376
-11288
-11587
-11208
-10258
-8919
-7404
-5724
-3994
-2238
-559
827
1873
2511
2856
3103
3356
3700
4152
4719
5370
6082
6979
8103
9200
9999
10430
10487
10211
9540
8566
7399
5984
4381
2685
1121
-131
-1001
-1530
-1851
-2011
-1973
-1729
-1381
-1037
-735
-597
-676
-884
-1065
-1131
-1164
-1180
-1119
-879
-419
194
948
1761
2484
3022
3372
3535
3528
3314
2819
2141
1310
453
-359
-1023
-1499
-1859
-2108
-2228
-2184
-2024
-1799
-1566
-1422
-1410
-1469
-1523
-1557
-1555
-1512
-1399
-1209
-935
-462
140
828
1451
1926
2296
2548
2695
2689
2492
2120
1612
1061
530
26
-404
-749
-1058
-1320
-1536
-1635
-1611
-1530
-1476
-1497
-1537
-1523
-1472
-1426
-1371
-1204
-936
-607
-149
308
512
187
-703
-1810
-3013
-4390
-5906
-7547
-9052
-10289
-11199
-11519
-11187
-10276
-9018
-7620
-6056
-4346
-2534
-828
560
1607
2281
2726
3095
3423
3847
4325
4836
5463
6223
7199
8300
9279
10019
10419
10478
10251
9652
8769
7643
6220
4583
2860
1310
79
-821
-1451
-1911
-2157
-2148
-1899
-1527
-1180
-936
-819
-878
-1041
-1184
-1287
-1326
-1341
-1298
-1070
-654
-35
720
1506
2229
2781
3174
3407
3470
3295
2828
2154
1340
477
-295
-896
-1408
-1844
-2135
-2259
-2266
-2152
-1932
-1689
-1534
-1529
-1602
-1645
-1618
-1549
-1492
-1411
-1255
-964
-502
104
762
1333
1818
2222
2519
2695
2671
2457
2097
1657
1140
612
122
-290
-649
-1013
-1315
-1523
-1593
-1570
-1511
-1541
-1658
-1751
-1774
-1709
-1645
-1519
-1331
-1129
-867
-446
226
753
657
-73
-1122
-2242
-3543
-5074
-6635
-8117
-9480
-10645
-11278
-11168
-10404
-9252
-7974
-6539
-4933
-3128
-1321
211
1399
2205
2712
3036
3337
3712
4186
4670
5152
5730
6536
7638
8764
9628
10092
10251
10162
9713
8978
7968
6713
5186
3429
1781
481
-501
-1273
-1842
-2178
-2254
-2129
-1858
-1467
-1078
-852
-871
-988
-1107
-1177
-1221
-1286
-1311
-1209
-903
-355
376
1199
1991
2634
3084
3387
3561
3538
3221
2592
1799
959
132
-575
-1153
-1578
-1926
-2206
-2306
-2236
-1978
-1699
-1511
-1501
-1552
-1574
-1602
-1590
-1562
-1474
-1342
-1125
-737
-185
448
1081
1616
2030
2341
2588
2732
2650
2335
1906
1427
933
414
-52
-428
-807
-1200
-1478
-1578
-1597
-1642
-1723
-1841
-1909
-1926
-1886
-1819
-1774
-1629
-1398
-1102
-674
-97
485
596
87
-803
-1824
-2973
-4341
-5792
-7284
-8748
-9984
-10757
-10811
-10320
-9449
-8323
-7063
-5511
-3824
-2090
-474
786
1697
2262
2678
3052
3469
3908
4364
4850
5386
6143
7130
8201
9097
9720
10035
10039
9777
9209
8400
7275
5812
4184
2584
1229
159
-702
-1415
-1928
-2151
-2092
-1893
-1625
-1293
-1017
-983
-1145
-1282
-1283
-1326
-1432
-1486
-1419
-1177
-767
-119
625
1311
1919
2403
2821
3077
3157
3029
2608
1991
1246
525
-90
-660
-1196
-1643
-1959
-2126
-2135
-1964
-1708
-1502
-1437
-1424
-1377
-1296
-1212
-1126
-1082
-1003
-813
-504
-84
406
915
1401
1872
2251
2556
2759
2770
2592
2245
1795
1347
942
486
34
-431
-858
-1147
-1331
-1354
-1351
-1432
-1510
-1549
-1553
-1517
-1488
-1439
-1416
-1391
-1294
-1073
-670
-136
337
375
-124
-944
-1877
-3004
-4333
-5751
-7252
-8698
-9934
-10688
-10731
-10335
-9549
-8523
-7289
-5730
-4044
-2259
-702
519
1434
1983
2467
2953
3379
3776
4110
4545
5110
5849
6842
7898
8760
9306
9611
9699
9518
9051
8262
7118
5683
4138
2665
1382
280
-642
-1386
-1922
-2170
-2107
-1868
-1565
-1294
-1114
-1106
-1138
-1117
-1078
-1113
-1265
-1354
-1291
-1006
-550
44
711
1325
1896
2411
2863
3251
3411
3220
2745
2155
1494
848
245
-357
-890
-1393
-1764
-1930
-1968
-1820
-1638
-1578
-1534
-1488
-1371
-1304
-1327
-1314
-1315
-1260
-1112
-803
-349
139
623
1053
1448
1856
2209
2400
2357
2147
1863
1509
1119
716
295
-130
-565
-937
-1170
-1351
-1434
-1475
-1550
-1645
-1768
-1838
-1824
-1805
-1799
-1793
-1714
-1502
-1171
-700
-139
404
648
379
-306
-1222
-2243
-3469
-4918
-6467
-7976
-9204
-10042
-10304
-10096
-9494
-8559
-7420
-5970
-4348
-2660
-1083
125
1083
1771
2328
2801
3201
3632
4022
4453
5001
5714
6647
7656
8561
9259
9664
9873
9839
9475
8761
7736
6440
5037
3548
2180
1042
63
-702
-1337
-1677
-1747
-1677
-1489
-1315
-1198
-1187
-1296
-1384
-1486
-1584
-1704
-1786
-1791
-1612
-1203
-626
79
796
1517
2110
2581
2968
3173
3138
2778
2178
1503
781
132
-482
-1049
-1525
-1899
-2040
-2037
-1944
-1780
-1653
-1541
-1480
-1437
-1374
-1347
-1363
-1365
-1307
-1136
-817
-420
31
541
1071
1559
1942
2278
2547
2617
2499
2238
1898
1502
1088
718
336
-103
-510
-831
-1017
-1139
-1283
-1440
-1627
-1783
-1865
-1908
-1891
-1869
-1830
-1735
-1563
-1285
-951
-489
40
326
168
-450
-1257
-2132
-3250
-4589
-6021
-7398
-8526
-9451
-9931
-9833
-9371
-8542
-7608
-6385
-4900
-3395
-1915
-725
267
1055
1625
2163
2626
3088
3529
3975
4582
5296
6162
7100
7982
8685
9160
9400
9422
9129
8517
7717
6649
5359
3948
2624
1554
670
-115
-775
-1189
-1396
-1447
-1374
-1244
-1086
-1039
-1144
-1253
-1336
-1410
-1469
-1538
-1453
-1238
-906
-404
191
923
1585
2151
2633
2961
3192
3188
2983
2620
2020
1375
733
116
-405
-888
-1254
-1470
-1580
-1586
-1506
-1427
-1409
-1437
-1468
-1495
-1501
-1538
-1582
-1560
-1433
-1181
-840
-387
127
617
1053
1417
1766
2043
2146
2112
1855
1535
1183
779
391
-27
-394
-722
-991
-1175
-1318
-1441
-1493
-1542
-1577
-1611
-1675
-1663
-1593
-1529
-1428
-1316
-1139
-905
-585
-104
438
700
399
-287
-1158
-2088
-3218
-4533
-5910
-7279
-8431
-9336
-9756
-9615
-9062
-8177
-7178
-5982
-4548
-2992
-1484
-267
694
1399
1922
2388
2850
3336
3782
4238
4730
5350
6202
7163
8078
8659
8974
9130
9058
8741
8122
7263
6161
4811
3397
2115
1057
207
-593
-1244
-1649
-1840
-1819
-1727
-1565
-1384
-1358
-1462
-1515
-1515
-1455
-1460
-1481
-1369
-1155
-765
-237
386
1059
1673
2156
2517
2753
2948
2984
2706
2215
1618
1032
489
-53
-563
-972
-1313
-1544
-1661
-1669
-1519
-1413
-1399
-1433
-1475
-1436
-1424
-1431
-1379
-1302
-1144
-906
-585
-154
337
799
1213
1557
1862
2099
2205
2170
2006
1656
1242
866
442
96
-293
-664
-967
-1257
-1385
-1470
-1545
-1564
-1643
-1688
-1724
-1693
-1591
-1451
-1373
-1303
-1145
-916
-537
-159
303
605
439
-131
-940
-1697
-2602
-3745
-4996
-6360
-7478
-8336
-8832
-8767
-8431
-7737
-6940
-5980
-4712
-3362
-1868
-668
241
949
1401
1933
2463
3020
3513
3930
4425
4995
5723
6599
7437
8027
8337
8457
8438
8239
7765
7058
6151
4978
3733
2593
1600
787
6
-709
-1249
-1584
-1663
-1637
-1586
-1552
-1588
-1646
-1647
-1586
-1505
-1424
-1378
-1265
-1025
-630
-100
471
1058
1574
2025
2394
2702
2974
3017
2804
2406
1892
1417
919
416
-73
-553
-913
-1184
-1387
-1451
-1445
-1403
-1393
-1450
-1488
-1519
-1496
-1464
-1484
-1456
-1374
-1161
-808
-452
-36
353
688
1012
1306
1576
1727
1716
1559
1291
993
694
387
55
-255
-525
-815
-1048
-1182
-1277
-1346
-1468
-1590
-1689
-1753
-1718
-1665
-1601
-1544
-1470
-1302
-1065
-690
-257
164
457
338
-144
-920
-1796
-2765
-3934
-5157
-6433
-7474
-8208
-8620
-8514
-8096
-7326
-6366
-5290
-3995
-2691
-1347
-192
653
1291
1700
2111
2486
2851
3241
3616
4090
4673
5409
6249
7072
7688
8064
8281
8292
8075
7577
6833
5860
4705
3496
2329
1318
468
-225
-760
-1199
-1443
-1517
-1447
-1305
-1192
-1152
-1207
-1304
-1356
-1367
-1331
-1263
-1166
-1001
-700
-248
310
931
1508
1957
2271
2539
2759
2804
2615
2215
1748
1256
767
286
-214
-635
-996
-1242
-1381
-1431
-1358
-1299
-1275
-1324
-1387
-1362
-1373
-1362
-1361
-1376
-1281
-1132
-821
-411
-32
374
710
1003
1303
1537
1683
1627
1439
1184
846
533
205
-83
-391
-689
-905
-1088
-1142
-1205
-1295
-1386
-1493
-1578
-1642
-1692
-1746
-1764
-1698
-1539
-1343
-1099
-791
-419
16
461
581
315
-256
-1023
-1940
-3055
-4185
-5342
-6406
-7255
-7813
-7935
-7698
-7057
-6186
-5249
-4116
-2898
-1625
-468
412
1127
1601
1958
2283
2556
2861
3183
3572
4081
4702
5454
6217
6870
7386
7734
7852
7725
7327
6743
5977
4971
3897
2747
1680
827
43
-542
-998
-1302
-1378
-1398
-1314
-1254
-1219
-1153
-1215
-1270
-1326
-1366
-1330
-1268
-1062
-738
-358
137
639
1128
1608
2009
2355
2557
2592
2455
2153
1789
1335
854
387
-67
-427
-755
-986
-1134
-1224
-1218
-1224
-1219
-1264
-1279
-1295
-1329
-1338
-1345
-1299
-1230
-1088
-877
-596
-241
116
480
792
1074
1297
1422
1464
1372
1210
941
629
328
-2
-300
-567
-807
-990
-1148
-1270
-1351
-1422
-1487
-1573
-1610
-1645
-1700
-1713
-1703
-1653
-1514
-1320
-1023
-711
-360
45
263
238
-64
-555
-1240
-2121
-3073
-4081
-5038
-5865
-6529
-6900
-6908
-6579
-5992
-5237
-4298
-3255
-2168
-1100
-213
519
1098
1510
1840
2112
2367
2681
3041
3476
3993
4574
5253
5865
6413
6797
7003
7069
6880
6514
5892
5114
4243
3264
2310
1407
638
-14
-540
-888
-1072
-1106
-1062
-977
-938
-933
-929
-943
-954
-990
-1018
-1039
-973
-780
-538
-186
252
690
1136
1503
1819
2084
2223
2256
2112
1876
1548
1147
740
342
18
-275
-566
-807
-984
-1076
-1104
-1137
-1185
-1242
-1289
-1299
-1350
-1378
-1377
-1344
-1252
-1138
-921
-670
-360
-14
271
544
750
887
995
965
866
679
431
212
-50
-280
-502
-747
-922
-1045
-1070
-1102
-1163
-1199
-1222
-1221
-1264
-1355
-1465
-1513
-1477
-1389
-1227
-1042
-847
-562
-210
130
345
252
-121
-645
-1240
-1920
-2712
-3548
-4391
-5131
-5702
-5994
-5927
-5590
-5058
-4396
-3626
-2741
-1803
-888
-85
533
941
1243
1473
1727
2035
2323
2657
2992
3474
4067
4694
5316
5780
6131
6311
6319
6161
5801
5273
4563
3745
2888
2033
1316
719
245
-133
-444
-607
-651
-625
-562
-517
-524
-636
-789
-912
-983
-1005
-1027
-987
-874
-620
-250
152
633
1073
1421
1745
1936
2041
2064
1916
1673
1312
931
526
156
-122
-336
-505
-638
-717
-775
-768
-742
-752
-786
-887
-1011
-1085
-1165
-1192
-1191
-1156
-1015
-852
-608
-364
-145
115
312
525
677
735
715
555
335
112
-97
-300
-518
-705
-838
-921
-957
-963
-970
-980
-1019
-1104
-1168
-1238
-1312
-1404
-1490
-1523
-1521
-1467
-1324
-1114
-836
-542
-267
-21
58
-40
-334
-757
-1279
-1899
-2567
-3248
-3888
-4439
-4820
-4969
-4856
-4527
-4043
-3463
-2802
-2084
-1383
-742
-154
309
648
886
1089
1326
1581
1871
2235
2688
3209
3736
4242
4724
5129
5395
5525
5473
5276
4955
4467
3898
3273
2673
2101
1545
1086
705
425
243
108
32
-28
-113
-208
-330
-483
-638
-777
-846
-867
-871
-795
-625
-413
-118
247
628
987
1248
1459
1588
1630
1596
1451
1223
971
702
465
238
11
-159
-315
-409
-487
-542
-595
-680
-761
-888
-1002
-1100
-1201
-1257
-1323
-1345
-1280
-1141
-953
-766
-535
-323
-123
29
136
221
247
218
121
-23
-188
-352
-499
-621
-725
-808
-843
-870
-852
-841
-852
-866
-924
-976
-1054
-1157
-1251
-1349
-1382
-1389
-1324
-1185
-1016
-797
-590
-355
-123
40
42
-142
-471
-890
-1379
-1914
-2437
-2917
-3305
-3578
-3682
-3638
-3383
-2979
-2532
-2033
-1531
-999
-516
-55
300
561
789
944
1134
1356
1622
1940
2267
2616
3007
3421
3827
4174
4423
4518
4462
4298
4053
3740
3355
2903
2399
1913
1507
1198
953
757
585
428
317
228
156
71
-22
-136
-282
-406
-499
-524
-463
-374
-245
-86
145
402
654
861
1004
1111
1141
1143
1071
925
741
514
303
87
-90
-234
-376
-479
-557
-634
-688
-744
-820
-914
-1001
-1060
-1110
-1163
-1192
-1199
-1176
-1112
-1003
-864
-733
-586
-451
-323
-218
-166
-154
-180
-238
-328
-422
-501
-582
-669
-727
-759
-748
-744
-765
-782
-783
-777
-810
-854
-907
-971
-1033
-1068
-1079
-1056
-1010
-957
-836
-690
-514
-342
-180
3
171
283
246
91
-162
-491
-891
-1342
-1810
-2294
-2712
-3048
-3240
-3252
-3092
-2799
-2439
-2038
-1587
-1099
-605
-164
202
483
681
848
1016
1213
1421
1675
1947
2209
2504
2831
3171
3483
3701
3803
3808
3738
3591
3338
3008
2621
2203
1795
1455
1185
964
767
598
484
391
347
317
285
204
101
12
-50
-69
-51
5
59
136
256
429
625
802
952
1041
1084
1077
1038
974
860
683
464
239
31
-135
-269
-378
-503
-631
-720
-781
-820
-879
-942
-1015
-1102
-1146
-1131
-1085
-1032
-982
-924
-840
-737
-613
-502
-408
-343
-302
-273
-257
-263
-300
-350
-425
-487
-521
-534
-535
-561
-610
-665
-698
-703
-711
-756
-851
-964
-1044
-1067
-1092
-1108
-1106
-1114
-1103
-1036
-907
-718
-556
-418
-282
-162
-25
92
209
274
271
211
96
-58
-246
-481
-792
-1118
-1401
-1606
-1767
-1880
-1931
-1929
-1842
-1712
-1499
-1243
-996
-757
-553
-359
-152
60
295
497
690
890
1078
1326
1602
1874
2112
2284
2441
2556
2634
2673
2620
2514
2351
2149
1942
1743
1558
1340
1138
959
800
673
582
512
448
383
309
265
237
233
242
263
299
377
493
588
701
816
895
969
1036
1061
1045
1000
922
800
652
492
317
144
-34
-207
-340
-448
-516
-593
-688
-750
-806
-838
-875
-904
-935
-982
-1008
-1047
-1058
-1033
-987
-932
-865
-798
-749
-656
-563
-480
-432
-410
-375
-365
-362
-388
-433
-473
-520
-565
-614
-663
-705
-734
-776
-834
-874
-896
-894
-885
-882
-890
-878
-842
-779
-713
-646
-562
-470
-371
-269
-153
-43
57
145
224
278
301
277
179
19
-217
-459
-714
-952
-1189
-1411
-1549
-1620
-1609
-1522
-1359
-1152
-934
-699
-455
-192
50
248
376
499
613
730
860
987
1157
1290
1401
1522
1671
1856
1989
2056
2063
2016
1952
1886
1806
1693
1542
1361
1180
1040
970
906
826
752
689
653
643
648
660
667
658
642
659
708
781
846
872
889
895
891
905
905
878
807
689
550
421
313
212
78
-103
-278
-422
-538
-635
-704
-752
-819
-873
-916
-946
-972
-994
-1024
-1068
-1118
-1135
-1097
-1037
-981
-943
-894
-814
-713
-609
-524
-437
-394
-393
-409
-446
-473
-509
-562
-629
-695
-758
-797
-805
-818
-804
-804
-793
-759
-747
-722
-726
-708
-682
-663
-611
-581
-531
-478
-426
-326
-234
-118
2
90
179
247
296
329
328
321
294
241
198
155
100
30
-47
-122
-184
-230
-261
-290
-294
-312
-370
-413
-429
-413
-405
-394
-362
-311
-243
-164
-57
78
204
271
318
370
444
520
555
579
602
624
649
675
715
747
766
779
798
800
778
757
732
692
626
568
510
481
454
428
417
426
474
516
562
610
656
686
711
732
746
747
734
715
691
669
633
601
556
510
470
421
359
290
203
103
15
-61
-111
-169
-223
-264
-301
-320
-330
-325
-330
-336
-336
-332
-324
-320
-314
-309
-312
-326
-336
-338
-320
-294
-267
-241
-235
-220
-214
-220
-222
-240
-278
-342
-399
-431
-454
-465
-485
-494
-498
-501
-491
-473
-440
-397
-356
-327
-293
-262
-238
-218
-201
-196
-198
-218
-232
-235
-251
-273
-305
-332
-356
-378
-408
-430
-439
-455
-458
-450
-436
-426
-416
-399
-380
-356
-328
-294
-260
-237
-209
-179
-131
-70
-31
5
50
84
111
124
143
160
156
147
152
180
216
243
262
288
305
325
347
375
405
422
426
434
454
472
472
472
477
483
493
509
541
564
576
580
577
581
572
551
522
492
461
418
382
353
316
262
206
159
125
94
52
27
14
-2
-23
-41
-53
-69
-76
-82
-92
-89
-93
-88
-73
-59
-52
-55
-64
-65
-70
-88
-102
-114
-122
-143
-168
-184
-193
-190
-192
-184
-176
-187
-214
-226
-228
-228
-220
-218
-206
-200
-196
-191
-175
-152
-131
-119
-109
-88
-66
-39
-13
11
28
40
40
36
40
34
22
-2
-27
-52
-87
-127
-159
-187
-209
-233
-244
-245
-248
-259
-265
-262
-250
-229
-218
-203
-194
-194
-177
-159
-142
-128
-130
-129
-138
-139
-125
-107
-89
-76
-62
-51
-28
6
45
87
114
137
146
160
180
188
186
173
175
179
182
183
196
206
211
224
244
274
296
307
314
319
318
304
281
249
221
193
166
142
128
116
93
65
45
28
17
9
7
-2
-13
-19
-24
-21
-14
-2
3
9
13
17
21
26
25
16
-1
-19
-34
-43
-50
-52
-46
-42
-28
-26
-9
-3
-13
-31
-44
-44
-50
-60
-73
-80
-82
-64
-48
-23
8
33
63
97
133
161
180
184
175
168
153
135
115
94
73
55
42
23
11
7
7
3
-7
-14
-45
-72
-95
-123
-141
-154
-174
-181
-185
-184
-166
-154
-139
-127
-116
-110
-106
-91
-86
-94
-105
-121
-136
-144
-151
-161
-176
-192
-206
-221
-224
-223
-226
-228
-235
-224
-214
-199
-180
-164
-137
-115
-92
-73
-53
-26
2
29
49
65
84
102
120
127
129
136
135
134
136
146
149
143
133
124
111
94
79
75
67
59
58
54
49
44
40
32
23
17
7
-1
-5
1
5
10
13
19
37
47
63
71
71
65
54
46
33
22
10
3
-1
-10
-13
-8
2
12
20
34
41
53
67
76
75
76
80
82
92
108
115
125
139
151
162
169
172
183
181
162
150
140
125
106
87
58
26
3
-22
-34
-46
-48
-50
-57
-55
-58
-57
-58
-55
-52
-51
-46
-44
-36
-32
-26
-18
-14
-15
-15
-19
-22
-30
-39
-43
-52
-57
-63
-63
-60
-60
-61
-60
-58
-62
-68
-67
-66
-68
-70
-74
-79
-90
-93
-90
-86
-86
-86
-74
-67
-65
-51
-47
-48
-53
-58
-68
-72
-68
-72
-78
-86
-92
-97
-93
-88
-80
-71
-58
-39
-29
-18
-4
-4
-14
-19
-18
-28
-45
-58
-60
-60
-62
-57
-46
-39
-34
-29
-22
-12
-8
-12
-13
-15
-25
-39
-45
-53
-58
-56
-54
-52
-51
-40
-29
-22
-12
-2
9
29
49
69
82
94
113
125
135
139
144
155
162
168
178
185
189
189
185
180
174
167
157
151
147
134
124
112
107
105
92
81
76
68
53
43
38
39
34
26
28
23
22
26
34
39
35
36
35
39
41
33
31
28
20
11
2
4
10
11
15
24
36
38
37
37
29
21
13
5
3
1
-1
-1
4
11
13
16
15
19
15
18
21
18
16
4
-16
-35
-60
-83
-89
-95
-87
-87
-81
-72
-71
-62
-48
-40
-36
-38
-55
-64
-76
-92
-104
-120
-127
-130
-125
-119
-111
-98
-91
-93
-94
-91
-90
-88
-95
-104
-118
-124
-133
-140
-145
-147
-139
-139
-135
-129
-124
-120
-115
-109
-104
-87
-72
-55
-52
-43
-29
-13
3
12
30
45
59
66
75
77
74
79
85
89
91
91
90
82
80
80
74
71
68
62
54
49
39
34
27
31
30
22
25
30
32
23
23
30
33
38
37
25
14
-2
-11
-13
-15
-12
-6
6
13
18
22
32
47
59
69
67
65
60
55
51
42
47
45
42
42
38
44
42
44
54
66
66
57
50
37
29
14
3
-6
-9
-11
-15
-10
-11
-7
-11
-9
-12
-10
-5
-8
-7
-9
-17
-22
-17
-12
-11
-14
-13
-5
-8
-5
0
8
13
3
8
6
-3
-11
-15
-26
-40
-36
-31
-31
-30
-28
-30
-30
-38
-45
-45
-52
-59
-70
-70
-67
-63
-57
-47
-24
-14
-1
9
15
26
30
35
35
39
32
27
33
33
37
34
37
38
45
48
46
51
54
57
51
45
39
32
25
11
-1
-9
-17
-19
-25
-31
-33
-37
-37
-39
-37
-36
-38
-47
-52
-51
-58
-58
-58
-58
-62
-61
-56
-47
-49
-48
-33
-24
-16
-11
-5
-2
0
5
10
15
14
17
25
39
41
44
46
47
53
54
55
48
40
32
30
28
21
9
6
9
14
20
22
30
34
38
41
40
40
44
48
46
45
33
28
21
15
11
4
2
-4
-2
-1
-1
-3
-2
-5
-6
-6
-6
-4
-1
2
4
10
9
5
3
0
0
-12
-24
-16
-7
-6
-6
-13
-20
-19
-12
3
13
13
11
13
18
12
10
4
-7
-5
0
2
0
-8
-11
-14
-11
-8
-4
5
9
15
9
2
1
-6
-6
-11
-13
-20
-24
-27
-29
-28
-34
-31
-31
-33
-21
-21
-14
-18
-21
-19
-29
-26
-27
-25
-30
-34
-30
-31
-34
-28
-23
-15
-16
-21
-21
-23
-24
-33
-35
-38
-45
-58
-64
-66
-66
-62
-54
-42
-33
-29
-24
-18
-16
-10
-5
6
5
9
11
7
6
7
11
13
17
25
22
22
24
23
24
16
8
1
-7
-15
-20
-25
-32
-31
-27
-26
-24
-16
-12
-4
5
8
12
13
19
30
40
43
36
31
23
26
32
37
41
40
33
30
27
29
27
30
41
47
50
54
55
52
55
56
63
65
66
71
66
59
53
47
42
37
40
40
38
39
38
36
33
38
35
32
27
16
13
17
15
7
-1
-4
-10
-17
-11
-10
-11
-8
-4
-3
3
0
-14
-25
-29
-27
-22
-28
-24
-26
-36
-40
-45
-39
-36
-34
-22
-14
-13
-13
-12
-13
-23
-33
-34
-41
-44
-42
-43
-43
-43
-42
-38
-32
-32
-30
-28
-19
-18
-20
-21
-16
-11
-8
-5
-10
-10
-13
-8
1
4
5
4
4
5
5
8
9
13
8
13
17
17
20
15
17
7
0
4
4
6
2
-2
-7
-15
-28
-23
-21
-17
-16
-9
-2
2
1
-2
-3
-2
8
13
14
7
6
3
-2
-4
-3
0
3
4
6
14
14
19
25
27
29
30
29
35
40
38
36
33
31
27
26
26
23
19
11
6
11
6
3
-9
-15
-17
-18
-23
-24
-17
-16
-12
-7
-4
-7
0
7
10
8
2
-6
-11
-12
-9
-11
-14
0
3
9
16
18
10
7
-1
0
5
0
2
-5
-8
-16
-21
-21
-21
-24
-25
-23
-22
-17
-21
-19
-17
-23
-23
-17
-13
-13
-9
-15
-13
-9
-3
0
-1
0
-1
-3
-4
-7
-16
-21
-18
-18
-9
-10
-10
-4
-7
-5
-5
0
6
-3
-9
-14
-15
-21
-29
-32
-30
-26
-21
-19
-16
-12
-6
1
5
4
3
-4
-7
-1
-1
2
2
11
18
22
30
33
41
46
41
43
39
37
35
25
14
6
-2
-7
-11
-17
-19
-18
-16
-15
-5
-1
2
4
16
26
32
30
23
24
19
18
11
10
13
5
5
4
8
14
17
23
26
31
25
25
22
21
17
5
6
2
-2
1
-1
-2
0
5
7
15
27
35
36
35
39
40
26
20
11
3
-3
-11
-13
-22
-22
-25
-25
-21
-18
-23
-21
-18
-13
-15
-13
-6
-9
-10
-7
-10
-12
-25
-28
-23
-20
-16
-9
-3
-6
0
-2
-4
-4
-6
0
4
8
10
5
1
-5
-10
-12
-18
-19
-21
-16
-17
-12
-13
-6
1
-1
6
6
4
-1
-6
-11
-14
-17
-23
-27
-27
-27
-32
-33
-33
-27
-17
-11
-7
-2
-4
-3
2
3
2
1
-3
-8
-14
-23
-29
-32
-28
-26
-17
-13
-13
-6
-7
-7
-5
-2
-2
1
3
1
-1
-5
-4
-1
3
10
9
9
17
25
35
41
35
35
35
34
34
35
37
36
37
39
33
27
28
27
25
24
25
22
24
25
22
23
20
22
20
12
11
12
6
-3
-1
-2
-8
-8
-12
-11
-12
-12
-9
-12
-16
-17
-17
-13
-16
-19
-18
-16
-17
-19
-18
-13
-10
-6
-2
0
2
4
-2
-5
-11
-11
-14
-14
-19
-28
-23
-19
-21
-22
-18
-15
-6
-3
2
10
11
10
10
8
13
9
9
11
9
8
6
3
6
1
1
-1
0
1
4
8
7
10
10
10
11
10
5
5
7
9
10
6
4
13
12
14
19
19
24
26
21
24
19
14
9
-3
-9
-9
-12
-17
-19
-19
-18
-18
-13
-8
-4
-4
-2
8
9
8
7
0
-5
-1
-4
-7
-12
-15
-14
-12
-8
-2
2
-1
3
5
1
3
2
-7
-13
-20
-22
-25
-26
-25
-27
-23
-24
-21
-15
-13
-9
-5
-2
4
7
9
15
10
13
13
11
14
12
13
2
-2
-1
1
4
1
0
1
0
2
6
5
4
7
3
-5
-9
-9
-8
-3
-5
-8
-3
-5
-1
-2
-1
-2
-1
0
8
14
12
8
3
-2
-5
-10
-11
-6
-2
-2
6
7
10
8
5
6
12
14
13
12
6
12
3
-1
-5
-13
-10
-9
-2
3
3
1
-2
-2
8
9
10
12
9
10
9
2
-4
-11
-17
-23
-22
-19
-13
-7
-8
-5
-6
-7
-6
-7
-4
0
2
10
11
7
1
-1
-2
-3
-4
-4
0
6
10
8
5
6
7
6
12
17
20
16
15
13
8
3
-5
-7
-12
-11
-11
-13
-8
-10
-13
-10
-9
-4
-2
3
12
19
24
22
18
15
15
12
8
3
-1
-3
-7
-11
-14
-11
-13
-12
-4
1
8
10
7
3
-4
-5
-8
-5
-8
-7
-6
-8
-5
-6
-7
-2
0
0
2
0
6
7
14
18
14
15
10
5
1
-1
-4
-9
-6
-10
-17
-17
-17
-9
-9
-8
-3
1
1
-2
-2
-2
-3
-10
-10
-10
-5
-11
-13
-7
-7
-3
1
3
3
3
8
5
4
8
4
2
-1
-3
0
-6
-9
-11
-13
-13
-9
-8
1
2
1
4
7
9
13
11
15
18
15
15
12
9
5
5
13
18
13
8
9
16
16
17
17
19
17
10
5
2
1
1
-5
-8
-6
-14
-14
-15
-17
-12
-11
-9
-10
-2
4
-2
0
-1
1
-5
-8
-6
-7
-7
-11
-11
-13
-11
-11
-13
-12
-1
1
4
15
18
13
11
13
14
13
14
12
9
4
3
0
-7
-4
-7
-9
-3
-3
4
3
1
4
7
7
4
3
2
2
6
7
4
-3
-7
-13
-15
-10
-13
-13
-11
-10
-9
-8
-9
-11
-7
-8
-3
-3
-3
-2
-8
-11
-9
-9
-12
-8
-3
-6
-4
-5
0
-1
-3
-5
0
4
11
10
8
5
3
3
-2
3
-5
-3
1
0
3
2
3
2
5
6
2
6
8
1
0
-2
-2
-3
-9
-6
-1
3
4
2
1
2
1
3
-2
-2
-1
-1
-2
-5
-2
-11
-8
-7
-7
-2
-6
-2
-1
3
4
1
6
5
0
-1
3
-2
-1
2
4
3
0
5
7
11
13
13
14
17
13
7
6
7
1
0
-2
-1
0
4
5
8
12
11
12
9
7
7
10
5
2
3
-1
-2
1
1
-3
4
3
-1
5
4
1
-1
9
7
7
3
3
1
-2
-2
-3
-1
-6
-9
-7
-10
-13
-13
-13
-9
-4
-3
-9
-8
-7
-7
-8
-7
-2
5
6
6
6
6
-3
-4
-5
-6
-6
-13
-13
-11
-10
-8
-4
-8
-7
-4
-6
-8
-4
-2
-12
-8
-9
-10
-7
-11
-14
-12
-5
-6
-2
2
5
7
4
8
12
13
12
14
12
9
11
6
10
11
6
5
5
2
3
6
2
2
3
4
5
2
7
4
6
12
7
7
4
1
3
10
12
6
13
14
16
16
17
15
9
8
9
12
5
3
0
-5
0
-4
-8
-9
-9
-11
-6
-5
-3
0
-2
4
0
7
7
0
3
2
3
1
0
-2
-9
-7
-3
-1
3
2
0
4
9
5
-1
-4
-6
-5
-8
-8
-14
-21
-19
-16
-24
-21
-19
-22
-15
-14
-11
-9
-8
0
4
3
0
0
6
2
-1
-3
-5
-3
-5
-7
-2
-1
-5
-7
-5
-1
-7
-8
-12
-11
-13
-14
-15
-14
-10
-8
-5
1
2
0
3
6
8
5
6
9
5
6
7
1
-1
-4
-1
-3
-3
4
1
0
4
7
9
9
8
2
3
0
-2
-1
-6
0
7
4
7
9
13
15
13
12
4
5
3
0
-2
-3
-1
3
9
15
23
21
23
24
26
22
21
16
12
7
9
10
5
6
0
-1
-3
-1
-6
-11
-12
-9
-7
-7
-3
-4
-2
-2
0
-3
-8
-12
-16
-14
-13
-11
-9
-8
0
-1
-3
-5
-6
-7
-13
-14
-15
-12
-8
-12
-3
-3
-4
-3
-8
-7
-15
-14
-17
-17
-15
-16
-19
-19
-15
-12
-11
-13
-6
-4
-1
5
9
1
2
4
9
12
12
12
13
14
15
12
8
2
6
6
6
8
6
9
-1
0
2
4
4
-1
-3
-5
4
1
5
13
9
3
8
15
17
14
13
9
8
4
5
12
14
12
10
9
12
12
6
-1
2
4
3
4
3
3
0
-3
1
2
0
-4
-5
-8
-6
-1
-10
-10
-6
-5
-5
-6
-4
-3
-1
0
1
2
-4
0
7
11
16
23
18
16
16
16
11
4
5
-4
-8
-6
-6
-12
-12
-11
-14
-11
-5
-1
-5
-2
3
2
-5
1
1
3
3
0
1
2
3
8
4
7
11
10
9
14
12
8
7
4
1
-6
-5
-10
-17
-20
-25
-23
-20
-22
-24
-21
-16
-17
-18
-19
-21
-19
-13
-12
-10
-5
-4
-5
7
8
10
13
14
24
25
20
17
17
16
10
10
9
6
0
-2
-1
-5
-5
-6
-9
-7
-13
-14
-15
-16
-12
-18
-13
-12
-16
-18
-18
-13
-9
-6
-5
1
1
5
5
0
-6
-18
-18
-18
-14
-8
-10
-18
-16
-6
-4
-1
-7
-14
-10
-4
-3
-1
3
-4
-8
-5
0
6
10
12
12
12
11
20
25
24
18
21
21
13
19
13
9
5
10
18
17
18
13
7
3
1
1
-1
0
-2
-8
-7
-11
-12
-12
-10
-1
9
20
29
31
25
24
18
15
18
22
23
17
22
21
16
15
5
6
18
27
24
22
16
4
6
3
0
-3
-10
-4
-7
-6
-12
-19
-18
-24
-25
-30
-22
-17
-15
-11
-4
2
-1
-1
-7
-13
-19
-22
-18
-10
-8
-13
-13
-15
-21
-19
-16
-15
-8
5
13
13
14
9
1
-10
-6
2
3
7
3
-4
-9
-7
-3
1
5
17
26
25
16
10
1
-4
1
6
1
-6
-5
-11
-14
-16
-16
-21
-23
-18
-17
-20
-26
-22
-22
-17
-5
7
7
0
3
6
3
6
9
13
21
22
13
3
-6
-11
-9
-2
6
11
19
24
20
3
-11
-18
-13
-9
-4
3
1
-10
-14
-19
-24
-21
-15
-9
-9
-4
-1
2
-5
-12
-12
-9
-8
-10
-12
-11
-5
9
17
18
19
22
17
9
5
3
4
7
13
17
8
-2
-11
-18
-20
-13
1
13
27
24
20
13
6
10
13
12
17
17
12
4
-4
-5
-5
-9
-6
4
4
-2
-2
4
-3
-5
-12
-13
-18
-23
-20
-19
-20
-11
-5
-11
-8
-10
-6
-7
-3
-2
-3
6
16
19
13
6
2
4
0
1
4
5
6
5
10
7
2
5
6
9
19
24
30
40
39
36
36
31
33
38
35
34
29
28
23
17
13
8
9
12
13
15
11
8
7
7
-1
-9
-2
-7
-11
-3
-4
-8
-6
-9
-19
-23
-29
-21
-19
-16
-11
-12
-8
-10
-16
-20
-25
-29
-30
-22
-14
-11
-8
-13
-14
-16
-22
-18
-27
-19
-9
-6
-7
-5
-2
-7
-3
-6
-8
-4
-6
-5
1
0
0
0
-3
-6
-10
-14
-19
-15
-16
-17
-10
-14
-19
-16
-10
-10
