SAMPLES:	15993
BITSPERSAMPLE:	16
CHANNELS:	1
SAMPLERATE:	16000
NORMALIZED:	FALSE
3
9
5
6
2
0
5
2
2
3
0
0
5
2
3
-1
0
2
1
1
-1
2
0
2
4
5
5
1
-2
-1
1
-4
-4
-2
-1
-4
-2
-3
-2
2
-2
2
3
2
5
-1
0
0
3
1
1
10
7
7
5
4
3
3
4
-2
5
0
1
5
3
3
4
7
4
3
5
-3
-4
-5
0
0
-5
2
-1
6
3
3
3
4
4
-3
-2
-2
-6
-2
-2
-2
3
2
0
2
4
1
0
2
4
2
0
-2
-2
-5
1
-2
-1
5
1
0
0
-2
-3
0
1
-3
3
2
4
3
1
1
0
-3
3
-6
2
-7
3
-3
0
52
-9
-4
-5
12
0
13
-64
-19
34
-5
15
-12
4
9
28
3
-48
33
-43
18
-5
-27
16
-3
18
1
7
2
0
-14
-2
-7
-8
1
-15
14
14
3
12
-9
7
2
-5
-3
-19
5
14
3
15
-2
18
11
-3
11
-13
5
-3
-10
-1
-8
5
2
3
4
-3
8
-2
-12
-8
-5
3
-2
-1
1
-2
8
6
2
-1
-10
-6
-5
-6
-2
-4
-2
4
3
2
1
-5
0
-2
-5
-8
-3
2
0
0
-3
5
3
0
5
-7
-2
1
-7
-2
-1
1
-2
3
1
-1
0
-1
-7
-1
-1
-2
3
3
-1
0
2
3
-1
-4
-1
0
-4
-3
2
3
0
1
1
-4
6
0
-2
1
1
2
5
6
4
8
4
5
7
6
5
-2
4
1
0
1
2
3
1
0
1
4
1
1
-4
-7
-8
-1
1
-4
-4
2
-2
-2
3
1
0
-2
1
-2
-2
-3
-1
0
0
-3
-5
-6
-5
-2
0
1
-1
-3
-2
-1
-1
0
-3
0
1
-1
7
0
3
1
0
3
0
-3
-8
-6
-5
-4
-5
-9
-5
-6
-1
-1
-3
-1
0
4
1
1
1
-3
-2
0
0
1
2
1
0
1
3
4
1
4
0
0
3
1
0
1
-3
-1
-1
-4
-1
0
2
-2
2
-3
-3
2
2
-1
4
2
1
4
-2
3
1
2
2
-1
-6
-1
0
-1
2
2
-2
3
-1
-1
0
-3
-1
3
0
-2
0
-1
2
1
-4
-8
-3
1
2
-8
-4
0
-4
-1
-4
-2
-1
-2
-2
0
1
-2
-4
3
0
-1
-1
0
-2
-4
0
-1
1
2
-1
0
1
-1
2
-1
0
1
1
0
2
0
1
2
-2
4
4
0
1
2
-3
1
5
3
1
1
1
-1
0
-1
-4
-1
-2
4
3
-3
1
2
-2
0
3
3
3
3
5
2
2
0
1
5
2
3
2
2
0
1
0
0
-2
-1
-2
-3
3
-2
1
1
0
-1
-3
-2
0
1
1
2
4
4
0
2
1
4
0
-4
-1
-2
2
-1
0
0
2
5
2
1
1
-1
-2
0
-4
-3
-4
0
-3
-5
-1
-6
-4
-1
-3
-1
-3
0
0
2
1
1
0
-1
1
-2
-4
-2
-1
-6
-3
-1
-3
-2
2
-1
1
0
-2
1
-2
-4
-6
-3
-3
-5
-7
-7
-2
-2
-1
4
3
0
0
2
-2
1
2
2
1
3
5
2
2
5
5
1
2
1
0
-1
-3
1
-1
-2
0
2
2
1
2
2
3
5
-1
-2
2
-1
-1
-5
-2
1
0
3
-1
0
5
5
0
0
0
2
-1
2
1
1
-1
0
-1
-3
1
0
-3
-3
0
-2
-3
-4
-1
-2
-1
0
1
-1
-1
-3
-2
-3
1
-1
-1
1
0
-1
-4
0
-2
5
4
2
3
-1
-1
0
0
3
1
-2
-3
0
0
-3
-1
0
2
2
0
-2
-3
-6
-2
-2
-2
-3
-1
2
0
2
0
2
0
0
0
-2
-2
-4
2
0
-1
3
2
0
-2
1
3
0
0
2
0
1
0
-1
2
0
1
3
3
4
3
3
2
-2
-1
-4
-6
-4
0
1
3
1
-2
-5
1
-1
-4
-1
0
4
-1
1
-2
-1
0
0
1
-1
1
-1
-1
2
1
-3
-3
-4
-4
1
0
1
2
2
1
2
1
1
1
1
-1
1
2
0
2
2
1
2
1
-4
-2
-4
-6
-1
-5
-2
-1
-1
-2
-2
0
-5
-2
0
-1
3
-3
2
2
2
3
1
2
-1
1
0
1
-1
1
-1
-1
-1
-2
1
0
-2
-5
-5
-6
-1
0
-3
3
2
3
1
3
0
-4
-3
-5
-4
-3
-4
-2
-2
-4
-3
-2
-2
-3
-6
-5
-2
-4
-2
-3
-3
-1
2
5
4
5
4
3
0
-1
-6
0
3
0
3
-1
0
0
3
0
0
0
0
2
0
-1
-2
2
2
2
2
1
3
2
1
1
3
2
4
3
2
2
0
0
0
2
2
2
-1
1
1
-3
-1
-1
1
1
3
1
-2
0
0
0
0
2
-1
1
0
-4
-2
0
-2
-2
1
5
3
3
3
4
4
4
6
8
4
5
3
3
2
0
2
0
2
1
0
3
0
0
0
0
3
0
-2
-3
0
0
-2
-4
-4
-5
-2
-5
0
1
2
-2
0
2
-2
3
3
0
3
7
5
3
2
0
-1
1
4
-1
-1
-2
-1
0
0
2
1
1
-3
1
-2
-2
1
-3
1
-2
-3
-2
0
-2
-2
0
-2
-3
-2
1
4
1
-2
2
-2
0
0
-1
1
-2
-1
-3
-4
0
-3
0
0
3
0
-3
-2
-2
1
-3
-4
2
-3
-3
-2
-1
2
1
0
2
0
2
0
0
5
4
3
4
3
-2
-3
-1
3
1
-1
-1
-1
-1
-3
-3
1
1
-2
-3
0
1
-1
1
-2
-1
1
2
4
-1
-1
3
5
2
1
2
-1
1
0
0
1
0
-1
0
-1
-3
0
0
-2
1
2
-1
1
4
4
2
3
2
-3
1
2
-1
-4
-2
0
-1
2
3
1
5
5
6
-1
-1
0
-3
0
-5
-4
-2
0
-1
0
-4
-2
-5
-3
-4
-5
-3
-3
1
-3
-1
-2
0
-3
1
1
0
0
1
2
0
1
0
-1
-1
-4
0
2
-2
1
-4
-4
0
-2
0
-1
-4
-2
5
-1
-2
2
-3
-2
0
-3
3
0
-1
2
-2
1
0
-2
-2
0
-1
-3
-3
-2
-6
-3
-3
4
-3
-2
-1
-3
4
-1
0
0
-1
0
0
-3
0
2
-2
-2
1
1
2
3
4
0
4
4
0
4
2
4
6
0
3
1
1
0
-1
2
0
-2
3
1
-2
4
-1
1
6
-2
-1
4
0
5
2
-1
-3
2
0
3
-2
1
5
2
6
3
3
5
4
7
2
2
5
4
6
5
5
7
4
4
3
1
-1
1
5
0
3
0
0
1
-2
-2
0
2
6
10
1
3
0
3
2
2
0
-3
2
1
0
2
8
3
3
3
3
-1
0
0
-4
-2
-5
4
-8
4
-7
12
-13
23
-32
31
-52
40
19
-43
64
-82
66
-24
19
-17
2
-11
40
-25
29
-32
29
5
-11
20
-25
15
11
-17
18
-20
5
8
-18
18
-20
5
-10
5
-9
9
-12
11
0
6
-1
1
2
-2
8
4
-4
-2
-11
18
-5
-4
-14
-1
8
1
0
-12
-5
0
4
-7
-7
1
3
6
-4
-3
-6
-3
0
-1
-1
-4
0
1
-3
1
-4
-1
3
1
8
-2
0
0
0
4
-4
-3
-3
1
2
-3
0
-7
-2
-1
-8
-6
-4
1
0
-4
-3
0
-1
3
2
4
2
2
3
1
-3
0
-2
-1
0
4
2
1
4
6
4
2
3
1
1
-2
0
-5
0
-3
-3
-2
-4
1
-4
0
-1
-8
-1
-4
-2
-2
-1
-3
-2
-2
0
3
-2
2
-1
1
1
4
-2
1
0
1
2
1
1
0
-4
-2
-3
-2
-4
-6
1
-6
-1
-3
-4
0
-3
2
-1
0
1
6
2
4
1
1
2
4
4
1
2
4
3
-1
-3
-5
-4
-3
-3
-5
-1
-4
0
-1
-4
-1
-5
0
1
-6
-4
-6
0
-2
-4
-6
0
-3
-6
-6
-7
-4
-6
-3
-4
0
2
1
3
2
0
1
-1
-1
1
0
-5
-4
-3
-3
6
1
3
4
1
2
0
-2
-5
-3
-4
-4
-4
-3
-4
-4
-4
-3
-3
1
-2
-4
0
0
2
3
0
3
6
6
8
3
4
3
5
4
1
1
0
0
3
2
2
4
0
1
1
-2
-2
-3
-3
1
-1
0
-4
-6
-3
-3
-5
-3
-3
-2
0
0
-1
0
-2
2
-1
-3
2
-4
-2
-2
1
1
-2
1
4
3
1
0
5
1
1
0
3
0
1
-3
-4
-4
-4
-4
-5
-4
-6
0
-2
-2
-1
-2
-3
-1
-1
4
4
0
4
1
0
3
1
0
1
0
3
-2
0
1
0
0
-2
1
0
1
3
4
4
0
1
4
2
2
1
-3
-1
0
-2
-2
-1
-5
0
-4
-5
-1
-2
1
3
0
3
4
4
3
1
3
2
7
1
0
1
3
5
1
4
0
-1
4
2
1
-2
-3
-2
0
1
1
-3
-1
0
0
-3
-1
-7
-2
-1
-2
0
-1
0
-4
-1
0
1
-1
-1
-3
2
0
5
0
1
1
1
3
3
0
3
6
2
-1
0
0
-5
1
4
1
1
2
5
2
0
3
3
1
-1
4
2
3
4
4
1
2
0
0
-1
-2
-1
-5
-5
-3
-3
-1
1
5
3
1
7
4
3
3
0
1
-1
1
0
-1
2
-2
-2
1
-1
-4
1
1
-3
-1
0
-2
-1
-2
0
4
6
2
2
-1
-2
-1
0
2
-2
-3
0
-3
-4
-5
-3
-4
-5
2
-2
0
2
2
1
1
-1
0
-2
0
3
1
0
0
1
2
2
0
3
-3
-2
1
-3
3
4
3
5
4
1
2
0
-2
0
-1
-2
-3
1
-4
0
1
1
4
3
-1
1
1
-2
1
0
-1
2
-1
2
1
2
0
-1
2
-2
2
0
-5
-2
-1
0
1
0
0
1
2
5
4
3
2
1
2
1
-2
0
-1
1
0
0
-1
-2
0
-3
0
1
-2
1
-1
-4
-2
1
3
3
4
5
1
0
3
3
1
-2
0
1
-2
-2
-2
-1
0
0
1
1
-1
-1
-3
-5
-3
-3
-2
-5
-3
-2
-3
0
2
0
0
-2
-2
-1
-1
0
-2
-1
-2
-3
0
2
-1
3
5
3
3
3
5
2
2
4
-2
-2
0
-5
-2
-2
-1
-1
-3
0
2
-4
-3
-2
-3
0
-2
0
2
-3
1
3
3
-1
1
2
1
3
1
3
3
1
2
2
1
5
6
1
0
1
1
-2
3
1
0
1
-2
-2
-1
-3
-4
-2
-4
-2
1
2
-2
-1
1
0
2
0
-2
-1
-2
-4
0
-5
-4
-4
-1
-1
-1
-2
-2
-1
-3
0
1
0
-2
-1
-1
0
-1
0
-1
2
0
2
0
0
1
2
0
-1
2
1
1
-1
1
-2
-2
-3
-1
-2
2
0
0
0
1
2
1
1
2
3
-2
0
1
-1
-3
-4
0
1
0
1
1
1
0
1
0
-3
-1
2
-2
2
2
-1
1
2
2
-2
0
-1
-2
-1
-5
-5
0
-2
-3
0
0
-2
2
0
2
-1
-1
3
2
-1
-2
-1
-1
2
2
2
-1
3
3
-1
0
1
4
4
1
1
4
-1
-1
3
2
0
0
0
1
1
2
-1
1
-1
-4
-2
-3
0
2
0
-1
-1
3
3
-1
-2
-2
0
-1
3
1
-2
2
1
3
-2
-2
3
4
1
2
-3
-2
-1
0
-1
-1
1
2
-3
2
2
-2
-2
-1
0
-1
1
-1
-3
-3
0
-2
0
0
-4
-2
-1
0
-3
0
2
-1
-2
-3
-2
-1
2
2
1
-2
-1
2
1
1
1
-1
-4
1
3
-3
0
0
1
-1
-1
1
4
2
0
2
-4
-2
-1
-1
-1
-2
0
-3
0
0
1
1
2
-1
0
3
1
-1
2
2
1
1
4
3
3
7
4
1
1
0
0
-1
2
-1
-3
-2
-1
0
-1
-2
1
1
0
-2
-1
-1
2
0
-2
-2
-1
0
0
1
-2
-1
1
4
0
2
3
4
3
5
9
0
1
0
1
2
0
-1
-2
-2
0
3
-1
2
1
0
2
-3
-2
3
2
2
-1
0
3
0
3
-2
-1
0
2
-1
0
0
-2
-1
-4
2
-2
-2
-1
1
0
-2
-1
-1
3
2
0
3
0
1
2
-2
-1
-1
3
1
3
3
0
3
2
2
2
1
2
-1
-2
1
0
-1
0
2
1
0
2
3
5
5
2
1
0
0
3
2
-4
0
0
0
-2
-1
1
-1
2
1
2
-1
0
1
-2
-3
-1
-3
-3
2
1
0
-1
-2
3
-4
-1
1
-3
-2
-5
3
-10
-1
-5
-2
1
-4
1
-6
-2
0
-3
0
-1
4
-1
1
1
2
0
-6
-2
-4
1
2
1
3
0
-2
-2
1
-1
2
-3
-4
-1
-3
-2
-4
0
-2
-2
-5
-1
-2
-2
-2
3
-1
-4
0
-2
0
-1
2
1
1
0
1
-2
0
2
-1
0
-1
-3
-1
-1
-3
0
-2
0
-1
-4
-3
-1
-4
-1
3
2
0
-1
4
1
-1
1
3
3
3
2
4
3
5
3
2
2
3
4
6
6
2
2
6
4
0
2
4
1
2
1
0
-2
-3
-2
-1
1
1
-1
-1
-3
0
-1
0
-1
-2
1
-2
-3
2
4
-1
4
0
2
3
4
3
2
-1
2
-3
-4
0
-4
0
-1
-1
-4
-2
-3
-4
-1
-1
-1
0
0
1
-1
-1
-1
0
-1
0
3
1
2
0
0
1
0
0
-1
0
3
-2
-1
0
-3
0
-5
-2
-3
-4
-1
-3
1
1
1
-1
0
1
4
2
2
2
3
1
2
1
1
3
-1
2
4
1
-2
1
1
-3
-2
-1
-3
-2
-2
-4
-3
0
0
-2
-3
-6
-3
-3
-2
-4
-3
-5
-5
-1
-3
0
-3
-3
-1
-1
3
4
3
4
4
3
3
1
4
2
1
2
2
2
1
0
0
-1
-2
1
0
0
-1
-3
1
1
2
1
-3
0
0
-2
-1
-1
1
0
-2
0
0
-1
-1
2
1
-2
0
2
-1
0
0
1
-1
-2
0
-1
0
2
0
0
0
0
2
-2
-4
-3
-6
-2
-3
0
-1
-5
-1
-1
-4
-4
-3
1
0
-4
-2
-5
-1
-1
-4
-1
-3
-2
0
-4
-3
-2
0
-3
-1
-2
-1
1
-1
3
-1
-1
-1
-5
-5
-2
-2
-2
0
1
3
-2
-1
0
-1
5
0
1
1
2
6
2
4
3
1
-3
0
2
2
4
1
4
3
4
1
6
2
4
2
3
2
5
4
-1
2
2
3
-1
2
0
1
2
0
1
1
1
-1
0
-1
0
-1
0
0
1
1
-1
3
2
-1
1
1
3
-1
0
2
1
-2
1
-2
-1
0
2
1
1
-1
0
-1
-1
3
0
0
-2
1
0
-1
0
0
-1
0
-1
2
1
0
-2
0
-2
-2
-1
-4
0
-1
-3
-4
-4
-4
-2
-1
-2
-1
-3
1
-1
-2
0
-3
-1
-2
-2
-6
-2
1
-1
-4
-3
-2
-3
-5
-3
-3
-4
0
-5
0
0
0
-2
-1
-3
-3
1
-1
-1
-1
-4
-3
0
-5
-3
-2
-1
2
0
-3
-1
-3
-4
-2
-4
-4
-2
-2
-3
-3
-4
1
-2
-3
2
-1
-2
0
3
5
2
2
5
3
3
1
-1
3
0
0
3
-3
-1
1
-3
2
1
2
4
-1
0
3
0
0
-1
1
1
2
3
1
4
6
4
7
5
8
3
2
4
6
2
2
-1
-4
1
1
0
0
-1
2
2
2
0
-3
0
0
0
-4
-3
-1
1
1
-1
1
2
4
1
2
1
2
3
3
3
7
3
4
4
3
1
-2
2
0
0
-1
1
7
3
2
2
1
-2
3
4
4
-1
0
2
-2
0
-4
-3
-2
-1
-2
0
1
0
2
-1
0
1
4
2
2
3
6
3
0
2
-2
1
-3
-4
0
-3
-2
1
-2
-2
-1
-2
0
-1
-5
0
1
1
2
4
5
1
3
3
3
3
2
3
0
1
3
-2
0
1
-3
4
2
-2
-1
-1
0
4
2
3
1
0
1
1
3
0
1
-2
-1
3
3
1
3
2
0
2
0
2
1
3
1
1
3
2
-1
1
-1
1
-3
-4
1
1
4
3
5
0
3
2
0
3
0
0
-1
1
1
0
-2
-1
0
-3
-1
-4
-2
-2
-3
1
0
0
-3
-4
-4
0
-2
-2
-2
-3
-2
-5
-3
0
-1
0
-3
0
-3
-3
-1
1
-1
-3
-2
-2
0
1
2
-2
-1
-1
-1
3
0
4
2
5
1
5
1
-2
2
-4
1
2
-1
-3
-1
0
-2
-2
-2
1
0
0
-2
0
1
-1
-1
-3
-2
2
1
0
0
0
0
0
1
0
1
0
1
0
1
0
1
-2
-1
3
0
0
0
2
2
-2
0
2
3
4
5
0
3
3
2
2
0
0
-1
-2
-3
-3
3
2
-2
-1
-1
-2
-1
3
3
3
3
1
2
-1
-2
-1
0
-3
-1
1
1
1
-1
-3
-2
-3
-3
-3
-4
-5
-4
-3
-4
-6
-8
-4
-1
0
-2
-1
-2
-1
0
2
-1
-2
1
-1
-1
0
0
-1
0
-1
-1
3
-1
-2
-4
1
0
-2
-2
-1
-1
-4
-6
-7
-2
-4
0
-1
-3
-4
-5
-4
1
0
-5
-4
-2
-4
-5
-2
-3
-2
-1
-5
-6
-3
1
3
4
1
3
3
3
4
2
3
2
3
-2
0
-1
1
1
-5
-5
-2
-2
-4
-1
-2
-1
1
-1
-2
1
0
1
4
2
4
3
5
6
4
4
-1
2
2
1
1
0
0
3
1
3
-1
-3
-1
2
2
1
2
1
1
-2
-2
-3
-1
3
2
3
1
1
5
1
2
-1
0
3
1
6
4
3
0
2
1
-1
1
-1
3
3
5
3
3
1
2
5
2
4
2
4
6
3
5
4
2
-2
0
-1
2
-2
-1
0
2
3
2
0
3
2
1
0
-1
0
3
5
2
4
2
3
2
2
2
3
3
-1
1
0
1
0
1
2
0
1
-2
0
1
0
-4
-2
1
0
0
-2
-4
-3
-1
0
-4
-4
-3
-2
-3
-3
-4
-3
-1
0
2
-1
-1
-3
-1
-1
0
1
-3
2
1
0
0
1
0
-1
0
0
-2
-2
-2
-1
-2
-2
-2
-8
-5
-5
-4
-1
-6
-1
-2
-3
-4
-3
-5
-6
-4
-1
0
3
-1
-3
2
-1
-3
-1
2
1
-1
-3
0
-3
-2
-1
-1
0
-3
-3
-2
1
2
1
-1
0
0
2
2
1
2
3
3
4
2
3
3
2
4
4
2
2
3
0
2
1
0
1
1
2
2
3
3
2
1
0
0
4
3
4
2
2
5
0
6
0
0
6
4
2
4
5
2
0
1
3
1
0
1
1
2
1
2
0
-1
-2
1
-2
-3
0
0
-2
1
0
1
2
-1
-2
-3
-2
0
1
0
-4
-4
-1
-1
-1
0
-1
1
2
1
1
-1
-1
3
0
2
0
1
4
-1
-2
-3
-3
0
1
-2
-2
-1
-5
-2
-4
-2
-2
2
-1
-2
0
-4
-4
-2
1
-5
0
2
0
0
-1
1
0
0
-5
-2
-4
-4
-1
-1
1
1
2
1
-2
-3
-1
3
0
0
2
-1
-2
1
0
0
2
2
-1
-2
0
-1
-2
-1
-1
3
0
2
5
3
0
-2
3
3
2
0
-2
1
2
1
2
0
1
1
2
-1
0
1
-1
0
-2
1
-1
-4
-1
-1
-2
-5
-1
1
2
-2
-2
0
0
-2
-4
-4
-4
-1
-1
-1
0
-2
0
-6
1
3
1
0
-1
4
0
1
2
-1
-2
-2
-3
0
1
-3
-2
1
-1
-1
1
4
3
1
3
0
-2
1
-2
-2
-3
-5
-1
-3
1
0
-3
-1
0
-1
2
3
6
5
5
5
4
6
6
5
4
4
3
3
5
2
2
-1
1
3
1
3
0
0
-3
-3
-2
-3
-1
1
0
2
0
0
2
-2
-2
-2
4
0
-1
-2
0
2
3
2
-4
3
4
1
4
-3
-4
-1
0
-2
-3
-3
1
1
-2
-2
-6
-6
-5
-2
-1
-3
-4
-3
-7
-5
-5
-7
-4
-3
-5
-5
-4
-2
-2
-2
1
-3
-1
-3
0
2
4
5
5
7
5
6
5
6
6
6
5
3
5
4
4
1
3
-1
-5
-5
-5
-4
-4
-2
-3
-2
-4
-5
-2
-2
-3
-3
-2
-3
-3
0
-1
0
6
5
2
2
2
3
5
6
5
7
5
6
5
6
4
3
3
3
-1
-3
0
2
-2
1
-2
-1
1
-1
2
0
-2
-4
-2
-1
0
1
1
3
2
0
2
3
0
-2
-3
-8
-4
2
-2
2
3
1
-1
-1
-5
-2
-3
-6
-1
-5
-7
-5
-6
-8
-7
-6
-7
-8
-6
-6
-6
-5
-5
-3
-4
-4
-1
1
-1
-3
-2
0
5
2
-1
2
-1
2
0
0
2
1
2
2
2
0
-3
-4
-2
0
-3
-1
0
2
0
-5
-2
-1
-1
-3
-6
-4
-3
-3
-3
-2
-2
0
-1
-3
-4
0
0
2
0
-3
3
0
-5
-3
-3
-4
-5
-2
0
0
1
3
1
4
4
1
1
-1
1
1
2
4
4
5
3
5
5
3
1
0
-2
1
3
0
0
1
3
1
1
-1
-3
-2
3
0
0
1
1
2
2
-2
-5
-1
1
1
1
1
0
2
6
5
2
2
5
3
3
3
5
4
3
5
5
4
1
4
4
1
4
2
3
3
3
0
1
2
2
-1
0
1
0
1
0
-1
0
2
2
2
1
-3
-2
0
2
3
2
3
3
4
3
3
-1
2
-2
1
4
1
3
0
-1
3
3
5
0
-2
-1
-2
-1
-1
0
-3
-5
-2
-3
-3
-5
-4
-5
-4
-3
-3
-6
-2
-2
-5
-3
-3
-2
0
0
1
1
0
-1
-1
2
3
2
-2
-1
3
-1
-1
-2
-3
1
2
1
0
1
0
-1
1
3
3
-2
2
-1
0
-5
-5
-1
-3
-1
0
2
2
-2
2
0
0
4
5
3
7
4
2
5
2
0
1
0
1
1
2
-1
1
1
-1
-1
-2
0
1
2
2
-2
0
1
-2
1
3
2
4
5
2
0
1
2
7
7
4
0
0
3
2
1
4
2
4
3
1
0
0
2
1
0
3
5
2
3
-2
-2
-4
1
-2
-4
-1
-2
-3
-3
-3
-2
-1
-4
-1
-2
-3
-5
-3
-2
0
-1
1
1
0
2
-4
-2
0
2
2
2
2
1
-2
-6
-1
-2
1
0
-4
0
-3
-5
-4
-4
-3
-3
3
1
-1
-1
-2
-2
0
0
0
0
0
-1
0
-2
-2
1
0
2
-2
-1
-2
-4
-2
1
1
4
6
-2
-1
2
0
2
-1
0
2
0
-1
-4
0
-2
-2
-2
-3
0
1
1
0
-1
2
3
4
4
3
-1
2
6
3
5
3
0
2
2
1
3
2
1
1
1
-1
2
3
3
2
-1
-1
-1
-1
-2
-3
-5
1
0
-3
-5
-1
-2
1
2
2
3
2
3
0
0
1
4
4
-3
-2
-1
-3
-1
-4
-3
-3
-3
-2
-3
-4
-1
0
-2
-1
3
3
-1
-1
1
4
1
0
3
4
4
2
0
1
-3
-4
-2
-3
-3
-2
0
0
-3
-1
1
0
-3
0
-1
-2
-2
-7
-4
-2
-4
-4
-5
-5
-4
-6
-6
-2
-1
0
2
0
4
8
2
4
3
3
3
5
3
4
8
6
4
2
3
1
2
1
-3
-1
-3
-2
0
-3
1
0
1
2
-1
1
-2
0
0
0
-1
2
2
3
0
1
0
1
0
0
1
0
4
-1
1
-4
-3
-1
2
3
2
5
2
3
2
2
1
0
3
0
0
2
-1
-3
-7
-6
-5
-1
2
2
2
1
2
-3
0
1
0
3
0
0
-5
-3
-1
-7
-5
-6
-6
-2
-3
0
2
1
1
1
3
1
1
1
-2
-1
-4
-1
2
-1
-3
-2
-2
-5
-4
-4
-2
-4
-3
-1
-5
-3
-2
-3
-2
0
0
3
1
-1
0
0
1
1
5
6
5
6
4
4
0
-2
1
0
1
1
1
-1
-1
-4
-2
-5
-3
-3
-5
-3
-1
-5
-5
-3
-3
1
-3
-2
0
2
-1
6
3
-2
-1
-3
3
1
3
2
3
2
0
-1
0
-1
0
1
-3
-2
3
2
-2
-1
-5
-7
-3
-3
0
0
-2
3
4
2
3
5
4
3
3
3
4
5
2
2
5
7
9
7
1
2
1
1
-1
-5
-2
-4
-2
-4
-3
-8
-10
-8
-4
-5
-6
1
0
1
2
-1
0
-2
-1
1
2
1
-2
1
-1
-2
-4
0
-2
-5
-4
-3
-7
-8
-6
-8
-7
-8
-5
-7
-7
-7
-5
-1
-2
2
-4
-1
-4
-2
-5
-4
-5
-6
-2
0
0
-2
4
2
3
4
10
7
6
8
4
5
4
4
2
0
2
-1
2
1
-1
0
1
3
3
7
5
7
7
9
5
5
3
1
6
7
6
3
4
3
3
3
3
3
3
3
0
-1
0
-1
1
-2
-1
-1
2
4
2
3
0
2
-1
1
1
-1
2
3
5
3
1
-1
2
4
5
2
4
8
7
9
5
7
10
12
11
7
6
4
2
2
4
-1
-3
1
-4
-3
1
2
5
2
4
3
0
1
2
-2
-3
-2
-1
-1
0
-3
-5
-7
-8
-8
-9
-6
-7
-4
-2
0
0
3
3
-1
3
1
3
6
5
4
3
1
-5
-4
-5
-10
-10
-11
-11
-9
-7
-9
-8
-4
-3
-5
-1
-1
-2
1
-2
-1
0
0
-2
-1
-3
-4
-1
-3
-1
0
4
3
3
7
8
9
10
9
7
10
11
6
7
7
2
2
0
-3
-5
-3
-3
-4
-2
-2
0
-3
-1
-4
-5
-1
-3
-1
0
1
-1
3
3
8
2
3
4
5
5
6
4
5
9
5
8
9
8
8
6
5
9
5
6
4
3
4
3
1
0
0
-1
-4
-7
-6
-4
-3
1
-1
-3
-1
5
0
2
4
4
3
6
7
3
6
5
8
2
6
7
5
3
1
5
6
1
-3
-6
-5
-5
-6
-12
-13
-8
-6
-5
-9
-14
-9
-8
-9
-7
-7
-11
-10
-8
-8
-4
-2
0
-4
-5
-5
2
4
7
6
9
11
8
7
-1
2
6
-1
0
-3
0
-3
-4
-3
-3
1
-1
4
0
-3
0
5
4
1
2
4
6
7
3
2
0
-4
1
-2
-3
-1
-3
-2
-6
-1
6
2
4
-4
-4
-4
-6
-3
-11
-7
-8
-8
-10
-11
-12
-10
-8
-3
-3
-1
0
3
4
0
2
-5
-6
-5
-9
2
2
1
-1
0
8
3
8
6
6
8
7
12
5
8
5
2
-2
-7
-10
-3
-5
-4
-10
-7
-6
-1
-2
-5
-5
-12
-8
-8
-4
-7
-1
-1
4
0
4
4
5
1
4
-5
-5
-6
-3
-5
-9
-15
-15
-22
-22
-16
-21
-18
-20
-18
-20
-14
-11
-5
-8
-8
-6
1
6
3
4
-1
5
10
13
9
6
12
10
17
14
15
15
15
11
10
13
6
5
-2
-1
-3
2
0
0
0
-1
7
4
1
2
1
3
0
-4
-14
-9
-7
-5
-5
-10
1
-6
0
-1
-5
8
10
15
16
14
16
13
16
15
15
11
11
9
9
7
1
-2
-7
-13
-8
-11
-9
-12
-13
-12
-19
-12
-9
-2
4
2
-4
-7
-13
-3
3
5
4
-6
-3
1
-1
3
-6
-9
-12
-13
-5
-13
-11
-6
-6
5
-3
0
2
-1
-7
-4
-3
-1
-2
-7
-4
-1
-3
-1
-5
-2
-7
-1
2
-1
10
13
28
19
12
7
4
17
14
5
4
7
20
24
19
13
9
19
13
8
8
16
13
18
19
20
28
20
20
0
7
12
5
9
-3
18
24
18
13
-1
-3
7
7
17
5
9
19
22
36
29
31
21
12
4
3
7
24
10
21
0
5
7
5
-3
-25
-27
-19
-23
-6
-14
-11
-3
-20
-18
-41
-12
-22
-28
-39
-46
-31
-30
-41
-35
-46
-11
-22
-24
-15
-27
7
-16
-5
-24
-17
-6
-30
-36
-42
-34
-14
-34
-24
-42
-27
-20
-37
-35
-43
-29
-37
-47
-47
-52
-36
-42
-49
-52
-40
-22
-22
-22
-30
-34
-19
-7
4
-3
7
16
26
22
13
8
13
20
15
21
6
24
22
34
27
25
47
33
37
18
24
46
34
39
31
35
46
36
40
24
35
39
37
46
36
63
62
66
62
60
62
57
66
69
72
92
82
67
46
45
46
46
56
51
47
51
51
53
42
46
53
45
49
31
42
34
26
30
26
43
46
37
36
27
32
23
33
35
19
30
6
12
9
30
12
-6
-1
-15
-11
-25
-22
-28
-34
-47
-65
-70
-70
-82
-90
-112
-118
-133
-134
-149
-161
-160
-173
-177
-184
-190
-176
-177
-175
-183
-195
-173
-185
-166
-176
-164
-161
-165
-163
-165
-148
-151
-150
-157
-170
-153
-142
-122
-105
-110
-93
-94
-70
-72
-64
-39
-42
-29
-43
-17
-22
-7
11
1
18
41
59
76
74
99
92
113
127
126
143
142
159
153
158
174
181
192
203
197
205
215
209
210
215
231
218
227
234
227
237
247
233
230
231
244
228
229
219
204
223
215
230
202
206
223
211
237
200
203
202
195
213
194
210
180
185
181
177
183
168
152
127
135
149
144
129
101
91
76
89
67
53
31
16
20
-24
-8
-46
-40
-76
-97
-108
-137
-128
-181
-236
-263
-293
-308
-378
-370
-443
-460
-484
-527
-582
-584
-598
-619
-672
-696
-715
-716
-684
-752
-750
-758
-738
-741
-732
-725
-705
-697
-662
-681
-658
-587
-544
-502
-488
-439
-371
-312
-260
-251
-200
-134
-89
-31
-11
44
95
160
188
208
258
302
337
357
373
409
458
494
494
510
547
567
578
578
574
584
612
619
605
602
622
639
642
624
617
633
644
631
616
611
620
616
601
589
573
578
568
552
542
530
531
512
494
465
451
441
424
371
347
334
321
302
281
267
248
236
234
203
221
241
250
266
238
249
255
301
301
314
331
394
401
448
469
522
550
584
590
544
549
502
513
280
98
-194
-349
-563
-845
-1072
-1340
-1586
-1777
-2000
-2091
-2263
-2294
-2388
-2526
-2502
-2480
-2342
-2354
-2339
-2293
-2164
-1981
-1906
-1802
-1659
-1486
-1303
-1141
-936
-763
-536
-312
-137
48
219
456
591
721
849
1006
1111
1167
1230
1299
1354
1356
1326
1250
1211
1177
1119
991
842
687
583
485
346
202
81
-17
-130
-194
-233
-297
-321
-297
-300
-253
-212
-137
-103
-34
51
102
197
268
310
374
460
520
569
613
666
686
762
793
793
805
815
828
827
831
819
783
784
770
741
721
682
656
629
605
582
548
541
512
499
496
477
454
407
393
375
376
366
343
307
285
327
331
337
338
316
343
347
406
407
416
453
421
466
471
506
492
483
503
522
609
642
672
649
741
619
463
301
168
-14
-324
-585
-901
-1228
-1378
-1726
-2023
-2284
-2433
-2603
-2874
-2871
-2974
-2970
-2974
-3000
-3020
-2865
-2704
-2650
-2686
-2488
-2341
-2177
-1985
-1841
-1689
-1458
-1136
-958
-814
-518
-229
-32
167
372
591
797
1013
1113
1210
1358
1490
1477
1449
1479
1478
1441
1376
1247
1131
1090
1013
825
633
552
428
277
158
3
-100
-152
-171
-246
-324
-260
-278
-223
-182
-131
-47
40
143
173
271
386
443
484
535
591
660
719
762
715
770
833
860
870
850
861
850
883
854
798
790
768
737
697
649
608
556
544
486
439
439
419
401
378
389
412
428
441
450
471
524
547
566
560
600
618
648
650
613
617
625
654
608
558
521
491
503
486
438
405
373
324
278
262
269
199
197
144
141
189
229
221
174
251
270
364
398
425
384
164
71
-182
-261
-537
-828
-996
-1375
-1551
-1846
-1981
-2130
-2360
-2451
-2661
-2739
-2666
-2705
-2669
-2709
-2672
-2599
-2546
-2394
-2366
-2237
-2085
-1996
-1867
-1656
-1459
-1269
-1095
-852
-670
-465
-209
19
167
386
591
791
908
1050
1187
1272
1374
1386
1354
1356
1365
1315
1232
1112
1011
893
767
659
464
399
246
127
-2
-111
-153
-227
-257
-281
-297
-237
-219
-191
-114
-68
56
98
195
260
356
488
533
603
649
713
800
848
892
928
969
1028
1031
1052
1060
1090
1080
1039
1005
973
942
891
822
754
707
670
625
558
514
483
471
425
391
370
360
374
334
322
295
308
320
294
281
264
328
348
359
395
413
451
447
479
472
492
518
506
499
547
569
616
610
652
651
752
754
777
799
909
988
1017
942
729
587
394
210
-153
-440
-828
-1221
-1550
-1879
-2194
-2408
-2741
-3018
-3317
-3341
-3365
-3434
-3439
-3511
-3495
-3292
-3183
-3017
-2972
-2778
-2622
-2490
-2208
-2050
-1805
-1541
-1299
-1012
-792
-430
-171
67
370
595
863
1057
1248
1402
1553
1722
1770
1756
1764
1748
1738
1657
1536
1332
1191
1058
894
690
503
317
98
-60
-243
-344
-463
-530
-646
-647
-646
-606
-569
-524
-425
-343
-196
-93
13
151
295
439
563
654
765
846
967
1042
1104
1151
1185
1233
1272
1287
1277
1260
1226
1196
1149
1117
1069
1003
908
839
770
704
642
556
493
443
411
362
328
291
278
287
295
301
306
323
347
382
409
455
465
480
502
550
630
675
715
690
743
779
801
798
773
800
726
680
629
537
565
466
439
373
355
418
331
377
364
464
581
547
625
559
611
460
362
83
-186
-459
-786
-1063
-1529
-1815
-2249
-2540
-2771
-3092
-3245
-3464
-3528
-3610
-3676
-3545
-3521
-3348
-3291
-3184
-3006
-2806
-2593
-2430
-2269
-2069
-1811
-1563
-1325
-1123
-826
-535
-304
-32
208
460
741
956
1172
1299
1502
1623
1677
1790
1754
1762
1711
1654
1494
1362
1301
1095
895
710
497
330
113
-18
-269
-415
-450
-582
-618
-698
-656
-617
-571
-494
-470
-327
-189
-111
40
154
317
447
557
688
764
926
1027
1112
1172
1246
1326
1370
1367
1374
1374
1373
1344
1278
1232
1171
1120
1058
979
905
835
776
714
619
568
518
476
427
368
350
342
345
354
331
384
397
445
470
489
557
562
648
622
627
663
715
727
675
639
663
647
615
579
547
496
425
400
347
312
304
267
217
237
271
352
454
496
567
680
907
1000
1029
1012
891
718
520
188
-137
-674
-1095
-1594
-2044
-2426
-2919
-3135
-3612
-3918
-4067
-4159
-4160
-4243
-4188
-4102
-4060
-3699
-3629
-3418
-3180
-3019
-2724
-2584
-2206
-2012
-1753
-1308
-1147
-818
-493
-120
215
451
918
1125
1381
1738
1880
2116
2220
2405
2371
2298
2323
2178
2048
1884
1617
1348
1130
934
604
335
142
-145
-375
-532
-660
-877
-912
-947
-1010
-958
-851
-750
-710
-504
-354
-201
35
204
366
576
796
942
1085
1282
1370
1466
1605
1662
1672
1713
1721
1671
1633
1607
1496
1408
1337
1211
1112
999
885
757
666
609
505
460
405
333
328
305
292
269
265
292
279
344
380
408
489
549
651
703
805
819
844
859
876
924
937
980
901
868
814
775
727
641
539
444
317
239
136
49
-1
-122
-152
-264
-251
-209
-164
-61
-12
115
247
420
682
802
939
939
806
724
394
132
-365
-820
-1343
-1967
-2400
-2941
-3344
-3766
-4156
-4391
-4576
-4587
-4561
-4511
-4317
-4229
-3910
-3674
-3332
-3108
-2825
-2556
-2275
-2005
-1700
-1405
-1136
-841
-529
-173
126
485
778
1130
1403
1717
1985
2220
2423
2563
2692
2746
2713
2641
2522
2407
2212
1897
1687
1318
1113
776
545
222
-59
-227
-441
-573
-673
-754
-765
-753
-715
-613
-508
-321
-264
-67
130
300
485
666
813
968
1149
1273
1364
1434
1502
1503
1533
1516
1456
1378
1323
1215
1117
1022
914
784
692
603
504
420
339
243
201
176
151
134
133
163
174
243
300
342
406
481
586
685
797
901
957
1075
1109
1183
1175
1151
1114
1083
1075
999
936
854
806
736
665
602
489
454
348
280
172
83
-12
-102
-184
-225
-199
-137
-100
-57
85
196
493
740
939
1118
1168
1340
1216
1112
880
371
6
-655
-1222
-1904
-2498
-3056
-3718
-4221
-4662
-5059
-5128
-5328
-5283
-5260
-5044
-4767
-4499
-4054
-3725
-3343
-2919
-2614
-2251
-1932
-1578
-1229
-978
-596
-395
33
332
681
973
1293
1590
1860
2084
2282
2415
2582
2599
2567
2478
2357
2174
1921
1633
1262
950
629
247
-89
-396
-652
-902
-1070
-1193
-1318
-1284
-1318
-1230
-1148
-1033
-801
-614
-320
-163
112
421
586
881
1069
1274
1504
1611
1801
1813
1950
1983
1904
1913
1774
1698
1584
1412
1275
1025
941
754
594
507
343
300
203
178
163
165
236
262
339
444
504
644
736
860
955
1065
1206
1304
1447
1544
1632
1758
1793
1870
1851
1837
1746
1647
1544
1437
1284
1177
994
871
659
474
394
200
97
-106
-176
-301
-312
-357
-384
-418
-310
-246
-101
-49
186
347
587
831
1108
1448
1665
1945
1870
2011
1874
1734
1247
724
69
-699
-1438
-2269
-3112
-3946
-4575
-5269
-5790
-6236
-6315
-6460
-6360
-6092
-5835
-5350
-4841
-4273
-3775
-3233
-2656
-2247
-1830
-1353
-1024
-627
-313
36
261
600
981
1275
1532
1835
2034
2244
2428
2567
2629
2584
2543
2356
2159
1902
1567
1163
746
307
-107
-564
-890
-1224
-1474
-1696
-1806
-1851
-1803
-1691
-1531
-1323
-1016
-717
-419
-52
306
634
900
1222
1421
1649
1845
2051
2122
2235
2257
2231
2211
2163
2027
1866
1684
1438
1197
990
749
481
290
69
-73
-183
-221
-239
-223
-104
-38
130
302
478
686
882
1091
1242
1406
1570
1678
1817
1916
1983
2082
2087
2166
2174
2196
2137
2016
1884
1684
1475
1269
1004
760
529
303
132
-115
-174
-305
-307
-337
-375
-365
-392
-348
-292
-268
-115
-5
119
245
441
727
1006
1306
1481
1797
2069
2448
2548
2798
2835
2744
2541
1998
1556
766
-28
-1074
-2144
-3051
-4121
-5069
-5806
-6540
-7030
-7282
-7331
-7141
-6940
-6250
-5705
-4996
-4080
-3374
-2568
-1875
-1180
-610
-222
316
526
730
1014
1068
1205
1258
1361
1386
1319
1488
1406
1464
1411
1374
1301
1175
1041
770
511
191
-161
-536
-880
-1320
-1635
-1960
-2099
-2284
-2246
-2202
-2021
-1750
-1375
-968
-549
-94
295
662
1116
1523
1718
1961
2117
2299
2262
2329
2295
2170
2126
1961
1739
1584
1412
1155
862
620
390
84
-37
-273
-408
-456
-472
-458
-384
-165
20
252
557
837
1160
1508
1765
2019
2270
2500
2623
2731
2819
2837
2838
2780
2668
2550
2406
2237
2027
1863
1632
1377
1142
882
625
393
157
-26
-191
-253
-371
-410
-355
-222
-111
-11
135
248
427
578
735
783
900
971
1029
1033
1198
1272
1352
1413
1505
1556
1781
1940
2062
2048
2165
2028
1755
1357
905
199
-577
-1584
-2662
-3709
-4629
-5494
-6530
-6953
-7356
-7435
-7398
-6947
-6198
-5420
-4412
-3314
-2322
-1151
-147
743
1434
1902
2407
2372
2425
2286
2010
1635
1146
807
377
28
-85
-373
-490
-487
-391
-358
-352
-232
-146
-181
-184
-364
-476
-612
-885
-1083
-1323
-1296
-1493
-1440
-1339
-1148
-944
-643
-328
-6
302
617
752
974
1059
1095
1021
1050
957
735
592
467
373
185
105
16
-69
-61
-149
-206
-201
-270
-278
-361
-357
-349
-316
-177
-113
57
312
546
847
1111
1458
1748
2009
2253
2353
2515
2561
2515
2451
2298
2195
1967
1768
1616
1441
1328
1182
1131
1114
1087
1078
1073
1111
1091
1035
1007
923
960
918
952
954
993
1060
1107
1272
1300
1319
1219
1246
1191
1077
896
795
661
576
417
392
438
628
785
898
1157
1328
1598
1684
1878
1847
1838
1654
1296
961
249
-473
-1533
-2478
-3661
-4795
-5776
-6657
-7426
-7916
-8005
-7925
-7439
-6822
-5737
-4723
-3354
-2186
-963
119
1157
1896
2270
2453
2402
2110
1564
899
157
-509
-1241
-1709
-2070
-2193
-2173
-1921
-1524
-1123
-512
63
610
1018
1371
1562
1646
1565
1416
1098
787
466
153
-52
-246
-240
-176
-55
127
358
615
903
1106
1268
1341
1400
1425
1324
1255
1056
1007
941
776
680
663
761
688
670
654
658
666
646
481
382
356
326
225
140
216
304
462
567
745
1028
1279
1524
1711
1876
2015
2097
2135
2033
1954
1884
1749
1575
1391
1324
1220
1129
1002
918
916
919
925
876
902
920
952
899
843
739
762
700
713
698
759
809
866
1088
1200
1419
1357
1398
1332
1376
1226
997
686
567
395
216
-113
-215
12
255
560
707
1095
1644
2025
2378
2253
2461
2222
1948
947
8
-1098
-2345
-3838
-5521
-6784
-7845
-8551
-9223
-9253
-8870
-7943
-6835
-5391
-3882
-2080
-502
984
2029
2872
3315
3342
3036
2151
1224
-34
-1146
-2238
-3179
-3862
-4142
-3973
-3690
-3085
-2171
-1098
-189
707
1445
2085
2368
2449
2233
1842
1447
821
295
-318
-674
-1000
-1028
-961
-839
-573
-210
210
493
652
769
866
924
770
561
479
483
429
417
430
625
835
1020
1089
1163
1198
1133
999
643
285
-25
-244
-576
-801
-909
-681
-426
-53
305
900
1568
2104
2437
2670
2923
2958
2757
2363
2043
1709
1349
855
564
425
439
448
494
716
1006
1333
1554
1752
1948
2138
2203
2099
1946
1778
1619
1422
1209
968
764
618
693
774
869
842
966
1131
1212
1271
1114
1156
945
987
698
622
478
457
489
680
1030
1237
1463
1793
1990
2394
2358
2292
2206
2127
1902
1163
214
-751
-1739
-2948
-4715
-6065
-7198
-7829
-8513
-8936
-8718
-7944
-6588
-5322
-4008
-2192
-368
1324
2145
2885
3398
3394
2800
1551
454
-893
-2165
-3379
-4511
-4877
-4887
-4455
-3964
-3050
-1561
-309
926
1756
2551
3169
3324
3236
2523
2005
1334
639
-185
-937
-1116
-1252
-1213
-1188
-870
-288
232
584
806
1050
1211
1172
953
597
523
460
463
283
393
810
1153
1572
1574
1893
1931
1970
1437
906
369
-160
-686
-1403
-1786
-1829
-1590
-1356
-904
-101
848
1706
2488
3033
3548
3753
3661
3166
2523
1926
1151
537
-257
-532
-721
-546
-303
42
726
1364
2012
2394
2703
2944
2999
2851
2475
2087
1850
1472
1170
736
644
662
674
652
498
639
694
818
885
1022
1148
1059
1124
1019
1215
1067
1081
831
880
1098
1017
1071
878
1313
1420
1446
1327
1313
1402
1381
1562
1551
1500
1755
1833
1601
1037
-44
-742
-2141
-3338
-5309
-6740
-8107
-8730
-9361
-9415
-8868
-7674
-5755
-4167
-2108
-264
1617
3155
3842
4150
3726
2903
1747
-106
-1672
-3405
-4695
-5476
-6136
-5631
-5076
-3799
-2585
-1251
481
1636
2744
3027
3299
3232
2828
2090
1152
392
-148
-554
-925
-1131
-949
-452
-76
237
469
808
890
803
573
306
85
-142
-279
-370
-4
324
775
1219
1805
2399
2580
2519
2349
2068
1419
588
-308
-911
-1460
-1812
-2040
-1930
-1399
-803
30
684
1567
2290
2811
3116
3097
3001
2652
2175
1703
1088
745
437
296
333
380
788
942
1249
1448
1694
1894
1809
1785
1687
1682
1626
1484
1522
1552
1708
1775
1755
1837
1814
1780
1480
1263
1024
742
502
366
400
497
738
1046
1227
1407
1605
1894
1715
1699
1274
1095
699
514
459
626
627
893
1089
1613
2006
2334
2532
2747
3015
2512
1519
55
-1334
-3388
-5321
-7322
-8948
-10015
-10486
-10182
-9351
-7782
-5879
-3564
-960
1101
2883
4091
4663
4570
3607
2291
271
-1557
-3426
-5119
-6075
-6506
-6249
-5592
-4267
-2676
-1203
337
1498
2458
2812
2914
2596
2147
1433
835
383
60
-157
-126
79
360
628
609
611
369
139
-326
-829
-1089
-1365
-1257
-1168
-707
4
843
1665
2339
2915
3331
3478
3253
2613
1891
1097
200
-625
-1583
-1829
-2007
-1928
-1636
-1231
-385
257
815
1272
1744
2085
2153
2017
1922
1777
1767
1456
1303
1275
1291
1402
1161
1147
1029
1032
941
695
603
610
806
935
1137
1452
1893
2293
2475
2560
2758
2701
2497
2065
1678
1425
1083
639
304
261
394
559
647
961
1482
2004
2145
2171
2217
2287
2226
1751
1347
985
1063
940
917
1044
1366
1629
1784
1929
2163
2461
2400
2240
2307
2070
1489
420
-900
-2237
-3959
-6030
-7850
-8941
-9644
-10213
-9729
-8613
-6938
-5152
-2973
-804
1411
2943
3534
3830
3480
2716
973
-930
-2679
-4155
-5163
-6092
-6058
-5494
-4450
-3007
-1718
-434
682
1654
2348
2324
2095
1764
1517
1134
531
409
423
485
497
448
591
546
308
-195
-696
-1105
-1452
-1753
-1888
-1503
-975
-153
621
1556
2429
3071
3643
3600
3278
2681
2065
1304
216
-731
-1273
-1667
-1732
-1851
-1487
-858
-243
325
542
1102
1256
1377
1216
1039
996
921
894
899
1102
1358
1534
1599
1773
1663
1656
1400
1035
752
519
453
328
405
615
1042
1442
1701
1936
2154
2356
2329
2060
1801
1576
1446
1275
1031
969
1091
1416
1511
1672
1694
1963
1973
1911
1404
1233
1076
1061
910
641
791
1001
1375
1360
1603
1350
1782
1887
1919
1947
1664
2065
1979
2198
1921
2019
2245
1845
1348
-235
-1495
-3407
-5088
-7495
-8994
-10049
-10291
-10015
-9222
-7199
-5176
-2193
-139
2021
3592
4559
4723
3758
2310
501
-1423
-3477
-5192
-6352
-6271
-6111
-5018
-4141
-2424
-739
306
1202
1417
1983
1738
1533
1037
812
969
1179
1397
1562
1863
1936
1829
1310
471
-443
-1421
-2310
-3000
-3317
-3066
-2381
-1378
-171
1224
2673
3578
4073
4076
3954
3267
2203
1061
-24
-678
-1213
-1476
-1439
-1044
-404
-18
360
723
634
533
187
-83
-270
-432
-303
-89
634
1303
1908
2506
2809
2954
2724
2218
1405
588
-94
-620
-917
-922
-503
194
1078
1892
2648
3285
3561
3482
3052
2490
1814
1049
497
69
69
348
809
1329
1840
2268
2533
2713
2567
2235
1624
1191
950
860
767
727
1057
1637
2057
2006
1961
2126
2041
1778
1412
1113
1472
1500
1495
1600
1801
1932
2495
2278
2196
1363
928
-197
-1796
-3997
-6573
-7809
-9364
-9922
-10501
-9651
-8273
-6134
-3956
-1771
332
2055
3289
3495
3188
1862
790
-936
-2762
-4241
-4889
-5001
-5140
-4722
-3631
-2256
-1349
-1040
-761
12
69
140
-178
261
861
1418
2120
2548
3326
3411
3176
2318
1188
-22
-1257
-2559
-3484
-4020
-3674
-2980
-1903
-646
776
2401
3274
3915
3775
3608
2807
1975
1056
375
-225
-611
-564
-202
135
97
241
218
134
-445
-835
-1188
-1236
-1081
-743
-14
803
1688
2397
3033
3221
3087
2607
1915
1030
154
-545
-1004
-1185
-1040
-542
242
1100
1849
2507
2957
3175
2964
2597
2102
1547
980
564
424
529
742
990
1447
1845
2189
2179
2330
2155
2086
1636
1267
1298
1313
1638
1436
1604
1788
2086
2068
2008
1552
1321
979
713
804
960
1259
1834
2213
2853
2647
2783
2803
2786
2804
1609
1133
206
-519
-2425
-4484
-6598
-8017
-9530
-10282
-10461
-9322
-7676
-5861
-3704
-1637
361
2028
2778
2944
2252
1432
137
-1533
-2923
-4031
-4317
-4540
-4631
-4165
-3281
-2528
-1988
-1806
-1480
-1259
-868
-607
-107
818
1764
2683
3423
3884
4086
3683
2831
1380
43
-1424
-2558
-3371
-3698
-3459
-2731
-1511
-551
745
1602
2592
2608
2667
2324
2085
1588
994
986
981
1125
1008
1159
1211
1059
524
-59
-790
-1284
-1851
-2270
-2034
-1722
-888
-2
902
1839
2645
3141
3074
2819
2311
1804
1092
510
9
-163
-178
-115
188
462
898
1149
1320
1544
1642
1825
1820
1798
1855
1920
1954
1919
1819
1833
1723
1723
1527
1392
1155
1038
1157
1368
1594
1406
1548
1585
2037
2126
1945
1728
1558
1717
1854
1855
1704
1665
1940
2223
1943
1574
1362
1714
1859
1544
1482
1863
2295
2231
1753
1817
1687
810
-942
-2737
-4296
-6266
-8580
-10159
-10311
-9551
-8411
-7099
-4982
-2643
-617
463
1222
1636
1527
759
-271
-1488
-2041
-2650
-2879
-3105
-2934
-2439
-2351
-2385
-2849
-2885
-2836
-2865
-2798
-2279
-779
623
1831
2818
3940
4614
4430
3603
2466
1365
-113
-1579
-2547
-2827
-2544
-2205
-1613
-881
-130
482
777
732
671
726
814
947
1003
1440
1985
2401
2651
2377
2262
1698
907
-75
-1124
-1555
-2283
-2467
-2258
-1437
-429
233
923
1555
2156
2210
2037
1650
1576
1363
1182
1239
1248
1448
1452
1367
1304
1020
824
514
267
352
488
991
1429
1951
2401
2716
2939
2765
2438
2102
1786
1437
1110
891
862
874
946
1084
1375
1632
1880
1818
1971
2117
2211
2304
2105
2470
2562
2657
1968
1709
1362
1100
735
345
685
986
1310
1282
1494
1438
1498
1311
1576
1938
1896
1672
680
-38
-1516
-3229
-5658
-8045
-9232
-9948
-9253
-8895
-7573
-5742
-3638
-1607
-755
401
672
965
459
-477
-823
-1456
-1364
-1994
-2075
-1547
-1586
-1716
-2707
-2880
-2936
-3370
-3385
-3600
-2341
-1152
255
1593
2545
3724
3909
3836
3062
2225
1332
194
-786
-1482
-1482
-1287
-965
-673
-318
-137
-57
4
-144
-268
-290
139
434
942
1549
2314
2768
2754
2681
2217
1731
803
-35
-772
-1162
-1319
-1379
-1204
-807
-247
317
526
812
1050
1241
1278
1160
1536
1583
1790
1742
1861
1970
1773
1531
1020
802
570
497
482
636
1091
1508
1861
2044
2243
2296
2089
1786
1589
1412
1236
1095
1063
1241
1531
1754
1885
1790
1748
1659
1635
1566
1360
1479
1896
2287
2526
2318
2150
2181
1674
1702
825
959
684
828
1232
1085
1875
1484
1887
1669
1503
1986
1382
1511
282
-510
-1382
-2873
-4162
-6667
-7859
-8855
-8505
-8227
-7419
-6383
-4985
-3593
-2278
-1367
-871
-592
-353
-251
-608
-595
-779
-571
-938
-1224
-1501
-1988
-2313
-2897
-3283
-3360
-3268
-2634
-2122
-1164
-196
878
1648
2212
2541
2619
2413
1964
1549
801
677
202
65
-443
-615
-566
-791
-775
-1090
-950
-872
-455
123
525
1059
1312
1785
2101
2303
2171
1830
1518
1149
622
57
-409
-373
-405
-359
-430
-348
-28
120
388
199
326
508
995
1186
1303
1564
1992
2147
2055
1774
1628
1454
1174
1000
848
1037
1222
1570
1683
1817
1810
1839
1666
1393
1249
1244
1444
1414
1540
1574
1806
1823
1766
1652
1612
1677
1694
1736
1528
1680
1849
2117
2057
1748
1515
1220
1102
1236
1387
1436
1496
1588
1911
1857
2118
2157
1954
1680
1087
1354
1090
1299
1026
804
782
-176
-1223
-2986
-4518
-6174
-7845
-8611
-8828
-7774
-6757
-5378
-4267
-3340
-2624
-2313
-2039
-2145
-2112
-1863
-1191
-836
-617
-206
116
-192
-944
-1714
-2310
-3071
-3284
-3109
-2473
-1780
-1007
-75
524
970
1142
1196
1193
710
688
720
1075
1020
898
1050
1025
831
141
-176
-449
-700
-932
-839
-526
-176
286
923
1203
1266
1339
1460
1405
1094
1168
1262
1406
1262
1361
1189
755
-29
-513
-389
-502
-512
-659
-176
263
485
805
991
1201
1141
1155
1263
1200
1144
1188
1304
1378
1319
1531
1792
1832
1615
1566
1680
1799
1673
1546
1601
1561
1605
1585
1699
1714
1508
1416
1299
1207
1020
989
1288
1536
1734
1855
1992
2065
1769
1609
1515
1431
1166
970
1361
1462
1384
1171
1232
1154
904
970
1210
1438
1495
1371
1057
817
1030
1220
1219
1025
767
615
-147
-1001
-2508
-3735
-5032
-6321
-7214
-7609
-6920
-6103
-5192
-4718
-4248
-3962
-3838
-3814
-3667
-3287
-2877
-2107
-1257
-738
-432
-468
-600
-1025
-1467
-1565
-1621
-1289
-1077
-878
-725
-445
-87
151
271
314
255
139
49
131
216
338
576
783
966
787
604
316
157
67
91
197
333
553
731
761
716
596
554
675
735
948
985
1067
1159
1253
1211
936
642
405
371
510
648
786
768
727
745
682
620
434
359
346
406
583
650
699
688
690
703
703
810
874
958
1042
1137
1172
1111
1080
1022
1062
1097
1090
1065
1003
1027
1075
1087
1067
994
1010
1034
1097
1115
1046
994
941
926
876
846
815
768
739
706
680
666
671
713
735
772
750
697
691
728
756
741
742
849
940
988
1061
1088
1075
1058
1065
1059
1055
1047
1001
753
372
-106
-574
-940
-1219
-1525
-1740
-1872
-1902
-2030
-2201
-2509
-2829
-3188
-3404
-3495
-3526
-3333
-3268
-3170
-3082
-3111
-3119
-3262
-3291
-3274
-3179
-2861
-2592
-2222
-1964
-1645
-1455
-1239
-1121
-1042
-801
-587
-328
-147
62
293
398
585
718
810
919
945
1043
1084
1148
1119
995
914
867
823
767
713
688
638
606
582
530
413
323
263
241
307
397
455
419
381
396
415
436
500
507
507
540
591
616
580
529
521
444
430
481
546
646
684
716
745
754
752
699
672
657
628
599
579
616
632
644
611
586
614
637
720
761
819
846
833
856
849
849
809
772
771
773
803
787
777
775
829
889
888
861
780
718
736
770
881
881
898
920
905
924
914
931
1106
1157
1269
1158
1000
841
598
555
226
-118
-594
-938
-1206
-1344
-1468
-1838
-2261
-2637
-2852
-2946
-3185
-3351
-3638
-3790
-3634
-3606
-3426
-3543
-3626
-3633
-3577
-3345
-3284
-3113
-2929
-2616
-2265
-1981
-1640
-1508
-1262
-980
-735
-492
-444
-203
25
286
632
697
804
817
1050
1228
1322
1384
1237
1243
1246
1404
1357
1198
1073
884
884
911
858
738
513
506
497
560
570
448
413
286
320
329
405
507
492
605
624
653
670
677
738
746
781
788
786
829
882
947
878
831
761
739
798
823
904
871
833
847
814
799
751
705
658
664
734
796
850
860
876
859
861
900
883
908
933
946
936
867
855
881
955
978
896
779
675
704
863
1022
1039
955
821
822
888
912
806
580
553
568
786
907
1018
952
817
856
802
832
584
386
206
168
57
-158
-659
-1012
-1482
-1577
-1757
-1988
-2243
-2608
-2749
-2949
-2910
-3130
-3345
-3577
-3510
-3528
-3396
-3361
-3259
-3416
-3282
-3188
-3093
-3016
-2894
-2597
-2356
-1968
-1659
-1465
-1307
-1019
-791
-516
-381
-111
13
282
506
745
754
768
797
910
984
1118
1188
1160
1160
1187
1222
1101
998
885
763
684
662
623
578
507
571
509
511
478
333
230
209
406
524
502
499
478
480
582
677
688
566
550
628
721
812
825
762
668
663
692
716
671
628
639
679
714
718
628
531
553
617
651
606
577
628
691
783
809
743
719
725
822
896
945
881
792
799
856
876
841
778
744
763
805
855
861
893
891
915
939
927
873
858
795
793
772
860
897
941
981
1024
1024
926
904
789
715
564
413
254
59
-38
-150
-543
-978
-1385
-1524
-1659
-1965
-2083
-2421
-2621
-2797
-2775
-2775
-3037
-3105
-3218
-3308
-3229
-3119
-3052
-3151
-3073
-2838
-2811
-2563
-2480
-2248
-2096
-1834
-1469
-1403
-1151
-919
-613
-357
-195
0
36
142
372
522
676
659
789
858
963
1170
1138
1108
1007
993
985
932
973
838
708
720
681
628
577
563
513
439
512
458
363
260
230
270
393
541
485
448
426
466
551
599
562
473
483
601
668
774
759
659
576
555
568
555
544
516
566
654
730
697
647
574
566
586
608
611
655
741
824
900
935
874
818
822
845
858
832
805
764
832
858
853
825
793
779
776
814
796
787
798
826
846
809
757
639
687
764
842
847
781
769
694
852
920
1002
886
652
652
606
716
538
268
-126
-590
-687
-772
-1011
-1347
-1733
-1909
-2173
-2172
-2257
-2609
-2924
-3123
-3037
-3123
-3027
-3080
-3165
-3221
-3103
-3041
-3107
-3153
-3052
-2909
-2710
-2443
-2247
-2084
-1854
-1515
-1271
-1130
-1034
-863
-747
-404
-162
6
13
151
356
467
620
674
678
664
774
937
986
974
938
824
822
776
751
591
509
463
476
567
580
552
459
442
427
443
419
294
196
270
448
588
572
540
435
442
530
579
596
503
512
548
662
770
721
609
507
501
541
545
544
499
540
583
640
621
529
505
523
609
701
725
733
731
827
916
903
862
786
756
782
858
901
914
942
983
955
866
787
679
725
862
982
992
873
836
772
815
867
841
719
602
619
794
953
1046
953
810
727
727
861
879
900
719
568
437
412
311
39
-371
-754
-1064
-1316
-1385
-1476
-1699
-2023
-2259
-2381
-2535
-2620
-2654
-2852
-2902
-2906
-2778
-2797
-2782
-2698
-2808
-2810
-2793
-2658
-2537
-2354
-2029
-1870
-1625
-1410
-1238
-1014
-862
-575
-524
-398
-147
59
326
433
608
623
624
760
853
960
991
1010
1038
1010
1132
1111
1035
908
801
771
678
708
681
672
652
655
609
565
461
285
223
323
498
494
438
445
408
474
556
567
521
414
510
583
721
809
704
626
578
648
687
676
640
598
681
745
779
761
675
661
638
719
752
731
741
743
844
901
860
807
756
819
884
896
926
835
829
857
949
1011
926
817
720
775
861
925
913
825
788
773
778
759
690
681
636
690
771
802
786
706
737
768
840
832
757
654
641
610
543
461
349
128
-212
-481
-781
-1001
-1255
-1359
-1581
-1774
-2022
-2189
-2355
-2471
-2568
-2703
-2761
-2879
-2815
-2849
-2782
-2863
-2853
-2916
-2893
-2914
-2721
-2628
-2389
-2225
-2018
-1767
-1644
-1369
-1239
-956
-842
-629
-481
-234
-80
133
212
302
348
491
532
615
698
744
773
818
904
834
813
749
716
612
646
558
520
510
515
464
381
364
285
237
236
136
140
193
344
358
304
331
219
303
366
454
455
370
463
498
586
647
549
505
400
472
532
550
576
533
569
573
616
598
522
520
536
615
650
672
668
651
741
766
750
717
705
735
781
849
866
832
828
839
879
920
929
868
850
871
904
907
828
759
672
676
716
708
692
593
535
573
651
721
628
535
488
510
713
772
795
592
537
519
529
504
298
4
-415
-565
-659
-736
-1064
-1270
-1537
-1710
-1892
-1922
-2133
-2348
-2535
-2574
-2622
-2669
-2641
-2797
-2785
-2833
-2747
-2847
-2839
-2824
-2696
-2545
-2328
-2195
-2021
-1836
-1584
-1352
-1124
-939
-852
-671
-477
-209
-42
64
157
246
371
501
566
670
686
799
909
1008
1045
970
928
870
837
848
791
723
657
657
696
670
614
529
443
392
429
432
362
272
321
447
509
555
506
413
417
495
622
591
577
536
531
631
701
698
583
523
546
591
665
651
618
614
639
708
677
644
593
590
650
698
734
702
676
721
785
831
804
770
780
834
930
961
944
872
821
831
913
987
934
793
650
656
744
854
822
670
517
475
591
670
633
546
428
481
577
678
658
456
439
420
630
754
707
583
436
454
386
305
140
-185
-404
-465
-512
-667
-1016
-1225
-1517
-1614
-1670
-1867
-2127
-2383
-2404
-2402
-2427
-2440
-2637
-2815
-2833
-2755
-2619
-2726
-2725
-2701
-2560
-2297
-2084
-1975
-1904
-1779
-1476
-1288
-1060
-907
-808
-659
-421
-182
-98
-67
-8
112
278
500
547
603
622
763
790
824
781
689
637
693
728
774
664
582
529
504
606
511
462
342
251
250
296
368
440
351
410
322
340
377
366
409
375
433
486
500
584
603
565
548
467
505
454
538
562
613
637
627
613
549
536
533
498
515
491
522
577
598
681
635
637
608
631
699
746
783
785
785
826
829
817
770
711
701
752
852
868
765
598
509
544
641
682
661
535
456
452
502
538
465
389
371
409
503
531
485
472
427
497
523
578
541
531
537
514
385
243
26
-163
-313
-393
-514
-764
-989
-1215
-1332
-1432
-1559
-1802
-1996
-2175
-2149
-2259
-2196
-2359
-2454
-2535
-2577
-2472
-2502
-2482
-2479
-2461
-2309
-2164
-2071
-1917
-1886
-1593
-1453
-1180
-1081
-948
-764
-593
-336
-197
-90
-25
61
247
359
457
512
498
647
679
802
772
720
720
653
753
724
649
581
486
563
565
584
490
359
333
348
419
432
414
387
336
386
405
434
408
375
440
458
550
559
555
535
556
599
610
586
592
613
650
687
682
637
592
578
594
611
598
586
564
604
645
682
662
617
596
609
653
704
729
750
757
792
824
832
789
707
674
671
717
743
764
790
755
696
609
544
528
499
544
569
537
502
418
394
340
283
308
239
294
337
398
449
419
454
392
376
416
393
454
458
431
409
129
52
-238
-269
-340
-542
-605
-928
-1004
-1139
-1292
-1345
-1645
-1786
-1908
-2036
-1896
-2103
-2090
-2248
-2313
-2267
-2359
-2291
-2409
-2374
-2280
-2227
-2055
-1996
-1864
-1744
-1628
-1372
-1312
-1087
-978
-810
-568
-454
-286
-241
-98
44
129
269
306
333
404
496
590
605
654
617
625
641
634
621
563
583
545
543
514
442
379
308
308
340
348
372
323
288
287
317
361
357
349
372
433
503
588
606
586
567
582
604
626
630
633
611
651
671
667
640
585
564
567
588
584
565
571
589
616
641
614
614
612
672
725
760
785
777
804
807
811
804
764
779
760
789
777
751
759
730
747
709
642
577
490
490
499
512
502
425
407
323
320
288
247
205
181
214
212
229
265
236
254
235
269
283
290
306
275
268
224
147
14
-28
-144
-243
-388
-508
-653
-761
-844
-970
-1160
-1277
-1379
-1477
-1554
-1632
-1753
-1917
-1945
-1953
-1933
-1995
-2009
-2084
-2099
-1986
-1878
-1843
-1786
-1768
-1645
-1514
-1297
-1144
-1164
-1010
-903
-742
-604
-473
-371
-351
-221
-65
-41
62
101
208
228
280
378
317
390
431
479
477
427
445
419
394
435
315
263
196
210
284
287
366
312
281
310
311
370
374
390
450
419
523
536
565
572
522
543
507
547
570
598
647
640
655
633
613
617
580
610
592
603
621
621
657
649
652
631
611
619
620
662
699
718
745
740
761
754
753
746
715
693
682
705
737
733
683
582
479
427
443
515
537
515
424
317
253
222
253
251
200
172
150
171
169
154
144
92
72
91
113
150
193
250
283
288
219
171
103
126
139
124
31
-101
-228
-268
-268
-372
-530
-774
-873
-983
-938
-978
-1049
-1225
-1392
-1462
-1499
-1556
-1624
-1691
-1726
-1742
-1656
-1614
-1654
-1652
-1716
-1635
-1663
-1554
-1476
-1419
-1211
-1118
-1013
-960
-949
-789
-770
-589
-457
-419
-280
-241
-89
-71
-70
-7
-23
36
86
156
232
206
305
312
339
343
307
345
276
301
291
250
328
347
390
353
302
296
254
334
369
399
416
423
474
497
550
528
472
457
454
524
560
596
591
583
606
591
601
572
559
574
591
635
638
635
625
619
636
627
627
607
629
652
680
709
706
707
704
718
734
724
707
682
674
674
686
697
651
616
573
562
547
505
474
405
368
357
357
357
317
256
198
162
170
178
164
145
109
109
117
128
154
116
104
88
93
109
105
115
106
114
137
119
106
31
-2
-41
-101
-121
-236
-240
-359
-379
-453
-532
-626
-763
-845
-901
-967
-1025
-1113
-1194
-1268
-1323
-1326
-1404
-1454
-1510
-1496
-1518
-1456
-1454
-1462
-1453
-1395
-1349
-1297
-1249
-1208
-1171
-1042
-890
-849
-784
-734
-702
-626
-504
-429
-396
-397
-277
-253
-153
-98
-75
-82
-72
27
45
124
175
157
168
174
244
252
215
271
212
258
278
310
333
312
366
381
394
420
405
422
438
483
513
498
525
531
580
611
615
602
576
578
611
633
645
629
617
630
658
678
663
655
633
642
658
673
662
647
637
646
669
675
676
660
668
682
688
676
643
622
623
625
606
587
567
550
555
581
576
530
468
413
386
375
386
348
297
279
276
294
236
163
70
2
6
22
40
28
2
10
-5
9
-16
-54
-38
-44
22
11
-36
-49
-76
1
-27
-75
-116
-210
-171
-215
-213
-303
-406
-420
-509
-542
-626
-730
-790
-888
-892
-994
-1076
-1064
-1104
-1107
-1221
-1304
-1430
-1475
-1395
-1366
-1335
-1373
-1369
-1315
-1290
-1212
-1248
-1273
-1241
-1165
-1024
-921
-813
-759
-738
-674
-633
-571
-518
-458
-374
-298
-178
-135
-75
-38
-15
11
8
54
57
79
151
195
245
243
242
239
199
219
228
259
273
292
337
363
407
419
408
385
384
409
445
500
554
574
600
595
597
589
562
564
563
602
656
693
718
721
712
696
648
626
612
613
635
654
677
664
657
645
631
623
597
600
614
640
682
702
720
694
672
649
599
593
567
593
590
590
598
551
542
499
468
445
394
392
348
341
348
307
311
246
244
213
164
130
73
53
38
34
29
-20
-43
-53
-69
-50
-70
-88
-128
-162
-147
-154
-154
-152
-216
-217
-248
-237
-232
-279
-283
-377
-425
-461
-483
-502
-589
-618
-689
-761
-801
-882
-930
-1020
-1020
-997
-1004
-1027
-1085
-1117
-1144
-1114
-1091
-1100
-1135
-1135
-1109
-1039
-996
-957
-984
-981
-946
-869
-803
-750
-713
-691
-629
-557
-496
-483
-435
-367
-312
-270
-238
-247
-217
-158
-47
-29
-41
-37
-38
49
117
152
123
96
141
209
300
342
316
320
322
397
431
455
456
432
489
525
564
563
533
550
567
592
598
577
583
587
633
651
648
624
599
608
621
639
619
591
592
603
633
633
596
561
539
555
578
598
609
596
594
610
619
604
580
565
554
571
576
587
583
590
592
563
527
455
406
397
392
380
332
294
284
263
270
235
199
151
129
145
145
136
94
52
28
10
2
-46
-83
-112
-99
-69
-61
-69
-93
-124
-133
-134
-131
-132
-155
-148
-161
-157
-207
-262
-313
-347
-360
-391
-424
-481
-559
-587
-621
-659
-690
-793
-822
-894
-893
-898
-946
-983
-1009
-1003
-984
-992
-1005
-1024
-1069
-1026
-1026
-988
-1005
-991
-957
-874
-788
-740
-771
-744
-707
-633
-575
-564
-548
-536
-431
-354
-271
-274
-289
-303
-245
-166
-89
-85
-50
-23
35
123
150
146
134
153
203
258
285
319
315
389
429
458
416
376
380
427
509
557
566
560
569
607
618
614
593
547
574
609
672
683
649
631
617
613
609
574
553
552
581
619
621
597
562
560
561
576
570
559
565
591
610
622
603
566
549
556
572
554
523
503
501
508
493
469
439
415
430
411
383
345
291
271
254
253
233
169
136
126
127
114
57
5
-40
-32
16
4
-11
-52
-100
-81
-84
-77
-121
-190
-190
-184
-115
-102
-156
-218
-279
-261
-234
-223
-256
-332
-329
-309
-275
-297
-404
-498
-572
-558
-546
-585
-651
-713
-733
-714
-719
-807
-899
-965
-935
-893
-892
-908
-965
-961
-891
-843
-837
-930
-971
-948
-866
-732
-702
-730
-767
-743
-671
-611
-576
-576
-584
-515
-400
-309
-271
-270
-279
-269
-229
-174
-140
-118
-72
-38
14
24
37
51
67
132
158
179
195
214
287
331
354
338
304
335
374
440
470
463
451
456
490
540
560
548
525
525
552
579
594
585
576
571
573
579
572
556
542
541
548
538
528
521
522
531
530
523
501
487
501
528
565
571
556
536
548
566
561
543
485
455
445
457
462
445
433
398
397
390
362
328
276
272
266
271
270
212
175
136
120
109
60
30
1
1
33
14
-21
-85
-116
-86
-77
-60
-84
-130
-122
-126
-83
-100
-158
-195
-250
-223
-201
-186
-208
-284
-328
-352
-341
-316
-372
-445
-510
-552
-567
-619
-629
-677
-730
-760
-811
-851
-863
-877
-901
-940
-979
-986
-976
-903
-861
-880
-920
-946
-924
-859
-799
-743
-781
-777
-739
-665
-601
-580
-568
-617
-565
-490
-402
-362
-347
-277
-239
-167
-124
-135
-120
-103
-42
-13
18
51
71
134
166
198
174
177
213
256
329
356
365
380
405
441
443
435
409
430
466
508
544
525
527
529
563
579
554
550
528
553
585
587
592
564
554
538
531
521
494
485
493
518
543
541
530
511
515
521
510
508
516
541
564
584
584
556
525
486
472
468
472
472
452
457
439
438
418
373
342
287
264
271
293
302
283
244
159
95
91
93
116
104
66
53
25
58
15
-31
-66
-104
-86
-69
-48
-48
-69
-50
-76
-106
-159
-234
-240
-240
-154
-120
-140
-204
-306
-335
-345
-356
-416
-536
-579
-598
-571
-551
-593
-659
-767
-826
-863
-866
-867
-886
-871
-853
-822
-820
-845
-852
-878
-855
-832
-823
-775
-739
-665
-614
-575
-557
-591
-562
-534
-492
-445
-428
-370
-336
-257
-192
-210
-197
-229
-211
-158
-98
-4
24
83
117
118
139
122
128
136
153
201
233
311
362
382
400
363
359
338
346
392
419
476
508
541
560
549
552
508
498
508
503
552
563
581
579
557
550
517
500
479
467
467
469
485
500
506
507
495
480
471
464
464
470
489
506
517
525
512
503
488
447
431
412
427
441
439
448
431
405
361
321
295
268
249
249
235
228
205
176
141
75
50
17
8
3
-7
1
-11
-43
-84
-136
-165
-196
-181
-168
-152
-142
-204
-227
-270
-268
-257
-276
-291
-336
-355
-339
-359
-352
-392
-428
-456
-491
-528
-592
-623
-631
-615
-593
-609
-676
-739
-797
-803
-825
-814
-844
-856
-813
-778
-732
-743
-757
-779
-801
-779
-758
-729
-660
-599
-511
-500
-483
-494
-507
-473
-449
-402
-378
-312
-237
-168
-117
-142
-177
-192
-179
-123
-91
-31
-6
37
115
145
162
128
88
91
128
185
223
256
290
305
330
336
314
292
285
306
345
372
394
404
428
433
423
409
386
406
436
478
495
474
479
457
476
490
454
427
387
394
426
459
478
454
437
430
431
434
423
415
414
435
457
470
468
467
485
489
474
454
421
406
406
434
434
417
393
358
335
307
275
249
223
206
224
205
198
169
131
112
85
70
36
19
13
9
9
-14
-60
-75
-93
-95
-109
-123
-135
-139
-127
-127
-126
-161
-197
-224
-215
-217
-234
-261
-287
-292
-313
-324
-388
-459
-481
-495
-457
-448
-469
-479
-506
-492
-510
-558
-604
-637
-618
-592
-566
-578
-620
-629
-624
-576
-558
-581
-602
-622
-559
-500
-457
-462
-477
-453
-448
-397
-380
-368
-338
-327
-272
-242
-206
-196
-186
-153
-137
-123
-109
-83
-40
0
33
43
46
78
117
162
175
179
188
215
273
325
340
346
343
341
370
391
407
394
396
393
392
409
411
414
419
417
417
420
415
416
420
427
410
395
377
374
375
376
367
342
324
315
327
334
320
307
302
304
311
308
305
293
289
294
295
292
277
254
248
249
239
212
202
202
213
232
231
218
194
172
165
155
149
138
132
135
123
109
89
74
64
50
33
13
-7
-24
-26
-38
-57
-86
-109
-124
-139
-152
-161
-188
-215
-233
-247
-257
-289
-307
-328
-334
-331
-362
-387
-401
-398
-397
-395
-401
-416
-407
-408
-395
-387
-406
-401
-404
-394
-378
-396
-367
-394
-374
-359
-378
-352
-382
-375
-353
-342
-315
-348
-321
-293
-278
-259
-319
-315
-319
-276
-217
-231
-236
-274
-253
-206
-203
-190
-230
-232
-205
-166
-119
-138
-129
-128
-101
-59
-55
-50
-55
-27
30
65
79
74
83
110
132
129
110
103
117
146
189
207
188
187
183
194
209
201
194
187
217
257
271
289
287
284
310
311
310
310
317
334
349
370
368
361
372
389
417
414
389
372
369
387
403
408
385
359
353
358
360
353
336
312
291
275
260
235
212
192
185
178
162
138
119
112
111
96
65
32
2
-2
-3
12
-4
-21
-19
-15
-1
-16
-42
-91
-120
-114
-102
-89
-97
-120
-142
-164
-171
-186
-211
-216
-219
-203
-199
-179
-171
-165
-148
-150
-154
-170
-180
-174
-158
-146
-152
-173
-180
-176
-162
-169
-175
-178
-185
-174
-174
-170
-182
-181
-170
-169
-155
-166
-173
-178
-182
-170
-192
-203
-202
-212
-198
-199
-209
-226
-237
-230
-242
-231
-233
-237
-233
-230
-226
-236
-235
-229
-222
-218
-218
-207
-178
-142
-119
-115
-123
-131
-116
-104
-85
-63
-34
-10
11
52
65
59
50
51
77
98
124
126
139
154
158
173
187
191
204
216
231
241
252
278
285
298
307
308
305
303
308
312
319
311
305
310
315
318
315
305
292
285
270
269
270
256
252
237
229
226
215
192
168
154
155
150
133
137
142
141
130
116
110
104
103
103
89
76
57
39
32
35
34
20
2
-22
-21
-15
-6
0
-15
-15
-27
-44
-48
-59
-71
-80
-85
-94
-116
-119
-129
-142
-147
-150
-146
-141
-137
-135
-142
-152
-151
-165
-165
-173
-180
-178
-181
-178
-184
-190
-202
-209
-204
-198
-176
-178
-182
-179
-175
-168
-166
-165
-167
-163
-141
-129
-106
-96
-104
-108
-128
-131
-135
-128
-104
-94
-75
-68
-77
-70
-76
-77
-89
-84
-65
-48
-31
-33
-35
-50
-70
-72
-76
-81
-79
-76
-71
-72
-63
-59
-72
-87
-98
-87
-69
-49
-26
-29
-33
-35
-42
-30
-30
-31
-36
-45
-18
6
20
39
40
38
45
51
63
81
101
118
130
152
164
171
162
151
143
135
135
145
169
187
190
183
181
181
196
205
206
207
210
214
207
225
220
214
220
196
183
177
170
168
169
171
148
140
138
135
135
123
106
87
75
78
82
84
87
73
53
46
39
39
36
26
3
-3
-3
-16
-17
-36
-52
-60
-62
-58
-50
-40
-37
-27
-37
-45
-43
-55
-62
-73
-68
-70
-63
-57
-62
-68
-71
-78
-90
-99
-103
-102
-102
-87
-84
-87
-86
-117
-119
-130
-135
-115
-113
-106
-108
-108
-99
-91
-90
-91
-103
-109
-103
-101
-79
-75
-73
-84
-90
-76
-84
-77
-67
-64
-55
-41
-30
-17
-11
1
1
-4
6
-7
-9
6
5
14
16
7
13
19
18
21
19
15
11
19
31
31
27
21
2
3
-4
-19
-9
-1
1
-8
1
5
12
34
30
33
21
15
21
30
41
29
17
12
6
21
28
27
39
42
28
34
51
47
50
53
49
48
52
46
55
63
75
82
70
69
68
78
81
73
69
68
70
74
74
77
71
65
66
64
78
76
61
50
37
32
20
24
20
17
25
32
18
10
12
1
8
6
-4
-4
-6
-15
-5
-4
-21
-32
-29
-40
-24
-13
-27
-29
-21
-13
-29
-29
-26
-27
-28
-22
-34
-34
-34
-55
-40
-42
-48
-45
-60
-55
-62
-71
-92
-103
-101
-108
-87
-82
-78
-68
-72
-84
-66
-73
-99
-105
-124
-110
-116
-121
-104
-97
-91
-97
-89
-100
-104
-100
-101
-91
-86
-88
-93
-77
-80
-56
-70
-73
-58
-59
-53
-42
-31
-40
-34
-23
-11
-2
15
13
11
9
35
43
48
29
18
46
55
70
86
84
72
74
76
83
78
70
72
75
78
75
81
78
81
81
76
96
92
79
79
68
50
58
68
88
93
69
62
66
66
82
86
82
77
64
61
74
84
79
73
65
60
65
59
51
56
38
46
40
15
15
5
5
10
9
3
19
20
23
22
11
6
-11
-11
-15
-23
-37
-36
-21
-10
8
13
0
-22
-12
-6
-2
0
-7
6
4
7
10
4
-4
-10
10
18
13
12
10
4
15
18
0
-3
2
-8
10
23
10
2
-1
24
16
20
21
14
11
7
21
5
3
2
8
7
-13
-3
-29
-23
-16
-7
-12
-47
-34
-40
-26
-16
-17
-27
-45
-39
-36
-37
-53
-64
-70
-60
-49
-52
-48
-52
-50
-50
-57
-53
-58
-73
-81
-69
-64
-71
-55
-44
-39
-36
-41
-64
-63
-47
-60
-64
-70
-56
-53
-46
-28
-15
-13
-20
-17
-21
-29
-36
-39
-34
-11
-6
7
-3
-6
-7
-20
-19
-22
-28
-39
-23
-20
-25
-19
-10
-14
2
13
6
1
-1
4
-7
-11
-16
-9
-7
-8
-1
-2
11
20
30
20
19
11
-2
5
8
16
16
13
22
19
7
-2
-9
-21
-14
-9
-1
1
-3
1
10
19
11
29
29
28
23
20
32
23
26
21
31
21
20
29
19
16
19
16
3
23
30
35
26
28
19
18
17
4
7
1
10
16
16
27
25
24
13
4
9
7
-2
2
12
3
17
26
25
10
0
0
-8
-10
-2
5
23
35
26
17
10
16
18
11
10
-2
12
18
25
36
30
23
22
32
36
45
37
27
24
19
18
13
2
-2
-5
-2
3
11
21
21
19
20
22
29
15
5
9
-5
-10
-9
-14
-15
-4
-12
-3
4
3
-3
-12
-8
0
11
10
7
2
1
-5
1
1
-16
-26
-35
-32
-40
-30
-23
-26
-15
-28
-23
-17
-3
-4
2
8
-2
-3
4
7
2
5
-5
-5
11
24
28
24
12
-7
-11
-7
0
-5
-11
-11
-5
-1
-6
4
0
-12
-18
-24
-17
-23
-16
-4
-13
-5
-11
-11
-17
-25
-37
-33
-26
-9
9
10
7
10
13
12
24
14
6
1
1
5
9
18
10
-11
-4
8
5
17
27
27
25
24
34
39
49
45
34
32
30
29
28
23
25
30
30
30
34
31
16
13
19
17
23
26
22
13
1
-2
1
-2
2
-15
-24
-30
-32
-35
-38
-32
-33
-27
-29
-30
-29
-30
-37
-46
-47
-50
-50
-53
-49
-35
-36
-30
-29
-36
-36
-46
-43
-49
-44
-37
-42
-38
-31
-33
-33
-21
-26
-18
-23
-28
-24
-24
-23
-28
-24
-20
-19
-15
-7
-10
-19
-20
-14
-10
-12
-11
-13
-20
-25
-19
-2
0
-3
-1
-7
-7
-9
-10
-8
3
9
3
2
-12
-14
-19
-22
-22
-21
-18
-10
4
2
4
5
-3
-3
-12
-17
-16
-7
1
0
10
0
-3
-4
-7
-9
-4
-2
1
15
14
17
17
12
8
6
15
16
6
2
1
11
17
16
15
18
15
19
26
31
41
39
38
40
31
25
30
34
37
36
28
25
27
27
26
27
24
24
24
27
28
28
24
21
28
21
26
21
13
13
5
6
3
6
10
12
19
14
14
16
18
22
17
16
12
16
22
21
21
15
2
3
4
8
2
4
2
1
15
15
18
18
15
16
18
9
1
0
3
-8
-10
-5
-12
-20
-17
-23
-21
-11
-3
4
4
12
12
10
-3
-3
-12
-8
-10
-10
-13
-22
-14
-19
-12
-11
-20
-10
-11
-10
-13
-11
-10
-14
-27
-30
-34
-34
-29
-30
-35
-40
-39
-53
-54
-49
-50
-51
-43
-33
-27
-26
-29
-29
-32
-35
-35
-42
-41
-38
-38
-32
-27
-21
-13
-19
-28
-27
-26
-27
-21
-24
-25
-17
-10
-5
1
1
-1
-2
-8
1
1
10
10
-3
-3
-8
-7
-6
-4
2
3
7
8
1
3
8
7
10
14
19
27
28
26
14
8
12
8
12
6
10
17
22
35
49
57
53
52
37
40
32
33
39
33
38
39
34
34
40
43
43
58
59
62
56
45
40
32
38
39
44
45
47
48
43
41
35
35
24
18
20
23
26
24
32
29
26
26
33
30
23
32
26
25
28
32
34
31
33
33
36
40
36
25
31
26
19
18
18
24
19
13
12
7
4
9
15
26
29
27
25
21
23
34
39
26
28
21
14
16
9
10
7
3
10
15
25
21
27
33
30
21
14
12
4
-2
0
-17
-16
-15
-8
-7
-14
-12
-20
-18
-29
-32
-29
-29
-39
-36
-32
-32
-30
-34
-42
-43
-36
-31
-21
-15
-24
-34
-39
-40
-36
-48
-44
-47
-51
-52
-58
-63
-68
-84
-90
-84
-80
-64
-54
-50
-47
-49
-52
-50
-52
-49
-54
-48
-38
-35
-36
-39
-40
-44
-43
-41
-37
-35
-37
-40
-36
-32
-32
-30
-35
-31
-27
-24
-25
-23
-17
-9
-14
-10
-14
-9
-8
-5
-2
-4
8
9
11
8
2
1
1
-1
5
12
13
21
22
23
29
23
16
25
23
19
30
29
23
28
22
13
18
18
19
7
7
12
19
20
23
27
18
7
2
-1
5
6
7
15
16
14
15
12
10
6
0
8
19
15
19
16
12
4
-9
-5
-21
-22
-16
-13
-6
1
1
1
-2
-8
-11
-12
-7
-1
9
19
22
23
20
9
10
7
-2
-3
-10
-9
0
7
14
9
3
-3
-8
-9
-16
-16
-10
-7
-4
2
-3
4
-1
-10
-1
3
12
16
18
23
23
20
12
13
9
2
3
-1
1
6
14
24
24
15
8
7
7
11
19
15
7
2
8
7
4
9
2
-10
-11
-6
-7
-2
-11
-19
-18
-24
-28
-28
-27
-27
-25
-17
-16
-24
-27
-25
-21
-24
-23
-23
-26
-29
-28
-29
-31
-28
-34
-37
-42
-45
-38
-38
-39
-36
-32
-26
-29
-20
-20
-29
-25
-25
-29
-25
-25
-31
-31
-30
-30
-33
-27
-25
-27
-25
-21
-14
-18
-16
-20
-24
-18
-17
-14
-13
-15
-24
-27
-26
-22
-18
-26
-16
-7
-3
8
19
26
24
28
19
16
11
6
10
13
16
21
16
23
25
26
36
37
44
42
42
39
42
45
39
41
43
46
42
44
49
51
54
57
51
50
50
51
53
60
65
70
75
67
62
68
62
58
55
41
41
41
46
57
65
69
69
64
62
58
54
51
44
41
42
41
38
44
45
45
48
46
46
43
38
38
29
21
20
23
24
21
29
27
23
24
23
22
18
16
11
10
2
-6
-7
-11
-7
1
2
-1
4
-2
-13
-11
-13
-20
-27
-22
-23
-16
-22
-17
-24
-29
-27
-31
-26
-27
-27
-28
-23
-27
-27
-19
-20
-20
-24
-27
-36
-38
-44
-46
-51
-49
-46
-41
-32
-27
-22
-21
-23
-25
-36
-32
-27
-31
-24
-23
-24
-27
-27
-28
-37
-41
-43
-43
-41
-39
-33
-31
-38
-43
-46
-56
-59
-62
-58
-47
-46
-44
-41
-43
-42
-33
-36
-35
-35
-42
-41
-39
-39
-36
-42
-50
-51
-60
-65
-69
-63
-54
-46
-40
-24
-19
-12
-7
-7
-8
-14
-13
-19
-22
-19
-14
-14
-15
-16
-19
-24
-31
-32
-34
-35
-29
-25
-12
-9
-9
-9
-10
-14
-17
-17
-12
-8
-6
-2
0
4
9
11
4
4
4
5
7
13
12
8
2
-7
-6
-7
-13
-8
4
8
13
20
19
18
17
18
20
19
18
15
17
13
18
22
18
21
20
16
12
14
9
15
13
13
14
15
22
29
31
29
29
31
37
38
41
41
43
46
45
38
36
37
30
19
16
20
23
32
28
31
34
40
38
37
43
42
43
40
39
40
44
46
48
45
49
46
41
40
36
37
35
33
33
35
24
21
23
21
20
19
21
20
20
23
25
30
28
28
34
35
39
39
35
34
26
23
17
13
19
16
13
17
16
12
20
19
24
19
13
18
15
15
16
13
10
10
9
7
2
5
-2
-7
-3
-5
-2
-3
-7
-2
1
-5
-2
-5
-12
-10
-18
-15
-10
-8
-3
0
3
6
5
9
10
14
11
14
14
4
-3
-1
-8
-10
-6
-9
-4
0
17
19
17
15
-2
-3
-15
-17
-13
-10
-5
-8
-6
-4
0
-6
-8
-10
-14
-11
-10
-15
-13
-18
-15
-8
-12
-12
-13
-12
-15
-16
-22
-24
-26
-24
-26
-26
-23
-21
-15
-20
-20
-26
-24
-31
-37
-39
-41
-46
-53
-49
-47
-43
-41
-44
-37
-39
-43
-45
-41
-40
-40
-40
-45
-33
-27
-22
-19
-22
-24
-29
-26
-27
-25
-27
-29
-26
-25
-24
-27
-30
-30
-32
-33
-27
-23
-20
-16
-16
-12
-1
0
3
4
2
2
2
-1
-1
-1
-5
-8
-5
-10
-15
-14
-18
-19
-14
-14
-8
-11
-13
-7
-9
-9
-10
-5
0
6
11
21
18
28
30
25
24
18
21
17
21
21
25
28
24
24
20
22
21
14
11
10
8
10
10
17
21
24
25
22
16
16
16
18
15
14
13
9
14
11
16
20
19
23
26
24
23
25
25
24
26
30
32
33
34
35
36
29
28
22
22
25
23
24
21
16
18
14
9
8
2
-2
0
2
7
3
2
5
-5
-5
-6
-8
-7
-9
-9
-10
-11
-10
-11
-16
-20
-24
-23
-19
-17
-14
-15
-15
-7
-18
-18
-22
-30
-37
-45
-43
-44
-34
-23
-20
-19
-19
-21
-22
-27
-31
-35
-33
-29
-34
-33
-33
-30
-32
-38
-39
-41
-47
-47
-42
-35
-30
-25
-22
-25
-24
-28
-37
-31
-31
-31
-29
-22
-16
-13
-16
-12
-13
-17
-22
-20
-18
-20
-11
-9
0
5
1
1
1
6
12
15
18
24
17
13
12
13
14
15
14
14
22
20
23
29
33
29
30
34
23
22
20
21
30
38
44
48
50
45
44
40
38
42
43
44
49
50
45
43
43
43
36
36
25
22
28
32
36
39
41
38
40
43
48
46
40
38
37
37
38
40
42
42
38
36
28
24
16
15
19
22
29
30
26
26
20
8
1
-5
-10
-7
-5
0
2
2
3
1
-3
1
0
-8
-14
-15
-14
-11
-12
-17
-19
-24
-27
-27
-24
-27
-32
-31
-25
-24
-21
-26
-31
-30
-30
-28
-30
-34
-30
-28
-22
-27
-28
-25
-27
-24
-25
-27
-24
-29
-28
-29
-27
-21
-21
-23
-29
-34
-40
-42
-37
-34
-30
-21
-22
-11
-8
-4
-6
-13
-13
-17
-12
-15
-16
-9
-11
-14
-17
-21
-19
-21
-21
-16
-6
-8
-4
6
7
18
21
24
23
17
15
10
8
7
5
3
7
9
11
6
4
7
5
12
16
18
15
13
9
12
16
19
21
23
22
24
27
27
21
14
17
13
8
11
11
10
6
5
4
2
2
1
-2
-8
-8
-9
-9
-9
-10
-12
-13
-10
-11
-19
-26
-37
-34
-38
-41
-34
-30
-29
-34
-41
-48
-51
-53
-48
-50
-48
-41
-43
-39
-35
-40
-39
-38
-37
-31
-32
-25
-23
-20
-21
-28
-28
-32
-34
-36
-44
-42
-38
-38
-32
-32
-33
-30
-28
-22
-18
-9
-10
-11
-9
-9
-6
-4
-7
-5
1
5
5
7
16
17
12
15
17
21
21
21
