SAMPLES:	15993
BITSPERSAMPLE:	16
CHANNELS:	1
SAMPLERATE:	16000
NORMALIZED:	FALSE
-5
-3
-2
0
6
3
4
7
7
13
8
8
10
10
5
5
4
1
4
0
-1
5
7
8
8
12
5
7
15
11
11
10
5
1
-2
-3
-4
-1
-4
-1
1
2
9
8
7
7
4
4
5
4
5
4
-3
-3
-2
0
5
-1
2
6
8
5
6
2
1
0
-2
-4
-2
-3
-6
-6
-5
-4
-2
-6
-2
-2
1
4
3
5
3
3
2
-2
-4
-5
-12
-7
-2
-6
-4
-3
-3
4
3
8
5
3
-1
-5
-12
-17
-16
-17
-17
-10
-9
-6
-3
-2
-2
-2
-3
-4
-6
-7
-3
-5
-6
-2
-2
1
2
0
2
0
4
2
-4
-8
-8
-9
-7
-5
-5
-3
-2
2
1
2
-2
1
5
1
2
0
3
2
0
7
11
10
13
16
16
13
10
5
0
-1
-4
-5
-6
-5
-2
-6
-3
0
-1
4
6
10
10
10
6
3
3
2
4
2
3
5
8
6
9
12
9
6
3
2
4
5
3
7
7
4
2
2
4
2
5
3
2
3
3
7
4
8
8
10
11
9
12
12
7
7
4
-1
-4
-3
-3
-3
0
3
3
0
3
-2
-3
-5
-7
-7
-9
-7
-7
-8
-12
-12
-14
-14
-16
-15
-14
-23
-16
-16
-13
-14
-8
-7
-3
1
3
2
2
4
0
-5
-5
-8
-10
-13
-14
-13
-14
-8
-7
-7
-8
-6
-9
-8
-8
-7
-5
-4
-1
3
8
9
9
8
6
8
4
-1
0
0
-4
0
-2
0
0
2
2
4
4
3
2
-1
1
1
6
2
6
5
6
6
8
9
13
15
7
11
8
11
8
9
8
6
4
3
5
3
2
0
1
4
4
-1
-2
-1
0
0
1
3
3
3
5
4
6
6
0
2
-1
-2
1
6
6
3
7
6
5
2
-1
2
2
2
3
8
9
14
12
15
15
14
12
6
6
3
1
-1
2
-2
-1
5
3
3
2
0
-1
-1
-2
-8
-10
-12
-13
-13
-7
-9
-9
-9
-3
-1
-3
1
-6
-6
-5
-4
-6
-8
-6
-4
2
7
13
12
11
9
4
1
-8
-8
-9
-13
-14
-13
-10
-8
2
4
5
10
4
9
8
7
4
-3
-4
-8
-5
-8
-8
-7
-7
-5
-4
2
2
4
1
3
0
-5
0
1
-4
-10
-7
-8
-8
-12
-12
-9
-11
-8
-6
-5
-5
-4
-2
3
6
5
7
6
1
2
6
2
-1
2
-3
-2
-1
-5
-4
-2
4
4
7
7
7
10
6
1
-6
-3
-4
-6
-3
-8
-7
-9
-7
-1
1
1
-3
-4
-3
-4
-4
-8
-5
-3
-6
-1
2
10
9
10
12
9
8
5
6
7
4
4
5
7
9
10
11
9
4
4
3
-3
-9
-9
-11
-12
-9
-3
-1
1
1
3
3
0
-4
-7
-8
-12
-12
-11
-12
-12
-13
-7
-3
-3
1
-3
1
6
6
5
6
2
0
1
1
6
3
2
4
4
4
4
2
3
1
-7
-5
-4
-7
-7
-1
-3
1
-2
3
3
5
9
10
8
1
3
7
6
5
8
-1
2
-2
-2
2
-2
-2
-1
-2
-3
-5
-5
-8
-10
-10
-7
-10
-6
-6
-3
2
-5
-1
-4
-4
-2
-2
-1
3
4
5
2
4
4
1
1
-2
-4
-5
-3
-8
-12
-11
-12
-12
-13
-8
-7
-7
-3
-4
-5
-1
-1
2
3
1
3
-1
-4
-1
-3
-1
-1
1
0
0
4
4
9
11
11
15
16
15
14
13
10
8
7
9
5
3
5
3
5
4
4
3
2
3
0
5
3
-1
3
1
-1
1
0
2
4
-2
-3
1
2
1
-3
-2
-4
-7
-8
-9
-12
-9
-11
-11
-8
-9
-7
-7
-3
-4
-3
2
1
-2
0
4
2
4
3
5
0
1
2
0
3
1
1
4
5
7
6
4
2
4
-1
0
3
1
-3
-3
-5
-5
-2
-5
-2
-5
-3
-2
-5
0
-2
-2
-6
-4
-9
-5
-5
-4
-3
-4
-2
0
4
3
4
7
6
3
7
6
4
1
1
-1
-2
0
0
1
4
8
4
7
6
9
9
5
6
6
2
2
0
0
4
3
6
7
9
7
8
8
6
8
5
5
-1
0
1
-3
-1
-2
0
0
-2
0
3
4
2
3
5
7
3
1
1
-3
-7
-4
-4
-7
-5
-4
-2
0
4
5
8
9
8
8
4
4
0
-1
-4
-7
-8
-4
-3
-2
1
3
6
5
6
6
3
1
0
-6
-12
-10
-12
-14
-13
-12
-10
-8
-7
-7
-7
-6
-8
-3
-8
-9
-5
-9
-8
-6
-4
-4
-2
-4
-2
2
-2
-1
-2
-7
-3
-8
-9
-10
-5
-5
-5
-5
-3
0
-1
3
1
7
5
4
7
8
5
9
8
8
7
7
6
7
6
9
7
3
7
2
3
2
2
0
-3
0
-1
-3
-2
1
1
0
-1
1
0
-2
2
3
2
2
1
4
6
6
8
10
5
5
1
3
3
3
0
-3
-4
-5
-3
-4
0
0
0
3
4
7
4
3
3
3
0
0
0
1
0
-1
-1
0
3
2
2
2
-3
-4
-4
-3
-5
-4
-4
-6
-6
-8
-9
-10
-8
-12
-14
-12
-7
-8
-3
-1
-3
2
-1
-2
2
-1
-3
-5
-4
-5
-6
-1
-5
-4
-1
-2
-1
2
4
1
-1
-1
-4
-2
0
-6
-8
-7
-3
-8
-7
-3
-4
3
4
3
4
2
3
4
3
2
4
4
6
9
6
6
5
1
1
7
6
4
6
4
4
6
5
6
3
3
3
1
5
5
5
4
4
4
4
4
2
4
4
1
3
0
1
0
-2
-6
-10
-8
-10
-9
-10
-6
-5
-8
-4
-5
-6
-8
-5
-1
-5
-3
-4
-5
-3
-4
-4
-3
-4
-2
-3
0
0
0
2
5
7
5
5
4
1
3
0
-5
-3
-2
-3
-2
0
1
0
6
7
9
6
8
7
4
6
4
3
-1
2
1
-4
-3
1
0
-2
1
6
3
4
4
3
-3
-8
-4
-8
-6
-11
-11
-10
-11
-10
-3
-4
-2
8
7
7
6
5
5
3
3
0
3
5
0
3
2
1
2
4
3
4
6
8
12
12
8
7
9
6
-1
0
-3
-8
-6
-8
-3
3
-2
0
2
5
5
9
10
9
5
6
8
7
5
2
2
2
-2
-2
1
0
-3
0
1
0
-2
-2
-1
-2
-4
-3
-3
-7
-4
-4
-3
-7
-3
-1
1
4
5
7
9
8
11
10
8
8
5
4
1
-2
3
2
3
3
-1
4
-2
-1
-4
-3
-3
-4
-1
-1
0
0
0
-3
0
-4
-1
-3
-4
1
2
-3
-6
-1
0
4
2
3
4
5
4
8
5
1
-4
-3
2
0
-1
-4
-2
1
-4
-2
-4
-3
-4
0
-3
-4
2
0
0
0
1
-2
0
3
1
-1
-1
-3
-2
-2
-3
-5
3
2
-1
-1
0
0
-4
1
7
4
3
6
2
4
1
3
0
1
0
-1
0
-3
-1
0
1
-4
-7
-5
-1
-4
-4
-4
-6
-4
-7
-6
-5
-7
-7
-2
-3
-5
-2
-6
-6
-3
-4
-1
0
1
0
-2
-1
-2
2
2
0
1
1
1
0
-3
-3
-2
-1
-4
-1
-1
-2
0
-2
0
1
-1
3
7
2
0
3
3
6
4
4
4
5
9
11
7
8
9
7
6
3
2
3
8
4
0
4
0
-2
1
-3
1
-3
1
-1
2
0
-2
2
-1
-6
-3
0
-1
-5
-2
-1
1
-1
-1
-1
-4
-2
0
1
-1
-5
-1
0
-2
-1
-1
2
0
1
1
-2
2
0
4
4
1
0
-1
5
2
0
4
3
-3
-4
-2
-4
-3
1
-3
-4
0
2
-1
-5
-3
-3
-3
-7
-6
-7
-8
-8
-9
-7
-1
-3
-2
-1
3
5
1
4
2
5
1
2
4
3
4
3
-1
3
0
3
-3
-2
1
2
3
0
3
0
1
2
-2
-3
-4
-5
-3
-1
-4
-6
-4
-3
-3
-2
-5
-4
-2
-1
0
-1
2
2
1
5
5
1
0
-5
-4
-1
-3
-4
-4
-1
-3
-3
-1
2
-6
-5
-4
-4
-1
1
2
0
4
1
1
3
1
-2
0
4
3
4
5
4
4
3
1
5
5
6
6
0
6
2
5
3
2
3
1
2
-1
0
-6
-4
3
1
-3
-5
-1
-3
0
-2
4
6
2
3
4
4
0
3
5
3
2
1
5
4
2
3
3
1
-1
-1
0
-2
1
-1
-2
1
2
-3
-2
0
1
0
-2
1
1
0
1
1
3
1
-2
1
-1
-1
0
1
-3
-1
-3
-2
-2
0
-3
-2
-3
-2
1
-8
-6
-4
0
-3
-2
-2
-5
-2
-2
-4
-1
0
-2
-2
-1
-2
-4
-3
-4
-1
-3
0
-5
-3
-1
1
2
4
5
1
1
5
3
4
5
5
0
0
5
3
2
2
1
1
1
0
-2
1
4
-3
1
-5
-2
-2
-4
-6
-1
-3
-6
1
1
1
0
1
-2
-1
-5
-4
-4
1
-1
-4
-2
-6
-3
-1
-4
-6
-6
-5
-3
-6
-4
-4
-6
-4
-5
-2
-1
-3
-2
2
2
1
-2
-4
-2
-2
-2
1
4
3
3
1
4
2
6
6
4
6
9
9
6
11
8
6
6
6
5
5
7
7
10
7
10
9
9
11
8
7
4
4
3
1
0
0
-2
1
0
-2
-3
-3
-1
1
2
-2
0
-1
-4
0
1
3
4
1
2
0
-2
-5
-8
-5
-5
-3
-7
-6
-4
-7
-5
-8
-3
-4
-4
-6
-6
-5
-5
-7
-5
-5
-9
-11
-12
-10
-9
-8
-7
-6
-6
-6
-4
-5
-5
-5
-2
-1
-3
-2
1
1
-1
-2
-4
-3
0
-4
0
3
1
-1
4
7
2
1
0
5
3
3
7
8
7
4
7
6
7
7
7
9
4
5
1
4
5
4
3
-2
-2
-2
0
4
-1
-1
2
2
3
7
5
4
4
3
4
4
4
2
0
0
1
0
5
2
2
5
2
3
-2
-3
-2
-3
-5
-6
-7
-4
-6
-4
-8
-7
-9
-9
-9
-8
-7
-9
-6
-8
-7
-2
-5
-5
-2
-4
-3
-2
-5
-4
-3
-2
-4
-7
-3
-3
0
-4
-5
-2
-4
-1
0
0
0
1
3
5
0
2
1
-1
-1
0
-2
-5
-3
-1
-1
2
4
3
3
-1
2
-1
-4
-2
-1
3
2
-1
2
0
-1
-1
-1
2
5
2
1
3
2
5
1
3
9
5
5
2
4
6
6
6
9
6
3
9
10
7
9
14
9
6
6
8
10
8
9
8
7
6
4
5
6
5
6
4
6
5
5
1
4
5
5
10
5
2
3
3
5
0
-5
0
3
1
3
3
2
4
-1
2
2
1
0
2
-3
-4
-2
-3
-6
-6
-4
0
-3
-8
-4
-7
-6
-4
-5
-6
-2
-5
-6
-5
-8
-4
-9
-13
-10
-13
-14
-11
-8
-7
-8
-10
-4
-1
0
-3
-5
-2
-2
-1
-3
-2
-5
0
-1
-3
-1
-2
1
-3
-1
2
2
0
0
0
5
5
0
5
3
2
0
6
0
0
3
0
-2
-1
2
1
1
4
2
0
3
0
-1
4
2
-1
1
2
3
6
8
6
3
-4
-2
-3
-4
-5
0
-1
1
1
-1
5
0
2
2
0
2
2
4
2
3
2
3
5
0
-1
0
0
0
1
-1
-3
-2
-5
0
-4
-3
-2
-6
-2
-1
-3
-5
-6
-10
-8
-7
-6
-5
-6
-3
-5
-5
-3
-1
0
-1
-1
-2
-1
0
-1
3
8
5
4
4
3
1
3
7
5
3
5
4
3
3
3
0
-1
1
2
4
3
2
3
4
2
3
4
2
-1
-1
4
4
3
5
4
-1
-2
-1
1
-1
-2
1
-1
3
1
2
-1
-4
1
3
-1
2
3
0
1
-1
-2
-1
6
3
3
2
2
1
0
2
5
1
1
3
3
6
7
6
6
8
7
4
2
3
0
-2
-1
0
0
-1
-3
-6
-6
-6
-7
-5
-1
-4
-6
0
-3
-5
-6
-7
-7
-7
-7
-7
-4
-5
-3
-5
-3
-1
-6
-3
-1
-3
-1
-3
-1
-1
-3
0
2
1
1
-1
-1
-1
-2
0
-2
-3
-4
-6
-10
-8
-5
-8
-4
-2
0
1
-2
-2
1
2
0
2
2
5
4
4
1
3
6
2
6
2
3
5
-1
3
4
3
3
2
5
3
1
1
-4
-1
-5
-4
-4
-7
-3
-4
-4
-2
-4
-3
-1
-1
1
3
1
0
5
1
-1
-1
4
1
-1
2
1
-2
-2
-1
-1
0
-2
-3
0
0
-3
-5
-8
-4
-3
-1
3
2
-1
0
0
3
5
3
5
6
5
2
4
6
4
9
7
3
4
5
7
5
6
4
1
1
0
-2
-2
-4
-2
-5
-7
-4
-3
-1
0
-1
-1
2
-3
-3
-2
-4
1
4
4
2
4
5
0
8
6
1
-7
-2
2
1
-2
1
4
1
-1
-1
-4
-3
-4
-4
0
-1
-2
-4
-3
-4
-2
-5
-4
-2
-3
-6
-6
-3
-5
-3
2
-3
-4
-5
-2
-2
-1
-1
-1
2
1
0
5
0
1
2
-3
-3
-1
-1
0
1
3
8
6
2
2
6
3
0
0
2
6
0
1
-1
-2
1
2
2
-3
-2
0
2
-2
-2
-5
-2
-4
-4
0
0
-1
-1
-2
-3
0
-3
-3
0
-5
-7
-5
-6
-9
-7
-7
-12
-15
-9
-3
-4
-4
-6
-1
-3
-2
-1
-1
-2
-4
-1
0
1
0
-2
3
0
4
5
5
6
2
5
5
6
9
8
6
4
6
6
5
4
2
8
7
6
13
9
7
7
10
9
5
3
1
-2
1
3
6
6
7
8
4
5
7
6
8
10
9
7
5
-1
4
5
1
1
6
3
7
3
4
5
1
3
2
4
3
-1
1
3
3
4
1
-1
2
-1
-2
-4
-7
-4
-5
-1
2
1
1
-2
-4
-6
-10
-7
-9
-10
-9
-7
1
2
1
-5
-3
-1
-8
-5
-6
-10
-10
-8
-10
-8
-8
-7
-2
-8
-2
-5
-3
-3
-6
-6
-8
-7
-3
-4
-1
3
4
3
2
-2
-3
-2
0
-3
1
4
3
5
7
8
7
7
0
6
6
2
3
-1
1
-2
-4
-2
0
-1
0
2
3
2
2
1
-1
-2
-6
-4
0
-2
0
1
6
9
3
6
6
9
6
6
5
2
4
3
4
1
6
2
0
-3
-3
0
-3
-2
-7
-6
-5
-1
-3
-3
-5
-3
-2
-5
-5
-6
0
-1
0
3
1
4
1
-1
2
3
4
0
-2
0
0
3
2
2
2
-1
-2
-3
-3
-2
-2
-1
-2
3
0
4
3
0
-1
4
1
-3
-4
0
0
2
0
-1
1
2
4
5
7
5
7
3
6
3
3
1
-2
-3
-3
-1
-3
-3
-2
-6
-6
-1
-6
-7
-8
-7
-7
-4
-2
-5
0
3
-1
-1
0
0
4
-3
-6
-3
-4
-4
-4
-4
-7
-7
-6
2
4
1
1
-1
-1
1
0
1
6
6
4
6
7
7
2
2
-4
-5
-4
-7
-4
1
2
2
3
2
-1
-1
-2
0
-2
-3
-5
-5
-2
0
5
4
5
4
1
1
-1
0
0
-2
0
2
-2
-3
-1
1
-1
-2
2
2
3
4
5
3
4
2
2
-2
0
4
4
5
3
3
3
3
2
8
8
2
-2
-1
0
2
5
-1
-1
-7
-2
4
5
5
1
-1
-8
-3
0
0
2
2
-4
-2
-2
-4
-4
-3
-5
-3
-1
-1
1
-1
0
-2
5
2
-3
-5
-3
-3
-5
1
7
3
4
-3
-5
-2
-2
2
4
3
2
-1
1
1
-6
-4
-6
0
4
-1
-2
0
1
-2
3
4
3
5
6
4
0
6
3
-1
2
7
3
2
6
5
5
6
4
9
5
-1
5
7
0
0
2
11
7
2
0
0
4
6
8
7
6
9
13
10
3
-1
2
3
5
6
0
-1
-1
-1
7
8
9
9
7
5
1
-2
-3
0
1
3
7
3
4
5
3
1
7
9
8
3
1
1
0
-2
-4
-3
1
5
7
12
10
9
8
8
2
3
-2
-1
-3
-7
-5
-28
-26
-4
7
7
26
3
-11
-17
-16
-14
-33
-7
-13
-17
-7
21
35
18
-1
-12
-36
-15
-11
-16
-20
-23
-3
8
3
0
2
-1
-5
-13
-16
-4
4
18
26
21
11
4
1
-4
-7
-9
1
4
9
16
16
9
6
8
9
-1
-8
-9
-12
-12
-4
3
4
2
1
5
1
3
1
-1
0
5
9
9
10
14
13
16
10
8
3
0
-1
0
10
8
9
9
1
-5
-10
-9
-10
1
4
5
1
-5
-2
1
-7
-9
-8
-7
-5
-9
-7
-5
-2
-4
-4
-3
3
7
7
5
5
2
3
8
5
0
0
-7
-13
-11
-9
0
1
-6
-3
1
-2
-5
-12
-14
-14
-14
-13
-15
-14
-12
-3
-6
-7
-6
-4
-7
-10
-9
-9
-8
-10
-9
-9
-19
-14
-13
-19
-16
-12
-12
-11
-12
-13
-9
-10
-6
-6
-12
-14
-10
-6
-1
-2
-3
0
-3
-1
5
8
8
7
5
10
9
9
5
2
-3
-2
-5
-9
-1
0
-2
-2
-5
-7
-5
-2
5
5
5
0
0
2
6
8
10
13
17
18
12
14
14
10
6
3
1
2
3
-1
-9
-14
-15
-17
-11
-13
-14
-13
-13
-15
-13
-12
-15
-15
-11
-10
-12
-6
-9
-5
7
2
-2
0
4
7
7
16
18
26
26
31
32
27
26
28
28
22
21
9
8
9
6
10
8
5
2
1
2
1
-1
0
-4
0
3
2
2
1
7
7
9
15
13
15
16
12
10
10
11
17
19
16
15
9
6
6
-1
-1
-7
-14
-15
-9
-7
-11
-13
-15
-17
-17
-19
-24
-23
-28
-28
-28
-27
-21
-21
-17
-17
-9
-11
-3
-2
0
11
6
10
5
2
0
-2
-5
-10
-13
-16
-20
-19
-16
-13
-9
-9
-9
-10
-4
-6
-5
-5
-7
-8
-9
-4
4
7
9
11
14
14
14
15
12
15
10
9
9
14
11
12
16
15
19
15
17
16
19
24
22
25
24
19
20
19
18
13
10
9
6
8
4
8
11
18
15
16
17
19
16
17
13
9
7
5
8
5
0
-2
3
8
8
7
3
4
8
3
4
-4
-8
-12
-7
-14
-14
-6
-4
1
-3
-6
-4
1
3
3
-2
-5
-8
-11
-16
-13
-10
-17
-16
-20
-23
-23
-26
-27
-24
-23
-25
-22
-16
-17
-18
-13
-14
-16
-18
-14
-13
-7
-6
-4
1
-1
-4
-4
-5
-11
-11
-9
-10
-13
-14
-13
-8
-8
-7
-9
-15
-19
-22
-16
-15
-8
-1
4
5
3
4
4
-1
3
11
7
10
14
13
17
17
17
16
21
23
16
14
19
20
15
13
19
11
5
1
-5
-14
-15
-12
-11
-7
-6
-8
-6
-7
-4
-4
-7
-9
-12
-13
-16
-12
-12
-6
-7
-9
1
7
9
11
9
10
12
18
21
21
18
19
21
14
14
8
10
7
4
3
1
1
4
-1
-3
-4
-9
-5
-3
-9
-9
-2
-6
-5
-6
-4
-2
-1
-5
-1
6
2
0
-6
-4
0
-5
-11
-18
-18
-19
-23
-25
-22
-18
-12
-13
-11
-8
-8
2
1
7
8
13
12
13
10
4
2
-2
2
-1
0
-1
-7
-10
-14
-13
-17
-21
-21
-17
-17
-15
-13
-12
-11
-14
-11
-14
-16
-14
-14
-15
-3
3
6
1
2
2
-5
-6
-13
-14
-11
-8
-6
-5
2
10
13
18
22
21
26
28
30
24
23
32
29
24
26
26
23
17
20
16
12
11
5
1
1
6
3
3
6
4
8
12
15
14
10
9
4
3
3
7
5
4
-1
3
1
4
8
0
7
13
7
3
6
5
4
12
15
14
17
21
19
15
15
11
0
-7
-12
-17
-20
-28
-31
-40
-45
-40
-40
-39
-34
-27
-31
-23
-24
-28
-28
-24
-19
-11
-12
-10
-11
-13
-12
-12
-12
-10
-2
0
8
5
6
11
14
13
18
19
20
11
7
12
8
-5
-11
-18
-24
-23
-27
-25
-26
-18
-11
-6
-6
-4
5
5
5
3
3
9
19
29
31
35
37
37
35
36
36
30
36
43
48
53
56
62
63
55
52
51
42
42
37
31
35
26
17
17
20
21
15
20
21
19
23
18
17
15
12
11
2
0
5
-7
-6
-11
-4
-5
-3
1
-3
-1
-5
-15
-20
-25
-30
-29
-32
-26
-29
-22
-19
-20
-23
-31
-29
-37
-47
-53
-44
-44
-40
-40
-33
-32
-32
-31
-34
-42
-43
-40
-38
-38
-40
-41
-37
-43
-48
-47
-61
-55
-61
-61
-62
-61
-61
-65
-63
-64
-59
-50
-56
-54
-55
-54
-59
-54
-54
-57
-53
-47
-36
-43
-44
-36
-35
-31
-37
-36
-26
-17
-2
2
11
9
8
1
5
10
7
9
11
16
25
32
30
29
29
28
28
26
29
33
31
36
35
38
39
45
58
55
59
63
66
65
64
60
60
59
54
59
63
51
48
41
38
37
37
36
36
44
39
41
44
42
37
30
31
33
39
44
38
35
32
31
23
15
7
14
20
23
30
31
38
36
39
42
45
43
38
28
28
23
14
-4
-7
-11
-17
-26
-32
-31
-32
-19
-17
-21
-29
-31
-40
-38
-42
-43
-50
-48
-45
-47
-45
-32
-28
-25
-20
-17
-5
-14
-12
-20
-13
-8
-11
-9
-10
-17
-10
-14
-8
-13
-12
-17
-22
-18
-16
-20
-24
-21
-6
4
0
-10
-11
-5
-2
3
6
12
20
21
27
32
33
45
38
29
31
45
55
57
60
71
87
94
90
80
84
87
82
81
79
69
63
61
60
54
45
55
54
44
37
24
26
18
18
17
14
16
8
13
16
25
32
25
19
18
28
39
45
51
53
49
52
56
53
47
43
37
32
26
29
28
20
15
7
7
2
-1
0
3
-2
-2
-12
-18
-21
-31
-33
-50
-54
-62
-66
-69
-70
-72
-77
-85
-96
-101
-104
-98
-101
-104
-114
-114
-121
-105
-98
-95
-99
-110
-102
-106
-102
-106
-109
-104
-103
-89
-92
-92
-98
-102
-114
-118
-114
-106
-103
-92
-93
-95
-83
-78
-71
-62
-48
-37
-34
-36
-31
-23
-27
-24
-30
-30
-32
-19
-16
-18
-14
-4
10
12
13
25
27
22
31
23
42
36
44
40
31
54
44
53
42
47
57
53
59
63
64
74
65
73
57
51
61
62
75
65
80
79
81
93
107
118
115
106
110
122
126
132
127
127
129
127
132
127
135
128
120
105
92
95
88
87
85
73
54
45
37
32
19
12
2
2
-4
-4
-1
2
-4
-4
8
9
7
-1
0
0
17
2
-8
-16
-29
-32
-46
-57
-92
-86
-95
-79
-93
-107
-117
-136
-149
-180
-177
-185
-188
-224
-244
-241
-214
-217
-244
-267
-258
-229
-221
-232
-244
-224
-206
-207
-235
-219
-202
-166
-164
-184
-160
-144
-114
-132
-131
-118
-101
-87
-103
-89
-71
-32
-24
-35
-14
13
44
55
51
63
73
106
103
97
109
132
160
139
141
144
164
178
160
156
166
198
196
187
194
207
229
232
223
214
233
237
242
252
266
283
290
287
279
286
301
288
282
267
271
285
303
304
297
306
295
298
290
286
305
314
315
301
287
276
271
265
246
229
207
187
171
176
175
176
158
138
154
154
174
167
162
139
125
149
147
146
121
72
64
25
-11
-81
-126
-162
-220
-261
-360
-423
-476
-541
-645
-738
-788
-876
-947
-1049
-1114
-1148
-1221
-1237
-1323
-1333
-1320
-1284
-1244
-1273
-1220
-1168
-1093
-1023
-978
-871
-807
-705
-599
-525
-416
-326
-213
-154
-87
33
95
155
188
264
321
360
398
392
420
451
473
461
435
446
471
476
450
437
439
418
406
404
406
407
433
439
457
501
543
578
586
621
657
683
702
723
751
761
777
790
800
812
822
815
799
789
764
763
754
728
688
655
612
564
509
455
406
372
348
316
304
299
278
264
259
266
283
296
290
282
284
311
317
341
347
383
408
435
458
476
503
518
515
527
563
566
552
468
404
240
39
-176
-436
-707
-1038
-1400
-1685
-2026
-2225
-2489
-2649
-2811
-2892
-2923
-2930
-2816
-2671
-2505
-2332
-2140
-1875
-1622
-1332
-1112
-910
-707
-488
-286
-130
33
182
324
435
517
656
711
791
821
859
886
872
901
844
820
774
738
631
512
419
318
190
70
-40
-157
-237
-309
-352
-409
-417
-379
-335
-330
-270
-183
-86
-15
71
185
285
387
471
524
599
697
754
752
733
763
769
715
669
607
543
481
402
315
231
186
153
82
25
5
11
16
10
29
56
103
144
197
261
317
399
471
523
595
678
747
788
832
871
907
941
957
940
927
914
894
856
819
778
740
685
618
547
493
436
375
300
248
191
154
107
90
63
80
82
48
54
76
149
148
198
203
251
320
356
399
434
496
444
340
61
-177
-366
-585
-912
-1386
-1667
-1994
-2252
-2493
-2722
-2816
-2909
-2913
-2894
-2858
-2585
-2376
-2126
-2000
-1791
-1434
-1171
-910
-754
-536
-321
-145
33
115
234
381
508
554
558
652
746
768
770
773
764
751
705
644
558
488
412
247
69
-49
-123
-198
-363
-471
-507
-493
-497
-542
-539
-497
-370
-252
-166
-70
75
262
374
475
603
735
841
900
955
996
1045
1080
1021
937
897
871
779
646
527
435
355
242
122
42
17
-14
-42
-80
-88
-35
18
69
113
205
296
398
483
582
700
828
922
975
1061
1158
1231
1248
1241
1216
1219
1215
1180
1112
1042
977
927
848
750
652
613
545
467
369
343
309
286
263
183
153
155
196
178
212
302
325
447
513
618
645
624
339
-22
-263
-575
-1027
-1568
-1991
-2430
-2865
-3146
-3455
-3612
-3676
-3629
-3538
-3456
-3077
-2695
-2321
-2025
-1708
-1223
-892
-593
-373
-188
26
156
275
275
284
393
451
459
421
495
556
577
589
626
664
680
683
610
559
486
388
220
6
-120
-255
-372
-512
-653
-666
-653
-599
-553
-473
-305
-179
-3
104
234
381
531
666
704
802
836
859
855
855
873
838
820
726
640
615
531
418
276
152
32
-67
-124
-229
-274
-272
-251
-218
-171
-58
63
160
287
395
521
646
745
856
930
1016
1080
1123
1153
1162
1215
1216
1202
1179
1168
1158
1096
1042
934
852
777
721
643
535
482
409
366
309
305
300
319
331
343
394
481
574
582
610
620
748
807
912
909
998
1083
1185
1264
1165
898
411
62
-476
-1077
-1864
-2487
-3097
-3775
-4296
-4761
-4922
-4980
-4879
-4683
-4409
-3837
-3191
-2535
-1925
-1375
-687
-176
275
552
739
962
974
950
785
691
604
472
368
234
192
156
157
158
197
252
318
289
240
211
206
122
-55
-241
-384
-489
-587
-664
-761
-715
-624
-480
-335
-130
149
342
595
751
903
999
1045
1058
987
957
894
737
614
500
440
346
244
186
76
85
38
-9
-59
-117
-133
-209
-203
-232
-226
-174
-119
-31
83
239
405
554
724
857
1000
1113
1179
1239
1267
1295
1262
1226
1163
1079
1020
934
866
792
750
714
698
675
648
631
638
651
652
686
673
680
685
677
661
629
691
653
735
720
789
867
959
1046
1084
1158
1229
1264
1351
1353
1358
1456
1486
1589
1301
1062
338
-28
-746
-1609
-2702
-3637
-4299
-5135
-5731
-6254
-6424
-6168
-5951
-5370
-4821
-3740
-2672
-1726
-772
24
864
1473
1749
1921
1744
1728
1328
887
364
-27
-348
-752
-1043
-1152
-1179
-1029
-904
-715
-475
-159
162
308
400
497
562
505
344
151
16
-115
-190
-311
-364
-264
-126
54
175
394
603
799
929
1007
1094
1079
1040
882
715
567
431
270
78
-81
-138
-177
-212
-207
-193
-146
-53
-14
34
43
99
121
82
98
135
169
224
291
383
466
600
710
795
894
1032
1075
1080
1085
1071
1053
1011
942
874
824
819
786
751
755
783
828
811
800
783
813
847
814
767
766
814
827
786
793
823
892
884
891
926
1024
1049
1102
1096
1184
1212
1247
1234
1165
1182
1138
1150
1133
1093
1198
1274
1192
784
275
-119
-721
-1676
-2768
-3848
-4608
-5472
-6198
-6773
-6933
-6617
-6337
-5569
-4628
-3413
-2107
-955
260
1142
1951
2468
2544
2440
2043
1533
766
-61
-794
-1456
-1935
-2342
-2536
-2461
-2109
-1665
-1189
-606
1
570
1025
1381
1549
1530
1439
1174
851
479
92
-189
-466
-583
-668
-586
-401
-197
50
283
544
753
889
929
954
886
850
672
506
309
148
42
-75
-71
-49
-21
37
86
160
196
208
207
169
164
84
6
0
3
66
136
241
366
500
661
797
925
1022
1065
1092
1061
1051
988
917
839
789
772
749
773
784
809
875
919
994
1029
1052
1033
1035
1054
1030
984
954
935
959
902
881
870
899
925
896
882
857
873
910
970
977
1040
1125
1285
1350
1390
1289
1305
1339
1410
1298
1331
1207
1015
683
236
-232
-1137
-1960
-3283
-4314
-5363
-6152
-6878
-7419
-7310
-6957
-6244
-5421
-4245
-2739
-1251
79
1084
1941
2677
2878
2747
2151
1501
682
-363
-1292
-2180
-2604
-3057
-3172
-3012
-2536
-1869
-1150
-358
295
1005
1557
1832
1875
1809
1620
1249
796
341
-124
-433
-614
-757
-817
-674
-387
-180
46
352
584
681
750
702
694
584
562
406
312
460
427
605
604
832
844
806
818
467
267
-61
-250
-563
-907
-1003
-1128
-979
-833
-606
-168
225
756
1066
1433
1739
1820
1838
1631
1470
1126
825
529
209
83
2
65
121
279
540
823
1073
1245
1395
1537
1574
1574
1467
1375
1237
1100
1004
886
897
855
857
859
867
877
843
805
833
778
812
806
901
1065
1209
1410
1355
1624
1699
1874
1797
1675
1651
1416
1423
1307
1260
1027
710
449
67
-651
-1579
-2736
-3836
-5192
-6334
-7123
-7894
-8004
-8016
-7181
-6272
-4870
-3307
-1697
213
1623
2643
3261
3640
3475
2703
1728
637
-738
-2012
-3104
-3716
-4155
-4157
-3828
-3253
-2245
-1192
-45
784
1704
2257
2543
2558
2323
1847
1272
719
53
-540
-893
-992
-1152
-1046
-831
-358
-50
232
499
664
905
753
658
459
469
407
236
304
410
606
758
970
1138
1145
1139
944
671
316
-196
-685
-1155
-1340
-1489
-1495
-1313
-980
-482
59
672
1174
1589
1968
2129
2109
1928
1670
1272
801
418
35
-222
-345
-333
-195
65
429
718
1052
1369
1633
1738
1760
1748
1612
1497
1331
1149
939
800
736
656
687
739
755
809
879
1009
1067
1227
1394
1409
1385
1402
1561
1571
1584
1523
1606
1631
1566
1418
1350
1419
1345
1197
1139
1485
1382
1321
728
488
-66
-895
-2079
-3977
-5159
-6848
-7466
-8584
-8916
-8850
-8239
-6478
-5259
-3289
-1531
735
2463
3361
4225
4137
3831
2812
1403
-71
-1677
-2906
-4207
-5045
-4915
-4749
-3945
-3235
-1843
-646
594
1816
2258
2630
2636
2701
2037
1352
837
197
-282
-727
-839
-882
-581
-247
-239
110
464
596
347
184
215
-101
-188
-450
-520
-318
120
515
689
1227
1735
2014
2112
1970
1696
1210
735
-45
-820
-1369
-1764
-2209
-2306
-2048
-1516
-966
-356
363
1046
1771
2102
2263
2269
2260
1922
1432
939
536
166
-157
-344
-422
-280
-81
169
399
724
1050
1287
1360
1434
1514
1604
1597
1528
1502
1561
1620
1606
1504
1446
1349
1228
1038
814
648
604
577
620
597
778
972
1220
1463
1589
1953
2017
2123
1987
1954
1938
1705
1584
1330
1350
1208
1237
1286
1111
962
671
376
-393
-1412
-2809
-4701
-6447
-7723
-8559
-9362
-9705
-9162
-7924
-6023
-4079
-1989
186
2377
4072
4568
4752
4371
3381
1711
-111
-1737
-3507
-4845
-5544
-5844
-5328
-4509
-3199
-2094
-595
982
2067
2766
2953
2931
2581
2123
1435
541
-58
-303
-631
-799
-672
-260
-56
35
342
344
384
111
-114
-463
-682
-562
-725
-461
-272
363
902
1493
1995
2040
2400
2373
2176
1555
1001
449
-358
-844
-1281
-1469
-1645
-1640
-1957
-1659
-1035
-379
-237
9
592
1061
1664
1581
1643
1740
2110
1972
1374
1307
1054
722
142
-161
-377
-497
-639
-676
-545
148
608
875
1258
1888
2521
2726
2853
2697
2596
2449
2117
1457
947
687
273
-91
-221
43
314
553
855
1264
1755
2068
2079
2023
2165
2183
1907
1538
1407
1264
1338
1362
1263
1383
1453
1930
1929
2292
2081
1941
1496
357
-622
-2379
-3989
-6930
-8673
-9851
-10367
-10898
-11002
-9502
-7386
-4460
-2174
160
2600
4796
5756
5660
5090
4140
2132
-67
-2142
-3951
-5239
-6223
-6281
-6237
-4734
-3422
-1908
-763
718
2012
2654
2990
2680
2303
1877
1494
810
300
217
189
-29
125
399
501
250
40
-255
-660
-878
-1316
-1682
-1751
-1267
-860
-331
382
1220
2001
2708
3140
3075
3015
2771
2079
1062
304
-232
-1057
-1628
-1959
-1868
-1594
-1241
-1040
-1128
-665
-189
49
131
177
402
592
1063
1224
1380
1725
2010
2000
1706
1733
1363
706
91
-372
-597
-866
-943
-942
-538
317
894
1404
1916
2507
2853
2924
2889
2489
2076
1701
1198
743
422
375
263
339
682
949
1321
1449
1656
1641
1695
1602
1348
1324
1226
1242
1152
1356
1621
1964
2194
2592
2759
2849
2908
2741
2890
2427
1878
728
-158
-1417
-2984
-5058
-7995
-9618
-10730
-10839
-11320
-11130
-9246
-6745
-3845
-1471
884
3436
5365
6145
5650
4924
3832
1645
-806
-2991
-4388
-5578
-6467
-6510
-5975
-4464
-2973
-1611
-546
769
1939
2440
2521
2265
2156
1849
1493
1075
890
1061
954
712
467
630
497
-179
-907
-1364
-1661
-2118
-2326
-2248
-1839
-1156
-282
634
1641
2580
3151
3399
3540
3431
2749
1897
973
215
-589
-1045
-1567
-1897
-1649
-1244
-904
-799
-153
146
403
195
-261
-224
-213
-24
-460
-201
386
1063
1361
1414
1872
1942
2048
1447
860
510
43
-392
-939
-828
-522
-233
223
708
1482
2080
2388
2447
2354
2518
2283
1892
1465
1281
1248
1120
1050
1025
1183
1213
1136
1063
1198
1159
949
896
1069
1211
1335
1440
1611
1937
2168
2254
2629
2798
2913
2655
2666
2652
2363
2499
1924
1736
524
-36
-1406
-2887
-5635
-8618
-10204
-11078
-11441
-12403
-11553
-9223
-6137
-3352
-712
2377
4905
6632
6623
6237
5092
3335
376
-2251
-4279
-5622
-6814
-7215
-6842
-5587
-3784
-2059
-797
262
1562
2354
2506
2198
2011
1825
1522
1209
1072
1375
1629
1410
963
926
898
214
-984
-1841
-2373
-2756
-3110
-3028
-2559
-1609
-398
789
1948
3011
3815
3990
4014
3675
3037
1999
934
-77
-775
-1118
-1481
-1761
-1716
-1170
-665
-403
-161
38
193
91
-321
-683
-697
-442
-293
-103
321
956
1508
1775
1852
1764
1767
1385
698
63
-282
-468
-705
-728
-476
52
609
1041
1457
1900
2219
2168
1922
1780
1716
1599
1404
1381
1436
1698
1784
1778
1797
1828
1732
1335
1117
858
739
393
265
517
924
1190
1338
1832
2240
2606
2632
2645
2819
2892
2761
2621
2459
2512
2179
1778
1411
666
-243
-2118
-3391
-6078
-8487
-10754
-11550
-11808
-11898
-10578
-8610
-5242
-2318
680
3106
5147
6647
6274
5450
3822
1961
-607
-3029
-4724
-5941
-6441
-6156
-5643
-4506
-2980
-1320
-398
202
974
1360
1518
1289
1257
1357
1595
1783
1888
2268
2494
2311
1579
939
205
-896
-2093
-3004
-3565
-3704
-3432
-2758
-1801
-458
869
2049
2966
3666
4010
3845
3388
2669
1959
1216
332
-486
-809
-721
-818
-1088
-1119
-883
-683
-761
-806
-946
-952
-1146
-1369
-748
-67
481
698
1268
2085
2566
2562
2139
1756
1299
792
-27
-648
-875
-1003
-934
-668
-31
581
1154
1553
1780
2107
2264
2100
1677
1507
1593
1595
1595
1580
1738
1849
1830
1657
1578
1457
1216
714
555
652
708
746
1015
1416
1981
2377
2592
2561
2405
2376
2060
2093
1957
1848
2102
2476
2737
2655
2820
2388
1386
20
-1382
-3156
-5671
-8974
-11455
-12305
-12072
-11875
-11104
-8380
-4852
-1743
991
3608
5472
6239
5777
4541
2845
964
-1375
-3811
-5142
-5637
-5741
-5470
-4670
-3628
-2450
-1036
-255
-148
106
617
743
687
1041
1660
2119
2509
2890
3135
3172
2720
1465
130
-932
-2002
-3182
-3976
-4278
-3971
-3052
-1717
-565
669
2024
3078
3520
3600
3556
3098
2410
1667
1133
805
481
158
-294
-309
-235
-433
-852
-1362
-1572
-1695
-1600
-1454
-1261
-690
-245
242
608
1381
1834
1832
1521
1315
1246
904
351
-217
-324
-221
-50
37
274
684
863
1003
1071
1131
1068
888
747
767
1038
1324
1458
1668
1993
2433
2643
2521
2267
1899
1579
1225
810
494
416
548
784
1045
1364
1684
2042
2125
2222
2018
1961
1986
2265
2154
2188
2526
3028
3478
3507
3435
3635
3362
2600
984
-581
-2437
-4759
-6906
-9874
-11745
-13240
-12549
-11352
-9774
-7390
-4233
-641
2103
4168
5558
6218
5565
3821
1921
219
-1541
-3890
-5258
-5619
-5315
-5048
-4579
-3629
-2820
-1802
-1316
-916
-564
-26
583
1149
1998
2882
3635
4016
4054
3768
3179
2158
471
-1347
-2627
-3561
-4307
-4614
-4212
-3170
-2032
-714
562
1820
2790
3096
3034
2891
2714
2275
1803
1430
1389
1414
1295
921
504
212
-224
-950
-1775
-2164
-2409
-2465
-2279
-1652
-744
318
884
991
1536
1974
2043
1508
941
585
346
122
-168
-235
94
401
381
483
797
935
658
351
411
473
614
655
748
1168
1771
2069
2079
2281
2457
2346
2141
1953
1721
1531
1271
954
896
934
1114
1000
873
1300
1295
1338
1216
1360
1605
1788
2124
2158
2538
2719
2716
2708
2520
2805
2833
2669
2286
2224
1618
1233
-109
-1024
-2723
-4433
-6956
-10078
-11551
-12254
-11424
-10836
-9054
-6133
-2838
301
2440
4172
5243
5193
4022
2196
611
-967
-2900
-4410
-4798
-4713
-4250
-3872
-3235
-2657
-1840
-1469
-1626
-1536
-1065
-265
428
1356
2471
3571
4347
4380
4135
3613
2586
852
-1186
-2578
-3543
-4101
-4318
-3898
-2892
-1632
-389
700
1599
2403
2529
2273
2011
2034
1898
1654
1605
1742
2125
2144
1839
1242
701
-142
-1145
-2170
-2733
-3024
-2912
-2572
-1842
-683
72
1016
1302
1786
2032
1924
1596
1065
834
607
394
332
274
347
363
256
153
59
-19
-117
-240
-14
329
767
1116
1505
2028
2321
2543
2534
2496
2383
2212
1856
1587
1407
1147
926
852
949
972
1049
942
934
1125
1346
1548
1412
1414
1489
1757
1805
2005
2208
2667
2950
3021
3088
3231
3690
3227
2937
2624
2368
1414
-479
-2052
-3979
-5494
-7856
-10762
-12089
-12210
-10817
-9661
-7774
-4776
-1611
1012
2687
3881
4611
4162
2724
1007
-488
-1322
-2723
-3836
-4303
-4030
-3612
-3623
-3474
-3352
-2960
-2503
-2534
-2030
-854
466
1523
2578
3998
4972
5142
4593
3704
2477
1047
-722
-2271
-3435
-3975
-3918
-3458
-2559
-1652
-719
70
699
1100
1328
1492
1532
1476
1927
2419
2798
2949
3032
2995
2505
1710
530
-637
-1778
-2561
-3064
-3173
-2821
-2182
-1227
-271
391
876
1077
1346
1278
926
752
582
725
727
854
961
1035
1008
665
280
-1
-327
-491
-639
-407
61
546
1081
1463
1878
2139
2102
1898
1642
1493
1434
1300
1358
1549
1827
1990
2003
2015
1878
1689
1281
870
678
591
600
627
903
1254
1697
1745
1848
1866
2007
1749
1820
1898
1964
2201
2256
2762
3321
3519
3213
2481
1838
1515
260
-1247
-3343
-4885
-6611
-8970
-10499
-10951
-9697
-8561
-7224
-5130
-2425
-41
1246
1976
2792
2719
1965
862
-62
-616
-1442
-2051
-2630
-2797
-2765
-3077
-3350
-3765
-3569
-3273
-2998
-2534
-1507
170
1602
2652
3593
4319
4494
3954
3058
2089
854
-338
-1506
-2060
-2420
-2408
-2085
-1765
-1421
-974
-553
-300
-335
79
550
1148
1503
2173
2816
3303
3181
2973
2820
2088
1096
7
-773
-1463
-1909
-2091
-2036
-1795
-1394
-788
-369
111
-52
-261
-240
-29
615
769
809
1048
1612
1919
1743
1354
1142
671
244
-284
-407
-256
-287
-109
177
777
1293
1305
1383
1273
1450
1581
1461
1485
1612
1996
2159
2225
2289
2262
2133
1624
1231
1026
851
575
372
557
955
1493
1696
1897
1943
1921
1824
1780
1623
1711
1925
2156
2423
2478
3042
3111
3045
2205
2156
1479
1383
-117
-1109
-2428
-4033
-5290
-8017
-9558
-11168
-10108
-9272
-7675
-6327
-3479
-1159
397
1090
1736
2390
1361
536
-373
-326
-819
-1557
-1913
-2153
-1999
-2411
-2885
-3490
-3743
-3551
-3292
-2836
-1830
-334
1238
2143
3074
3770
4107
3583
2424
1652
792
158
-743
-1348
-1384
-1453
-1254
-1325
-1187
-1035
-1062
-973
-942
-453
184
793
1161
1618
2401
3018
3109
2679
2332
1913
1437
439
-109
-627
-809
-1198
-1439
-1237
-1086
-746
-967
-1004
-1012
-689
-470
-484
-40
621
1340
1521
1635
1733
1875
1500
1029
665
558
421
-10
-23
8
341
293
277
291
431
722
755
996
1199
1657
1962
2220
2509
2630
2683
2329
2069
1731
1516
1155
832
857
940
938
819
863
959
1100
1075
1227
1298
1504
1609
1829
1909
2279
2306
2515
2522
2504
2620
2368
2392
2130
2214
1527
703
-229
-912
-2145
-3736
-5377
-7070
-8978
-10240
-9995
-8454
-6955
-5515
-3658
-1480
-14
378
827
869
667
-141
-322
-260
-375
-600
-977
-1251
-1847
-2290
-2934
-3453
-3919
-3772
-3038
-2202
-1265
-75
1326
2379
2658
2791
2839
2499
1697
952
646
505
241
-151
-408
-573
-725
-1039
-1339
-1641
-1660
-1463
-945
-410
283
1072
1659
1991
2120
2380
2396
2161
1766
1485
1236
959
548
234
-198
-632
-1070
-1302
-1286
-1265
-1221
-1088
-809
-786
-486
-294
401
629
852
1050
1230
1562
1347
1457
1224
1233
979
747
625
361
283
26
52
-33
69
266
422
759
902
1337
1576
1786
1992
2178
2449
2453
2386
2210
2100
1800
1416
1045
872
826
702
687
755
956
1070
1132
1234
1585
1652
1721
1435
1515
1803
1775
2049
1772
2434
2563
2672
2313
1862
1958
1511
904
-200
-992
-1571
-2579
-3980
-5752
-7389
-8669
-9116
-8444
-7242
-5961
-4829
-3296
-2021
-847
-358
-35
-97
-220
-34
-10
130
5
-69
-578
-1188
-1803
-2342
-2874
-3301
-3257
-3086
-2277
-1485
-434
194
873
1423
1673
1788
1613
1578
1378
1244
1036
966
879
643
19
-391
-726
-883
-1335
-1536
-1465
-1084
-493
-39
633
861
1208
1233
1491
1701
1691
1793
1481
1621
1326
1379
1101
528
60
-673
-781
-1186
-1240
-1162
-1178
-602
-929
-731
-1039
-631
10
63
564
526
1384
1618
1917
1827
1677
1598
1214
973
544
563
462
347
155
83
277
326
425
508
713
1158
1361
1791
2031
2441
2597
2463
2387
2025
1820
1470
1278
1070
980
996
1043
989
925
1041
1216
1336
1166
1055
959
1272
1497
1895
2048
2131
2259
2535
2652
2591
2156
1862
1737
1245
878
-207
-830
-1720
-2351
-3243
-4390
-5926
-7561
-8640
-8437
-7303
-6129
-4969
-4033
-2741
-2210
-1541
-1208
-779
-800
-844
-468
-138
217
203
91
-527
-1261
-1820
-2102
-2275
-2340
-2270
-1768
-1265
-701
-130
265
680
527
645
744
923
1046
1038
1215
1116
999
820
535
43
-414
-761
-785
-876
-735
-533
-228
122
248
475
570
739
762
855
1049
1280
1422
1662
1555
1405
920
685
442
145
-64
-385
-440
-427
-688
-893
-1365
-1361
-1033
-928
-157
-139
415
590
869
1277
1165
1518
1467
1540
1445
1267
1344
1131
956
828
404
444
196
322
445
567
811
917
1261
1484
1773
1847
1988
2013
2078
2053
1959
1669
1463
1277
1108
1027
1062
1142
1129
1108
1079
1174
1086
1029
1140
1186
1497
1516
1629
1616
1540
1943
2004
2376
2073
1812
1713
1120
1135
111
-245
-1056
-2056
-2776
-3694
-4330
-5858
-7158
-7616
-6866
-6127
-5116
-4494
-3295
-3078
-2830
-2849
-2471
-1741
-1472
-701
-650
-188
-210
153
75
-319
-952
-1362
-1479
-1513
-1436
-1018
-431
-215
-96
-379
23
-89
73
21
229
599
644
868
854
893
701
463
197
-61
-252
-157
-53
136
66
167
130
149
149
93
340
343
683
828
1121
1277
1293
1326
1170
996
615
424
334
361
290
219
122
-88
-487
-698
-781
-803
-713
-554
-162
39
240
324
355
517
677
949
1163
1343
1494
1483
1464
1391
1152
1054
953
906
818
739
854
907
945
1004
1115
1227
1331
1371
1437
1504
1547
1542
1505
1451
1329
1107
945
923
959
998
1007
1065
1053
973
795
631
526
576
681
860
1069
1253
1387
1346
1345
1229
1129
923
663
436
193
122
-14
-92
-402
-896
-1485
-2195
-3098
-4009
-4768
-4726
-4484
-3977
-3591
-3239
-2928
-3136
-3386
-3647
-3591
-3255
-2764
-2089
-1465
-1028
-791
-890
-1162
-1360
-1424
-1135
-764
-362
8
225
460
489
296
130
9
35
117
187
390
444
528
469
424
317
161
62
-42
21
152
190
262
259
349
347
327
364
286
260
285
382
463
505
565
567
561
586
592
549
522
509
521
456
439
468
449
506
480
488
377
235
133
54
17
29
28
97
176
334
398
405
309
213
204
202
345
337
397
452
486
589
568
587
586
601
717
815
950
1007
1031
1058
1049
1047
1021
1008
1006
1018
1041
993
959
879
824
761
707
684
630
622
645
685
714
690
587
498
460
498
572
595
606
621
679
765
852
878
922
842
779
719
692
663
565
492
272
89
-223
-425
-681
-859
-998
-1254
-1499
-1784
-1976
-2095
-2248
-2352
-2563
-2758
-2824
-2874
-2796
-2813
-2780
-2850
-2881
-2824
-2703
-2566
-2453
-2318
-2148
-1932
-1677
-1419
-1199
-1009
-836
-619
-461
-238
-52
87
241
362
498
606
678
815
862
960
1044
1048
1074
1049
1083
1068
993
919
743
647
603
573
588
469
439
337
400
433
416
399
332
354
367
436
463
313
266
205
226
261
221
228
78
159
222
290
336
284
303
253
298
373
304
311
246
272
299
344
386
329
375
395
454
468
455
483
464
552
644
668
735
751
825
852
858
845
758
776
799
859
877
843
840
843
874
893
821
736
638
649
730
757
793
702
727
752
847
872
859
852
843
931
1011
1035
942
790
675
624
483
319
-26
-340
-609
-724
-788
-1041
-1361
-1704
-1910
-2027
-2142
-2270
-2524
-2754
-2832
-2847
-2748
-2786
-2860
-2982
-3031
-2875
-2732
-2552
-2477
-2355
-2190
-1937
-1650
-1448
-1268
-1094
-885
-645
-405
-161
2
144
321
452
582
676
770
865
969
1115
1210
1220
1229
1206
1184
1125
1038
912
788
719
674
628
589
509
444
423
447
439
394
367
337
354
397
465
436
380
317
313
236
241
239
233
237
214
271
250
279
297
265
267
242
266
291
304
371
322
316
246
237
218
201
264
219
278
302
347
420
420
512
513
555
625
663
759
791
816
821
806
830
828
867
893
929
959
922
910
855
838
793
789
787
758
718
702
714
735
765
738
744
673
691
673
768
857
926
881
709
591
521
513
433
259
-121
-430
-736
-759
-891
-1032
-1386
-1738
-1995
-2059
-2048
-2138
-2357
-2644
-2779
-2781
-2634
-2620
-2629
-2811
-2838
-2839
-2681
-2581
-2489
-2465
-2349
-2145
-1861
-1621
-1415
-1238
-1059
-825
-636
-391
-256
-82
65
249
419
534
639
734
854
961
1033
1058
1047
1020
1017
994
934
829
727
633
600
572
561
518
455
446
444
452
447
388
344
297
268
315
304
354
283
246
237
229
270
260
270
260
255
315
333
370
385
384
376
370
416
402
422
407
416
457
428
451
428
435
481
487
512
514
550
595
636
707
747
786
824
873
916
927
931
932
942
999
1028
1008
983
941
969
979
969
934
903
880
878
874
877
820
794
785
810
820
836
849
831
835
845
857
859
822
691
607
497
442
228
58
-199
-504
-737
-953
-992
-1233
-1384
-1671
-1887
-2035
-2101
-2195
-2302
-2498
-2580
-2659
-2558
-2501
-2511
-2580
-2696
-2638
-2640
-2436
-2374
-2236
-2134
-1938
-1682
-1446
-1238
-1058
-969
-787
-608
-373
-174
-43
122
265
435
568
678
740
789
846
925
973
1004
1010
984
941
889
849
732
600
547
521
532
540
532
485
402
400
396
349
283
212
161
141
225
283
268
213
151
131
122
158
165
108
130
182
246
299
323
299
230
221
262
277
280
301
308
338
379
413
372
347
349
359
395
441
452
479
516
580
643
640
656
628
648
690
728
730
737
743
763
784
813
787
731
683
684
709
698
732
675
643
633
642
668
662
663
649
638
737
771
781
760
728
731
736
745
676
575
518
381
272
146
-76
-307
-603
-806
-1000
-1104
-1187
-1401
-1601
-1758
-1951
-2025
-2135
-2139
-2306
-2350
-2321
-2379
-2289
-2308
-2331
-2454
-2510
-2409
-2363
-2223
-2018
-1890
-1684
-1528
-1253
-1149
-991
-803
-682
-470
-300
-70
37
134
318
367
455
547
569
637
670
773
804
797
814
752
711
658
605
543
467
486
471
496
490
436
387
285
244
194
168
162
148
200
198
211
219
177
179
168
183
201
208
264
298
364
397
418
382
347
370
398
451
496
494
495
494
510
532
525
510
493
487
529
561
597
601
592
607
624
691
726
755
754
752
795
822
834
850
847
857
849
861
871
838
807
765
735
747
795
829
809
771
709
707
712
734
751
742
749
720
758
850
876
849
684
582
495
492
470
314
79
-151
-291
-471
-725
-915
-1156
-1359
-1440
-1497
-1556
-1812
-1981
-2120
-2147
-2209
-2199
-2307
-2442
-2436
-2347
-2310
-2322
-2368
-2406
-2384
-2210
-1936
-1794
-1648
-1510
-1324
-1125
-849
-669
-563
-445
-260
-59
126
296
383
411
504
617
709
748
770
754
773
851
881
856
814
775
705
672
672
614
511
436
385
374
347
323
206
95
79
82
92
93
64
7
5
58
116
130
143
115
127
187
267
279
271
271
273
304
369
402
415
422
461
495
515
536
509
506
519
553
581
582
597
602
624
660
676
683
675
708
743
781
804
771
764
779
818
868
870
839
782
782
812
829
784
756
703
708
720
773
765
714
690
664
678
666
656
646
643
676
730
676
648
543
546
453
355
239
125
6
-133
-298
-446
-663
-847
-1077
-1234
-1340
-1545
-1627
-1819
-1826
-1953
-2047
-2098
-2260
-2296
-2389
-2393
-2348
-2417
-2358
-2419
-2346
-2255
-2193
-2039
-2023
-1824
-1663
-1429
-1175
-1030
-812
-706
-538
-336
-197
-23
18
94
228
338
496
551
606
616
632
714
729
790
814
788
763
728
751
697
622
585
504
466
418
404
394
361
333
271
248
232
217
199
189
212
243
285
331
334
349
329
328
337
357
386
400
431
483
505
546
538
515
510
496
496
505
530
549
551
555
565
551
550
534
539
558
580
603
634
646
671
654
654
650
653
649
648
681
692
707
683
660
630
623
615
619
618
634
605
604
585
586
587
563
533
453
392
434
463
542
595
551
494
425
468
491
452
387
233
134
103
55
-46
-273
-494
-828
-1008
-1080
-1147
-1261
-1416
-1504
-1682
-1829
-1863
-2003
-2173
-2220
-2273
-2296
-2309
-2178
-2205
-2278
-2268
-2260
-2289
-2210
-1976
-1806
-1657
-1399
-1202
-1104
-915
-731
-590
-519
-289
-162
-59
95
274
346
379
484
517
544
644
713
736
804
886
871
829
836
787
699
646
620
568
516
502
472
426
422
358
306
264
282
293
306
341
347
348
372
369
381
379
374
367
390
435
455
492
512
545
564
566
590
580
581
593
573
593
611
620
614
620
630
611
595
591
604
603
635
657
669
687
700
727
708
695
670
662
639
638
651
674
693
641
579
566
582
619
642
636
601
561
575
583
568
513
464
397
382
438
495
500
477
432
414
402
421
460
436
382
314
184
133
35
-66
-234
-481
-606
-799
-902
-1016
-1114
-1283
-1499
-1613
-1696
-1834
-1905
-2022
-2077
-2197
-2198
-2178
-2254
-2200
-2243
-2229
-2242
-2136
-2022
-1986
-1833
-1632
-1531
-1354
-1224
-1045
-943
-768
-573
-490
-333
-204
-91
-13
101
211
260
312
407
427
513
575
614
625
639
690
656
642
579
490
454
424
421
388
312
295
221
244
238
241
218
201
202
140
219
219
264
258
199
274
253
294
327
295
344
326
355
377
386
404
412
430
450
486
508
515
529
515
504
489
469
469
484
478
483
516
540
550
568
586
604
615
639
640
645
646
654
669
696
737
727
699
667
649
684
712
721
691
656
635
634
655
644
602
569
554
569
584
586
543
487
468
464
508
499
508
454
409
385
334
261
144
-11
-155
-339
-451
-548
-713
-855
-1048
-1201
-1376
-1471
-1584
-1697
-1845
-1910
-1971
-1992
-2005
-2010
-2095
-2123
-2165
-2141
-2095
-2077
-1996
-1966
-1845
-1717
-1552
-1437
-1359
-1232
-1056
-895
-697
-541
-387
-320
-143
-11
62
134
226
326
375
517
595
581
641
685
742
712
711
682
611
639
685
641
587
538
461
407
418
421
341
278
283
289
292
339
320
245
207
241
244
254
285
269
249
275
346
328
303
300
297
331
391
454
451
454
481
485
494
492
463
439
454
522
543
546
523
515
504
541
568
582
586
591
614
669
723
727
696
669
685
689
720
731
722
709
698
695
659
640
640
616
610
597
585
559
546
571
551
541
504
461
440
448
510
528
544
502
449
448
479
540
498
403
288
108
43
-29
-95
-273
-481
-609
-766
-847
-930
-1081
-1247
-1430
-1468
-1512
-1576
-1621
-1751
-1819
-1879
-1858
-1883
-1920
-1971
-1955
-1922
-1836
-1782
-1717
-1713
-1632
-1496
-1317
-1150
-1030
-876
-768
-612
-452
-321
-233
-132
-68
81
167
273
317
381
442
480
560
575
586
585
594
611
598
623
586
511
493
469
446
419
382
302
266
317
362
343
328
295
235
244
321
342
272
255
264
265
331
372
352
293
331
385
400
455
460
422
430
474
516
491
481
476
465
489
519
496
457
464
464
473
486
487
473
485
535
577
601
603
581
573
570
607
627
635
635
619
600
595
587
564
514
484
468
485
496
500
463
420
380
337
322
319
321
323
333
317
293
275
291
306
305
320
281
267
252
252
201
114
45
-121
-260
-361
-459
-551
-636
-742
-921
-1087
-1152
-1264
-1365
-1466
-1557
-1674
-1751
-1711
-1766
-1832
-1885
-1956
-2003
-2004
-1926
-1942
-1939
-1840
-1740
-1661
-1575
-1452
-1379
-1269
-1059
-874
-735
-593
-442
-348
-263
-98
-3
32
103
213
292
306
409
440
430
474
525
520
510
559
544
520
544
541
456
404
409
354
282
335
345
319
292
312
276
243
298
289
253
272
307
327
363
430
431
395
404
418
447
484
544
552
560
612
617
608
609
600
585
585
618
631
612
615
617
618
617
633
624
641
673
706
730
756
771
761
748
754
769
781
826
869
887
858
824
815
805
825
809
798
781
770
823
833
833
781
691
632
585
612
630
649
600
542
509
491
503
472
427
385
313
327
273
214
102
-73
-168
-349
-410
-556
-642
-772
-939
-1066
-1178
-1236
-1304
-1427
-1540
-1698
-1788
-1790
-1823
-1806
-1948
-1956
-2051
-2015
-1949
-1893
-1886
-1899
-1861
-1728
-1648
-1482
-1377
-1306
-1180
-1089
-902
-839
-678
-591
-467
-337
-227
-182
-135
-82
31
51
154
191
187
207
239
326
292
321
299
231
234
260
287
257
188
155
60
65
118
124
88
30
-5
-42
-8
44
22
8
31
80
80
117
129
89
97
141
171
184
202
238
247
285
321
281
258
265
307
343
384
383
363
366
417
450
457
470
468
473
512
576
604
614
627
655
660
688
710
701
705
724
772
799
806
797
757
754
778
785
774
747
738
748
781
796
729
639
557
528
544
592
599
521
496
469
490
506
513
471
409
445
535
604
588
459
280
149
116
131
65
-44
-215
-340
-402
-470
-569
-721
-916
-1067
-1121
-1081
-1070
-1175
-1284
-1381
-1485
-1506
-1514
-1522
-1608
-1591
-1501
-1486
-1448
-1421
-1449
-1457
-1350
-1205
-1143
-1046
-873
-781
-669
-514
-398
-409
-339
-220
-173
-82
47
89
102
158
257
247
235
286
263
279
346
404
389
369
357
321
290
310
262
216
200
227
236
236
249
201
184
202
240
259
256
257
262
277
341
343
332
297
307
337
346
380
368
359
377
409
442
440
445
418
392
420
410
404
386
389
409
421
453
440
427
445
463
502
518
525
524
521
561
562
557
542
532
556
565
594
586
580
583
564
569
540
515
522
514
547
519
464
389
330
344
353
371
353
305
297
309
344
342
299
267
240
289
333
305
176
-8
-114
-145
-177
-240
-390
-545
-680
-724
-765
-833
-1005
-1208
-1316
-1367
-1297
-1283
-1352
-1491
-1616
-1638
-1585
-1595
-1576
-1641
-1648
-1623
-1521
-1416
-1383
-1380
-1331
-1229
-1108
-947
-832
-747
-684
-539
-454
-332
-258
-176
-158
-96
5
56
92
160
212
240
270
294
288
265
333
333
317
310
310
293
268
285
286
196
175
197
198
223
249
241
193
190
223
211
217
240
223
197
242
282
256
256
272
266
273
309
327
306
321
343
323
326
334
317
289
300
317
289
280
282
284
304
329
338
325
339
380
420
441
454
459
440
450
469
494
524
535
533
539
544
551
554
558
583
588
609
628
623
591
549
514
492
469
443
420
410
413
412
407
358
327
298
298
298
288
294
326
360
389
335
194
2
-150
-187
-156
-187
-309
-456
-571
-587
-640
-711
-845
-1054
-1112
-1102
-1010
-979
-1047
-1163
-1299
-1322
-1285
-1332
-1347
-1360
-1296
-1216
-1104
-1003
-1059
-1050
-1006
-868
-780
-665
-547
-482
-356
-180
-106
-86
-99
-29
22
113
260
264
310
361
455
490
502
497
406
381
450
505
533
536
522
473
452
461
415
369
347
369
396
453
484
465
437
416
406
405
381
380
366
398
436
446
420
362
315
274
278
277
265
257
259
271
292
261
229
173
133
110
122
128
132
130
136
147
161
160
143
142
159
197
237
272
296
312
328
342
343
349
358
369
376
374
376
360
371
363
365
329
263
221
217
234
238
220
173
98
74
92
102
99
31
-31
-69
-36
-9
-3
-29
-63
-102
-95
-96
-112
-179
-281
-383
-491
-508
-560
-605
-688
-737
-836
-919
-1027
-1110
-1178
-1207
-1200
-1256
-1260
-1276
-1298
-1309
-1277
-1314
-1395
-1449
-1359
-1307
-1215
-1112
-1075
-1090
-1067
-960
-875
-775
-657
-591
-533
-417
-280
-191
-138
-57
-49
7
72
147
199
237
296
304
314
365
382
335
351
371
392
385
413
414
408
432
440
408
386
382
400
415
451
459
439
457
485
537
547
560
534
540
575
614
637
640
645
649
655
676
667
646
625
625
642
637
630
606
595
596
601
588
566
538
533
553
595
619
610
598
581
585
600
609
597
588
589
610
625
637
612
557
504
500
510
519
508
490
460
448
453
429
384
313
264
222
211
215
200
168
106
53
8
-7
-2
0
-8
-38
-79
-92
-76
-62
-107
-262
-434
-554
-563
-568
-568
-633
-771
-885
-958
-959
-998
-1092
-1186
-1267
-1275
-1217
-1169
-1173
-1263
-1304
-1367
-1360
-1347
-1322
-1274
-1213
-1100
-1020
-979
-963
-941
-860
-744
-641
-555
-507
-406
-303
-163
-78
-52
-38
-42
10
111
184
219
216
244
277
301
328
270
202
191
226
270
279
283
256
241
289
296
280
234
223
258
336
413
417
387
370
382
417
449
450
414
406
458
502
544
525
489
458
465
492
500
482
457
437
452
464
443
394
333
308
295
305
294
251
236
223
245
259
260
233
193
190
205
221
217
178
169
204
261
273
229
167
124
134
181
194
168
142
142
176
186
161
81
24
20
49
90
83
43
19
37
72
71
18
-38
-62
-12
29
45
-6
-50
-61
-43
-21
-54
-169
-268
-312
-309
-316
-392
-480
-598
-617
-625
-614
-693
-825
-923
-927
-871
-830
-850
-910
-968
-991
-946
-957
-969
-1002
-971
-909
-817
-730
-715
-724
-682
-587
-499
-459
-388
-324
-247
-107
3
47
30
46
74
126
197
232
228
243
282
336
341
351
343
299
331
376
398
389
391
384
386
395
418
384
337
347
366
385
395
410
392
388
413
431
414
399
396
392
417
452
439
399
376
383
396
396
381
340
307
315
335
332
317
288
261
263
283
296
274
259
263
283
305
318
316
294
295
314
338
331
335
327
350
401
430
414
354
329
345
380
395
360
291
238
247
293
289
264
189
142
148
180
192
153
98
70
76
118
116
55
0
-27
7
9
8
-76
-169
-184
-153
-127
-163
-266
-375
-442
-426
-424
-485
-571
-662
-711
-678
-637
-692
-825
-918
-914
-888
-853
-853
-931
-996
-955
-884
-829
-853
-869
-901
-842
-725
-633
-610
-603
-539
-459
-356
-266
-230
-205
-165
-97
-30
12
60
58
105
176
214
214
194
193
215
262
320
318
297
291
316
346
351
333
296
282
304
360
380
357
309
282
302
326
341
328
302
312
349
401
401
368
328
309
318
343
348
313
280
273
288
303
290
253
223
203
214
220
209
183
173
184
203
201
178
156
155
175
184
186
172
163
167
206
237
221
193
169
173
198
222
225
203
183
191
202
217
201
165
123
100
107
123
133
114
86
41
26
19
-4
-16
-36
-50
-62
-49
-27
-40
-69
-120
-169
-188
-199
-216
-239
-262
-250
-255
-260
-328
-460
-563
-585
-534
-544
-575
-660
-732
-735
-690
-689
-800
-935
-995
-986
-882
-800
-819
-900
-950
-900
-853
-793
-782
-822
-819
-724
-587
-524
-511
-499
-509
-463
-359
-285
-268
-251
-171
-123
-64
-8
-25
-42
-8
70
90
105
115
122
147
230
250
210
175
170
200
245
297
270
236
251
294
324
342
329
298
294
356
393
417
411
405
409
441
494
474
448
439
446
476
491
492
451
437
453
462
473
453
428
408
428
459
451
435
402
405
418
434
452
436
417
432
452
454
443
424
419
420
457
482
490
474
437
431
426
425
434
406
391
385
384
389
349
294
231
218
233
243
217
179
127
116
135
145
95
28
-7
-17
26
54
28
-75
-138
-151
-129
-98
-99
-140
-202
-246
-246
-287
-315
-379
-436
-457
-462
-464
-526
-569
-621
-676
-712
-743
-777
-805
-789
-743
-756
-772
-818
-836
-826
-776
-720
-731
-709
-680
-634
-565
-502
-473
-481
-452
-373
-338
-274
-216
-163
-123
-72
-13
-27
-5
45
78
94
103
98
113
145
212
197
164
147
134
152
181
204
153
126
140
165
193
185
144
81
65
120
150
164
150
111
96
119
169
165
145
106
103
111
142
144
122
103
94
105
100
92
72
63
60
84
102
111
98
104
110
133
152
155
154
170
187
214
223
215
213
211
241
246
255
261
256
250
261
276
277
275
288
300
313
332
325
314
301
308
318
333
346
340
341
338
315
303
290
290
283
280
285
272
250
222
192
154
143
136
129
113
89
56
34
24
15
-30
-87
-137
-186
-210
-229
-251
-296
-346
-390
-431
-483
-497
-512
-539
-547
-574
-599
-619
-594
-569
-582
-589
-604
-634
-608
-567
-529
-537
-535
-518
-514
-449
-380
-352
-362
-353
-334
-299
-226
-154
-158
-161
-126
-91
-57
-22
-8
-39
-31
12
60
72
76
82
64
78
104
96
82
92
115
134
152
161
130
116
150
156
163
171
172
148
158
194
196
184
184
186
174
185
197
201
202
213
221
227
225
222
213
199
211
224
237
244
254
254
257
267
261
252
266
288
299
313
325
318
299
310
318
312
313
308
307
301
311
314
301
292
290
277
278
280
270
258
245
232
203
171
160
148
133
130
108
66
21
-4
-9
-19
-37
-65
-110
-119
-121
-121
-143
-181
-216
-248
-239
-231
-256
-301
-359
-394
-394
-374
-360
-391
-439
-480
-512
-527
-552
-583
-617
-621
-594
-581
-596
-621
-652
-671
-631
-607
-608
-632
-627
-592
-551
-524
-547
-585
-578
-502
-418
-380
-376
-390
-371
-305
-225
-202
-233
-223
-185
-112
-51
-30
-58
-72
-24
50
99
119
85
46
71
137
178
196
207
199
220
260
291
275
249
250
269
304
344
339
330
325
338
350
354
335
318
346
382
401
405
391
365
352
363
376
360
346
335
355
372
385
365
327
331
343
374
394
391
391
393
407
424
417
408
394
397
425
450
445
416
402
412
427
428
403
368
338
340
360
350
325
278
240
218
213
191
148
102
65
42
21
-3
-47
-98
-127
-150
-153
-182
-224
-259
-268
-256
-266
-287
-323
-355
-346
-335
-349
-378
-416
-431
-423
-380
-374
-407
-440
-444
-407
-358
-331
-367
-419
-414
-367
-326
-295
-309
-353
-367
-315
-257
-251
-265
-288
-321
-290
-253
-238
-243
-235
-215
-217
-178
-167
-178
-170
-138
-103
-90
-86
-103
-121
-90
-67
-74
-78
-76
-70
-46
-3
-6
-30
-47
-24
16
73
82
67
52
81
117
156
169
146
136
155
192
236
250
245
237
234
278
286
303
299
301
312
334
348
348
352
348
345
351
344
326
311
298
301
289
267
223
184
168
159
149
129
99
74
62
64
61
39
4
-9
-5
18
38
46
48
52
68
90
102
109
119
143
187
218
238
233
235
247
262
274
275
272
265
269
263
246
214
172
146
134
130
128
94
62
40
25
11
-22
-70
-129
-153
-158
-157
-170
-200
-236
-261
-279
-295
-313
-340
-353
-357
-340
-325
-329
-357
-386
-402
-396
-378
-357
-343
-334
-293
-243
-199
-172
-173
-178
-164
-122
-70
-41
-25
-19
-30
-44
-51
-92
-148
-206
-255
-282
-312
-345
-401
-451
-482
-518
-544
-566
-603
-622
-616
-584
-572
-563
-548
-543
-522
-497
-473
-478
-465
-427
-378
-339
-297
-260
-245
-214
-187
-175
-171
-160
-133
-105
-77
-45
-47
-49
-54
-38
-24
-10
11
22
53
80
109
128
132
144
165
201
243
275
305
329
354
381
414
437
466
500
539
584
623
660
680
700
727
755
784
810
819
829
832
836
836
830
810
774
747
718
673
626
575
521
466
409
340
267
198
143
83
34
-19
-70
-120
-159
-184
-199
-209
-206
-207
-208
-196
-184
-154
-133
-110
-94
-75
-64
-59
-47
-37
-25
-15
-16
-34
-40
-44
-47
-48
-63
-86
-107
-132
-162
-185
-204
-220
-248
-265
-273
-290
-294
-304
-296
-297
-277
-244
-218
-175
-122
-87
-53
-13
30
88
140
189
233
277
314
351
377
385
379
367
364
344
326
296
251
204
153
107
49
-23
-88
-157
-215
-280
-339
-411
-483
-548
-609
-659
-715
-775
-825
-851
-875
-887
-901
-917
-934
-925
-909
-890
-875
-862
-838
-807
-764
-718
-689
-651
-607
-545
-471
-393
-331
-273
-194
-123
-47
30
105
170
236
308
376
425
458
477
495
514
526
525
501
494
471
442
410
363
315
257
215
179
148
103
67
30
-5
-29
-62
-102
-128
-145
-153
-161
-171
-178
-195
-204
-205
-197
-197
-198
-188
-174
-143
-110
-96
-70
-47
-18
14
48
88
128
175
227
274
324
375
420
471
530
592
650
705
769
838
896
954
1003
1050
1093
1141
1185
1228
1263
1286
1300
1324
1347
1362
1362
1349
1329
1310
1294
1269
1227
1178
1126
1056
990
923
841
757
661
563
478
380
291
201
99
6
-95
-194
-283
-360
-434
-507
-562
-621
-677
-728
-764
-810
-852
-883
-903
-920
-931
-938
-949
-947
-949
-958
-958
-962
-965
-965
-963
-960
-957
-957
-958
-966
-967
-969
-981
-976
-972
-971
-976
-971
-955
-941
-923
-901
-888
-858
-834
-799
-753
-704
-653
-602
-529
-460
-394
-336
-285
-240
-194
-138
-82
-34
12
52
94
132
169
206
234
274
316
351
387
417
438
457
473
492
494
498
493
494
494
486
469
444
413
378
343
300
257
206
154
108
59
1
-66
-131
-189
-247
-297
-339
-381
-423
-445
-472
-500
-512
-529
-542
-549
-547
-538
-519
-497
-478
-454
-432
-406
-387
-352
-323
-294
-263
-226
-196
-168
-123
-85
-51
-14
31
79
124
177
226
256
302
351
402
443
482
517
549
584
612
642
656
667
670
677
691
698
696
691
685
671
668
668
656
639
621
599
583
567
552
517
496
477
451
436
403
369
329
306
289
270
238
212
187
171
155
137
112
89
80
75
81
83
87
86
89
97
99
90
74
57
62
71
70
68
59
48
43
36
13
-4
-20
-35
-34
-31
-38
-51
-77
-92
-101
-115
-134
-149
-158
-174
-178
-181
-189
-205
-208
-207
-213
-211
-209
-200
-193
-181
-173
-169
-161
-148
-143
-136
-130
-120
-107
-99
-93
-97
-100
-103
-117
-126
-141
-153
-167
-169
-178
-194
-193
-210
-213
-221
-217
-213
-208
-183
-157
-123
-85
-50
-4
43
95
154
212
280
342
399
455
492
512
505
488
449
374
280
177
61
-67
-194
-329
-468
-592
-689
-769
-834
-867
-883
-890
-881
-869
-855
-834
-816
-790
-758
-716
-679
-651
-626
-606
-574
-546
-514
-489
-459
-422
-374
-313
-257
-208
-164
-128
-76
-27
30
84
125
167
207
245
276
293
295
294
296
291
295
293
280
276
266
260
248
236
238
235
241
255
276
293
308
332
344
359
372
382
391
394
407
415
422
420
417
406
403
397
393
393
400
412
416
425
430
431
437
442
448
457
464
459
457
448
438
420
394
370
337
320
301
279
252
227
198
168
144
118
89
62
43
25
3
-18
-45
-67
-88
-110
-124
-150
-166
-174
-187
-201
-222
-240
-257
-282
-292
-298
-308
-316
-322
-318
-320
-328
-330
-338
-340
-341
-341
-330
-326
-321
-316
-314
-317
-320
-327
-327
-321
-315
-312
-308
-304
-303
-289
-281
-271
-265
-256
-254
-245
-229
-213
-207
-198
-189
-186
-170
-157
-143
-137
-127
-116
-110
-98
-86
-76
-70
-60
-51
-47
-40
-31
-31
-32
-19
-17
-15
-14
-6
-7
-9
-5
-4
-7
-7
0
0
11
12
13
15
13
22
29
39
48
65
84
102
119
133
147
166
179
187
210
229
229
234
234
227
220
212
202
181
170
153
133
111
93
72
54
38
26
18
10
8
6
5
6
3
-1
-1
-1
7
8
15
15
13
4
5
1
0
-3
-4
0
1
5
5
2
5
12
18
27
37
48
57
77
87
92
97
101
100
101
110
109
109
113
111
112
115
113
111
104
100
98
90
94
97
94
91
85
76
74
69
58
45
43
37
31
25
18
18
9
3
-13
-8
-12
-16
-12
-15
-18
-20
-28
-28
-34
-35
-42
-45
-38
-45
-47
-48
-50
-59
-54
-62
-68
-71
-73
-70
-74
-75
-79
-86
-95
-97
-101
-100
-110
-116
-120
-122
-123
-130
-129
-130
-138
-138
-140
-135
-135
-135
-130
-130
-127
-132
-136
-131
-132
-137
-143
-140
-137
-137
-131
-129
-127
-127
-135
-131
-128
-122
-112
-108
-99
-96
-86
-76
-65
-63
-59
-54
-46
-30
-16
-4
1
4
9
12
16
9
6
15
16
23
25
32
39
45
54
57
68
83
94
110
127
132
132
138
139
139
143
141
134
130
128
135
137
131
125
118
115
116
114
111
103
98
99
102
110
113
122
132
144
162
180
196
214
231
246
247
244
236
214
199
179
149
120
87
59
31
6
-19
-42
-54
-65
-72
-79
-85
-87
-93
-101
-106
-112
-112
-120
-117
-111
-99
-93
-82
-70
-59
-50
-36
-19
-20
-4
12
32
43
56
66
73
90
107
111
111
105
97
83
69
58
43
30
18
10
1
-10
-16
-27
-33
-35
-41
-48
-51
-52
-49
-49
-46
-50
-60
-48
-38
-33
-26
-23
-18
-13
-2
5
6
3
1
0
-7
-11
-20
-39
-51
-66
-76
-79
-92
-98
-106
-113
-123
-133
-137
-140
-146
-146
-140
-145
-143
-145
-149
-147
-151
-151
-149
-148
-144
-139
-141
-140
-137
-135
-129
-123
-118
-115
-106
-101
-96
-88
-84
-76
-67
-58
-53
-46
-35
-32
-23
-25
-25
-22
-17
-11
-5
-4
-2
5
14
23
32
44
50
61
73
79
84
86
92
96
93
97
99
94
95
89
80
70
62
52
50
43
30
26
22
20
14
17
19
20
18
25
31
31
31
36
42
37
39
44
44
46
48
51
49
56
60
64
66
67
72
78
81
79
80
81
76
75
72
65
63
65
61
59
55
50
55
54
54
55
55
48
48
51
49
56
49
46
46
47
42
38
31
27
19
15
12
4
-2
-3
-9
-16
-16
-25
-31
-34
-39
-46
-48
-56
-55
-60
-65
-70
-75
-78
-85
-89
-91
-97
-93
-91
-96
-94
-97
-100
-100
-101
-97
-100
-94
-88
-92
-85
-88
-88
-83
-74
-72
-78
-73
-65
-60
-53
-47
-45
-44
-42
-35
-33
-26
-25
-23
-11
-2
1
7
8
14
19
27
35
40
47
51
64
64
69
85
93
100
107
110
109
114
116
116
118
115
107
101
93
89
87
88
79
77
71
70
62
58
54
46
44
39
37
27
24
23
19
17
23
24
27
35
46
51
55
66
64
60
58
45
33
27
25
14
4
-5
-8
-19
-28
-34
-36
-36
-45
-46
-51
-49
-55
-56
-60
-64
-69
-73
-71
-71
-69
-67
-65
-65
-62
-56
-53
-58
-52
-44
-44
-44
-38
-36
-37
-35
-36
-40
-39
-38
-34
-30
-32
-31
-29
-20
-18
-14
-9
2
8
16
26
37
38
43
54
53
55
54
55
50
44
38
32
21
14
3
-1
-11
-18
-16
-29
-31
-32
-33
-38
-44
-47
-53
-52
-55
-53
-56
-59
-58
-65
-68
-68
-68
-72
-74
-80
-77
-78
-80
-76
-79
-74
-76
-71
-74
-72
-69
-70
-70
-72
-62
-61
-61
-55
-53
-55
-53
-48
-52
-43
-37
-36
-33
-33
-22
-18
-11
-7
-5
-1
2
9
17
19
19
29
31
33
34
36
44
40
47
50
46
50
51
45
46
46
40
41
45
41
40
44
46
46
52
52
54
57
64
65
70
68
70
69
69
75
70
75
73
72
69
68
64
62
62
58
58
54
52
48
48
48
49
43
37
33
30
21
19
18
14
6
-3
-3
-9
-13
-12
-11
-17
-13
-13
-8
-8
-4
2
-1
8
9
11
14
15
12
17
17
17
19
17
15
10
9
8
7
5
-2
-8
-8
-10
-15
-13
-14
-13
-14
-20
-21
-18
-14
-16
-8
-7
-3
-8
-6
-1
-4
1
4
11
6
3
2
-1
-3
-1
-8
-5
-14
-22
-24
-30
-37
-41
-42
-52
-57
-58
-63
-65
-70
-72
-66
-67
-67
-68
-63
-64
-57
-49
-52
-48
-38
-33
-30
-29
-18
-13
-9
-3
2
9
14
18
20
30
33
36
39
41
43
45
41
44
48
43
45
37
34
34
34
32
33
34
34
27
25
25
19
22
21
24
19
22
20
24
17
19
21
19
23
17
18
15
17
14
10
10
7
7
5
9
0
1
-1
-9
-12
-16
-19
-22
-24
-30
-30
-29
-34
-39
-37
-47
-54
-54
-62
-68
-74
-70
-77
-83
-82
-85
-81
-78
-76
-75
-72
-67
-66
-64
-55
-51
-44
-37
-31
-30
-29
-21
-20
-14
-15
-15
-7
-6
-1
-3
0
5
4
8
13
14
15
13
14
14
11
13
14
12
12
10
12
11
13
13
13
17
16
15
19
24
22
23
24
24
25
29
32
31
27
21
20
23
23
21
27
31
28
24
23
18
12
19
20
15
14
15
13
15
16
9
8
6
7
10
11
12
11
9
8
8
8
5
5
10
11
12
10
12
12
10
10
15
9
8
14
17
17
17
18
18
19
22
20
21
21
20
20
19
19
16
19
13
13
14
13
12
12
11
10
9
9
7
7
1
4
4
4
-2
-1
2
-4
-1
-7
-5
-9
-11
-17
-19
-16
-13
-12
-16
-13
-9
-8
4
9
12
17
19
23
24
31
27
28
23
18
13
4
-3
-11
-19
-26
-36
-39
-44
-50
-51
-59
-63
-67
-66
-63
-68
-71
-70
-72
-71
-71
-71
-63
-63
-65
-61
-59
-62
-61
-58
-60
-57
-56
-57
-46
-47
-45
-43
-42
-46
-41
-34
-34
-34
-34
-27
-31
-29
-30
-30
-22
-19
-17
-12
-16
-8
-3
-2
1
4
16
19
20
20
24
24
24
29
25
30
36
36
35
37
35
40
37
37
39
38
37
44
44
43
45
46
48
47
50
50
52
52
52
54
54
60
62
61
69
69
63
67
65
61
62
66
60
63
62
59
56
51
56
50
46
44
41
39
36
32
23
24
22
15
16
12
10
9
10
6
2
1
-3
-2
-1
-4
-7
-10
-15
-20
-18
-20
-20
-23
-21
-16
-22
-24
-23
-23
-26
-29
-27
-23
-21
-24
-23
-24
-25
-27
-27
-26
-26
-26
-24
-17
-21
-25
-25
-26
-23
-29
-32
-32
-36
-36
-34
-40
-43
-43
-41
-39
-40
-38
-40
-47
-46
-41
-46
-44
-39
-39
-38
-42
-36
-34
-32
-32
-25
-29
-30
-20
-20
-20
-20
-14
-9
-5
-3
2
3
8
9
11
11
17
15
14
18
18
19
15
23
25
22
19
19
23
18
18
19
18
20
18
16
19
19
15
14
20
18
13
16
15
14
13
11
12
15
18
20
22
24
23
22
24
26
26
26
23
28
26
27
28
29
30
29
33
30
32
28
29
32
31
34
29
33
29
29
23
22
27
21
20
26
25
27
27
28
28
27
27
23
26
19
18
19
19
22
21
18
20
20
19
25
18
17
14
13
15
15
15
15
14
15
15
12
9
2
3
0
-2
-2
-2
-1
-5
-12
-5
-8
-13
-18
-20
-18
-21
-26
-26
-26
-25
-27
-29
-30
-34
-33
-38
-41
-35
-37
-41
-40
-43
-46
-43
-42
-46
-46
-43
-43
-43
-39
-39
-37
-35
-36
-33
-34
-34
-30
-31
-31
-30
-30
-25
-22
-22
-21
-22
-25
-30
-29
-33
-33
-28
-33
-27
-24
-23
-19
-18
-16
-19
-22
-19
-14
-12
-8
-7
-1
0
3
6
7
7
11
19
22
23
27
29
26
30
36
38
38
42
46
47
42
38
40
41
33
30
32
29
24
24
21
15
10
7
4
-4
-6
-13
-17
-13
-17
-17
-26
-28
-24
-31
-31
-35
-36
-36
-37
-38
-37
-44
-42
-40
-38
-37
-36
-36
-32
-34
-33
-25
-25
-21
-14
-15
-14
-11
-13
-12
-7
-3
-4
-3
2
5
2
7
4
9
16
15
11
13
15
17
18
16
19
17
14
16
17
15
13
16
15
14
16
12
11
13
12
12
11
12
11
13
15
9
10
15
15
19
22
22
24
23
23
24
25
25
24
21
21
21
23
28
33
31
29
28
30
27
30
29
25
26
26
26
27
30
30
26
26
30
28
26
27
28
24
21
21
25
17
16
17
14
19
17
14
14
13
16
15
14
16
9
20
19
15
10
7
6
-1
0
-3
-5
-4
-5
-5
-7
-7
-9
-5
-10
-13
-15
-15
-20
-25
-20
-27
-26
-25
-28
-31
-33
-35
-37
-43
-44
-42
-40
-39
-43
-42
-43
-47
-47
-47
-46
-45
-46
-47
-46
-42
-42
-44
-42
-42
-40
-44
-44
-40
-41
-45
-45
-45
-42
-39
-38
-37
-36
-33
-33
-28
-29
-33
-26
-24
-29
-30
-25
-23
-24
-16
-19
-17
-14
-16
-13
-13
-9
-12
-14
-11
-8
-7
-7
-5
-5
-4
-7
-3
1
3
2
-4
4
5
7
11
9
11
11
12
8
12
12
11
13
18
21
16
19
16
18
21
22
22
24
25
19
24
20
25
23
26
30
29
31
34
39
32
36
38
39
42
43
47
47
54
54
56
54
58
62
57
58
62
63
63
64
60
57
60
65
61
63
60
62
56
57
52
51
50
48
48
46
36
35
38
37
33
28
25
21
15
12
11
10
7
2
4
-3
-3
-4
-4
-10
-9
-14
-18
-18
-13
-17
-22
-18
-10
-15
-15
-15
-18
-17
-18
-15
-15
-17
-22
-18
-19
-30
-34
-37
-40
-45
-48
-44
-56
-60
-61
-63
-65
-68
-70
-72
-69
-71
-68
-67
-63
-62
-63
-55
-53
-45
-39
-37
-30
-24
-19
-21
-15
-9
0
3
8
15
15
22
28
26
22
30
29
30
30
23
29
26
21
16
18
9
7
9
8
6
3
2
1
2
4
1
2
1
1
3
5
3
1
3
3
8
6
8
10
9
6
10
9
15
17
14
12
10
15
12
14
17
13
12
15
17
16
14
13
19
16
13
20
17
18
21
20
19
13
19
18
9
6
1
5
-3
7
3
4
3
0
-4
-4
-6
-4
-6
-11
-6
-11
-8
-12
-10
-11
-3
-1
1
-5
-4
-3
-3
-7
-6
-5
-1
-2
-2
0
4
7
6
11
9
7
10
9
6
9
12
9
6
9
4
4
3
4
5
10
10
10
6
7
6
6
3
6
2
0
-3
-2
3
-4
3
-3
-3
-7
-6
-6
-8
-8
-5
-7
-6
-9
-13
-9
-13
-16
-16
-14
-15
-16
-16
-17
-21
-19
-21
-20
-18
-24
-19
-22
-22
-20
-25
-28
-30
-29
-30
-31
-27
-23
-26
-25
-21
-21
-28
-26
-23
-21
-23
-20
-20
-21
-16
-18
-18
-20
-15
-13
-6
-2
-3
-8
-3
2
-2
1
-4
-4
-3
-6
-7
-11
-15
-18
-28
-20
-22
-21
-20
-27
-25
-28
-28
-31
-31
-30
-26
-32
-26
-30
-26
-20
-20
-16
-12
-13
-7
-1
-4
2
7
14
10
20
22
28
29
33
36
33
40
38
43
46
50
49
53
53
53
54
50
49
53
52
50
51
55
57
55
62
55
53
59
54
55
52
52
47
45
44
46
45
44
41
40
35
36
33
30
31
31
28
25
28
23
22
17
21
13
12
10
9
9
7
12
7
7
6
5
1
0
4
6
1
1
2
-2
3
2
0
3
2
1
0
2
1
-1
-2
-2
-1
-2
-3
-2
-3
-1
-5
-1
-9
-7
-6
-6
-1
-1
0
1
3
4
10
9
12
9
12
14
8
12
10
8
10
16
15
15
15
12
13
12
14
11
9
5
7
8
6
4
3
1
1
-4
-4
-5
-4
-5
-9
-9
-10
-11
-15
-17
-15
-19
-22
-20
-22
-23
-26
-26
-29
-24
-24
-26
-26
-29
-30
-33
-36
-34
-31
-31
-36
-37
-41
-38
-36
-41
-44
-43
-41
-39
-43
-43
-44
-43
-46
-47
-45
-43
-48
-45
-41
-44
-43
-43
-43
-45
-41
-41
-45
-44
-41
-39
-38
-35
-34
-33
-32
-28
-26
-27
-31
-26
-32
-25
-21
-21
-17
-14
-12
-13
-11
-12
-10
-8
-5
-1
2
5
3
5
11
9
12
14
16
20
21
19
21
20
19
20
24
28
27
31
37
35
36
36
36
36
40
44
41
44
45
43
46
46
41
43
43
42
41
39
38
40
41
41
37
40
42
37
34
36
35
36
29
30
31
31
40
35
34
33
28
32
28
27
22
20
26
21
22
17
14
11
16
15
6
9
11
10
6
1
1
1
-5
-8
-6
-6
-10
-9
-10
-14
-17
-17
-20
-29
-24
-24
-26
-29
-28
-22
-26
-29
-32
-33
-31
-34
-33
-36
-35
-37
-39
-37
-39
-38
-40
-41
-38
-37
-40
-36
-38
-40
-36
-37
-40
-41
-44
-40
-39
-48
-45
-44
-48
-47
-49
-46
-42
-50
-52
-51
-55
-52
-54
-56
-56
-52
-51
-51
-48
-47
-45
-43
-42
-38
-39
-40
-36
-31
-33
-29
-25
-24
-22
-17
-12
-7
-9
-4
-3
-3
3
6
11
11
17
21
24
29
33
38
36
30
34
42
41
46
48
47
50
53
52
56
58
60
66
66
65
63
66
70
70
76
68
69
74
75
69
73
73
68
73
68
67
63
65
59
61
60
58
57
52
51
52
57
49
45
45
44
43
36
29
30
31
30
33
30
28
20
21
18
16
13
11
11
8
6
3
4
-1
-4
-6
-7
-9
-13
-13
-11
-16
-15
-22
-21
-20
-24
-26
-27
-25
-26
-23
-27
-30
-31
-33
-37
-35
-31
-36
-34
-36
-37
-34
-42
-45
-44
-42
-41
-39
-39
-42
-40
-44
-41
-40
-42
-38
-42
-44
-42
-45
-44
-45
-44
-42
-42
-38
-33
-34
-37
-35
-33
-29
-29
-32
-30
-22
-26
-25
-24
-30
-26
-24
-21
-20
-17
-23
-17
-20
-23
-23
-20
-16
-19
-20
-17
-16
-15
-10
-12
-13
-11
-4
-5
-6
1
-2
-2
2
6
2
7
12
7
17
16
19
16
18
16
21
21
25
27
28
32
32
36
38
37
38
42
42
42
40
39
37
40
39
39
47
43
47
43
43
43
38
41
36
40
35
37
39
41
43
37
38
32
33
31
28
31
31
33
28
26
29
23
17
17
19
19
18
22
19
18
14
12
8
10
4
1
3
0
1
-6
-8
-7
-3
-9
-10
-10
-10
-7
-13
-16
-17
-16
-18
-22
-21
-25
-28
-31
-33
-33
-32
-30
-27
-28
-26
-27
-32
-32
-29
-33
-34
-33
-36
-33
-32
-33
-38
-40
-36
-32
-35
-35
-29
-32
-37
-31
-35
-35
-35
-37
-31
-31
-30
-32
-30
-29
-30
-29
-29
-30
-31
-23
-23
-21
-21
-19
-13
-15
-14
-16
-15
-10
-15
-13
-11
-8
-6
-6
-4
1
6
1
3
7
4
4
8
9
15
14
18
20
20
23
16
17
20
20
24
21
23
29
33
29
28
30
27
26
28
34
34
41
42
41
41
40
39
38
39
39
42
42
39
41
38
41
39
37
40
34
36
37
36
35
36
38
39
33
31
34
35
30
31
31
25
25
21
19
18
22
18
19
19
17
16
12
12
11
8
11
10
6
4
0
-1
1
-6
-4
-5
-8
-4
-7
-8
-9
-10
-19
-25
-26
-31
-30
-28
-26
-26
-24
-30
-33
-30
-33
-36
-37
-35
-39
-39
-39
-43
-39
-38
-41
-38
-37
-39
-36
-39
-37
-36
-31
-29
-33
-34
-33
-33
-30
-31
-33
-29
