SAMPLES:	15993
BITSPERSAMPLE:	16
CHANNELS:	1
SAMPLERATE:	16000
NORMALIZED:	FALSE
-5
-4
-5
3
2
6
4
3
1
-7
-7
-2
3
4
-1
2
0
-6
0
3
4
3
2
6
4
4
5
1
4
-1
-5
4
1
12
16
13
3
1
2
-10
0
-10
-14
-21
-7
-9
3
6
2
8
3
-2
-8
-1
-2
-4
-3
-5
4
-2
5
-4
-8
-14
-7
-1
6
16
17
11
1
-4
-10
-11
-14
-15
-11
-10
-1
11
16
10
3
-2
-15
-16
-19
-13
-15
-10
-3
2
6
3
2
-3
-7
-10
-7
-8
-5
-6
-3
-2
-8
-7
-6
-4
-2
1
6
9
11
8
2
-5
-8
-9
-12
-5
-4
-1
9
1
3
7
4
4
4
-2
-6
-3
-1
3
5
5
4
4
6
3
0
-2
-3
-5
-6
-2
-2
1
-6
-3
-5
-2
-2
-3
1
3
7
7
3
4
4
-2
0
3
6
10
13
10
12
9
9
10
3
0
-1
-1
-3
-4
-4
1
2
5
10
9
7
5
7
3
-1
1
-2
0
0
-1
0
2
4
3
2
3
1
3
1
-2
-3
-4
-5
-4
-6
-9
-6
-6
-6
-2
-2
-8
-10
-10
-12
-11
-12
-12
-10
-6
-1
-3
0
-1
-3
-4
-7
-9
-9
-6
-5
-5
-1
-1
3
5
0
-2
-6
-3
3
5
3
0
5
5
8
6
0
-2
-2
0
1
4
6
8
9
10
5
-1
-1
-8
-11
-10
-8
-6
-3
0
5
4
7
5
4
2
0
-1
0
-1
3
12
10
17
15
15
10
8
6
5
3
6
11
11
15
10
7
0
-5
-9
-10
-10
-5
2
4
8
12
11
10
3
-3
-5
-9
-10
-13
-10
-6
-4
-2
-2
-2
-1
-4
0
-2
-4
-1
0
-1
1
0
1
3
4
7
8
3
2
1
1
3
3
5
3
2
2
5
3
4
2
6
5
1
4
3
1
-3
2
-1
-1
-3
-3
-2
1
2
1
3
2
3
4
1
1
2
2
4
0
3
3
0
-2
-1
-3
-4
-7
-7
-8
0
1
0
2
3
6
2
4
1
0
-4
1
0
0
2
-3
1
-2
-5
-6
0
1
2
5
7
8
5
9
5
-2
-3
-6
-7
-7
-5
-5
-5
-1
3
4
4
5
7
8
9
5
4
2
-3
0
0
2
5
8
6
10
9
6
5
6
9
8
8
5
5
5
5
3
7
2
3
5
0
2
3
2
5
6
2
3
0
0
0
5
4
0
3
3
3
-2
-3
1
1
3
4
6
4
5
7
2
-3
-1
-3
-4
-4
-2
-4
-5
2
1
-3
-3
-7
-12
-7
-5
-6
-4
-5
-4
-2
-5
1
-1
4
1
0
0
1
6
7
8
5
4
-2
-2
-3
-5
-1
1
0
4
4
0
2
-1
-3
-3
-3
-4
-4
0
0
4
6
-1
-3
-1
-4
0
-1
-1
1
2
6
5
8
5
5
4
3
2
-2
-2
-2
-3
-1
-5
4
4
3
1
1
1
-7
-4
-8
-4
-3
-3
-1
-4
-6
-5
0
-3
-5
-2
1
-1
3
-1
-1
-4
-3
-3
-1
-1
5
5
2
4
3
0
-5
-5
-7
-8
-3
-2
1
1
2
4
1
-2
-3
-5
-3
1
4
8
4
5
1
-3
-1
-2
-7
-5
-8
-7
-6
-7
-4
-2
0
0
1
1
1
-3
-1
-6
-6
-4
-5
-4
3
1
1
0
0
-7
-9
-5
-3
2
1
4
4
4
6
6
-1
2
0
1
1
-4
-5
-3
-2
-1
2
0
-1
0
-1
-4
-5
-5
-3
-1
1
5
4
3
4
6
5
4
4
1
0
3
1
2
5
2
3
1
-3
1
2
2
-2
2
-1
-1
0
0
1
-4
0
-1
-2
-3
-6
-9
-7
-8
-5
-8
-1
-2
-2
0
-3
-4
-6
-6
-7
-3
-1
4
2
1
0
0
-4
-5
-3
-4
-4
-3
1
-1
-3
-1
0
-1
-1
-1
0
-3
-1
-4
-2
-3
-5
-1
-6
-4
-3
-6
-6
0
2
3
0
-1
3
1
5
5
1
3
1
6
4
-3
-1
-1
-2
-6
-4
-5
-2
-1
-3
-2
0
-4
-10
-7
-8
-9
-8
-1
-2
-3
-4
-3
-1
-3
-3
-4
-4
-1
2
3
5
6
6
10
8
4
2
2
5
5
8
6
7
5
4
0
-2
0
-3
1
3
0
-2
1
1
2
1
1
7
6
4
3
5
9
5
6
5
5
5
5
7
7
5
5
6
7
2
-2
0
-5
-7
-6
0
-3
-2
1
-3
0
0
1
0
-3
-7
-5
-8
-8
-4
-5
-8
-12
-7
-8
-7
-10
-9
-2
-1
-2
3
2
3
1
1
2
-4
-4
-5
-3
-4
0
-1
-5
-6
-11
-12
-15
-14
-9
-8
-5
-3
-1
3
4
2
-2
1
2
2
7
7
11
8
5
5
1
2
-4
-2
-2
-2
-2
0
0
1
4
5
4
2
1
1
1
0
-3
-1
3
-4
-1
1
-1
2
0
2
-2
-4
-4
-5
-4
0
4
2
-1
2
2
6
8
0
0
3
1
0
1
1
3
-2
0
2
-3
-1
-6
-7
-3
-3
-3
-2
1
2
5
5
4
3
2
0
0
-2
3
5
8
7
7
8
5
4
-1
-1
1
-1
-1
-2
-2
-3
-4
-3
-4
-4
-2
-2
-3
-1
-1
0
0
-1
0
-2
1
-3
-4
-3
-1
1
2
0
1
-1
-1
-3
-4
0
1
0
1
1
3
0
-2
0
1
1
-2
1
5
2
0
-5
-6
-6
-3
-6
-6
3
1
0
7
5
0
0
-1
0
0
-2
-1
-2
1
0
4
4
-4
-4
-3
-1
1
2
2
3
0
4
8
1
2
1
1
1
4
2
2
3
4
3
2
-1
2
6
4
5
5
6
5
1
0
1
1
2
3
7
4
5
2
1
3
0
6
5
7
5
3
5
-1
-2
0
1
-1
3
2
8
7
4
4
1
3
4
1
2
3
5
7
5
8
4
4
1
0
-1
-3
-2
-4
-4
-6
-3
-2
2
1
-1
1
1
0
-2
2
-3
-1
0
1
0
-1
2
1
0
-3
-5
-2
0
-5
-5
-6
-5
-7
-5
-4
-2
1
1
1
3
3
1
2
2
2
1
-1
-4
-2
0
3
1
2
2
0
-1
1
3
-1
2
5
2
1
0
0
-1
2
2
1
-2
0
1
-1
-3
-3
-3
-6
-1
0
-4
-1
0
0
-3
-6
-8
-9
-7
-5
-2
1
1
2
1
3
0
-2
2
5
5
0
2
3
1
3
3
4
0
-2
-1
-2
-1
1
2
4
0
-1
1
-3
-5
-7
-7
-6
-4
-2
-1
-2
-2
-2
-2
-3
-2
1
0
6
7
5
5
8
8
4
2
-2
-2
-1
0
-3
-3
4
2
6
2
0
0
1
0
-2
-2
-4
-5
-1
2
-4
2
-1
-2
-4
-3
-4
0
-2
1
4
5
3
3
5
0
1
0
4
0
-3
2
1
-3
-2
0
-1
-4
-4
-10
-10
-9
-6
-1
-8
-7
-7
-1
0
-5
-4
0
-3
-1
1
0
0
0
5
2
0
3
-1
-2
0
-1
0
-1
-3
-4
0
-2
1
0
-3
-1
-3
-4
-4
-2
-4
-1
0
1
0
1
-1
-5
-1
-1
-1
-2
5
7
2
3
2
2
7
8
7
5
8
5
3
1
1
-1
-4
-4
-1
4
-3
-2
-2
-1
0
-5
-4
-2
0
5
2
0
4
1
8
3
6
1
1
3
-1
-1
1
6
3
2
0
3
4
0
0
5
2
1
0
2
-2
-1
1
-2
0
-2
-4
-4
-3
-4
0
3
-1
0
-2
-4
0
-2
-1
1
1
6
4
8
8
3
-1
0
2
-1
3
1
1
2
2
5
3
-3
-2
-5
-7
-5
-7
-5
-2
-1
-1
2
2
-4
-4
-7
-9
-5
-7
-4
-4
-3
2
2
1
2
7
3
1
2
-4
-4
1
1
0
-1
5
2
1
3
0
-1
-6
0
-4
-5
-1
-2
1
1
3
4
3
8
5
0
-4
2
2
3
4
4
7
7
4
4
5
1
2
-4
1
1
-2
6
2
2
4
1
2
-1
-4
-1
-6
-1
-1
3
1
0
2
-2
3
0
-1
-2
-3
3
2
1
4
0
4
6
4
5
4
2
-1
1
0
-6
0
-3
-7
1
-1
-3
-3
0
-5
-3
0
-3
-2
-3
-2
-2
2
4
4
4
2
3
3
0
1
2
0
5
3
3
0
1
3
4
1
1
2
-3
-4
-6
-5
-9
-5
-7
-11
-12
-6
-2
-1
4
0
-4
0
-2
3
4
1
0
-1
4
4
5
4
2
5
6
1
-1
-1
-3
-6
-5
-4
-11
-9
-8
-8
-8
-3
0
-3
-7
-8
-11
-6
1
-2
-5
-6
-3
0
-1
4
3
4
0
4
4
2
11
9
5
9
11
5
8
8
0
-3
0
0
-1
0
-2
-4
1
2
3
1
0
-2
5
10
7
8
7
2
4
3
7
8
6
8
7
7
9
11
14
11
9
7
-1
0
0
2
-1
-6
-4
-2
-2
-4
-1
2
0
-4
-5
-11
-9
-5
-2
-4
-1
-5
-4
2
-2
1
1
1
-2
-4
-6
-5
-4
-1
2
0
-1
0
0
3
2
4
1
-7
-6
-8
-6
-6
-8
-10
-9
-7
-6
-6
-9
-5
0
-4
-3
4
2
-1
-4
-4
1
-5
-2
-5
-4
1
-2
7
6
0
-3
-3
-3
-3
3
1
-2
4
3
-4
-2
4
1
0
3
0
3
8
10
10
3
-1
-7
-6
-6
-2
1
0
3
0
7
12
13
12
10
6
9
5
-3
3
1
-2
-4
-2
-1
-3
-7
-4
-2
-6
0
-4
-3
-3
-4
1
3
1
4
0
-6
-2
0
-7
-6
-6
-3
5
9
7
2
-4
-2
2
0
3
-2
2
3
5
10
2
-6
-4
-5
-4
-3
-8
-10
-6
-4
-4
1
3
-2
-3
-3
-8
-4
-6
0
-4
-5
-3
-5
-2
-3
-2
-2
-4
-7
-1
-6
-8
-5
-4
-6
-3
3
0
-1
-2
1
-5
-7
-7
-5
-7
-6
-6
-9
-4
1
0
-1
-4
-8
-7
1
2
4
3
2
6
7
5
7
10
6
4
2
4
9
13
10
12
7
8
2
5
6
5
3
-4
-3
-3
6
6
0
-1
-4
4
7
7
8
4
3
3
7
3
9
9
8
10
7
13
12
11
7
-1
3
4
2
4
4
-5
-6
-6
-4
2
0
-1
-1
3
3
3
7
-1
-10
-11
-7
-7
-6
-3
-7
-3
0
5
5
4
6
5
3
8
7
7
11
14
12
12
9
5
7
4
-1
2
8
10
11
3
2
0
-2
2
-2
-2
-1
4
4
10
16
14
8
7
5
2
2
-3
-11
-18
-14
-13
-13
-7
-4
-3
-6
-5
-5
-5
-7
-12
-12
-14
-11
-10
-10
-16
-22
-25
-26
-22
-18
-15
-24
-20
-16
-10
-3
2
0
-2
-7
-9
-5
-2
-1
-6
-7
-7
4
11
9
10
11
6
4
-1
-7
-4
-6
-8
-11
-6
-4
-4
-4
-3
-4
-4
-7
-8
-9
-9
-10
-9
-8
-7
-5
-6
-4
-5
-1
3
11
2
3
12
11
16
11
6
7
2
-1
3
2
3
2
5
6
6
5
7
9
4
10
7
12
9
4
-4
-7
-2
-2
-6
-7
-6
-7
-6
-6
-5
-8
-9
-10
-11
-14
-9
-8
-9
-14
-13
-13
-14
-15
-18
-14
-10
-5
-3
3
9
6
5
6
7
7
11
8
5
5
5
2
4
3
1
1
1
4
-1
4
-5
-3
-7
-7
-3
-3
-9
-12
-7
-8
3
11
13
10
9
10
13
18
16
12
7
6
2
-1
4
4
4
5
5
4
9
11
13
7
6
5
0
-2
-7
-8
-11
-8
-10
-9
-10
-11
-8
-9
-6
2
6
0
2
2
-2
-2
0
-1
4
6
6
10
10
11
16
18
15
14
13
13
13
7
7
9
15
12
9
5
-2
-1
-4
-3
-7
-10
-8
-10
-7
-1
2
2
7
12
13
7
4
-2
-6
-5
-2
0
1
-2
-8
-18
-29
-30
-33
-28
-26
-20
-12
-7
4
4
5
13
14
10
5
4
2
7
7
7
4
0
-2
-9
-16
-14
-6
-4
-4
-2
0
5
9
8
6
8
3
-3
-3
-2
-3
-4
-9
-15
-11
-8
-6
-3
-6
-6
-7
-7
-19
-22
-27
-31
-28
-24
-20
-16
-5
-5
0
5
6
8
4
0
0
-1
0
0
-1
-7
-15
-23
-28
-29
-31
-24
-20
-13
-9
-4
-3
-2
-5
-8
-15
-15
-21
-26
-23
-29
-33
-41
-50
-57
-61
-67
-69
-61
-45
-30
-18
-14
-8
-8
-9
-7
-2
2
7
10
17
24
31
35
34
43
48
52
52
55
65
73
75
81
81
75
80
84
85
98
105
113
113
116
120
121
122
124
124
120
117
113
111
118
115
111
107
98
101
96
91
86
79
74
66
66
67
63
58
50
52
55
57
53
45
34
25
24
29
28
28
27
24
21
14
12
9
5
-4
-15
-17
-17
-16
-21
-31
-35
-38
-40
-42
-36
-38
-46
-51
-50
-56
-59
-64
-75
-79
-79
-76
-77
-72
-74
-82
-75
-77
-75
-71
-70
-63
-66
-65
-64
-68
-64
-61
-61
-61
-67
-73
-72
-79
-87
-93
-91
-92
-89
-81
-75
-75
-75
-77
-88
-88
-89
-93
-92
-85
-76
-72
-73
-76
-78
-83
-88
-89
-85
-86
-86
-93
-93
-97
-102
-110
-107
-105
-108
-101
-92
-90
-78
-79
-77
-67
-59
-56
-63
-68
-64
-57
-51
-57
-67
-69
-70
-61
-54
-43
-36
-30
-26
-22
-10
3
7
12
9
4
9
16
21
23
28
28
24
28
34
41
47
51
43
39
38
37
41
30
28
30
34
35
39
45
46
41
35
30
35
38
39
36
38
36
31
41
26
20
8
2
5
10
20
34
44
44
33
14
5
-10
-19
-13
-1
14
35
47
53
49
37
36
47
59
63
71
91
98
87
60
26
6
-5
7
13
26
26
32
50
61
70
72
59
41
30
30
33
31
37
26
20
5
4
15
17
19
21
27
49
61
68
76
83
92
82
61
55
54
51
47
38
32
31
36
34
31
23
15
5
5
-3
-11
-2
9
7
-4
-23
-20
-16
-20
-30
-35
-26
-4
1
-1
11
25
33
18
1
0
14
29
19
19
17
22
26
26
34
40
51
58
62
59
62
64
58
38
22
29
42
36
29
11
10
0
-1
-8
-13
-7
-5
13
31
40
39
30
28
21
13
22
37
30
13
12
19
21
15
-6
-26
-30
-13
-5
-10
-16
-21
-26
-24
-21
-10
2
12
15
-2
-15
-19
-24
-18
-17
-19
-10
0
7
1
1
-9
-29
-41
-24
12
39
46
39
23
24
25
34
16
-1
1
-2
19
21
18
17
11
2
-7
-11
9
-5
-11
-17
-24
-15
-6
0
-16
-18
-9
-25
-36
-27
-10
-6
-15
-18
-29
-23
-16
-12
-13
3
-5
-6
9
17
7
-2
2
14
8
4
2
-11
-31
-24
-4
23
31
16
4
2
5
-4
-1
-12
-39
-63
-43
-12
-12
-17
-31
-32
-24
-9
-2
-10
-3
0
5
-2
-7
-9
4
14
-3
-21
-18
-16
-21
-12
20
19
8
-3
-9
1
-3
-7
-27
-51
-46
-51
-50
-69
-57
-47
-36
-40
-47
-45
-35
-15
2
11
9
3
1
17
34
38
30
8
-19
-17
2
28
17
17
21
21
17
8
-5
-26
-39
-42
-40
-29
-44
-44
-45
-20
-27
-53
-54
-57
-32
-29
-45
-50
-62
-47
-62
-81
-66
-46
-26
-43
-45
-22
6
19
2
-3
21
25
14
-27
-35
-40
-43
-56
-42
-25
2
-20
-50
-50
-21
6
-13
-27
-42
-21
5
5
-9
-31
-35
-28
-13
6
14
14
19
34
53
49
37
14
17
28
52
66
58
45
33
35
44
46
52
50
68
63
56
45
28
42
57
65
19
-23
-21
31
81
80
37
-11
-27
-3
32
69
59
23
10
47
82
99
84
56
44
48
67
64
50
44
51
60
50
19
-26
-38
-24
2
-2
-22
-50
-68
-69
-41
-48
-68
-105
-127
-134
-128
-106
-117
-130
-139
-142
-132
-134
-148
-158
-149
-117
-139
-147
-184
-172
-144
-120
-132
-175
-155
-129
-112
-130
-134
-115
-99
-102
-107
-111
-85
-103
-128
-140
-103
-69
-65
-69
-71
-57
-35
-19
-28
-50
-43
-11
26
51
22
3
3
41
49
28
26
42
67
80
75
96
122
116
98
100
136
162
160
149
146
162
158
146
119
115
150
158
153
98
83
86
116
142
129
115
110
136
147
163
165
166
162
172
180
189
195
212
215
218
221
216
218
203
192
184
224
254
252
220
214
235
260
268
244
239
231
229
202
171
177
190
225
228
236
244
240
236
215
232
289
265
217
109
101
110
102
55
-59
-98
-167
-215
-274
-325
-408
-514
-608
-636
-694
-772
-863
-926
-972
-1022
-1068
-1127
-1164
-1215
-1201
-1211
-1188
-1208
-1191
-1159
-1102
-1041
-1008
-950
-906
-818
-734
-648
-571
-507
-444
-341
-250
-152
-111
-39
24
115
180
241
284
318
366
394
431
434
451
466
485
495
512
528
541
537
560
584
611
620
631
649
685
709
715
728
746
769
770
769
788
787
796
808
805
811
809
825
833
841
844
838
843
830
805
775
748
723
680
640
606
565
531
480
433
385
367
342
308
314
325
346
337
348
380
437
493
552
577
595
616
674
742
867
980
1089
1051
967
911
812
731
441
230
-103
-453
-888
-1284
-1569
-1784
-2112
-2446
-2812
-2919
-3007
-3063
-3101
-3085
-3010
-2986
-2866
-2716
-2484
-2303
-2145
-2025
-1795
-1551
-1294
-1100
-845
-600
-386
-203
32
209
361
508
649
742
782
864
882
913
923
926
837
797
782
731
599
551
460
348
223
171
98
-38
-88
-125
-166
-205
-172
-199
-209
-164
-21
15
91
177
267
349
460
566
591
632
718
749
739
756
754
736
696
684
599
513
455
423
341
288
236
180
126
118
129
104
116
131
125
148
213
278
286
320
401
458
522
585
654
713
796
891
922
972
1029
1099
1134
1162
1163
1127
1080
1039
995
937
886
820
730
652
606
535
448
378
342
317
280
242
236
242
325
312
323
326
464
572
706
764
865
937
1078
1156
1299
1182
563
-120
-649
-556
-926
-1472
-2112
-2597
-2701
-2951
-3042
-3358
-3505
-3435
-3617
-3596
-3395
-2928
-2806
-2842
-2592
-2260
-1993
-1804
-1661
-1475
-1220
-765
-608
-518
-337
64
291
466
556
506
546
749
1006
899
773
848
886
923
869
814
617
451
440
272
131
32
-86
-216
-365
-260
-366
-432
-498
-437
-398
-301
-197
-164
-106
116
337
468
506
587
684
840
1003
1011
975
982
1104
1103
1050
963
866
765
679
598
470
338
263
191
162
129
110
70
60
102
142
180
214
238
300
378
510
598
639
697
797
942
1042
1108
1137
1207
1289
1361
1352
1330
1302
1337
1332
1297
1191
1080
1024
959
924
807
730
648
557
492
408
366
288
199
119
109
146
209
199
206
259
435
588
660
763
758
562
100
-281
-444
-734
-1104
-1727
-2089
-2439
-2612
-2952
-3243
-3467
-3459
-3561
-3568
-3604
-3271
-3045
-2835
-2720
-2453
-2071
-1835
-1679
-1490
-1201
-893
-683
-547
-403
-200
88
261
320
339
409
551
644
670
644
644
740
806
784
721
650
616
534
415
316
184
104
-29
-122
-162
-214
-240
-375
-373
-350
-245
-206
-126
-41
92
263
413
516
618
691
821
898
1000
1017
1024
1076
1084
1076
965
896
818
735
641
504
379
279
206
167
118
108
81
76
112
184
265
323
377
443
545
667
798
869
938
1004
1099
1176
1247
1308
1345
1379
1418
1430
1371
1316
1285
1262
1174
1052
908
813
733
681
589
480
439
370
414
445
586
627
622
646
766
919
1039
1049
1100
1204
1420
1750
1700
1216
473
16
-230
-903
-1677
-2522
-3070
-3643
-4064
-4403
-4724
-4894
-4960
-5021
-5003
-4704
-4131
-3768
-3483
-3039
-2390
-1855
-1600
-1288
-973
-513
-232
-65
18
143
459
611
708
612
573
559
655
689
637
520
556
611
690
687
644
558
443
354
198
55
-150
-212
-366
-399
-489
-452
-479
-508
-403
-266
-88
-44
60
241
466
727
900
992
1055
1089
1245
1279
1268
1176
1097
1092
992
889
727
618
533
402
236
67
-35
-68
-106
-139
-174
-171
-91
-26
88
184
341
434
533
667
877
1049
1170
1230
1314
1430
1522
1596
1577
1568
1565
1591
1591
1522
1416
1332
1251
1160
987
829
736
672
542
331
227
204
212
189
216
333
458
565
621
718
943
1122
1242
1240
1401
1601
1718
1709
1719
1830
1913
1668
1363
941
710
135
-589
-1586
-2486
-3207
-3819
-4482
-5218
-5698
-5904
-5974
-6054
-5819
-5449
-4886
-4398
-3804
-3108
-2406
-1691
-1087
-664
-265
116
476
621
591
693
731
747
576
393
275
186
216
126
-12
-125
-51
99
209
183
204
249
274
255
135
56
-90
-184
-297
-387
-443
-355
-342
-271
-269
-34
177
332
450
576
802
974
1115
1175
1226
1279
1326
1227
1118
989
955
841
672
512
348
284
204
95
-63
-183
-255
-270
-305
-262
-222
-112
-16
139
323
487
677
841
1001
1139
1299
1434
1509
1525
1590
1617
1611
1529
1448
1367
1306
1221
1133
1072
1015
978
943
903
834
759
736
737
762
696
529
434
463
617
667
670
688
827
1047
1131
1157
1217
1419
1561
1618
1679
1874
2013
1916
1695
1633
1772
1679
1256
578
107
-391
-1027
-2088
-3229
-4089
-4706
-5219
-6060
-6711
-6919
-6679
-6334
-6099
-5643
-4777
-3898
-2919
-2221
-1306
-552
143
588
758
988
1147
1166
790
328
76
-62
-343
-771
-1099
-1153
-1030
-901
-810
-733
-450
-42
339
468
543
710
873
877
675
524
350
201
-21
-148
-276
-312
-331
-259
-208
-11
234
490
585
715
908
1112
1212
1168
1179
1160
1158
980
812
638
576
495
379
180
48
-5
30
-40
-137
-210
-196
-128
-111
-48
56
201
328
464
659
870
1052
1221
1396
1511
1639
1711
1734
1660
1566
1514
1405
1238
1040
909
853
794
746
717
720
789
923
1069
1124
1143
1160
1216
1188
1194
1151
1030
913
758
769
702
740
883
974
1099
1105
1273
1459
1617
1880
2052
2157
2085
2051
2097
2063
2000
1705
1106
357
-268
-795
-1560
-2631
-3874
-5033
-5970
-6439
-6856
-7224
-7458
-7244
-6597
-5874
-5014
-3947
-2820
-1723
-929
-30
657
1132
1355
1336
1104
661
216
-280
-933
-1428
-1765
-1950
-2157
-2204
-1933
-1452
-903
-459
44
542
1056
1417
1646
1712
1568
1396
1053
724
337
-77
-420
-692
-821
-872
-785
-550
-350
-82
231
561
829
1005
1197
1320
1362
1287
1179
1038
831
695
573
435
167
24
-18
0
-25
-94
-85
-110
-67
-26
-39
-46
-36
105
220
296
423
588
814
949
1088
1240
1375
1448
1486
1509
1481
1434
1347
1251
1142
1071
1009
932
864
829
850
937
989
1080
1149
1273
1371
1449
1477
1406
1358
1275
1246
1114
962
830
823
887
826
860
956
1177
1278
1352
1483
1642
1790
1833
1869
1916
1924
1872
1695
1508
1455
1326
1090
721
290
-43
-834
-1633
-2452
-3540
-4640
-6034
-6665
-7185
-7634
-7642
-7551
-6932
-6148
-4919
-3366
-2384
-1175
-24
1051
1656
1685
1912
1669
1015
153
-706
-1342
-2250
-2820
-3148
-3256
-3116
-2638
-1928
-1212
-429
502
1393
1809
2159
2284
2383
2026
1512
1024
446
-124
-598
-964
-1190
-1355
-1183
-870
-532
-80
284
740
1057
1286
1363
1329
1226
1093
802
638
473
420
359
298
392
406
494
581
546
504
370
142
-91
-356
-450
-562
-696
-791
-703
-360
-82
261
670
1130
1470
1748
2001
2054
2041
1862
1670
1330
984
732
562
380
255
301
496
640
883
1149
1435
1660
1784
1916
1891
1909
1836
1735
1462
1159
941
868
787
611
553
628
765
810
783
1018
1283
1498
1493
1476
1659
1688
1672
1575
1626
1766
1599
1453
1347
1259
1307
1230
1325
1069
639
301
-393
-1145
-2271
-3466
-4723
-6304
-7400
-8116
-8337
-8292
-8086
-7161
-5972
-4620
-3054
-1446
134
1145
1814
2333
2319
1887
1084
128
-829
-2034
-2947
-3559
-3857
-3790
-3511
-2782
-1882
-961
90
954
1766
2241
2360
2412
2025
1646
1000
484
-73
-613
-846
-910
-784
-630
-384
2
432
711
958
1019
1073
959
776
628
397
281
173
224
308
511
798
1122
1250
1408
1452
1402
1117
695
318
-52
-498
-1081
-1412
-1436
-1246
-1064
-868
-393
220
835
1303
1637
2010
2189
2194
2029
1750
1529
1234
889
572
321
277
318
374
479
687
993
1204
1295
1400
1509
1624
1626
1563
1552
1549
1564
1505
1393
1271
1150
1186
1175
1063
933
952
1070
1039
959
981
1190
1376
1269
1215
1381
1648
1626
1400
1482
1899
2030
1649
1289
1423
1776
1602
995
510
409
57
-959
-2672
-3908
-5201
-6263
-7546
-8542
-8643
-8587
-7843
-7130
-5827
-4163
-2535
-831
279
1196
1965
2227
2058
1179
175
-702
-1725
-2623
-3638
-3960
-3818
-3556
-3014
-2353
-1262
-206
750
1335
1791
1942
2098
1668
1344
701
372
-15
-404
-589
-596
-240
-48
104
270
529
745
779
450
359
121
134
-199
-278
-220
-2
325
588
1045
1485
1910
2070
2094
1924
1734
1237
657
-87
-707
-1130
-1478
-1756
-1825
-1555
-982
-521
-18
540
1121
1692
1858
1998
1957
1950
1764
1426
1132
853
668
511
381
365
500
659
807
889
1117
1314
1480
1477
1442
1443
1516
1507
1415
1389
1386
1480
1426
1426
1359
1372
1279
1185
1113
1188
1192
1101
955
946
1171
1298
1289
1296
1448
1450
1383
1110
1202
1355
1488
1618
1673
1845
1962
1991
2233
2182
2096
1690
853
18
-1376
-2618
-4639
-6770
-8389
-9421
-9535
-9922
-9467
-8319
-6537
-4541
-2825
-753
1087
2333
2850
2660
2413
1626
432
-984
-2498
-3437
-4274
-4395
-4452
-4005
-3186
-2088
-936
-170
628
1363
1875
1804
1398
1140
899
543
97
-97
56
197
355
523
764
896
875
671
259
-195
-464
-721
-1024
-1198
-1091
-630
-82
391
935
1620
2226
2582
2659
2670
2317
1765
1144
475
-158
-875
-1342
-1538
-1562
-1528
-1335
-967
-419
-55
363
739
1068
1276
1311
1478
1515
1474
1419
1346
1341
1240
1190
1134
950
826
710
678
596
445
522
631
801
900
1089
1419
1676
1869
2023
2186
2250
2128
1949
1748
1515
1227
947
892
840
811
854
1009
1223
1272
1378
1549
1742
1715
1565
1422
1279
1079
807
837
791
983
1401
1918
2520
2431
2656
2957
3081
2673
1026
-66
-1528
-3170
-4969
-7514
-8766
-10038
-10265
-9990
-9768
-7907
-6328
-3951
-2051
-580
1475
2296
2809
2375
1630
1137
-346
-1678
-3078
-3860
-4006
-4332
-3985
-3514
-2717
-1709
-906
-171
330
688
1002
998
883
766
672
875
850
817
1034
1195
1473
1106
755
566
204
-201
-1029
-1386
-1512
-1591
-1410
-1262
-600
124
809
1543
1881
2379
2562
2530
2270
1668
1308
880
375
-281
-779
-767
-695
-812
-1025
-887
-510
-246
-274
-297
-23
302
515
630
885
1270
1579
1763
1793
1813
1809
1672
1348
910
605
419
258
56
31
347
748
1114
1348
1691
2077
2288
2255
2054
1935
1771
1491
1217
1066
1034
971
920
1002
1258
1419
1369
1331
1488
1770
1809
1708
1553
1620
1739
1574
1297
949
869
942
968
952
1162
1670
2072
2228
1974
2223
2585
2548
2055
733
-23
-1186
-2608
-4358
-7036
-8521
-9735
-9918
-9985
-10106
-8434
-6562
-4190
-2576
-919
1383
2543
2979
2412
1935
1394
-98
-1588
-3099
-3771
-4098
-4336
-4205
-3858
-2857
-1688
-839
-338
168
822
1251
1087
844
822
989
969
776
921
1318
1430
1260
835
678
406
-74
-705
-1335
-1602
-1782
-1658
-1380
-994
-313
608
1336
1901
2283
2710
2833
2562
2118
1633
1198
670
53
-301
-667
-789
-918
-958
-949
-914
-616
-530
-407
-280
126
540
737
932
1287
1674
1878
1806
1820
1703
1494
1088
725
469
199
37
-45
160
382
759
1162
1553
1828
2011
2127
2086
1895
1688
1484
1324
1061
937
1079
1241
1332
1248
1430
1620
1732
1652
1441
1448
1514
1430
1392
1382
1637
1676
1486
1329
1022
796
790
678
826
948
898
1604
1881
2185
2422
2514
3028
2692
1988
714
-1021
-2186
-4083
-6268
-8421
-10349
-10514
-10451
-9883
-8615
-7061
-4405
-2546
-576
1017
2104
3101
2367
1502
588
-300
-1269
-2855
-3695
-3897
-3695
-3392
-3290
-2515
-1754
-1070
-624
-497
-284
47
400
461
555
928
1396
1754
1824
1982
2066
1962
1201
362
-232
-869
-1284
-2025
-2238
-2133
-1600
-907
-400
397
1083
1682
2251
2237
2300
2062
1899
1563
951
728
586
609
196
-196
-172
-56
-407
-933
-1216
-1089
-960
-915
-781
-242
343
978
1463
1922
2247
2377
2402
1968
1543
1051
641
154
-302
-393
-122
216
525
851
1523
2007
2277
2230
2140
2067
1780
1499
1145
1019
981
1077
1314
1586
1887
2036
2012
1820
1453
1234
1045
929
777
724
1019
1352
1632
1745
2013
2127
1928
1415
1083
807
508
521
260
809
1165
1685
2333
2509
3248
3207
2878
1829
518
-599
-2962
-5406
-7929
-9642
-10613
-11083
-10625
-9472
-7676
-5588
-3172
-1070
668
1705
2408
2186
1375
295
-541
-1529
-2438
-3436
-3400
-3163
-2966
-2687
-2492
-1641
-1583
-1291
-1349
-1078
-715
-482
25
538
1265
1989
2490
2817
2702
2579
2123
1326
241
-918
-1446
-2059
-2205
-2475
-1908
-1155
-470
116
617
1388
1805
1841
1584
1555
1492
1355
1062
979
1084
1292
1276
1030
649
468
103
-442
-1185
-1750
-1759
-1695
-1536
-1087
-261
678
1277
1681
2124
2427
2493
1977
1461
1002
680
358
131
42
203
448
747
947
1222
1508
1662
1641
1465
1419
1394
1299
1151
1239
1540
1847
2007
2140
2288
2420
2136
1789
1254
984
837
551
451
619
1151
1577
1786
2030
2282
2325
2202
1573
1083
697
465
679
1007
1392
1612
1709
1740
2230
2728
2471
1901
1367
749
-535
-2109
-3271
-4545
-6533
-9151
-10357
-9748
-8990
-8585
-7864
-5594
-3427
-1561
-307
1026
2155
2040
1375
580
-120
-825
-1979
-2832
-3490
-3586
-2936
-3079
-2868
-2769
-1833
-1238
-1271
-1025
-618
271
631
835
1616
2266
2453
2305
2257
2396
1736
968
-121
-783
-1399
-1817
-2013
-1995
-1820
-1329
-450
366
776
1138
1547
1626
1633
1485
1520
1357
1268
1247
1391
1317
1171
787
597
65
-431
-810
-1451
-1869
-2123
-1629
-989
-513
158
748
1574
2143
2291
2465
2116
1783
1227
864
649
346
311
268
388
652
913
1166
1209
1260
1384
1526
1508
1378
1424
1537
1658
1751
1957
2101
2128
2074
2006
1915
1632
1226
867
696
560
685
1030
1381
1621
1821
2148
2346
2181
1830
1415
1089
797
575
536
810
963
1444
1933
2537
3033
2961
3146
2769
1956
614
-841
-1518
-3083
-5421
-8126
-10381
-10750
-10600
-9712
-8669
-7355
-4979
-2998
-900
497
1586
2380
1648
829
80
-246
-954
-2295
-2930
-3134
-2937
-2906
-3141
-2857
-2660
-2345
-2276
-2089
-1449
-663
295
797
1558
2479
3233
3283
2864
2515
2136
1399
176
-1063
-1666
-1906
-1909
-1939
-1704
-1209
-755
20
499
753
842
930
1155
1192
1390
1794
1908
1975
1770
2005
2089
1392
648
-237
-613
-1248
-1681
-1786
-1909
-1728
-1301
-565
329
916
1360
1585
1697
1834
1768
1753
1377
1016
927
889
919
722
652
660
629
682
655
770
907
1044
1332
1607
1863
1964
1952
2018
1897
1900
1764
1619
1437
1369
1498
1463
1363
1331
1276
1360
1446
1468
1480
1450
1809
1968
2052
1848
1714
1498
1143
840
921
810
1010
1337
1912
2308
2291
2482
2317
2203
1823
1026
-354
-1716
-2949
-4031
-6775
-9054
-10403
-9959
-9477
-8821
-7456
-5175
-3276
-1449
-220
930
1767
1287
914
-347
-531
-1117
-1727
-2450
-2990
-2561
-2354
-2571
-2693
-2798
-2327
-2327
-2222
-1699
-1094
53
515
1527
2403
3108
3201
2702
2453
1861
1132
337
-767
-1267
-1808
-1733
-1634
-1405
-820
-589
-103
67
380
616
685
782
1142
1441
1727
1739
2112
2235
2162
2025
1420
877
-34
-603
-1376
-1870
-1980
-1943
-1689
-1264
-563
368
913
1223
1452
1618
1778
1449
1404
1204
1152
1062
1026
1059
965
924
710
438
337
298
369
491
717
1214
1677
2172
2339
2509
2553
2446
2153
1784
1575
1372
1265
1194
1015
845
685
731
1133
1514
1688
1666
1718
2155
2314
2447
2288
2025
1677
1279
1113
1185
1408
1312
1364
1754
2362
2271
2149
2452
2753
1671
-346
-1612
-2549
-4113
-6658
-8543
-9591
-9698
-9732
-8420
-6891
-5216
-3575
-1940
-415
95
757
1019
474
-496
-930
-924
-1293
-2120
-2267
-2305
-2226
-2774
-2966
-2860
-2806
-2767
-2579
-1821
-1105
-70
959
1852
2303
2931
3200
2849
1980
1358
872
116
-699
-1279
-1322
-1309
-1260
-1157
-734
-469
-407
-281
-41
149
504
928
1222
1459
1822
2350
2304
2190
1848
1521
1057
401
-69
-540
-938
-1216
-1299
-1039
-905
-937
-814
-662
-207
199
603
713
1078
1364
1735
1717
1810
1815
1499
1283
863
794
525
351
104
136
326
637
825
1163
1458
1771
2046
2125
2259
2162
2179
1916
1819
1752
1850
1858
1862
1740
1480
1196
811
684
753
959
921
964
1418
1883
2233
2491
2474
2383
2137
1976
1728
1540
1339
1495
1333
1298
1274
1594
1894
1181
572
-161
-784
-2361
-3921
-6056
-7740
-9884
-9606
-8848
-7556
-6644
-5498
-2794
-1765
-450
-384
452
253
-676
-948
-1057
-965
-1460
-1546
-1599
-1779
-2026
-2147
-2625
-3051
-3291
-2716
-2426
-1897
-1071
98
1441
1840
2627
2846
2967
2188
1452
1049
552
-106
-539
-827
-936
-956
-731
-423
-771
-729
-792
-271
-237
32
401
992
1261
1649
2043
2385
2180
1768
1590
1149
922
270
-12
-645
-850
-928
-903
-932
-997
-893
-750
-484
-131
301
474
718
943
1492
1761
1817
1766
1654
1546
1248
1035
720
436
232
212
364
575
792
1060
1297
1537
1733
1878
2003
1902
1894
1933
2103
2182
2210
2313
2141
1746
1168
891
899
890
901
1148
1594
1821
1968
2141
2299
2033
1690
1455
1451
1700
1989
2207
2172
2060
1759
1293
1458
1686
1495
206
-371
-829
-1023
-2295
-4088
-5878
-7699
-8196
-8812
-8254
-7858
-6725
-5325
-3701
-2194
-893
-182
-9
-510
-560
-499
-888
-1139
-1720
-1369
-1769
-1631
-2066
-2319
-2497
-2843
-2779
-2671
-2011
-1412
-727
102
1025
1755
2364
2356
2135
1588
1064
850
499
266
-255
-369
-309
-392
-428
-567
-662
-883
-839
-703
-310
81
690
1036
1446
1939
2215
2231
1793
1526
1239
1126
809
449
61
-179
-475
-559
-686
-706
-817
-991
-1116
-1099
-494
24
404
498
958
1484
1826
1799
1681
1489
1283
968
734
715
664
662
481
556
693
935
1014
993
1052
1297
1595
1859
2069
2224
2450
2472
2488
2253
2232
2076
1684
1080
802
966
1118
1056
981
1573
2032
2216
1680
1697
1847
2042
2028
1932
2035
1739
1674
1456
1797
1833
1877
1554
1643
1975
1532
736
-657
-1737
-3138
-4962
-6679
-8752
-9559
-9474
-8008
-7037
-5977
-4792
-2915
-1905
-1233
-740
-619
-454
-1262
-553
-911
-241
-591
-698
-1098
-1982
-2090
-2787
-2979
-3405
-3318
-2775
-1965
-1016
46
669
1323
1577
1948
2051
1728
1269
798
621
842
769
710
249
-80
-229
-648
-622
-1126
-1186
-1299
-942
-231
250
895
1101
1439
1586
1672
1797
1788
1811
1412
1184
952
980
673
359
-154
-745
-1102
-1214
-950
-1201
-1237
-1140
-707
-186
242
634
869
1001
1383
1551
1666
1725
1533
1483
1203
1166
1050
769
663
413
575
728
896
1173
1197
1429
1480
1717
1941
1914
2094
2158
2323
2378
2425
2284
1816
1337
1132
1005
944
1104
1382
1481
1509
1803
2537
2836
2683
2301
1814
1761
1457
1581
1458
1698
2054
1899
2112
1809
2271
1540
1058
-926
-2357
-3776
-4608
-5620
-7596
-8356
-9296
-7840
-7328
-5744
-5550
-4016
-2984
-2424
-1839
-1681
-233
-543
-174
-617
-391
-152
-518
-1010
-1986
-2506
-2436
-2871
-2703
-3037
-2221
-1577
-1157
-406
-149
902
948
1187
1141
1292
1521
1566
1301
1056
760
802
428
-96
-509
-651
-677
-882
-747
-778
-434
-193
436
544
775
1088
1243
1287
1236
1723
1784
1756
1572
1333
1087
735
468
-85
-547
-679
-845
-828
-1172
-1189
-1146
-756
-224
-117
396
490
843
858
1252
1593
1638
1730
1427
1351
1061
1252
1141
892
632
511
637
683
909
979
1095
1225
1428
1746
2037
2309
2490
2476
2611
2559
2456
1993
1437
1102
1168
1433
1491
1295
1279
1568
1965
2264
2127
1965
1812
1972
1873
1736
2162
2430
2506
1679
1578
1798
2147
1648
289
-793
-1509
-1532
-2347
-3723
-5224
-6580
-7136
-8006
-8143
-7447
-6368
-5074
-4549
-3602
-2638
-1701
-892
-1246
-1531
-1543
-831
-316
-455
-586
-922
-1091
-1409
-1843
-2200
-2520
-2408
-2235
-1966
-1298
-415
298
650
561
790
901
1019
993
758
749
839
1106
994
681
248
-91
-338
-570
-691
-974
-639
-314
68
236
455
1014
920
996
706
889
1266
1515
1798
1580
1578
1354
996
760
137
-208
-714
-793
-902
-1037
-770
-686
-275
-438
-164
-189
179
476
734
1099
1217
1690
1691
1787
1581
1406
1177
896
754
655
691
885
943
1036
1098
1276
1395
1470
1691
1798
1988
2127
2394
2504
2451
2121
1609
1215
1026
1138
1282
1407
1435
1480
1840
2190
2612
2729
2600
2279
1870
1925
1872
2024
1736
1289
1183
1133
1826
1547
1366
157
-95
-447
-1318
-2892
-4766
-5260
-6519
-6929
-7804
-7143
-6751
-6090
-5428
-4648
-3753
-3465
-2773
-2236
-1741
-1854
-1360
-771
-213
-391
-394
-829
-1136
-1562
-1647
-1730
-1917
-1893
-1700
-1081
-771
-580
-325
241
302
218
189
657
761
845
850
972
813
696
709
595
208
-198
-287
-219
-189
-68
-28
25
68
133
375
460
708
599
959
1245
1451
1388
1571
1680
1153
656
418
473
299
67
-220
-404
-445
-398
-577
-591
-496
-285
-162
126
402
733
1102
1367
1442
1348
1401
1268
1173
1164
1324
1310
1171
1163
1260
1339
1242
1180
1180
1350
1520
1678
1782
2045
2304
2464
2342
1937
1355
991
1081
1256
1379
1402
1850
2097
2222
1972
1978
1855
1714
1709
1836
2193
1971
2057
1874
1991
1572
1349
1487
1427
1313
382
175
-904
-1425
-2118
-2390
-3467
-5106
-6180
-6849
-6977
-7079
-6617
-6236
-5556
-4746
-3879
-3474
-3186
-2955
-2363
-1957
-1594
-1305
-971
-480
-446
-506
-863
-1058
-1422
-1513
-1534
-1246
-1071
-892
-546
-76
123
10
-138
-28
193
421
574
644
704
793
849
670
343
24
76
131
106
-94
70
175
183
188
257
398
268
317
515
825
1058
1041
1289
1480
1402
885
661
871
900
729
449
442
225
64
-44
-118
-285
-481
-410
-231
-8
213
413
649
771
808
932
1038
1092
1053
1251
1544
1555
1370
1343
1547
1505
1289
1136
1240
1401
1439
1495
1607
1786
1878
1875
1923
1881
1636
1237
1088
1171
1277
1314
1403
1503
1547
1445
1428
1376
1382
1543
1753
1930
1866
1932
1850
1562
1034
941
1266
1646
1502
1158
927
981
829
409
-305
-1324
-2345
-3384
-3715
-4436
-4973
-6077
-6262
-6235
-5957
-5735
-5425
-4767
-4667
-4247
-3767
-3083
-2825
-2559
-1901
-1376
-1069
-949
-964
-895
-975
-883
-1037
-1053
-800
-650
-244
-180
91
-175
-72
174
221
171
117
415
357
314
467
574
480
201
100
98
133
152
35
176
326
468
333
414
373
221
133
405
728
789
811
848
842
808
1011
1153
991
757
732
847
860
714
472
212
161
166
116
84
87
77
15
235
470
561
633
766
905
891
919
1054
1185
1337
1481
1560
1581
1525
1493
1518
1632
1650
1561
1515
1614
1773
1742
1676
1602
1442
1183
901
850
954
1154
1327
1397
1415
1342
1257
1285
1412
1569
1590
1677
1780
1861
1750
1438
1207
1007
1042
1147
1234
1336
1178
996
698
337
-94
-802
-1352
-1716
-2149
-2612
-3185
-3825
-4561
-5118
-5035
-5013
-4991
-4988
-4676
-4228
-3966
-3620
-3747
-3511
-3339
-2934
-2419
-2092
-1487
-1635
-1527
-1412
-1187
-857
-910
-546
-470
-172
48
70
179
40
330
387
459
408
200
284
204
381
261
218
286
163
238
70
180
102
9
129
167
448
429
416
378
327
502
462
639
538
638
730
803
952
822
945
865
929
940
790
809
611
532
325
327
398
291
313
263
385
329
327
346
314
480
531
664
717
797
865
798
854
862
883
903
970
1082
1081
1143
1116
1098
1119
1219
1353
1380
1486
1546
1461
1278
1013
853
893
1095
1198
1110
1014
1004
1114
1139
1178
1094
950
937
949
1179
1324
1310
1115
875
997
1083
1286
1340
1378
1402
1401
1561
1391
1257
841
441
81
-439
-649
-1207
-1552
-1980
-2469
-2496
-2897
-2960
-3246
-3250
-3345
-3654
-3562
-3633
-3502
-3624
-3591
-3540
-3641
-3363
-3282
-3039
-2907
-2818
-2544
-2632
-2117
-1838
-1457
-1235
-1021
-693
-673
-411
-214
-124
20
43
242
205
369
502
438
468
360
466
380
478
537
538
583
598
564
555
424
463
303
319
329
271
377
354
497
505
499
492
398
446
499
547
644
601
692
589
690
669
651
626
561
634
606
700
731
686
712
649
693
658
682
688
652
708
730
824
867
906
910
891
942
972
1016
1045
1100
1181
1276
1402
1476
1537
1477
1372
1238
1167
1260
1330
1397
1377
1332
1328
1290
1363
1334
1239
1165
1144
1209
1239
1266
1262
1160
1190
1142
1184
1145
1213
1210
1213
1333
1348
1351
997
731
450
302
36
-274
-758
-1121
-1728
-1835
-2113
-2164
-2570
-2886
-3127
-3465
-3481
-3647
-3690
-3961
-3994
-3887
-3912
-3895
-3832
-3870
-3774
-3799
-3446
-3420
-3102
-2808
-2515
-2126
-1907
-1522
-1478
-1230
-902
-672
-393
-291
-106
16
168
463
434
513
464
530
652
759
979
906
923
877
897
881
835
744
630
597
611
570
565
484
470
441
500
463
389
355
347
371
432
481
430
460
468
549
567
590
572
521
623
729
787
864
847
886
862
942
938
897
872
853
914
947
1043
1056
998
997
978
1028
1006
1011
997
988
1096
1180
1259
1254
1232
1153
1030
1028
1054
1174
1255
1224
1105
967
1037
1122
1233
1212
1029
907
885
1149
1338
1405
1301
1014
927
995
1294
1450
1379
1257
1082
1204
1295
1309
1008
474
246
-52
9
-274
-662
-1248
-1793
-1884
-2074
-2219
-2667
-3129
-3418
-3661
-3430
-3568
-3638
-3975
-4184
-4140
-4161
-3867
-3879
-3969
-3921
-3822
-3393
-3229
-2831
-2620
-2467
-2124
-1881
-1389
-1286
-922
-726
-519
-197
73
277
345
443
690
697
867
906
990
1049
1211
1409
1392
1377
1319
1259
1217
1222
1196
1080
950
993
919
929
835
804
639
575
572
546
515
544
581
562
581
617
550
496
551
588
614
626
725
694
779
857
936
909
920
930
905
947
1043
1050
1044
1023
1071
1066
1084
1072
996
938
918
962
969
1011
1055
1050
1069
1118
1176
1165
1121
1077
1018
1036
1121
1169
1109
1042
1043
1026
1010
985
925
858
884
1034
1146
1203
1150
1084
1013
1058
1107
1059
967
965
1054
1189
1257
1265
1022
622
389
272
240
-63
-425
-942
-1287
-1445
-1566
-1852
-2336
-2888
-3206
-3409
-3308
-3446
-3625
-3889
-4037
-3925
-3955
-3813
-4046
-4089
-4136
-3889
-3659
-3496
-3323
-3146
-2884
-2506
-2207
-1901
-1800
-1473
-1238
-889
-604
-363
-116
-3
301
473
615
638
622
784
899
1139
1240
1241
1297
1239
1405
1356
1362
1189
1007
990
927
1080
1014
965
755
646
707
695
673
553
416
436
442
646
583
586
483
449
518
561
651
552
565
623
695
813
827
817
784
824
894
870
879
823
860
883
950
956
871
821
789
819
818
789
756
691
755
829
923
941
942
952
957
985
948
873
841
891
965
978
976
876
878
921
974
987
887
841
817
1001
1187
1255
1134
1017
919
1018
1167
1151
978
809
901
1054
1168
1065
783
458
408
281
160
-340
-744
-1269
-1517
-1453
-1652
-1971
-2627
-2968
-3142
-3262
-3144
-3478
-3807
-3997
-3935
-3679
-3700
-3520
-3831
-3988
-3942
-3722
-3429
-3414
-3118
-2999
-2772
-2221
-1983
-1667
-1644
-1389
-1101
-919
-425
-289
-89
65
304
573
578
717
693
728
890
1059
1200
1198
1252
1292
1261
1370
1285
1173
969
954
948
923
983
903
841
770
776
682
596
538
505
464
566
595
612
587
664
641
659
599
553
507
559
701
742
821
813
806
806
813
834
770
706
699
695
792
798
833
744
701
658
617
606
571
558
560
605
710
740
796
805
842
854
846
838
780
827
864
902
929
922
922
863
851
865
878
873
844
896
949
1037
1111
1168
1135
1056
967
1006
981
1094
1050
1031
1054
1114
1287
1131
975
625
359
186
44
-26
-310
-722
-1101
-1478
-1524
-1851
-2018
-2529
-2848
-3039
-3134
-2982
-3094
-3171
-3402
-3563
-3530
-3551
-3467
-3511
-3564
-3442
-3344
-2999
-2923
-2593
-2537
-2239
-2030
-1687
-1416
-1164
-939
-641
-503
-150
-41
195
286
418
572
596
741
808
881
1032
1092
1223
1187
1199
1210
1128
1162
1026
1030
898
900
873
819
819
729
665
611
543
568
494
552
537
563
628
598
623
553
591
604
594
645
651
728
756
839
890
898
904
904
904
916
923
917
888
895
882
877
847
815
774
728
751
718
729
708
703
696
707
742
742
739
754
755
756
721
671
657
700
778
762
674
574
554
637
708
733
631
530
521
590
693
734
691
623
551
621
721
783
768
679
687
737
843
801
696
599
498
432
216
-52
-347
-680
-828
-1265
-1370
-1706
-1891
-2136
-2411
-2597
-2865
-2972
-3103
-3214
-3268
-3359
-3436
-3478
-3453
-3353
-3462
-3360
-3526
-3272
-3244
-2854
-2654
-2457
-2193
-1967
-1692
-1426
-1129
-850
-696
-481
-212
-46
246
346
512
481
682
769
895
962
1090
1116
1188
1243
1346
1325
1339
1253
1125
1053
1051
1122
1017
972
832
758
731
791
757
666
528
537
539
653
747
670
598
546
649
707
761
754
672
659
788
847
931
876
880
804
870
953
953
913
856
860
853
912
919
872
826
804
807
806
757
753
688
720
742
782
793
792
836
852
887
895
833
800
847
919
930
881
805
751
761
828
823
767
694
704
753
849
907
831
746
642
709
784
862
844
728
668
774
800
853
716
510
338
141
154
-13
-259
-527
-949
-1171
-1370
-1519
-1743
-2186
-2351
-2634
-2705
-2831
-2973
-3075
-3306
-3258
-3327
-3308
-3303
-3413
-3349
-3435
-3219
-3126
-3010
-2808
-2728
-2401
-2193
-1908
-1694
-1564
-1232
-1071
-757
-494
-336
-137
-62
229
347
467
598
571
711
765
961
1049
1076
1137
1084
1153
1151
1115
1059
960
972
834
864
842
781
719
621
654
531
552
502
480
486
539
581
545
505
535
493
563
560
590
568
590
665
703
758
749
704
663
707
761
801
810
793
756
755
789
819
772
743
698
677
685
704
707
686
691
706
728
757
787
823
878
918
951
924
888
853
885
933
944
881
803
742
772
840
879
849
768
732
757
815
856
866
796
820
775
797
744
736
756
749
807
774
678
550
564
547
509
189
-107
-432
-621
-615
-907
-1185
-1596
-1903
-2023
-2134
-2212
-2478
-2956
-2967
-3072
-2942
-2972
-3095
-3236
-3408
-3242
-3103
-3058
-3109
-3099
-3064
-2850
-2509
-2224
-2130
-1975
-1846
-1512
-1297
-961
-753
-727
-446
-309
28
170
271
382
277
515
635
748
889
831
955
881
1029
1088
1015
995
883
858
807
866
881
787
724
592
585
511
555
557
449
473
394
466
480
495
535
442
469
482
506
590
574
641
609
636
684
690
738
741
775
788
811
837
827
820
823
800
781
773
780
776
793
777
777
756
762
798
811
837
849
860
894
925
975
991
968
943
919
927
966
957
944
869
835
857
889
936
870
819
762
774
837
865
834
789
712
711
683
738
761
760
794
736
737
667
625
564
469
371
130
-142
-316
-519
-595
-899
-1141
-1522
-1804
-1911
-2097
-2145
-2411
-2586
-2777
-2863
-2802
-2863
-2901
-3025
-3114
-3085
-3055
-2890
-2918
-2842
-2794
-2688
-2495
-2288
-2058
-1902
-1713
-1436
-1252
-1008
-800
-598
-451
-261
-87
49
153
294
382
452
562
634
674
731
803
860
861
875
895
835
876
800
765
707
682
706
611
630
536
484
469
471
484
439
401
389
367
459
455
501
440
470
479
515
582
586
615
605
636
683
693
746
728
729
748
728
758
717
738
722
711
710
675
656
636
614
611
587
583
577
597
629
656
681
703
722
748
766
752
734
725
731
787
842
845
776
702
681
724
790
798
744
638
672
719
825
809
722
680
629
722
717
694
677
624
713
649
673
596
580
632
514
496
164
78
-209
-292
-439
-692
-925
-1297
-1423
-1528
-1666
-1733
-2101
-2252
-2488
-2469
-2418
-2544
-2549
-2778
-2779
-2797
-2709
-2585
-2719
-2700
-2731
-2594
-2336
-2200
-1892
-1928
-1688
-1534
-1278
-995
-874
-671
-622
-437
-187
-59
164
168
281
354
411
579
520
701
644
771
842
887
940
811
836
790
759
767
674
657
600
584
582
471
517
416
432
350
383
355
352
414
421
448
438
413
422
422
516
501
520
555
549
621
646
727
695
721
713
715
718
761
750
734
716
743
700
698
669
664
618
627
639
634
650
670
701
700
729
753
739
748
752
751
744
756
768
765
776
773
733
707
699
711
718
744
723
688
691
677
700
674
673
625
565
588
591
622
619
561
518
432
575
634
758
601
445
246
186
278
128
-68
-519
-736
-852
-838
-908
-1152
-1555
-1844
-2032
-1956
-2002
-2079
-2339
-2531
-2571
-2502
-2403
-2487
-2615
-2775
-2768
-2664
-2497
-2444
-2345
-2341
-2184
-2061
-1771
-1633
-1500
-1395
-1192
-966
-765
-565
-422
-347
-197
-44
91
132
183
282
308
475
594
685
655
666
711
749
791
805
726
692
688
761
732
687
614
546
578
604
619
523
483
471
530
626
702
631
563
544
623
676
729
707
639
639
715
807
799
787
747
714
741
821
826
773
720
727
722
725
709
620
542
523
546
539
529
501
452
444
467
475
452
423
429
440
475
492
448
408
406
442
462
463
423
354
345
391
439
442
426
416
365
396
415
414
366
332
325
293
344
359
391
379
413
445
405
490
462
553
483
456
296
107
88
-3
-10
-223
-438
-687
-901
-970
-1035
-1177
-1317
-1650
-1739
-1907
-1871
-1871
-1931
-2033
-2286
-2289
-2288
-2206
-2136
-2155
-2150
-2253
-2145
-1967
-1892
-1700
-1695
-1505
-1411
-1148
-913
-757
-599
-462
-319
-170
-59
123
132
294
397
472
567
560
690
696
800
879
823
851
862
891
918
902
903
778
742
681
638
607
595
591
524
544
526
507
509
515
526
468
490
512
479
537
555
586
537
565
558
532
553
597
610
618
645
649
622
656
657
632
582
558
527
511
547
526
503
454
428
415
419
433
412
390
397
403
452
459
468
424
394
396
394
427
464
472
434
407
428
437
446
432
364
311
326
396
417
413
358
286
230
256
288
280
242
203
172
202
243
278
268
271
268
313
272
230
64
-11
-142
-233
-359
-460
-658
-834
-973
-1015
-1169
-1348
-1474
-1647
-1709
-1814
-1743
-1877
-1920
-2068
-2014
-2181
-2097
-2196
-2125
-2189
-2094
-1970
-1922
-1891
-1782
-1737
-1559
-1434
-1233
-1078
-1001
-749
-668
-396
-330
-171
-139
-18
95
217
310
382
401
492
545
632
594
647
667
690
712
709
748
658
679
659
623
578
548
515
482
465
485
426
447
483
496
455
444
450
461
481
521
510
471
516
546
592
625
626
620
580
640
669
683
716
697
697
691
703
715
672
675
653
648
658
669
665
659
668
659
657
654
663
644
657
674
658
657
670
647
630
617
652
636
621
624
578
556
550
560
527
502
450
429
410
429
385
324
254
237
208
242
245
244
221
179
179
161
241
283
335
344
306
197
44
-36
-54
-107
-197
-401
-617
-843
-867
-860
-899
-1119
-1374
-1649
-1739
-1701
-1574
-1594
-1747
-2006
-2100
-2082
-1970
-1969
-2004
-2107
-2177
-2079
-1904
-1735
-1735
-1682
-1663
-1519
-1359
-1120
-987
-899
-749
-566
-418
-291
-193
-82
-50
83
196
241
316
349
475
502
570
565
511
555
579
658
640
641
553
505
516
519
490
441
369
359
307
394
348
362
343
345
347
333
375
338
345
388
420
411
410
426
426
433
517
503
508
486
538
545
581
623
616
584
586
613
610
595
584
542
525
557
602
608
590
592
567
590
624
648
637
629
641
668
690
685
659
660
682
689
661
633
612
604
643
633
601
545
514
488
490
506
477
432
381
377
356
394
371
382
347
354
315
301
257
268
267
357
400
366
198
-33
-144
-205
-185
-387
-562
-828
-970
-962
-923
-910
-1228
-1545
-1689
-1767
-1596
-1646
-1644
-1885
-1987
-1928
-1870
-1809
-1909
-2007
-2042
-2019
-1748
-1689
-1564
-1601
-1529
-1348
-1245
-1020
-996
-879
-744
-621
-363
-298
-190
-154
-81
58
82
212
179
209
278
380
497
452
477
436
435
514
502
514
394
383
403
434
496
434
378
307
329
387
384
377
314
326
371
442
486
450
409
384
428
503
537
533
508
528
575
647
676
630
586
576
612
645
680
658
615
615
649
680
666
638
597
573
606
646
659
634
623
636
656
674
658
612
566
568
599
630
646
635
602
594
589
579
535
502
472
473
486
478
446
403
369
322
305
251
223
170
187
175
191
152
157
123
111
100
78
47
53
87
170
179
156
-18
-219
-318
-347
-339
-479
-608
-830
-922
-931
-875
-965
-1168
-1389
-1531
-1566
-1473
-1416
-1470
-1630
-1660
-1674
-1582
-1603
-1630
-1701
-1702
-1637
-1491
-1391
-1271
-1301
-1209
-1175
-1035
-963
-821
-764
-648
-513
-378
-254
-221
-116
-81
-26
34
84
122
186
217
335
310
391
307
312
297
340
361
355
362
359
367
419
412
403
331
331
327
361
418
407
431
403
445
465
482
484
431
450
462
508
547
550
562
534
570
585
580
571
545
556
559
612
632
590
581
563
576
562
558
531
494
502
537
566
583
593
589
586
615
615
605
586
597
630
662
691
672
648
615
607
605
582
553
512
502
519
528
520
457
406
346
347
324
314
269
256
249
265
251
215
161
121
122
132
152
127
138
110
155
119
44
-124
-269
-306
-346
-445
-522
-689
-744
-889
-850
-954
-1054
-1193
-1308
-1360
-1385
-1359
-1386
-1471
-1463
-1498
-1529
-1548
-1566
-1507
-1562
-1427
-1439
-1345
-1333
-1204
-1152
-1061
-982
-885
-856
-735
-641
-510
-446
-345
-289
-234
-146
-93
-23
-9
47
64
137
189
212
186
201
187
203
237
269
242
210
219
257
257
291
289
246
234
266
313
301
325
335
324
345
388
411
402
412
430
436
475
507
512
507
527
549
553
568
559
561
558
578
590
576
563
544
541
547
540
527
507
509
517
541
557
551
542
547
571
590
596
588
566
571
601
614
604
574
553
530
536
546
528
478
456
443
440
433
411
373
330
323
318
299
274
226
193
162
170
182
167
145
104
103
78
55
34
20
37
36
31
20
-25
-77
-189
-301
-403
-482
-506
-594
-653
-760
-825
-847
-915
-928
-1101
-1164
-1278
-1250
-1193
-1176
-1186
-1267
-1332
-1337
-1370
-1283
-1320
-1298
-1311
-1250
-1133
-1057
-937
-930
-918
-885
-819
-679
-609
-503
-464
-382
-279
-232
-147
-152
-115
-98
-49
28
31
79
112
150
182
188
182
129
146
183
222
258
256
259
248
292
331
327
328
309
324
358
422
452
451
463
483
506
514
525
513
504
545
572
600
599
585
573
586
617
602
586
569
568
586
606
612
574
548
543
537
550
552
543
527
547
577
597
602
586
564
551
566
574
568
574
570
564
564
552
529
489
488
485
484
452
425
386
379
388
368
339
270
221
187
202
197
188
132
101
50
50
41
38
-9
-46
-93
-94
-73
-37
-61
-132
-201
-271
-272
-352
-422
-586
-662
-694
-698
-704
-772
-929
-1035
-1125
-1066
-1089
-1129
-1189
-1283
-1249
-1264
-1158
-1236
-1282
-1363
-1345
-1269
-1221
-1147
-1140
-1125
-1037
-957
-864
-876
-860
-798
-721
-553
-491
-399
-417
-369
-284
-202
-131
-148
-145
-122
-51
69
93
98
45
70
93
143
186
170
170
188
248
316
327
330
302
328
360
393
410
406
429
453
509
522
516
520
521
561
585
616
604
579
603
625
644
646
629
591
580
611
625
618
594
572
555
564
587
560
525
499
485
497
514
521
500
481
489
501
515
518
502
485
493
508
510
512
500
480
469
463
451
430
405
393
380
394
391
370
328
318
301
286
284
249
229
188
204
190
186
160
120
70
46
35
47
35
22
-28
-74
-108
-114
-122
-153
-210
-280
-330
-330
-329
-420
-534
-654
-690
-701
-730
-761
-905
-997
-1041
-993
-950
-984
-1062
-1195
-1246
-1183
-1057
-1029
-1079
-1186
-1207
-1171
-1047
-1007
-981
-1051
-1021
-977
-835
-756
-747
-720
-696
-602
-530
-441
-440
-436
-362
-270
-221
-194
-192
-182
-169
-69
-13
-33
-28
-21
45
108
169
150
118
143
199
259
300
303
281
293
353
397
429
432
417
427
483
541
544
563
555
549
571
606
611
588
588
598
597
623
621
591
573
584
598
594
587
568
542
555
581
578
563
545
535
541
569
587
569
544
543
549
558
562
541
511
513
534
549
546
525
479
465
473
474
452
419
394
374
386
389
357
314
276
262
256
250
240
188
152
137
124
110
75
37
-5
-2
1
-12
-38
-87
-120
-150
-147
-172
-218
-250
-293
-303
-315
-341
-421
-523
-599
-621
-660
-646
-694
-744
-812
-830
-829
-837
-864
-926
-992
-998
-986
-937
-937
-919
-966
-995
-989
-978
-931
-884
-858
-844
-820
-752
-686
-637
-610
-629
-596
-550
-441
-403
-365
-355
-317
-278
-241
-220
-200
-209
-149
-90
-24
-6
-1
9
38
101
120
125
125
168
221
272
312
306
290
296
326
368
388
399
393
405
451
480
503
494
476
474
499
524
539
541
532
528
532
543
538
522
513
507
507
515
516
502
496
501
506
500
502
483
484
491
501
493
477
466
462
470
462
438
402
381
378
378
381
358
322
298
288
292
286
265
231
189
174
179
181
165
137
108
75
76
72
52
29
10
-5
-8
-2
-4
-38
-60
-79
-98
-102
-110
-133
-156
-168
-177
-184
-201
-230
-274
-302
-338
-362
-385
-401
-435
-453
-489
-509
-563
-595
-611
-652
-669
-695
-702
-714
-713
-699
-723
-753
-767
-778
-743
-723
-704
-732
-734
-709
-654
-602
-600
-622
-655
-615
-540
-451
-419
-425
-447
-407
-331
-258
-247
-259
-273
-234
-166
-92
-61
-78
-64
-42
32
87
108
96
106
152
213
263
281
280
284
309
347
373
385
382
389
427
466
492
489
484
490
513
541
534
517
501
510
531
548
549
520
500
487
498
509
502
479
460
467
488
495
489
463
442
443
455
457
444
436
432
437
451
452
430
402
383
375
371
370
362
346
346
347
341
331
309
287
279
273
267
247
224
202
189
182
160
120
72
50
40
31
12
-24
-53
-82
-93
-110
-135
-164
-190
-199
-202
-210
-245
-277
-310
-317
-328
-347
-362
-390
-389
-400
-415
-426
-470
-487
-501
-498
-485
-512
-509
-548
-558
-579
-603
-622
-666
-656
-647
-637
-619
-642
-638
-651
-630
-624
-647
-655
-663
-617
-578
-516
-501
-517
-526
-514
-485
-448
-428
-399
-394
-337
-282
-227
-197
-201
-195
-195
-148
-109
-78
-54
-28
0
54
81
110
83
82
80
120
176
207
224
229
243
264
284
303
302
280
292
316
348
377
397
390
376
374
387
386
396
405
411
412
426
433
426
424
413
406
398
399
399
406
419
424
425
426
421
409
402
406
405
400
404
407
410
409
399
381
366
354
345
337
335
328
324
321
318
309
292
274
251
241
227
211
184
164
152
133
104
80
55
33
24
8
-18
-42
-56
-46
-39
-68
-102
-161
-181
-184
-175
-185
-223
-261
-284
-287
-289
-319
-349
-377
-379
-357
-348
-348
-391
-405
-410
-389
-378
-379
-405
-424
-406
-390
-375
-392
-416
-447
-445
-428
-416
-417
-431
-439
-426
-395
-376
-392
-418
-414
-405
-368
-351
-353
-376
-405
-386
-363
-337
-340
-337
-333
-316
-273
-238
-225
-205
-191
-161
-134
-96
-89
-64
-36
-9
23
38
51
55
87
126
153
172
179
186
208
257
287
286
287
286
304
336
354
354
342
345
358
387
404
400
390
383
396
415
425
430
428
433
449
459
464
460
460
467
484
492
497
487
485
499
510
514
502
488
476
478
483
477
458
430
421
419
415
402
371
345
326
309
303
280
247
219
200
184
167
142
109
68
32
3
-19
-37
-60
-86
-122
-148
-181
-203
-221
-231
-253
-265
-287
-306
-320
-342
-359
-389
-408
-438
-453
-451
-451
-453
-460
-487
-521
-542
-543
-538
-524
-519
-520
-526
-535
-524
-527
-523
-529
-543
-551
-553
-523
-507
-489
-505
-513
-533
-520
-500
-468
-439
-430
-429
-414
-403
-376
-362
-357
-352
-348
-326
-297
-260
-235
-220
-212
-191
-174
-145
-128
-100
-72
-46
-30
-9
2
30
53
75
84
91
108
129
168
192
201
208
220
239
268
287
300
301
308
323
351
371
377
379
378
383
400
409
411
413
411
423
439
454
462
458
455
462
474
478
476
476
470
486
496
496
494
485
479
478
482
485
479
462
461
467
466
457
440
416
393
383
368
345
317
294
279
267
250
225
193
156
134
119
95
64
30
1
-21
-48
-66
-92
-130
-171
-200
-229
-255
-265
-289
-308
-327
-347
-366
-386
-399
-419
-439
-455
-472
-473
-478
-478
-480
-498
-512
-525
-531
-530
-518
-500
-489
-486
-499
-503
-496
-481
-470
-474
-477
-478
-451
-417
-387
-381
-395
-398
-380
-346
-315
-305
-306
-293
-267
-223
-201
-207
-223
-225
-201
-164
-131
-121
-119
-105
-76
-55
-45
-49
-53
-40
5
41
56
52
51
67
98
119
115
107
112
135
169
203
201
203
208
226
242
259
254
252
267
289
309
306
305
292
294
308
325
328
324
330
341
365
385
392
383
383
390
396
408
408
405
405
411
416
417
416
407
404
408
416
410
407
407
409
418
417
407
388
374
365
363
366
357
333
316
307
298
290
265
242
222
209
205
188
166
145
120
103
93
70
41
19
2
-6
-11
-30
-66
-100
-123
-141
-166
-196
-222
-246
-255
-260
-270
-296
-322
-349
-354
-361
-373
-385
-407
-419
-427
-424
-443
-472
-501
-519
-525
-523
-519
-523
-534
-541
-532
-529
-529
-535
-536
-536
-516
-495
-471
-462
-454
-447
-446
-437
-440
-439
-427
-410
-383
-356
-338
-323
-307
-291
-275
-262
-249
-238
-218
-189
-154
-129
-114
-104
-103
-93
-87
-74
-60
-31
1
27
49
66
77
84
93
102
116
133
155
183
203
213
220
224
225
225
228
234
243
261
280
296
309
311
308
305
306
305
310
317
330
338
345
354
349
345
331
325
317
317
319
329
340
346
348
346
344
327
316
306
305
308
314
313
308
306
300
294
282
275
267
261
253
258
258
257
250
223
204
185
166
147
138
130
124
119
113
107
93
83
65
48
33
18
11
3
-9
-21
-39
-63
-83
-102
-125
-145
-168
-187
-187
-189
-195
-208
-224
-240
-252
-253
-258
-268
-274
-279
-279
-283
-287
-298
-305
-310
-325
-332
-333
-326
-308
-293
-292
-285
-283
-277
-267
-263
-255
-248
-239
-219
-194
-169
-166
-163
-151
-151
-140
-137
-127
-119
-97
-73
-57
-48
-39
-31
-28
-14
-7
2
19
40
52
62
62
55
49
49
44
46
42
45
49
53
58
55
43
32
22
22
25
23
27
21
18
13
10
4
-6
-17
-18
-15
-10
-9
-3
-4
-7
-12
-17
-15
-13
-4
4
12
21
29
32
42
47
50
53
56
68
80
87
95
106
115
116
118
126
134
142
144
148
154
164
171
180
183
181
183
185
194
197
197
193
190
186
187
182
177
166
153
147
135
128
112
102
87
74
65
44
32
20
6
-9
-27
-43
-58
-70
-80
-90
-102
-121
-134
-152
-162
-165
-174
-186
-195
-196
-192
-196
-195
-198
-203
-200
-197
-190
-182
-179
-176
-164
-154
-150
-144
-142
-138
-127
-117
-104
-95
-86
-79
-73
-62
-53
-49
-42
-32
-25
-16
-15
-11
-5
-3
-4
-4
-7
-10
-12
-10
-8
-7
-9
-12
-21
-21
-16
-17
-17
-17
-10
-9
-9
-6
-7
-10
-1
-1
4
7
14
20
26
35
39
48
51
64
78
90
98
102
109
116
131
139
147
152
154
159
167
179
190
194
194
195
194
199
204
204
201
202
204
208
207
206
212
211
203
195
193
194
189
182
178
168
153
145
139
131
116
96
76
61
50
38
18
0
-18
-39
-49
-65
-80
-102
-120
-138
-153
-167
-184
-197
-214
-223
-240
-249
-255
-260
-265
-268
-272
-275
-271
-270
-269
-268
-262
-259
-254
-243
-233
-220
-213
-205
-194
-183
-170
-157
-143
-126
-118
-101
-80
-65
-52
-42
-21
-8
1
16
33
48
71
87
102
117
127
141
150
164
174
181
190
202
214
225
229
225
224
220
224
223
222
213
208
205
196
194
184
172
159
152
145
133
126
115
100
86
71
56
38
21
9
-3
-18
-27
-42
-55
-69
-81
-88
-105
-120
-127
-135
-144
-155
-159
-165
-175
-183
-198
-202
-209
-213
-213
-216
-217
-216
-215
-219
-214
-216
-214
-204
-202
-194
-194
-187
-180
-172
-165
-161
-154
-149
-145
-131
-124
-120
-112
-103
-95
-84
-74
-62
-52
-47
-38
-27
-21
-17
-9
2
13
16
30
37
52
64
73
83
92
103
115
125
136
146
153
163
174
186
196
204
215
222
232
243
248
260
270
276
286
294
296
300
302
299
295
294
291
281
281
272
255
239
222
203
182
165
145
127
99
74
54
29
7
-19
-46
-71
-99
-122
-141
-156
-176
-195
-210
-227
-241
-251
-259
-273
-283
-288
-297
-301
-307
-312
-318
-318
-316
-316
-309
-306
-298
-294
-287
-281
-269
-257
-246
-233
-221
-210
-197
-182
-169
-158
-144
-125
-114
-95
-81
-65
-49
-38
-23
-13
3
18
32
47
60
76
85
97
108
115
120
133
138
147
153
156
168
174
178
186
190
191
193
197
200
197
199
198
198
199
201
196
189
186
177
175
175
169
161
160
157
147
141
134
127
120
111
101
96
87
82
77
72
68
57
51
48
43
43
42
45
41
43
44
44
41
34
34
30
28
26
22
20
18
17
13
15
12
9
6
-1
-9
-15
-20
-23
-30
-40
-45
-54
-61
-67
-71
-78
-84
-96
-103
-105
-113
-114
-116
-121
-122
-123
-123
-124
-124
-121
-118
-112
-108
-102
-94
-95
-93
-89
-80
-73
-74
-66
-56
-47
-36
-24
-14
-3
6
9
17
28
39
48
59
70
77
83
85
87
93
100
97
103
107
108
109
111
110
106
100
95
90
81
72
66
58
52
46
37
26
15
-1
-13
-19
-29
-35
-47
-61
-63
-72
-82
-88
-94
-98
-108
-107
-115
-117
-119
-121
-124
-122
-123
-125
-123
-127
-122
-119
-111
-108
-107
-100
-98
-94
-91
-84
-82
-78
-73
-65
-63
-55
-52
-49
-42
-43
-37
-31
-27
-22
-19
-15
-7
-6
0
-1
3
12
13
16
19
20
27
33
29
34
36
38
41
41
43
45
42
44
47
43
45
47
43
46
48
45
47
41
45
43
44
43
35
35
31
31
28
29
23
26
24
20
15
10
5
2
8
4
4
8
2
4
3
2
-1
-5
-4
-3
-3
-4
-3
-3
-6
-4
-3
-4
0
4
4
6
6
12
13
15
16
18
17
20
24
24
27
30
35
36
42
43
42
42
46
48
49
57
64
61
66
67
68
68
67
68
65
69
70
70
74
70
73
78
80
75
72
68
70
70
68
67
67
67
57
56
52
48
42
38
31
28
23
19
14
6
2
-6
-12
-15
-26
-33
-40
-52
-63
-65
-68
-80
-87
-91
-99
-101
-106
-111
-115
-119
-123
-128
-129
-135
-136
-136
-139
-142
-144
-142
-136
-135
-134
-137
-134
-130
-127
-127
-119
-116
-110
-110
-106
-102
-94
-93
-91
-86
-79
-72
-71
-59
-54
-50
-48
-44
-37
-34
-28
-22
-18
-13
-9
-5
-2
3
9
10
12
15
19
23
25
27
27
32
31
38
41
47
50
50
50
51
55
53
51
53
55
57
58
58
59
62
64
65
63
62
65
61
64
66
62
63
58
58
59
55
51
52
49
43
43
41
45
43
39
41
39
40
38
37
38
39
36
35
37
37
42
40
43
43
41
44
43
44
43
42
41
36
38
41
36
32
31
27
25
22
24
24
19
16
17
16
16
13
9
8
9
6
6
10
5
5
3
0
-2
-2
-3
-8
-13
-14
-17
-23
-22
-29
-33
-31
-28
-33
-37
-38
-36
-37
-42
-45
-45
-41
-41
-41
-36
-33
-26
-27
-23
-24
-23
-16
-12
-11
-7
0
-2
2
6
8
9
5
6
7
12
11
12
15
17
18
19
20
17
20
22
19
25
22
23
21
21
21
22
21
23
26
26
28
25
27
21
21
20
19
19
18
17
14
12
12
13
10
4
1
3
-2
-1
-4
-7
-7
-13
-11
-12
-12
-12
-15
-16
-20
-18
-18
-17
-15
-18
-14
-12
-14
-5
-9
-7
-3
-3
-5
0
-2
-3
-1
-3
-3
-11
-13
-18
-24
-25
-25
-30
-36
-37
-40
-36
-36
-40
-41
-42
-40
-41
-41
-41
-42
-36
-36
-35
-37
-34
-33
-32
-32
-31
-26
-28
-25
-22
-21
-18
-23
-19
-12
-12
-10
-11
-13
-10
-13
-9
-11
-10
-9
-7
-5
-5
-2
-2
2
3
6
5
5
12
14
16
15
21
21
22
24
24
25
23
26
28
26
28
29
28
29
30
27
29
26
26
28
27
27
28
33
36
34
41
38
37
41
39
42
39
44
44
40
40
38
39
36
33
33
26
22
16
10
6
-3
-6
-11
-11
-19
-24
-24
-33
-34
-41
-40
-41
-41
-44
-44
-47
-54
-53
-53
-54
-57
-52
-53
-54
-58
-55
-57
-54
-52
-48
-47
-49
-47
-43
-44
-50
-44
-44
-41
-40
-39
-36
-33
-30
-31
-33
-28
-26
-25
-21
-18
-16
-12
-9
-7
-4
-5
-4
-1
-1
1
7
10
11
12
14
17
19
24
26
29
27
28
31
33
32
37
37
38
40
41
44
48
44
43
45
42
42
47
51
49
49
48
49
51
52
49
45
46
47
45
44
42
46
41
42
39
35
33
33
31
31
29
28
28
25
23
22
18
15
14
12
5
6
3
1
-2
-3
0
-4
-6
-8
-10
-8
-7
-9
-8
-10
-16
-15
-18
-12
-13
-16
-13
-12
-9
-11
-12
-10
-11
-10
-12
-10
-10
-10
-7
-6
-8
-7
-8
-7
-6
-5
-5
-8
-9
-6
-6
-8
-6
-6
-6
-5
-1
-2
-5
-5
-4
-8
-5
-10
-7
-8
-9
-7
-6
-2
-2
-3
2
1
0
3
-2
-1
2
6
3
4
6
5
6
4
6
8
7
8
9
7
1
5
4
0
-4
-3
0
-1
-3
-6
-6
-6
-10
-12
-10
-11
-7
-12
-15
-11
-12
-12
-9
-8
-7
-5
-6
-6
-3
-3
0
3
2
4
5
6
10
8
11
11
7
9
12
12
6
6
6
4
6
2
-3
-1
-4
-6
-6
-9
-11
-15
-19
-15
-15
-21
-15
-18
-18
-16
-17
-15
-25
-23
-27
-26
-25
-28
-26
-26
-27
-25
-26
-25
-27
-28
-32
-30
-28
-26
-24
-25
-23
-21
-21
-20
-15
-22
-16
-12
-12
-11
-12
-9
-12
-11
-7
-7
-8
-11
-11
-8
-9
-7
-2
-7
-8
-4
-7
-7
-5
-7
-9
-10
-6
-11
-11
-7
-6
-5
-1
-4
-4
1
0
0
0
0
1
-2
1
3
5
9
8
8
9
12
6
9
11
12
13
15
16
14
14
13
7
7
8
5
8
10
8
6
11
14
15
14
14
17
14
15
17
17
15
17
18
17
24
20
23
27
26
24
25
26
23
23
25
24
24
21
25
21
21
22
18
13
16
17
11
12
9
10
7
4
5
1
2
-2
-1
-2
-9
-10
-10
-13
-13
-10
-12
-16
-16
-15
-16
-16
-16
-19
-18
-20
-19
-17
-16
-17
-14
-12
-16
-13
-17
-12
-9
-7
-6
-5
-4
-4
-3
-1
-2
0
0
-2
-2
1
-1
-2
0
0
3
-3
4
1
2
3
2
0
-1
4
7
10
7
8
7
6
11
7
8
8
7
11
12
9
6
11
10
12
13
12
10
11
13
13
16
16
19
19
18
19
17
20
22
19
18
16
12
13
13
10
13
13
8
6
6
7
7
8
5
2
2
2
3
1
-4
-1
-1
-6
-2
-4
-9
-8
-9
-8
-10
-9
-7
-6
-8
-9
-4
-6
-5
-5
-5
-1
-3
-4
2
-2
-3
-5
-5
-4
-5
-3
-2
-2
-2
1
-4
-3
-4
-4
-1
-2
2
0
-2
1
-1
0
-1
1
1
2
1
1
2
2
3
2
2
4
3
4
4
1
4
5
8
7
7
8
5
9
11
10
15
12
9
8
10
8
8
10
11
11
11
10
9
8
7
8
2
4
5
2
2
-3
-3
-7
-9
-8
-12
-15
-12
-17
-14
-19
-19
-17
-21
-21
-27
-25
-25
-24
-26
-24
-25
-27
-26
-30
-34
-34
-31
-28
-27
-30
-30
-30
-33
-33
-27
-28
-30
-28
-22
-25
-23
-25
-22
-20
-21
-21
-20
-17
-19
-15
-9
-8
-7
-6
-3
-2
-2
-2
-1
2
3
4
5
5
9
13
13
14
15
15
16
18
17
20
17
17
15
21
18
19
18
21
22
17
19
17
20
18
18
19
18
22
21
23
25
23
21
23
26
26
25
23
23
22
25
28
24
19
19
20
21
18
15
13
14
16
13
11
8
9
9
9
4
2
2
0
1
0
0
1
-2
-3
1
0
0
5
6
9
9
8
12
13
17
21
26
24
27
28
28
27
24
26
25
19
21
19
17
16
14
5
4
2
-5
-9
-11
-16
-17
-16
-21
-22
-21
-18
-19
-23
-20
-21
-25
-28
-26
-26
-26
-27
-24
-23
-26
-24
-26
-25
-23
-22
-24
-25
-25
-22
-21
-25
-20
-24
-23
-18
-18
-16
-13
-14
-13
-11
-13
-10
-14
-9
-9
-14
-9
-9
-12
-10
-13
-10
-12
-14
-11
-13
-10
-8
-8
-9
-11
-12
-11
-13
-8
-5
0
-1
-1
-1
-4
4
-1
0
2
6
3
5
6
7
6
1
5
6
7
6
8
7
13
11
9
15
9
9
8
11
8
7
5
6
9
8
5
2
6
7
7
5
4
5
3
2
3
0
-2
-1
1
2
5
1
1
0
-3
-4
-6
-2
-2
-3
-5
-5
-6
-6
-5
-4
-7
-5
-7
-6
-4
-10
-10
-10
-8
-8
-8
-6
-6
-9
-10
-9
-9
-8
-11
-11
-8
-11
-11
-9
-4
-3
-6
-5
-5
-7
-8
-8
-7
-3
-1
2
3
0
-2
-2
1
2
0
3
4
3
2
4
5
7
11
10
8
10
14
14
14
13
9
7
11
11
10
12
13
14
15
16
13
14
13
14
13
12
15
16
15
18
17
14
12
12
11
8
10
13
8
9
5
6
12
9
8
7
8
5
3
0
4
-1
-1
0
-2
-2
-5
-4
-10
-11
-7
-13
-13
-12
-13
-14
-16
-10
-14
-17
-19
-18
-15
-16
-15
-16
-12
-15
-15
-13
-14
-17
-20
-20
-20
-18
-19
-20
-16
-17
-17
-19
-18
-16
-20
-22
-18
-19
-18
-15
-15
-13
-9
-6
-6
-2
-2
-2
3
1
2
3
3
7
7
4
2
6
2
3
4
4
5
6
3
5
3
1
5
5
5
3
3
1
4
5
5
4
4
6
6
9
5
7
10
14
9
9
11
9
11
13
16
13
13
13
14
15
8
11
12
16
16
17
16
15
17
17
19
19
20
22
25
23
22
18
20
20
18
23
20
22
23
23
21
20
21
20
21
20
20
23
22
22
22
20
23
21
20
17
18
19
14
15
15
10
10
7
5
9
9
10
2
2
0
0
-2
-1
1
-2
-3
-8
-9
-11
-14
-19
-21
-20
-17
-20
-17
-15
-17
-14
-14
-11
-9
-1
2
5
13
14
20
26
24
28
25
26
27
26
26
20
14
6
3
-8
-18
-25
-33
-41
-49
-57
-63
-64
-67
-68
-70
-73
-72
-74
-69
-71
-66
-60
-59
-51
-46
-39
-40
-32
-33
-27
-23
-24
-21
-16
-14
-16
-13
-16
-15
-14
-15
-15
-11
-10
-12
-11
-11
-9
-7
-7
-5
-3
-2
0
2
5
4
5
9
9
8
11
17
22
23
23
29
29
34
36
38
44
42
44
55
56
58
59
61
64
61
66
65
65
65
61
61
57
58
55
52
50
48
50
46
46
42
37
37
34
29
27
26
25
22
23
20
21
17
14
13
12
3
1
3
-2
-5
-6
-4
-6
-5
-9
-9
-10
-10
-7
-6
-9
-10
-9
-8
-5
-4
-5
-10
-12
-8
-7
-13
-13
-10
-13
-13
-17
-19
-18
-21
-23
-26
-28
-29
-30
-31
-34
-32
-30
-34
-28
-27
-31
-30
-28
-26
-23
-22
-20
-22
-24
-20
-18
-14
-15
-11
-11
-8
-8
-12
-6
-8
-3
1
1
-2
1
1
1
1
4
4
1
4
6
8
5
3
2
6
3
1
-2
0
-2
-5
-4
-5
-5
-3
-3
-7
-11
-11
-10
-12
-18
-16
-14
-17
-15
-14
-16
-16
-15
-15
-15
-16
-15
-17
-15
-13
-8
-12
-15
-11
-13
-14
-14
-17
-19
-23
-19
-15
-16
-17
-18
-15
-13
-9
-9
-13
-14
-12
-14
-12
-13
-12
-13
-14
-9
-11
-7
-15
-13
-11
-13
-11
-9
-7
-10
-10
-9
-5
-10
-5
-4
-3
-4
-6
-1
-2
-1
0
0
0
1
0
-1
3
3
3
3
1
3
3
2
-1
-2
-1
3
3
5
4
3
6
4
6
9
8
4
10
13
12
15
17
12
16
19
17
18
16
14
10
16
13
8
7
11
8
5
4
1
1
-3
-3
-2
1
-4
-6
-6
-4
-3
-2
-2
-3
-5
-6
-6
-7
-5
-4
-6
-4
-7
-7
-4
-5
-3
-7
-7
-6
-7
-6
-2
1
-4
-5
-2
1
0
3
4
2
7
7
6
6
7
8
7
11
10
14
14
14
14
15
18
15
15
16
15
15
18
11
14
13
13
15
8
12
11
10
15
11
8
8
7
6
7
8
8
7
2
0
1
5
1
-3
4
6
4
4
6
3
5
4
3
2
1
4
-1
1
0
0
-1
-5
-5
-4
-5
-5
-6
-12
-10
-12
-10
-10
-12
-9
-6
-2
-10
-3
0
-1
6
3
11
12
17
19
23
24
27
32
26
27
26
26
27
22
20
21
21
14
9
6
4
3
-1
-2
-6
-8
-8
-8
-9
-4
-5
-6
-6
-8
-9
-10
-8
-5
-5
-6
-6
-4
-1
-4
0
2
0
-3
0
2
2
2
3
4
7
9
8
9
7
6
6
9
7
8
8
10
11
9
12
11
13
14
13
12
15
11
14
14
16
14
16
16
18
18
15
17
16
19
18
19
17
16
11
12
12
11
5
5
6
2
3
1
0
-3
-3
-3
-3
-2
-3
-3
-3
-3
-5
-7
-10
-10
-8
-10
-8
-12
-8
-8
-6
-5
-8
-9
-12
-9
-14
-14
-13
-10
-8
-14
-11
-12
-14
-16
-14
-13
-11
-10
-11
-13
-11
-14
-11
-11
-14
-12
-17
-14
-15
-13
-12
-11
-9
-9
-9
-10
-10
-11
-8
-8
-7
-9
-10
-9
-8
-8
-7
-5
-7
-7
-4
-4
-4
-4
-5
-5
-10
-10
-9
-10
-10
-10
-13
-15
-9
-10
-8
-7
-11
-7
-8
-4
-4
-4
-4
-1
2
1
4
7
9
9
11
16
11
15
17
17
16
18
23
19
17
14
15
10
9
8
5
1
-1
-7
-6
-10
-9
-14
-14
-15
-14
-15
-16
-17
-14
-13
-13
-9
-10
-3
-5
-5
-3
-1
-4
-2
1
2
-1
-1
0
1
1
2
5
3
4
4
7
9
9
5
9
12
8
9
7
10
8
10
12
8
13
12
12
15
13
17
17
15
20
21
19
18
21
19
21
20
22
25
21
24
22
20
19
24
24
23
24
20
21
20
21
19
19
18
18
18
15
18
16
13
13
13
15
6
9
12
11
11
8
9
4
4
4
1
-2
0
2
-2
-2
-5
-3
-6
-8
-9
-12
-13
-15
-17
-19
-18
-19
-23
-21
-19
-23
-24
-26
-25
-27
-26
-24
-29
-28
-28
-27
-24
-31
-30
-33
-32
-30
-28
-29
-26
-30
-31
-30
-34
-29
-31
-28
-29
-31
-29
-28
-26
-26
-23
-22
-20
-24
-22
-18
-14
-17
-19
-17
-13
-13
-15
-13
-12
-12
-8
-8
-11
-4
-4
-4
-3
-1
1
1
0
0
-2
-3
2
4
5
0
2
2
8
7
4
6
8
8
8
8
11
14
10
14
18
20
19
19
22
20
24
24
24
21
22
24
23
27
24
23
26
28
26
25
28
28
24
19
17
19
15
15
18
16
15
13
11
11
8
7
5
2
4
7
-1
1
4
2
2
3
1
0
4
4
0
1
-1
-1
-1
-3
-6
-7
-6
-6
0
-1
0
3
-2
-1
-1
-2
-3
-4
-2
-3
-3
-3
-4
-5
-8
-7
-5
-8
-4
-4
-8
-5
-6
-7
-3
-3
-5
-8
-2
-4
-2
2
-1
5
2
2
1
0
0
1
6
4
3
3
3
5
2
0
-1
1
2
5
7
5
1
0
-2
-1
-1
-7
-2
-6
-3
-5
-7
-5
-4
-8
-7
-7
-8
-6
-12
-9
-9
-10
-11
-11
-9
-7
-9
-9
-7
-9
-9
-5
-7
-6
-7
-9
-6
-8
-9
-10
-7
-6
-5
-6
-3
-5
-5
-4
-1
-2
-1
-3
-5
-3
-4
-7
-2
-1
-3
0
3
0
-1
3
5
3
1
4
2
4
5
4
7
10
7
4
6
5
7
6
7
3
4
5
6
9
8
12
12
9
6
5
4
6
7
4
4
5
7
7
6
3
7
6
5
4
2
4
7
6
4
-1
4
7
5
5
7
4
2
4
6
1
2
2
1
1
-2
1
2
0
3
0
1
1
-1
-1
-2
-2
2
3
-2
0
1
2
0
-4
1
-1
0
3
0
2
-2
-1
-2
2
3
1
2
2
-1
3
4
2
0
-6
-2
-4
-3
1
2
2
2
0
1
1
4
4
0
-1
1
2
-1
1
2
0
4
6
0
0
0
2
2
5
3
3
3
3
6
4
4
1
7
7
2
2
2
-1
3
1
2
3
3
3
5
5
2
3
5
5
3
3
4
5
1
4
7
7
4
5
5
6
4
-1
-1
3
4
3
4
4
4
3
2
3
2
3
1
2
-1
0
-2
-2
-2
0
-1
-3
0
3
3
-1
-1
0
-2
-1
-3
-3
1
1
-1
0
-5
-5
1
0
-1
-1
0
0
3
1
1
3
0
0
2
-4
-2
-3
-4
-4
-10
-6
-7
-7
-8
-11
-11
-12
-11
-15
-17
-19
-18
-18
-17
-17
-17
-16
-17
-18
-17
-19
-24
-26
-24
-25
-22
-20
-21
-20
-21
-16
-21
-21
-22
-22
-19
-20
-19
-17
-19
-18
-13
-12
-13
-8
-9
-9
-7
-8
-8
-7
-5
-7
-9
-4
-6
-4
-5
-7
-1
0
-2
-1
-1
1
0
1
5
5
5
5
4
6
11
7
9
9
7
13
9
13
13
9
12
10
11
11
15
14
14
16
18
18
18
18
12
17
18
17
16
17
14
17
17
17
19
22
20
16
14
17
22
18
20
23
20
16
19
20
18
17
16
17
16
14
12
11
12
17
18
21
17
15
15
15
14
11
14
11
11
9
6
8
9
8
9
8
5
8
8
8
6
7
6
2
2
4
4
3
4
0
0
-2
-2
1
0
0
0
-5
-3
-1
-6
-8
-6
-5
-6
-7
-5
-6
-10
-9
-7
-6
-6
-8
-9
-7
-12
-9
-5
-9
-9
-9
-7
-5
-6
-11
-10
-11
-12
-12
-10
-16
-16
-15
-16
-16
-16
-13
-12
-12
-13
-11
-11
-13
-12
-13
-10
-9
-10
-10
-10
-11
-13
-12
-13
-11
-13
-14
-12
-11
-14
-10
-11
-9
-10
-9
-12
-12
-11
-10
-7
-9
-5
-10
-9
-9
-5
-4
-6
-7
-9
-10
-12
-10
-3
-1
-2
-1
-5
-5
-1
-5
-5
-4
-6
-3
-4
-1
-2
-7
-1
-1
-2
-2
-3
-3
-5
-1
0
1
5
0
3
5
4
2
4
4
8
3
2
8
3
3
5
4
0
4
5
3
2
2
2
0
5
3
1
4
2
0
1
2
-3
4
3
1
3
6
4
6
12
9
5
5
2
4
1
-1
3
3
6
7
5
0
4
6
3
5
8
4
4
0
-1
4
6
3
4
4
0
2
1
3
2
5
5
1
1
3
1
5
4
3
2
2
0
0
1
1
-1
-1
-2
3
4
1
5
3
3
5
3
5
9
4
2
1
6
5
6
8
3
7
7
4
5
7
8
6
8
10
7
6
3
3
1
2
1
0
1
1
2
5
3
3
4
6
7
4
4
6
8
6
4
8
6
5
5
6
6
8
8
6
5
1
5
5
3
4
3
5
0
1
5
4
2
4
3
2
5
1
2
2
0
2
6
4
4
7
5
7
6
5
1
4
3
2
0
4
4
0
4
1
-1
0
1
-2
-5
-3
-2
-2
-7
-6
-5
-7
-3
-4
-4
-4
-5
-6
-8
-8
-7
-7
-9
-9
-6
-6
-1
-5
-5
-3
-7
-4
-5
-7
-11
-9
-10
-8
-2
-2
-2
0
-2
-4
-5
-6
-8
-10
-6
-6
-11
-12
-8
-8
-2
-5
-5
-4
-6
-5
-7
-6
-5
-8
-4
-3
-3
2
1
-1
-1
-6
-3
-5
-9
-3
-4
-2
-2
-6
-5
-3
-8
-6
-5
-7
-3
3
1
0
2
1
