SAMPLES:	15993
BITSPERSAMPLE:	16
CHANNELS:	1
SAMPLERATE:	16000
NORMALIZED:	FALSE
2
-2
1
1
1
3
5
9
5
2
1
2
1
0
-2
3
3
-1
5
1
0
2
2
7
3
0
1
0
-3
-4
-3
-5
-6
-5
-3
3
3
3
-1
-4
2
-3
-3
-1
-1
4
1
-6
3
3
-3
0
4
5
2
0
1
-3
0
2
4
2
-2
4
4
0
0
-3
-1
4
3
2
-3
-1
-2
-1
1
-1
-4
-4
-4
-2
0
1
0
3
4
0
-1
-4
-2
-5
-3
0
-2
0
-1
-2
-3
-3
0
-3
-4
-4
-6
-3
0
-3
-1
-8
-6
-5
-3
2
1
8
2
-2
4
5
1
0
-2
3
6
3
2
2
2
6
4
1
-1
-1
-1
3
6
3
-1
-7
-4
1
3
3
6
4
2
2
0
-2
-3
-3
-2
1
-5
-3
-4
-2
3
1
2
0
3
5
5
5
1
-1
0
-5
3
2
-1
5
4
1
3
4
2
-1
5
0
3
2
-4
0
-3
-3
1
0
1
4
2
4
4
5
2
1
3
-1
1
0
3
2
5
3
1
2
2
3
4
0
3
6
0
-5
-4
-2
-1
1
-1
-4
-7
-6
-6
-7
-7
-6
-7
-4
-4
-6
-7
-4
-4
-6
-3
-4
-7
-4
-4
-4
-2
-3
-3
-3
2
-3
-6
-4
-3
-1
-7
-5
-5
-7
-4
-2
-3
0
1
-1
4
-1
-3
-2
0
4
0
3
7
4
4
8
6
4
3
3
6
6
3
4
2
-2
6
3
4
10
7
6
5
5
6
0
-4
-1
1
1
0
0
2
-1
-6
-1
0
2
0
0
5
0
-3
2
0
0
2
3
0
-1
1
5
0
0
-3
-2
-3
-5
-6
-7
-3
-6
-5
-6
-8
-4
-4
0
1
-2
4
4
0
2
-2
-1
2
3
-2
-2
1
0
-1
-5
0
0
-2
1
-3
-2
2
3
3
-2
1
7
5
2
2
2
0
-2
0
3
1
-2
0
0
4
5
3
1
3
4
1
2
-1
0
-1
4
2
0
3
2
-4
-3
-2
-6
-1
-1
-1
-1
-1
1
-1
-1
3
0
-1
-3
-4
2
-1
2
-2
-2
-2
-6
0
0
2
-1
1
6
4
3
4
1
1
2
7
5
1
1
6
0
6
6
1
0
5
6
2
3
3
4
2
5
5
1
0
-2
2
0
1
1
0
4
5
6
1
0
3
2
2
5
5
4
6
3
0
5
7
6
2
3
0
2
-2
-1
-1
-4
0
2
3
-4
1
3
-1
2
3
-1
-4
-1
0
0
2
1
-2
-2
-1
-4
-1
-1
-1
1
-3
-6
-6
-6
-4
-4
-7
-4
0
2
-2
-3
-2
-1
-2
-2
-3
-4
-7
-5
-7
-7
-3
-5
-3
-4
-7
-11
-8
-10
-4
-2
-9
-7
1
2
2
-3
2
3
1
1
0
-2
-5
-3
-3
-3
-3
-2
-3
1
-1
1
4
6
5
4
5
2
5
6
5
5
4
8
5
5
1
-2
3
0
2
-2
0
6
7
6
4
5
7
5
-1
-1
-2
-3
-3
-3
-1
-2
-4
-3
-1
-3
-7
-3
-2
0
-1
-1
5
3
3
1
0
-2
-6
-2
1
2
-1
-2
-2
-2
1
-4
-4
-5
2
5
-1
0
0
-2
-2
1
-1
-1
-3
-2
3
1
-2
3
5
3
6
8
2
2
-1
1
3
0
-1
4
1
-4
-3
-3
-2
-2
1
4
2
0
0
-4
-1
-3
-4
-4
-7
-8
-9
-5
-4
-3
-6
-8
-7
-4
-3
-3
-7
-7
-3
-6
-6
-7
-4
-4
-5
-3
-3
0
-3
-2
-1
0
-3
-3
-2
1
-5
-3
-4
-2
0
-5
3
7
4
5
5
1
2
-2
-2
3
3
4
5
2
1
-1
4
0
-2
1
4
4
2
3
4
8
9
6
5
9
6
6
8
8
8
3
-1
4
2
-2
-2
2
2
0
1
0
-2
1
1
1
0
4
5
-1
3
2
-2
-3
-3
-3
3
3
1
5
6
5
4
3
2
5
4
2
-1
1
1
-2
-1
-1
-6
-5
-5
-9
-11
-8
-8
-5
-6
-7
-7
-4
-2
0
4
2
2
4
3
-1
0
2
-2
-1
1
-2
3
5
0
-1
-3
-2
-6
-7
-5
-4
-2
-6
-7
-5
-9
-4
-8
-6
-2
-5
-5
-2
-5
-4
-5
-3
-3
-3
-4
-5
-5
-2
-2
0
2
-1
0
-4
-3
2
2
7
5
4
-1
-1
3
-2
-3
1
3
2
5
3
1
2
3
6
3
5
6
4
1
-2
-2
-4
-4
-2
0
5
7
9
7
3
4
-1
-2
-1
-6
-6
-6
-5
-3
0
4
5
1
2
-1
-2
2
-2
-1
-3
1
-1
-6
-1
-5
2
2
3
2
-3
-1
2
7
4
6
4
7
12
6
9
10
6
8
9
7
8
8
3
5
6
6
8
3
6
4
5
5
5
8
5
4
0
3
2
1
4
1
2
1
-1
-5
-5
-9
-3
-4
-3
-2
0
2
3
2
2
0
-4
2
-2
-1
-6
-7
-11
-8
-6
-4
-2
-5
-6
-8
-5
-8
-7
-2
-1
1
-1
-2
-6
-7
-3
-2
-3
-4
-5
-1
1
-4
-3
-1
1
-1
3
3
4
0
0
0
-4
0
-1
1
-3
1
-3
-4
-2
-3
1
0
2
3
1
3
2
8
4
-1
3
2
4
4
5
7
6
1
-1
0
-1
0
2
2
1
1
3
8
4
5
10
7
8
5
4
5
4
5
4
5
7
7
5
0
-2
-3
-3
-1
-5
1
1
0
2
3
0
1
0
2
0
-4
-6
-9
-8
-7
-2
-8
-3
0
-1
-2
-1
-3
0
-2
-3
-3
-4
-3
-5
-6
-3
0
1
3
0
-5
-2
-1
3
5
3
3
2
4
2
3
4
6
5
2
2
-1
-3
-7
-5
-2
-3
1
2
4
8
8
4
-1
1
-1
-1
2
3
0
-5
-3
-5
-8
-6
-5
0
-4
-2
-1
-3
-1
-4
-6
-9
-10
-10
-7
-6
-3
-3
-4
1
3
5
9
7
7
0
-7
-7
-14
-14
-16
-13
-7
-9
-9
-6
-3
-1
1
4
9
8
4
4
1
-4
-6
-4
0
-2
-5
0
-1
2
9
12
16
17
18
15
13
8
1
2
-2
-5
-5
-7
-4
-1
5
4
4
4
5
7
8
8
4
5
1
-1
-1
-3
-5
-4
0
-4
-4
-4
4
5
4
9
8
7
9
13
8
8
7
-1
0
-4
-9
-7
-5
-4
2
3
3
2
1
2
4
6
5
3
4
1
-2
1
-1
-1
-5
-3
0
3
3
2
2
3
3
0
0
1
1
-1
5
3
2
-2
-3
-2
-3
-3
-6
-2
-1
0
-5
-3
0
-1
2
2
1
-1
0
0
4
-2
1
4
1
-1
1
3
-4
-1
1
0
0
1
-3
-4
-1
-5
-9
-12
-9
-6
-9
-5
-4
0
-2
0
-1
0
-4
-3
-3
-5
-4
0
1
0
5
1
0
-5
-2
-2
1
2
0
0
-1
3
3
5
1
-3
1
-2
-1
-4
-4
-3
-4
1
-1
0
3
7
7
2
2
3
-2
-6
-3
-6
-11
-11
-3
1
0
5
5
8
12
15
15
17
20
23
15
15
15
10
8
2
-3
-6
-12
-18
-19
-21
-19
-17
-18
-19
-8
-1
4
11
12
9
8
12
8
10
7
7
8
6
2
0
-7
-5
-4
-8
-6
-6
-6
-2
-3
-9
-11
-14
-7
-10
-9
-6
-4
-2
-3
3
-2
-6
-10
-8
-11
-11
-14
-12
-10
-9
-7
-6
-6
-2
5
7
6
8
10
5
8
11
10
8
0
3
-7
-3
-4
10
-16
-61
-79
-111
-97
-106
-92
-92
-65
21
26
29
-34
1
46
73
103
69
62
58
53
16
-22
-14
27
21
32
-1
-1
27
33
65
34
54
79
68
65
16
-24
-24
-3
14
-4
-8
3
-6
-18
-1
-18
8
44
63
44
15
21
0
-4
6
4
5
9
22
-5
-22
-8
-1
-4
-1
-4
-9
-7
-4
-14
-34
-23
-15
-8
-3
-28
-23
-6
-2
2
1
7
18
27
28
8
4
15
12
15
29
21
28
26
16
6
10
19
10
14
2
1
-3
-10
-14
-15
-9
-13
-18
-24
-31
-27
-16
-10
-10
-14
-13
-9
-12
-18
-12
-14
-7
-6
-9
-17
-12
-12
-8
-5
-4
-2
-5
3
-5
-13
-8
-6
-11
-5
-9
-10
-10
-13
-7
-4
-1
-2
-6
-11
-15
-6
0
-1
0
-5
-7
-7
-5
-3
3
5
2
-4
-9
-6
-9
-7
-1
-5
-7
-8
-6
-7
-10
-7
-9
-14
-12
-9
-4
-7
-4
-4
-3
0
0
-7
-6
-6
-8
-2
0
-2
0
3
-1
1
4
7
9
5
2
5
2
4
8
11
9
5
-1
5
1
-2
-1
-1
8
-1
3
5
3
4
2
6
7
8
5
0
0
4
1
-4
-4
-5
-5
-2
-4
-5
-4
-1
0
-1
-3
-3
-3
0
0
-4
-4
-4
-4
-4
-3
-4
-8
-5
-1
-4
-1
0
-1
0
1
8
6
4
1
4
7
4
4
1
1
2
0
5
5
5
1
2
5
3
4
7
8
8
8
7
8
7
5
4
7
7
4
5
6
11
9
8
8
3
6
2
6
8
5
4
4
4
5
4
-1
5
8
6
6
5
5
6
5
6
8
11
10
8
6
2
1
0
-1
0
2
4
5
2
0
2
6
2
5
3
2
4
3
2
2
4
2
4
3
3
3
2
-3
-3
-3
-7
-1
-1
-1
5
4
2
5
4
0
2
1
-6
-4
-3
-2
-2
-5
-6
-2
-3
-2
1
-2
-1
-5
-4
-8
-7
-6
-7
3
2
-1
-3
-4
-9
-3
-8
-7
-7
-11
-6
-8
-3
-5
-4
-4
-3
-6
-5
-4
0
-3
-2
-2
-6
0
-1
0
-2
3
2
2
0
-1
6
0
3
6
4
2
1
3
1
0
1
-1
4
4
5
12
10
8
7
6
2
-2
2
4
7
6
-1
3
1
-1
2
5
3
7
5
2
-2
0
-4
-6
1
3
-1
-3
0
-1
0
-6
-4
0
-1
-1
-1
-3
-1
0
-3
-1
-2
-4
-6
-5
-2
-1
-2
0
0
-2
-1
1
4
1
-1
-3
-8
-7
-5
-7
-2
-1
1
2
1
0
-2
-3
-3
-2
1
-1
0
0
-2
-1
-1
1
2
3
1
2
-4
-4
-3
-2
1
0
6
3
4
5
5
1
1
1
-1
2
3
1
1
2
1
-2
-7
-5
-3
-2
-2
1
2
-1
1
3
-1
1
4
0
-2
-2
-2
0
0
2
0
-1
2
1
-1
0
1
4
2
2
4
-4
-7
-2
-2
-3
-7
-3
0
-2
-1
0
3
1
5
3
1
-3
-1
2
-2
-1
2
3
1
2
2
2
0
1
-2
1
5
11
9
8
11
7
9
7
4
5
6
-1
2
1
-2
-3
0
-3
-2
2
-1
-4
1
1
-5
-4
-2
-1
3
3
-1
0
-3
-2
-3
-3
-4
-1
-1
-2
-2
-2
2
-1
-3
1
-3
-5
-1
-2
-2
-1
2
-2
-8
-5
-5
-4
-4
-6
-6
-10
-5
-6
-7
-3
-6
-7
-5
-3
-4
-2
-2
-2
0
2
8
9
8
6
7
1
1
-1
-3
-5
-3
1
2
3
1
-2
-1
-2
-6
-9
-6
-2
-1
-4
-2
-1
-7
-1
-3
-3
-1
-4
-5
-4
-6
-7
-10
-6
-8
-9
-4
0
-1
-3
2
5
5
3
-1
1
2
3
-1
-4
-1
-5
0
-2
-6
-5
-7
-5
-6
-6
-7
-9
-8
-3
-2
-6
-4
-1
1
-3
-5
-2
-3
-4
-3
0
0
0
4
0
1
0
-2
-1
-7
-3
-3
-2
-1
1
1
4
7
4
9
9
8
7
4
2
3
2
5
9
7
7
11
11
10
11
8
5
8
7
5
5
5
9
5
4
7
8
8
-2
-4
-3
-4
-7
-3
0
-4
-6
-3
-3
-5
-3
-3
-2
-5
-6
-6
-2
-5
-5
-1
1
7
6
2
1
4
6
11
9
7
5
6
11
6
7
3
-2
4
0
-3
-2
-4
-1
-3
-4
-1
2
2
4
8
5
7
4
4
4
1
8
6
8
8
5
7
4
1
-2
-4
-2
-3
-4
-6
-1
-3
-4
-1
-3
0
1
0
-1
-7
-7
-10
-12
-7
-7
-3
-3
-4
-3
-3
-4
-3
0
1
4
5
2
4
4
0
2
-4
-3
-3
-2
-5
-9
-12
-11
-10
-11
-7
-8
-6
0
-5
-5
-5
-1
-2
-6
-7
-5
-4
-4
-5
-2
1
-6
-9
-11
-12
-4
-10
-15
-11
-6
-3
2
3
0
-2
-5
-7
-2
-2
-2
0
-1
4
5
5
3
1
-1
3
0
3
5
1
0
5
2
1
7
4
5
5
12
10
11
13
12
13
10
6
4
1
0
0
1
-4
-7
-2
-5
-5
-5
-5
-3
-3
3
6
10
12
11
13
10
8
8
7
6
6
7
4
-1
0
3
1
3
3
3
2
1
5
6
8
7
6
5
1
0
3
-1
-1
-5
-7
-9
-10
-8
-14
-15
-15
-16
-15
-13
-5
-3
-3
0
7
5
5
9
13
14
12
15
14
16
9
8
4
3
0
-6
-2
-1
1
0
0
2
3
3
4
11
13
11
11
13
13
12
12
14
8
7
7
4
4
1
2
-2
-3
-1
-1
-2
4
3
6
10
13
7
2
1
-2
-3
-4
1
0
-6
-8
-11
-11
-12
-20
-15
-20
-18
-19
-18
-15
-14
-16
-14
-11
-6
-3
-5
-10
-8
-14
-12
-9
-11
-6
-6
-5
-7
-9
-5
-6
-12
-15
-11
-15
-10
-7
-8
-4
-4
-3
0
3
2
6
7
9
11
14
18
17
18
24
23
23
22
17
15
11
9
6
8
6
6
6
6
5
0
0
-3
-4
-2
1
0
-4
-1
2
-2
0
-1
-2
0
1
3
0
-3
-3
0
1
0
-2
-1
-3
-2
-4
-3
-2
-6
-10
-9
-11
-13
-13
-13
-17
-15
-17
-23
-19
-20
-21
-21
-22
-28
-29
-28
-27
-25
-20
-14
-12
-4
-1
-1
1
1
1
-4
-11
-11
-8
-12
-12
-10
-9
-11
-12
-13
-17
-18
-19
-20
-19
-15
-16
-15
-14
-10
-4
-8
-4
-9
-9
-7
-9
-3
-2
-1
3
6
4
3
0
-3
-5
-6
-9
-6
-9
0
1
2
9
7
10
8
6
7
8
11
11
12
13
12
9
18
23
22
25
26
27
26
26
25
26
26
25
25
29
30
29
29
30
28
29
24
21
16
14
17
20
17
17
15
11
9
0
-7
-10
-8
-9
-3
-2
2
7
3
3
3
0
-3
-5
-1
1
4
3
4
-1
-7
-6
-13
-15
-15
-13
-8
-1
5
4
3
7
9
5
8
5
7
0
3
3
0
-3
-6
0
-1
3
7
12
17
21
23
20
22
24
21
17
13
14
14
15
16
14
8
1
0
2
6
5
3
8
6
5
4
6
9
5
5
2
1
-1
0
3
1
1
6
8
4
4
-1
-1
-2
-7
-6
-7
-6
-6
-5
-6
-4
-3
-8
-3
-3
-3
-4
3
5
5
10
8
7
9
6
2
8
2
3
1
-7
-8
-15
-15
-17
-16
-17
-9
-9
-3
-2
-7
-7
-12
-8
-11
-6
-5
-1
-2
-3
1
-6
-2
-5
-11
-13
-16
-19
-12
-10
-7
-9
-5
1
7
16
16
17
20
24
22
17
10
7
2
-4
-8
-5
1
-1
0
3
12
18
18
18
18
19
23
22
20
21
23
27
31
31
25
20
18
18
5
2
-7
-10
0
-1
-1
-8
-15
-18
-27
-29
-19
-19
-17
-11
-5
-6
-7
-15
-16
-11
-15
-15
-15
-7
3
3
4
1
-3
-5
-4
1
1
3
6
6
-4
-8
-18
-17
-20
-22
-19
-17
-10
-4
2
-7
-11
-8
-8
-13
-17
-19
-22
-26
-26
-21
-15
-12
-7
-2
-4
-2
0
3
1
2
-2
-5
-10
-13
-10
-13
-15
-19
-21
-19
-16
-16
-21
-28
-28
-34
-36
-37
-35
-33
-34
-32
-30
-28
-26
-27
-25
-19
-10
-12
-8
1
-5
3
4
0
-5
-10
-15
-9
1
6
5
7
13
16
22
17
15
11
10
11
17
18
25
27
26
24
14
14
7
5
4
5
3
1
3
1
-2
-3
-8
-10
-13
-13
-9
-8
-8
-9
-8
-8
-6
-6
-9
-7
1
10
16
25
23
20
15
12
8
4
0
-4
-5
-8
-5
-6
-9
-9
-4
3
3
9
16
18
23
18
11
10
8
7
9
5
10
15
20
14
8
5
-3
-4
-3
-2
1
-2
-7
-9
-10
-11
-12
-8
0
-1
-4
-5
-9
-7
-14
-17
-14
-12
-8
3
10
14
12
9
6
4
9
15
14
16
18
22
23
25
28
24
20
27
34
34
37
34
28
19
20
14
3
1
-2
0
-2
-3
0
6
6
4
0
-3
-3
5
9
13
20
17
21
22
16
9
4
5
4
5
-3
-5
-8
-9
-10
-13
-15
-9
-5
-4
-1
1
1
-2
-4
6
2
7
6
-2
-2
-9
-11
-17
-17
-10
-4
-2
6
10
9
9
9
14
13
16
25
31
27
28
20
11
8
7
4
3
-2
-5
-11
-8
-7
-16
-25
-35
-38
-37
-34
-36
-29
-23
-19
-14
-11
-7
-6
-5
0
5
12
10
16
20
30
32
29
26
19
16
19
17
18
16
18
20
13
8
-4
-6
-4
-7
-7
-6
-5
-5
-13
-12
-14
-18
-23
-35
-39
-45
-54
-63
-68
-75
-69
-68
-65
-68
-60
-55
-54
-54
-58
-43
-31
-27
-16
-12
-4
2
0
4
7
16
20
16
22
25
30
29
24
26
31
37
39
40
37
30
31
36
35
39
43
46
38
44
35
31
28
20
19
15
12
14
21
27
29
31
30
29
31
27
27
33
32
32
36
33
37
36
33
32
34
42
45
41
42
40
38
46
45
36
31
19
16
11
3
6
6
10
8
8
8
4
2
-3
-3
-5
-9
-10
-7
-2
1
4
-4
-11
-13
-14
-12
-14
-12
-17
-21
-16
-17
-10
-5
-13
-13
-12
-11
-12
-15
-11
-13
-7
-5
-6
-10
-13
-12
-7
-6
-10
-15
-13
-16
-15
-21
-32
-44
-52
-57
-66
-66
-71
-68
-65
-50
-35
-28
-27
-28
-23
-33
-33
-33
-32
-25
-30
-28
-35
-39
-37
-41
-37
-35
-31
-21
-14
-6
-7
-8
-23
-21
-19
-18
-21
-24
-18
-8
-3
-1
-1
1
1
-2
4
-5
-4
-3
3
7
18
16
9
-2
-6
3
14
18
7
8
6
14
16
12
5
14
20
15
12
18
25
29
27
20
10
12
11
5
6
9
11
8
14
22
27
25
26
19
29
42
52
47
32
32
36
40
30
29
18
15
17
2
0
-4
-10
-10
-26
-28
-24
-21
-18
-9
-5
-4
-1
9
6
-1
-9
-16
-15
-8
-13
-22
-30
-28
-15
-6
0
-5
-8
-11
-12
-5
1
1
-10
-24
-26
-28
-31
-45
-53
-50
-44
-36
-40
-44
-49
-47
-40
-43
-50
-58
-54
-54
-57
-60
-53
-47
-35
-35
-35
-35
-34
-21
-15
8
25
31
38
44
59
68
67
59
51
50
60
62
70
61
62
63
52
44
38
27
38
23
24
14
14
18
2
7
-8
-4
-7
-10
-11
-22
-24
-25
-20
-12
-2
2
-1
7
10
17
17
25
24
36
34
25
11
12
22
36
36
26
16
27
31
25
20
21
26
16
13
8
10
-1
-12
-26
-18
-14
-3
-7
-13
3
4
6
-9
-7
-4
-5
-7
-12
-18
-16
-14
-7
-11
-16
-25
-21
-11
0
10
5
5
-2
-9
-19
-11
-8
2
-14
-28
-32
-27
-16
-15
-14
-12
-17
-20
-18
-6
0
1
-11
-18
-14
-2
16
28
8
-2
-3
10
15
17
13
6
5
17
20
14
23
19
22
14
22
33
46
54
55
57
57
53
53
48
58
65
61
63
58
70
74
73
63
30
19
15
17
15
3
-1
1
3
20
24
22
25
15
24
21
45
49
32
11
-11
-10
-14
-11
-15
-13
-16
-14
-13
10
16
30
4
-15
-26
-37
-20
-28
-39
-64
-68
-65
-63
-52
-52
-61
-75
-80
-73
-64
-63
-71
-88
-92
-83
-61
-69
-73
-80
-82
-86
-76
-62
-51
-56
-64
-64
-57
-46
-44
-54
-74
-69
-69
-46
-39
-22
-31
-43
-48
-40
-18
-9
3
4
14
10
19
15
22
16
24
8
9
12
26
28
37
54
49
40
31
48
54
67
52
46
33
48
64
62
52
51
50
66
71
75
62
42
42
40
39
26
23
21
25
39
54
49
38
45
43
49
53
47
44
29
41
39
43
40
46
54
44
36
31
23
26
43
51
39
19
9
0
12
11
-5
-5
3
24
30
35
26
22
19
23
18
13
2
-13
-17
-17
-5
-16
-35
-50
-33
-21
-16
-17
-18
-18
-11
9
0
10
-27
-15
-47
-38
-55
-69
-87
-98
-86
-85
-111
-128
-140
-144
-138
-153
-138
-199
-168
-194
-162
-181
-160
-172
-178
-167
-149
-132
-120
-129
-122
-104
-84
-66
-66
-53
-50
-42
-49
-53
-40
-15
-14
-5
2
1
-3
0
16
9
-8
-20
-39
-25
-23
-28
-43
-50
-35
-34
-35
-31
-24
-13
2
16
33
36
35
40
53
85
108
101
101
107
140
168
177
174
171
188
207
217
219
206
224
232
234
230
222
220
211
206
208
208
212
199
201
203
214
203
195
187
201
219
214
201
181
202
216
225
205
207
197
209
206
227
209
217
186
186
195
199
206
170
176
161
163
144
120
91
96
92
111
72
39
2
-11
-4
-29
-79
-153
-207
-213
-222
-249
-310
-355
-414
-451
-473
-499
-557
-601
-650
-668
-666
-674
-671
-717
-736
-748
-732
-739
-779
-786
-754
-736
-715
-727
-716
-706
-666
-611
-585
-566
-565
-522
-447
-399
-365
-337
-295
-245
-212
-159
-124
-90
-57
-39
-6
43
88
117
126
167
205
250
254
249
287
341
366
373
380
419
461
471
471
475
521
552
564
587
605
645
667
670
676
691
719
708
686
689
695
704
697
681
679
679
691
693
705
701
702
689
671
653
634
621
591
573
535
506
477
469
449
427
421
434
432
449
447
435
419
425
431
440
466
486
511
526
574
606
616
658
675
701
708
655
631
517
388
178
-20
-169
-454
-763
-1136
-1400
-1659
-1898
-2119
-2391
-2581
-2737
-2830
-2926
-2921
-2901
-2800
-2817
-2745
-2648
-2427
-2283
-2139
-1981
-1807
-1609
-1352
-1140
-930
-705
-474
-256
-98
134
358
537
670
780
900
1031
1118
1167
1151
1176
1177
1146
1072
991
930
854
747
620
504
380
283
182
60
-66
-122
-183
-223
-264
-244
-241
-223
-168
-90
-37
36
121
231
339
464
554
601
657
714
798
850
855
842
833
824
844
835
788
719
673
652
620
565
507
455
426
410
378
336
282
269
253
252
259
241
250
270
338
389
448
509
567
646
731
809
847
871
936
1013
1072
1092
1105
1115
1093
1098
1050
1006
938
894
810
760
709
661
596
539
494
473
431
429
377
425
397
413
445
484
517
373
147
-148
-332
-473
-803
-1189
-1555
-1912
-2129
-2369
-2517
-2788
-2932
-3057
-3163
-3074
-2977
-2908
-2882
-2814
-2640
-2432
-2210
-2115
-2059
-1872
-1633
-1398
-1262
-1097
-884
-636
-392
-208
-46
109
289
487
621
716
800
878
945
1016
1050
1060
960
896
826
819
758
613
432
297
208
177
59
-77
-223
-266
-256
-296
-337
-356
-306
-242
-151
-82
-5
88
204
301
390
476
551
638
754
817
875
891
897
889
898
910
866
803
732
680
683
656
599
502
442
424
405
382
301
254
261
286
288
273
272
293
339
401
437
479
555
631
724
826
905
965
1006
1063
1117
1174
1219
1194
1158
1155
1160
1138
1075
997
929
869
776
656
534
443
369
335
276
202
96
68
70
81
83
72
93
107
163
226
304
286
152
-37
-249
-467
-673
-953
-1211
-1551
-1755
-2036
-2189
-2390
-2508
-2633
-2684
-2703
-2752
-2709
-2598
-2529
-2455
-2342
-2223
-2138
-2013
-1847
-1752
-1577
-1425
-1249
-1120
-884
-670
-472
-279
-124
48
237
416
547
613
738
797
871
906
926
903
866
810
723
653
594
478
351
252
185
85
25
-75
-136
-165
-180
-195
-208
-151
-114
-44
29
95
195
283
376
453
552
660
714
782
832
888
935
945
940
916
902
882
851
831
777
735
691
653
585
553
536
474
430
398
380
378
373
362
361
395
424
459
530
601
706
816
894
974
1051
1141
1170
1217
1251
1227
1243
1211
1181
1139
1135
1114
1063
1025
986
997
997
1013
951
977
972
1009
1022
1084
1117
1197
1298
1425
1523
1273
789
309
41
-480
-1095
-1687
-2334
-3101
-3556
-3889
-4219
-4496
-4732
-4897
-4978
-4692
-4418
-4157
-3907
-3689
-3346
-2898
-2513
-2282
-2079
-1741
-1413
-1148
-838
-570
-258
12
365
648
814
1001
1209
1381
1491
1600
1635
1594
1537
1566
1510
1398
1196
884
695
549
401
114
-142
-338
-491
-558
-633
-757
-810
-792
-713
-658
-540
-415
-275
-96
95
311
507
661
797
948
1138
1251
1326
1329
1348
1400
1398
1337
1194
1079
961
868
737
534
341
180
51
-34
-124
-208
-306
-340
-362
-318
-280
-240
-207
-159
-32
108
254
345
456
619
799
967
1079
1168
1284
1398
1530
1605
1672
1700
1717
1733
1703
1670
1543
1433
1321
1185
1033
841
666
493
406
311
211
125
60
52
108
204
270
358
513
640
851
1096
1278
1474
1710
1928
2226
2477
2093
1417
701
402
-251
-1025
-1871
-2859
-3719
-4393
-4841
-5172
-5433
-5664
-5959
-5867
-5405
-4954
-4500
-4167
-3804
-3418
-2804
-2276
-1979
-1733
-1389
-1004
-701
-364
-31
282
555
916
1301
1492
1674
1838
2022
2079
2133
2081
1903
1734
1561
1338
1122
758
305
-99
-345
-516
-841
-1068
-1325
-1402
-1378
-1285
-1203
-1216
-1091
-825
-550
-290
-115
210
458
711
970
1257
1483
1596
1694
1762
1932
1993
1959
1781
1719
1617
1435
1202
969
627
416
171
-103
-319
-541
-650
-788
-806
-854
-779
-728
-683
-497
-358
-149
-21
164
391
593
848
1036
1219
1396
1570
1764
1896
2015
2067
2105
2198
2211
2205
2069
1939
1831
1683
1526
1254
1044
809
578
451
267
184
-17
-98
-88
-12
123
105
180
281
483
708
948
1173
1431
1655
2033
2399
2842
3239
2755
1938
966
549
-234
-1454
-2614
-3952
-5043
-5944
-6622
-7035
-7196
-7180
-7357
-7124
-6213
-5364
-4506
-3785
-3022
-2449
-1662
-973
-587
-334
-64
254
296
507
704
977
1140
1322
1636
1753
1922
1992
2045
2114
2044
1840
1448
1186
963
497
148
-348
-768
-1290
-1520
-1556
-1694
-1696
-1784
-1598
-1351
-944
-604
-423
-132
192
540
801
953
1188
1374
1551
1619
1691
1875
1927
1939
1816
1809
1808
1678
1409
1101
911
619
241
-195
-565
-832
-1007
-1208
-1402
-1456
-1388
-1196
-1010
-779
-500
-208
80
343
662
974
1191
1346
1460
1649
1818
1929
1963
1982
2066
2104
2107
2067
1998
1894
1791
1676
1515
1325
1104
916
698
486
309
149
126
3
-5
-3
76
200
276
445
679
952
1130
1268
1504
1816
2034
2310
2400
2646
2829
3156
3450
3726
4059
3200
2011
601
-151
-1350
-3135
-4869
-6555
-7828
-8923
-9669
-10042
-9818
-9343
-8984
-8262
-6572
-4868
-3375
-2274
-919
109
1123
1819
2122
2216
2239
2302
1912
1599
1499
1429
1305
1009
1018
1020
1020
914
667
614
569
297
-256
-778
-864
-1173
-1600
-2062
-2313
-2364
-2267
-1953
-1738
-1303
-765
-108
390
1019
1618
2106
2322
2345
2441
2515
2504
2168
1762
1606
1493
1304
898
713
601
532
290
101
-13
-141
-329
-626
-839
-977
-1137
-1297
-1447
-1405
-1154
-922
-700
-521
-45
430
871
1134
1318
1628
1847
1958
1865
1831
1845
1730
1600
1461
1470
1459
1327
1232
1127
1182
1140
1013
837
695
665
596
473
367
338
471
508
549
632
822
1138
1267
1398
1485
1736
1841
1831
1869
1936
2073
2055
2061
2122
2140
2361
2277
2255
2303
2468
2854
3118
3748
2916
1872
191
-1010
-2514
-4623
-6361
-8771
-10132
-11382
-12074
-12152
-11485
-10118
-9068
-7265
-4845
-2528
-31
1590
3253
4154
4923
5122
4578
4008
2900
1987
712
-439
-1228
-1964
-2057
-2402
-2284
-2145
-1694
-1183
-1056
-628
-389
-169
-310
-590
-557
-709
-673
-857
-921
-661
-353
303
673
1326
1844
2293
2700
2710
2740
2396
2153
1640
963
380
-105
-421
-879
-993
-808
-569
-330
-216
176
506
895
922
825
734
620
403
31
-164
-368
-589
-664
-656
-504
-307
16
268
443
762
1003
1251
1163
1156
1120
1086
1031
837
789
800
919
946
960
1162
1260
1300
1235
1243
1230
1070
908
736
678
674
715
762
826
1062
1344
1613
1852
2010
2199
2234
2154
2041
1882
1696
1319
979
817
907
892
790
753
994
1461
1635
1870
1951
2519
2934
3517
4007
3584
2898
1455
81
-2110
-4267
-6235
-8552
-10516
-12039
-12632
-12566
-11672
-10186
-8710
-6126
-3209
-697
1544
3562
5332
5758
5915
5402
4346
3004
1324
-266
-2001
-3018
-3827
-4436
-4441
-4010
-3272
-2546
-1653
-852
-285
450
918
913
678
575
567
168
94
168
412
613
844
1223
1607
2117
2199
1982
1792
1518
988
278
-402
-928
-1440
-1681
-1755
-1590
-1119
-513
219
871
1463
2030
2410
2517
2297
2058
1628
1007
297
-307
-766
-951
-1269
-1390
-1455
-1141
-646
-495
-45
-18
383
552
649
826
712
923
966
999
1089
1259
1671
1602
1701
1674
1742
1761
1347
1116
676
587
279
-70
-108
-98
250
370
798
1333
1753
2366
2516
2951
2976
2951
2786
2402
2135
1513
1126
679
379
138
-42
75
165
536
682
1060
1544
1902
2229
2532
2887
3187
3478
4619
4780
4173
3020
1650
188
-2899
-5137
-8262
-10162
-12382
-14013
-14689
-14135
-12028
-10409
-8137
-4610
-991
2103
4169
6393
7553
7601
7166
5393
3597
1352
-502
-2791
-4766
-5450
-6104
-5903
-5479
-4462
-3322
-1911
-381
18
683
1487
1936
1478
944
1067
950
811
727
818
1241
1607
1886
1765
1953
2070
1582
707
-37
-522
-1413
-2059
-2490
-2698
-2469
-1848
-982
-306
833
2094
2844
3450
3634
3755
3304
2741
1862
727
17
-893
-1555
-2192
-2084
-1872
-1724
-1247
-844
-62
-17
524
650
609
790
467
734
517
873
1002
989
1553
1712
2081
2094
2198
2065
1478
1417
723
311
-235
-575
-615
-791
-310
-32
608
1287
1935
2706
2968
3464
3316
3307
3138
2591
2055
1351
1036
565
115
53
35
322
489
599
914
1334
1852
1987
1914
2194
2561
2889
3308
3413
4376
4701
4648
3768
2269
1136
-1929
-5108
-8664
-11128
-12841
-15113
-15718
-15803
-13458
-10531
-7712
-3924
-217
4076
6492
8013
9084
8626
7845
5240
2609
-267
-2730
-4379
-6706
-7432
-7511
-6520
-5330
-4376
-2549
-1232
492
1188
1257
1619
1614
1712
887
718
1126
1193
1553
1582
2226
2720
2780
2590
1606
1176
237
-874
-2168
-3189
-3638
-3963
-3570
-3072
-1993
-422
1129
2386
3489
4583
5173
5032
4418
3429
2368
1177
-181
-1466
-2224
-2534
-2811
-2827
-2381
-1665
-1003
-480
-269
227
527
843
741
586
856
1037
1366
1438
1728
2184
2406
2464
2122
1902
1535
955
248
-503
-756
-1008
-1080
-977
-567
203
891
1632
2260
2888
3457
3552
3473
3169
2961
2550
2002
1526
1058
773
673
415
441
574
867
1128
895
1087
1063
1470
1614
1468
1944
2322
3167
3471
4075
5407
5880
5949
4855
3767
2136
-683
-4820
-8903
-11992
-14093
-16343
-17476
-16970
-14664
-11320
-7602
-3464
925
5301
8272
9715
10123
9726
7959
5150
1635
-1439
-4123
-5962
-7683
-8518
-8103
-6681
-5351
-4073
-2518
-820
236
708
713
1079
1287
1256
999
1187
2163
2912
3433
3543
3911
4079
3502
2359
695
-837
-2196
-3611
-4796
-5610
-5298
-4567
-3416
-1992
-205
1982
3614
4743
5331
5809
5672
4696
3347
2050
953
-280
-1515
-2253
-2425
-2229
-2317
-2110
-1649
-982
-680
-690
-481
-443
-71
61
284
716
1224
2003
2320
2712
2927
2892
2711
1949
1229
299
-329
-1022
-1723
-1797
-1582
-914
-393
440
1498
2322
3052
3284
3521
3501
3162
2641
1927
1672
1326
1149
1038
1105
1416
1534
1818
1664
1661
1578
1573
1414
1089
771
588
895
920
1421
1763
2475
3132
3590
4550
5239
6103
5945
4779
3639
1603
-277
-3631
-7889
-11323
-14423
-15328
-16653
-16266
-14500
-11721
-7661
-4124
320
4133
7125
8913
8617
8555
7020
4827
1762
-1472
-3504
-5711
-6497
-7267
-7350
-6341
-5334
-3857
-3014
-1876
-726
-553
203
95
978
1463
1954
2527
2961
4309
4635
4608
4184
3347
2565
838
-689
-2394
-4010
-4780
-5542
-5278
-4726
-3447
-1800
-286
1620
2928
4313
5223
5126
4802
4080
3622
2497
1250
334
-520
-815
-1333
-1568
-1596
-1653
-1575
-1814
-1750
-1537
-1413
-1280
-1187
-472
309
1315
1984
2424
2960
3338
3447
2843
2070
1375
466
-448
-1254
-1542
-1502
-1296
-955
-285
747
1679
2270
2515
2762
2908
2704
2358
1964
1675
1557
1511
1627
1822
2236
2436
2475
2348
2150
1915
1315
814
472
283
521
327
535
703
1367
2292
2750
3372
3544
4176
4944
5502
6292
6201
5488
4092
1851
-280
-3260
-7618
-12037
-15434
-16525
-17294
-17229
-15406
-12062
-7354
-3201
1295
5435
8880
10423
9746
8461
6766
4146
740
-2973
-5180
-6887
-7417
-7493
-7285
-6281
-4977
-3404
-2724
-2143
-1252
-923
-489
-375
669
1876
2949
3920
4616
5831
6501
6087
4742
3073
1423
-865
-3090
-4892
-6187
-6724
-6661
-5674
-4098
-1983
312
2034
3463
4591
5343
5373
4835
4014
3052
2429
1664
895
266
83
-127
-664
-1303
-1587
-1974
-2538
-3087
-3158
-2806
-2219
-1549
-859
568
2058
3262
3736
4001
4119
3523
2655
1493
355
-616
-1453
-1993
-2097
-1490
-707
-27
678
1448
2229
2555
2602
2334
2016
1843
1630
1509
1594
1959
2318
2417
2642
2769
2942
2517
2085
1478
1057
633
302
243
550
1448
1611
1716
2215
2806
3336
3156
2454
2543
2780
3643
4191
4701
6003
5802
4673
2877
883
-905
-5901
-10790
-14764
-16350
-16411
-17507
-15779
-12727
-7559
-2930
664
5463
8658
10537
9641
7370
6153
3012
210
-3706
-5917
-6468
-7037
-6058
-6301
-5132
-3970
-3241
-2606
-3259
-2454
-2255
-1885
-1310
-403
2369
4025
5464
6228
7203
7992
6656
4621
1945
-411
-2687
-5236
-6428
-7092
-6776
-5872
-4416
-2017
105
2001
3156
3640
4168
4082
4023
3428
2687
2394
2114
2389
2168
1985
1575
713
-293
-1397
-2211
-3171
-4398
-4793
-4433
-3129
-1875
-406
1102
2372
3768
4297
4678
4065
3010
1720
440
-288
-1065
-1455
-1489
-1293
-714
-35
909
1270
1323
1364
1293
1389
1129
1241
1298
1581
2079
2554
3261
3490
3473
3183
2772
2431
1670
1037
408
55
203
526
911
1213
1649
2446
2908
3141
3006
2834
2690
2218
2323
2574
3396
4037
4748
6108
6543
5968
3778
1208
-1549
-5163
-10151
-14746
-17293
-17384
-16840
-15367
-12032
-7210
-2211
1659
5096
7983
9502
8522
6103
3530
1599
-713
-3008
-4799
-5252
-4969
-4646
-4217
-4240
-4182
-4138
-4513
-5078
-5225
-4078
-2579
-1086
914
3422
6309
7973
8440
8127
7326
5642
2729
-264
-2817
-4637
-6087
-6797
-6217
-4981
-3492
-1953
-416
881
1654
2023
2046
1947
2168
2456
2940
3391
3800
4415
4803
4389
3258
1667
216
-1670
-3626
-5172
-5730
-5445
-4939
-3680
-1825
311
2048
3072
3477
3695
3448
2872
1861
959
334
140
136
111
306
571
657
321
-93
-311
-442
-755
-944
-553
420
1475
2326
3218
3952
4479
4472
3946
3319
2424
1606
729
235
180
483
955
1267
1694
2136
2479
2459
2143
2006
2115
1670
1703
1668
2155
2724
2963
3781
4583
5294
6234
6559
6124
4378
1788
-355
-3220
-6275
-11218
-15058
-17297
-16823
-15200
-13306
-10507
-6530
-2151
1532
3983
6079
7059
6184
4256
1959
1286
-17
-1353
-3218
-3794
-3652
-3776
-4128
-5046
-5432
-5862
-6182
-6081
-5229
-3298
-1180
844
2988
5170
7313
8041
7514
6229
4699
3203
993
-1304
-3076
-4131
-4488
-4605
-4050
-3321
-2529
-1948
-1493
-740
92
746
1231
1741
2667
3888
4844
5272
5095
4619
3815
2624
1280
-172
-1688
-3063
-3890
-4101
-3687
-3212
-2481
-1617
-604
579
1473
1960
1750
1488
1471
1691
1644
1330
1362
1410
1231
988
735
663
251
-555
-993
-982
-489
-235
210
723
1529
2338
2900
3304
3291
3256
3070
2679
2372
2031
1979
1832
1699
1712
1865
1906
1859
1696
1765
1646
1332
1230
1459
1806
2125
2404
2553
3212
3270
4022
4286
4631
5573
6146
6592
4939
2500
213
-2160
-5519
-10884
-15439
-17198
-16686
-15519
-14002
-10996
-6190
-2509
997
3133
5469
6131
4847
3395
1586
1432
312
-471
-1738
-2455
-2414
-2772
-3793
-5397
-6491
-6806
-7410
-7325
-6080
-3496
-634
1297
3482
5659
7693
7966
6800
5310
3682
2167
237
-1294
-2302
-2797
-2773
-2824
-2758
-2587
-2452
-2410
-2610
-2315
-1541
-446
589
1494
2938
4516
5665
6017
5601
4764
3617
2062
626
-675
-1663
-2513
-3086
-3167
-2684
-2246
-1906
-1637
-1133
-481
39
185
558
1005
1780
2236
2404
2787
2855
2574
1763
938
515
115
-649
-986
-1202
-664
-280
246
737
1207
1772
2052
2338
2466
2684
2862
2830
2882
2978
3080
3081
2594
2359
1961
1758
1356
1116
894
915
879
1409
2069
2643
2910
2708
2997
2614
2820
2992
3377
3860
3797
4914
5592
5270
3862
1351
-840
-3852
-6648
-10403
-13868
-16532
-16123
-14002
-11335
-8904
-5378
-1590
824
2080
2430
3822
2985
1793
261
410
855
445
49
-810
-1411
-2650
-3814
-5168
-6451
-7090
-7070
-6305
-4728
-2501
314
2488
3797
4581
5375
5777
4888
3358
2058
1409
842
93
-324
-642
-961
-1697
-2434
-2813
-3018
-3183
-3160
-2647
-1510
-52
1477
2731
3488
4054
4445
4485
4014
3230
2368
1561
780
205
-414
-982
-1654
-2147
-2323
-2408
-2199
-2075
-1538
-1161
-639
220
1156
2092
2097
2227
2298
2459
2240
1670
1300
960
715
248
195
115
169
-91
-130
60
398
807
1062
1436
1740
2375
2916
3250
3358
3250
3181
2914
2532
2301
2050
1734
1140
945
1014
1592
1595
1784
1670
2013
2223
2239
2512
2473
2872
2989
3261
3937
4977
5850
6100
5205
3483
1539
-1077
-3621
-6683
-11034
-13842
-16188
-14849
-13080
-10592
-8186
-5724
-2909
-1180
296
635
1647
1203
1201
530
1388
1822
2285
1361
-138
-1146
-2877
-3791
-5654
-6530
-6823
-6572
-5206
-3814
-1545
374
1687
2616
2677
3412
3314
3292
2779
2196
2296
2150
2086
1420
374
-302
-1466
-2143
-3200
-3402
-3213
-2864
-2019
-1328
260
1291
2304
2557
2747
2876
3067
3201
3012
2713
2236
1961
1423
925
-52
-947
-1966
-2541
-2756
-2501
-1897
-1385
-1008
-824
-385
422
1163
1537
1557
1677
2044
2271
2413
2190
2055
1681
1171
703
228
182
-24
-102
-231
-47
492
972
1419
1539
1879
2191
2503
2773
2904
3158
3106
3041
2915
2738
2400
1892
1538
1307
1304
1194
1332
1410
1867
1955
2085
2395
2783
3401
3115
3457
3542
4158
5026
5237
5217
3126
1106
-1072
-3185
-5420
-9437
-12460
-15179
-14327
-12541
-10071
-7848
-6159
-3968
-2904
-1605
-1265
-124
403
1117
710
943
1709
2465
2537
1063
-770
-2792
-4003
-4676
-5165
-5166
-4942
-4263
-3025
-2015
-228
283
1212
1004
1048
1413
1822
2804
2809
3088
2742
2569
1971
986
41
-1033
-1723
-2252
-2467
-2261
-1912
-1155
-466
-16
350
571
1185
1585
1896
2142
2422
2844
2856
2873
2469
2043
1227
482
-490
-1284
-1808
-1990
-1677
-1476
-1023
-1173
-1019
-1066
-645
-170
286
936
1297
1946
2179
2329
2374
2265
2032
1600
1150
899
765
799
821
785
687
588
542
604
708
925
1215
1712
2161
2622
2888
3050
3080
3060
2895
2584
2222
2069
2052
2216
1945
1819
1457
1636
1963
2140
2285
1696
2015
2109
2810
3075
3814
4721
5339
5439
4014
1810
-859
-2765
-4182
-6272
-8938
-11371
-12444
-11408
-10194
-8465
-7464
-6125
-5149
-4488
-3802
-3181
-1982
-1014
369
1204
1482
1423
1271
1090
533
-737
-1916
-3028
-3268
-3082
-2739
-2380
-2092
-1755
-1395
-1058
-1096
-1098
-596
263
984
1231
1565
1982
2336
2492
1972
1341
393
37
-178
-243
-248
-504
-313
-374
-325
-507
-555
-236
32
591
875
1302
1584
1847
2348
2417
2386
1780
1416
1061
610
174
-315
-361
-408
-291
-537
-1034
-1503
-1739
-1385
-1007
-521
-112
522
1076
1404
1530
1618
1819
1809
1859
1833
1821
1803
1663
1677
1580
1303
888
543
406
517
654
1008
1381
1728
2059
2246
2363
2297
2284
2282
2333
2239
2044
2031
2148
2239
2154
1916
1875
1692
1493
1442
1647
1987
2134
2450
2954
3540
3690
3892
4083
4209
3462
1974
-24
-1945
-3660
-5756
-7611
-9583
-9748
-9231
-8308
-7630
-7308
-6553
-6101
-5713
-5361
-4830
-3960
-2925
-1772
-510
424
896
622
174
-376
-731
-950
-1133
-1049
-907
-614
-388
-469
-684
-933
-828
-773
-840
-928
-762
-119
402
921
1000
963
808
529
302
73
-6
113
329
700
765
671
451
230
89
-45
245
524
894
1117
1325
1522
1489
1307
1101
1036
1145
1108
965
865
747
627
326
209
14
8
-257
-403
-578
-620
-436
-371
-123
134
486
706
867
857
881
888
999
1179
1335
1461
1650
1557
1338
1102
754
676
567
630
790
903
1144
1279
1290
1347
1283
1300
1297
1336
1310
1273
1323
1250
1208
1112
1160
1190
1183
1188
1121
1020
995
1050
1134
1234
1327
1519
1868
2176
2471
2714
2809
2845
2561
2167
1819
1334
871
159
-908
-1952
-2841
-3235
-3274
-3569
-3657
-3988
-4121
-4053
-3977
-4061
-4334
-4806
-4858
-4672
-4034
-3429
-3012
-3049
-2996
-3052
-2893
-2780
-2813
-2544
-2372
-1687
-1113
-632
-329
-344
-200
-150
-85
69
18
281
414
621
691
531
457
291
350
406
501
459
430
523
628
772
668
532
360
315
500
595
645
563
464
579
628
800
767
655
576
516
615
640
595
464
369
362
468
477
499
473
417
413
412
374
359
312
415
494
502
468
371
326
369
427
381
332
266
365
515
641
728
663
659
759
910
1084
1176
1246
1327
1455
1668
1760
1751
1685
1683
1775
1845
1929
1874
1789
1716
1678
1671
1645
1609
1525
1511
1584
1667
1797
1840
1939
2059
2024
2171
2000
2061
1966
1948
1796
1430
943
161
-253
-703
-675
-1145
-1701
-2216
-2796
-2811
-3040
-3287
-3765
-4545
-4752
-4960
-4798
-4718
-4937
-5069
-5389
-5143
-5138
-4857
-4909
-4764
-4471
-4104
-3349
-3039
-2582
-2276
-1934
-1352
-1068
-536
-341
-102
385
584
1020
1004
1210
1255
1296
1572
1620
1743
1705
1822
1942
1954
1995
1812
1665
1460
1416
1384
1288
1257
1065
1015
1021
986
957
694
602
444
402
395
334
240
202
247
292
240
154
71
2
72
174
250
182
234
281
438
501
506
382
250
223
341
369
424
377
360
425
519
609
577
538
517
587
697
828
947
985
1096
1244
1372
1450
1428
1371
1359
1414
1564
1584
1578
1479
1500
1567
1741
1879
1836
1768
1664
1672
1818
1953
2043
1941
1905
2122
2109
2423
2040
2021
1730
1577
1437
856
327
-244
-703
-786
-1027
-1492
-1996
-2705
-2932
-3301
-3289
-3840
-4086
-4816
-4689
-4755
-4621
-4619
-4902
-5105
-5117
-5038
-4659
-4694
-4448
-4187
-3857
-3230
-2879
-2370
-2228
-1862
-1431
-1034
-551
-256
-1
262
560
898
985
1025
1056
1124
1351
1509
1715
1614
1714
1727
1830
1859
1721
1587
1304
1224
1272
1295
1307
1163
1073
976
938
956
747
592
336
364
347
346
357
279
258
196
254
212
176
62
2
69
148
324
357
310
342
252
346
301
258
240
184
320
421
505
513
545
500
535
589
569
613
583
682
856
942
1094
1101
1113
1210
1250
1281
1181
1160
1141
1220
1321
1392
1418
1288
1390
1459
1628
1673
1655
1541
1499
1629
1804
1871
1848
1749
1800
1850
2109
2126
1977
1737
1497
1366
1159
940
289
-287
-805
-917
-1148
-1493
-1997
-2633
-3158
-3296
-3475
-3717
-4256
-4630
-4812
-4822
-4571
-4593
-4733
-5067
-4972
-4893
-4551
-4379
-4237
-4055
-3739
-3110
-2575
-2267
-1890
-1676
-1251
-774
-297
34
118
394
608
946
1065
1217
1118
1186
1420
1670
1814
1785
1742
1759
1735
1855
1762
1589
1415
1284
1330
1309
1338
1190
1016
918
880
827
671
543
461
390
443
420
389
263
198
241
213
293
184
172
119
172
318
303
363
272
250
316
311
382
313
337
402
465
543
548
580
532
573
589
589
645
571
682
716
860
998
1017
1084
1104
1198
1243
1223
1201
1123
1223
1307
1455
1511
1451
1468
1425
1509
1587
1629
1581
1517
1520
1627
1806
1904
1862
1803
1776
1992
2034
2000
1907
1725
1657
1460
1252
913
290
-151
-589
-723
-1038
-1460
-1969
-2491
-2830
-3053
-3360
-3664
-4285
-4473
-4621
-4532
-4441
-4546
-4691
-4909
-4837
-4736
-4596
-4427
-4370
-4075
-3772
-3151
-2631
-2400
-1925
-1770
-1271
-876
-506
-157
-72
268
482
711
918
984
1113
1069
1271
1432
1559
1672
1626
1756
1672
1732
1661
1533
1421
1277
1252
1139
1052
995
846
866
754
685
495
327
307
208
290
220
193
30
28
73
139
148
22
-30
-66
29
195
199
263
171
223
289
339
452
386
409
432
546
621
661
678
616
669
671
763
762
719
827
836
1003
1078
1100
1137
1157
1263
1271
1277
1269
1300
1419
1536
1677
1637
1580
1528
1585
1711
1765
1719
1577
1574
1669
1917
2066
2041
1942
1756
1872
2058
2195
2115
1772
1653
1545
1539
1394
917
304
-318
-593
-623
-945
-1331
-2049
-2606
-2918
-3068
-3056
-3624
-4023
-4536
-4541
-4450
-4265
-4311
-4747
-4926
-4939
-4785
-4432
-4435
-4183
-4183
-3725
-3101
-2728
-2240
-2122
-1776
-1489
-1001
-549
-428
-210
-21
302
585
708
919
789
980
1175
1391
1534
1471
1533
1488
1662
1735
1637
1391
1202
1141
1174
1183
1169
923
798
727
782
725
545
414
214
289
353
438
366
97
37
-47
82
144
13
-54
-144
34
237
295
334
189
181
233
438
508
524
471
459
580
607
696
602
495
587
582
741
716
670
684
677
856
913
954
934
983
1078
1198
1276
1246
1156
1178
1290
1479
1478
1417
1305
1290
1425
1537
1527
1365
1305
1389
1557
1722
1770
1633
1564
1543
1781
1793
1817
1602
1399
1336
1373
1338
897
387
-154
-548
-756
-932
-1256
-1800
-2338
-2642
-2892
-2962
-3234
-3661
-4153
-4351
-4345
-4250
-4259
-4394
-4646
-4703
-4583
-4381
-4281
-4123
-3968
-3693
-3247
-2763
-2365
-2129
-1846
-1476
-1111
-695
-390
-195
68
359
683
830
938
1036
1148
1318
1514
1627
1684
1718
1821
1862
1932
1849
1673
1514
1436
1437
1339
1254
1125
1022
967
1004
922
749
569
486
461
521
477
387
88
51
51
139
168
26
-52
-169
1
195
254
241
101
114
164
365
488
409
358
287
401
466
559
528
365
445
440
612
608
569
604
507
677
759
799
857
854
1009
1059
1177
1153
1085
1145
1172
1398
1355
1401
1289
1184
1331
1397
1511
1455
1294
1285
1235
1456
1559
1543
1442
1375
1402
1572
1742
1762
1600
1339
1293
1320
1282
1012
564
-107
-370
-635
-610
-1050
-1600
-2112
-2445
-2623
-2648
-3010
-3491
-3946
-4147
-4035
-4043
-4049
-4241
-4502
-4486
-4303
-4255
-4224
-4258
-4122
-3849
-3345
-2917
-2645
-2516
-2149
-1742
-1356
-933
-692
-527
-238
133
494
636
701
771
836
1134
1355
1480
1426
1490
1605
1693
1808
1765
1528
1365
1317
1344
1372
1267
1242
998
1032
1057
1007
863
684
571
501
497
520
358
298
187
305
263
283
237
45
181
208
443
437
375
384
330
489
579
555
532
395
553
558
764
722
646
578
540
683
661
642
572
505
631
712
847
837
844
901
970
1147
1145
1198
1103
1117
1221
1265
1377
1275
1231
1227
1265
1396
1283
1345
1273
1321
1324
1293
1332
1285
1293
1424
1359
1443
1385
1468
1472
1384
1359
1189
1084
929
792
483
130
-342
-649
-876
-1117
-1508
-1863
-2362
-2537
-2790
-2888
-3105
-3486
-3708
-3874
-3898
-3799
-3886
-3966
-4156
-4211
-4112
-4029
-3866
-3771
-3571
-3312
-2870
-2514
-2161
-1905
-1603
-1314
-930
-607
-298
-139
106
317
522
703
796
925
1011
1204
1311
1423
1463
1503
1483
1534
1508
1468
1335
1246
1132
1132
1103
1047
946
800
733
634
642
545
445
265
180
157
143
147
74
4
-1
-12
82
53
74
68
86
152
212
277
289
347
377
456
502
509
560
528
590
640
627
662
620
653
664
699
729
726
764
765
857
875
951
986
1027
1093
1137
1170
1191
1191
1234
1269
1257
1207
1195
1236
1299
1335
1315
1273
1234
1281
1370
1410
1414
1411
1417
1435
1530
1559
1646
1580
1615
1591
1549
1491
1307
1081
898
606
353
-172
-465
-763
-1089
-1268
-1764
-1968
-2562
-2652
-2917
-3129
-3384
-3619
-3794
-3941
-3953
-3880
-4197
-4164
-4391
-4251
-4242
-4041
-3842
-3817
-3408
-3101
-2745
-2400
-2113
-1746
-1591
-1138
-807
-577
-290
-119
168
282
564
658
655
800
932
1117
1209
1361
1394
1306
1418
1421
1419
1309
1202
1130
999
1114
1045
972
806
774
686
626
614
436
344
269
317
325
260
237
134
93
175
200
205
153
200
221
325
412
439
420
391
481
508
594
616
609
619
671
734
749
720
727
681
716
739
788
770
802
830
887
950
998
1059
1059
1132
1179
1200
1208
1180
1194
1226
1280
1324
1278
1281
1201
1226
1207
1267
1300
1263
1268
1154
1144
1175
1244
1281
1223
1136
1172
1219
1410
1368
1346
1117
1045
930
867
693
364
44
-207
-543
-717
-1133
-1472
-1767
-2071
-2145
-2493
-2730
-3064
-3254
-3464
-3507
-3682
-3800
-3998
-4009
-4023
-3873
-3981
-3825
-3982
-3767
-3542
-3258
-2937
-2746
-2454
-2118
-1798
-1351
-1074
-856
-627
-437
-152
52
284
356
510
588
863
927
1075
1108
1184
1240
1361
1398
1407
1293
1287
1208
1202
1196
1128
1004
904
876
852
807
740
682
525
509
455
479
425
438
369
333
294
376
368
395
383
363
346
393
468
509
515
565
572
624
693
731
725
702
732
739
775
788
794
757
759
777
772
773
779
782
814
855
919
933
962
1031
1058
1097
1079
1082
1046
1033
1067
1101
1111
1127
1064
1067
1017
1098
1144
1137
1104
990
1004
1038
1176
1215
1182
1079
1077
1130
1333
1377
1426
1194
1159
1009
1111
1020
805
499
131
-90
-318
-537
-848
-1318
-1627
-1929
-2109
-2382
-2612
-2861
-3191
-3256
-3446
-3500
-3741
-3812
-3860
-3898
-3864
-3864
-3944
-3860
-3744
-3444
-3304
-2972
-2836
-2523
-2238
-1816
-1452
-1306
-992
-848
-587
-271
-41
151
167
325
461
597
786
897
932
966
1100
1184
1244
1308
1222
1189
1051
1121
1027
994
900
821
771
726
752
647
593
475
405
370
367
364
340
263
273
227
284
245
316
227
276
299
341
434
416
503
496
505
594
589
639
673
669
727
700
753
724
753
742
767
738
755
784
794
823
846
841
873
883
945
996
1019
1052
1032
1046
1052
1051
1014
997
997
1049
993
1008
922
959
1024
1101
1136
1041
1025
1030
1035
1087
1083
1090
1075
1129
1256
1259
1376
1252
1257
1148
1148
972
707
479
228
64
-194
-390
-907
-1232
-1594
-1748
-1991
-2192
-2543
-2884
-3195
-3150
-3300
-3289
-3601
-3708
-3932
-3836
-3690
-3702
-3684
-3803
-3687
-3554
-3209
-2908
-2720
-2532
-2265
-1959
-1513
-1294
-904
-885
-562
-366
-146
91
152
353
393
579
746
799
880
920
1029
1118
1167
1211
1096
1134
1080
1103
1020
923
862
703
769
714
706
583
508
429
405
424
430
299
313
213
296
251
323
301
246
285
299
374
429
475
451
494
573
640
702
699
736
780
765
875
841
858
852
844
890
881
894
871
840
862
904
916
913
944
954
1024
1118
1145
1149
1102
1099
1039
1033
1078
1103
1085
1071
1031
993
957
1066
1087
1088
1039
1014
1070
1142
1276
1277
1206
1109
1150
1234
1438
1480
1430
1267
1240
1291
1324
1198
847
589
252
195
-75
-284
-706
-1015
-1367
-1525
-1833
-2008
-2461
-2684
-2975
-3034
-3150
-3224
-3396
-3525
-3584
-3590
-3620
-3667
-3687
-3652
-3560
-3366
-3081
-2939
-2634
-2491
-2155
-1896
-1553
-1289
-1055
-794
-500
-319
-80
-6
133
187
352
515
626
749
811
899
981
1066
1120
1058
1036
1005
1004
991
921
849
708
670
642
606
576
464
403
329
333
366
303
259
192
162
161
182
227
204
199
209
254
291
347
381
409
459
515
572
616
684
737
767
801
803
785
763
763
782
763
780
755
758
743
783
783
774
771
771
807
850
911
958
954
962
923
862
891
878
935
928
899
892
821
904
925
961
931
848
856
846
922
952
934
905
902
936
1042
1102
1125
1042
1047
1026
1043
965
825
644
444
338
232
-86
-395
-870
-1066
-1340
-1471
-1669
-2114
-2323
-2648
-2674
-2790
-2977
-3128
-3485
-3484
-3427
-3415
-3374
-3527
-3556
-3617
-3409
-3214
-3100
-2978
-2827
-2512
-2261
-1838
-1540
-1449
-1116
-961
-597
-366
-208
19
12
278
461
536
662
653
786
837
1062
1123
1130
1107
1118
1208
1176
1204
1073
894
887
875
917
876
754
705
568
623
605
542
436
403
374
426
453
456
384
352
366
413
430
462
481
463
577
644
712
723
723
748
796
855
908
878
882
900
927
933
934
897
863
862
880
905
900
889
883
889
927
972
976
973
967
959
967
975
974
927
881
841
840
832
876
855
805
747
759
742
771
768
806
772
790
836
821
841
883
956
971
997
994
977
928
1001
909
888
626
572
150
28
-216
-378
-607
-960
-1160
-1559
-1791
-1987
-2175
-2468
-2692
-2959
-3101
-3272
-3175
-3355
-3383
-3601
-3558
-3594
-3589
-3458
-3519
-3419
-3254
-3072
-2781
-2610
-2321
-2143
-1901
-1528
-1280
-1001
-845
-559
-396
-187
19
117
202
324
446
626
680
820
854
914
1040
1117
1138
1110
1047
1037
999
1026
960
883
831
781
777
691
683
559
478
487
504
535
509
429
437
394
494
514
493
465
455
516
599
695
704
684
695
749
850
917
948
959
937
1024
1054
1079
1054
1012
991
995
1025
1039
1012
995
998
1018
1036
1042
1032
1014
1050
1080
1089
1063
1045
997
998
1002
974
926
859
855
869
858
865
831
775
795
807
836
836
815
834
789
806
806
848
886
864
824
753
777
758
615
520
257
201
38
-98
-307
-728
-950
-1197
-1379
-1600
-1985
-2216
-2579
-2650
-2772
-2882
-3057
-3341
-3383
-3478
-3431
-3402
-3512
-3457
-3573
-3384
-3315
-3207
-3037
-3011
-2704
-2569
-2214
-1971
-1748
-1432
-1198
-912
-680
-503
-271
-156
111
221
352
438
564
719
793
941
980
1025
1080
1131
1200
1191
1218
1171
1048
1041
930
942
826
848
768
696
665
628
569
542
524
512
463
454
444
441
417
469
450
424
466
443
522
532
603
639
632
696
746
776
847
870
889
878
934
931
941
924
924
914
894
949
937
914
913
888
895
890
931
928
932
964
963
965
929
889
800
750
768
804
798
729
655
595
631
695
757
676
558
466
513
648
732
720
574
478
501
629
749
804
737
661
650
713
778
672
585
390
272
110
-14
-300
-625
-810
-1011
-1153
-1512
-1705
-2021
-2158
-2251
-2318
-2569
-2802
-3006
-3000
-3005
-2890
-2958
-3139
-3253
-3181
-3054
-2915
-2803
-2838
-2784
-2614
-2262
-1941
-1764
-1499
-1388
-1182
-856
-545
-369
-233
-102
45
192
384
514
579
625
795
838
919
998
998
1030
1079
1164
1122
1027
1014
929
919
887
874
726
643
632
604
587
540
500
396
362
402
407
399
381
347
359
370
458
423
453
479
521
553
604
635
632
664
732
783
794
804
825
812
839
868
828
806
764
771
779
787
786
739
724
751
784
794
805
790
758
784
827
819
783
742
739
731
744
727
663
612
656
673
722
666
673
603
645
684
712
669
672
675
680
700
746
776
774
830
859
918
866
833
671
629
557
498
257
56
-200
-380
-575
-734
-1022
-1290
-1562
-1702
-1930
-2049
-2206
-2399
-2564
-2700
-2745
-2854
-2903
-2934
-2994
-2963
-2906
-2910
-2850
-2855
-2665
-2612
-2366
-2168
-1992
-1803
-1556
-1296
-1100
-852
-655
-537
-341
-157
44
138
251
362
405
537
666
705
767
806
869
885
944
988
949
912
908
831
768
719
719
638
596
573
498
425
435
440
433
388
370
312
294
373
397
396
358
374
357
424
507
537
513
528
562
606
665
747
728
728
759
794
803
786
790
750
738
762
768
747
741
748
739
746
767
769
770
793
819
817
813
818
778
754
744
724
700
689
719
689
669
653
619
586
606
622
607
556
559
547
560
565
589
500
510
542
593
677
715
744
675
671
630
617
457
418
192
112
-26
-156
-346
-538
-767
-1009
-1239
-1356
-1539
-1713
-1862
-2010
-2157
-2272
-2301
-2474
-2489
-2601
-2560
-2710
-2659
-2617
-2579
-2530
-2472
-2435
-2336
-2237
-1981
-1862
-1634
-1451
-1296
-1108
-889
-636
-527
-400
-283
-199
-40
86
224
242
293
388
402
507
537
587
551
579
617
614
607
556
467
428
374
388
287
265
215
182
187
218
200
142
112
128
143
178
217
214
180
232
279
309
354
362
391
419
517
590
623
670
725
762
824
862
867
846
878
896
909
908
904
891
877
918
925
895
882
878
904
935
961
950
913
908
893
886
856
822
799
775
802
754
697
656
671
720
752
750
695
648
679
772
818
817
776
728
711
821
910
990
947
925
878
897
928
908
776
650
494
333
230
56
-96
-384
-590
-874
-1075
-1304
-1421
-1672
-1838
-2078
-2209
-2342
-2439
-2510
-2651
-2748
-2844
-2853
-2853
-2808
-2803
-2767
-2728
-2665
-2564
-2402
-2270
-2103
-1960
-1730
-1522
-1309
-1046
-878
-678
-525
-353
-221
-97
62
147
259
357
453
518
561
635
637
713
740
758
751
767
797
761
725
691
587
568
538
549
503
481
485
482
507
519
515
475
487
557
569
630
641
657
690
733
802
802
796
820
834
897
957
987
954
946
956
956
956
920
871
800
771
779
737
704
657
608
566
568
557
530
515
519
511
522
517
502
444
419
422
419
425
433
396
358
360
392
423
406
400
392
411
470
526
530
533
547
582
593
636
662
663
720
805
900
914
891
820
751
713
702
599
462
222
66
-87
-209
-367
-635
-826
-1094
-1170
-1368
-1494
-1744
-1881
-2025
-2085
-2238
-2333
-2510
-2556
-2554
-2523
-2507
-2599
-2590
-2596
-2466
-2349
-2195
-2174
-2089
-1901
-1670
-1445
-1257
-1116
-1008
-865
-614
-444
-362
-237
-123
-31
92
207
243
244
320
435
441
469
516
491
536
625
636
532
455
436
405
415
437
363
238
238
317
301
330
298
226
197
292
392
393
377
398
388
453
574
607
556
558
617
678
768
834
830
804
860
951
963
982
977
939
944
1006
1040
1002
973
981
979
1008
1042
1028
986
1013
1065
1082
1069
1046
1008
987
1023
1053
981
928
845
827
835
872
835
727
665
665
667
695
673
586
509
480
501
476
483
443
416
377
418
440
463
499
493
440
337
250
178
106
44
-106
-258
-442
-540
-611
-701
-840
-1047
-1259
-1427
-1489
-1522
-1509
-1634
-1749
-1914
-1980
-1981
-1949
-1992
-2058
-2158
-2135
-2081
-1952
-1886
-1873
-1895
-1886
-1769
-1637
-1416
-1329
-1230
-1143
-1009
-859
-738
-665
-611
-631
-489
-430
-319
-274
-215
-179
-171
-90
-84
-70
-55
24
76
91
126
103
80
117
124
110
36
46
51
117
219
242
225
186
221
265
318
378
371
380
427
525
568
580
589
554
564
620
682
711
711
760
780
800
816
791
741
724
744
759
749
751
731
723
741
752
719
675
676
693
732
756
749
706
692
730
731
722
677
631
617
645
691
676
625
585
546
563
596
606
548
510
509
530
576
594
569
512
487
521
547
549
563
537
548
588
647
620
448
324
200
151
110
-17
-136
-378
-475
-557
-637
-744
-957
-1146
-1295
-1376
-1341
-1437
-1542
-1684
-1739
-1801
-1809
-1842
-1911
-1956
-1949
-1870
-1804
-1788
-1702
-1745
-1659
-1513
-1416
-1318
-1226
-1067
-906
-776
-611
-529
-495
-344
-218
-168
-92
-10
44
100
212
302
278
289
324
334
356
430
452
425
440
457
411
389
402
365
329
339
345
312
322
367
361
345
380
363
332
375
424
438
458
500
518
512
539
596
573
598
625
639
667
718
747
745
734
761
741
739
762
757
746
758
786
777
785
798
797
782
787
792
759
747
751
735
726
710
691
640
607
581
526
503
468
442
413
402
389
329
295
261
216
197
190
171
138
128
135
119
83
81
89
78
98
71
56
36
-26
-93
-190
-229
-292
-431
-505
-623
-676
-760
-798
-861
-987
-1025
-1140
-1184
-1223
-1190
-1167
-1241
-1207
-1227
-1216
-1167
-1169
-1113
-1196
-1137
-1145
-1121
-1037
-1009
-951
-944
-910
-848
-830
-735
-694
-630
-572
-514
-432
-433
-389
-397
-380
-350
-320
-276
-274
-259
-213
-224
-199
-198
-198
-198
-188
-136
-128
-114
-112
-98
-72
-43
-13
-10
-8
46
93
166
208
250
254
287
353
403
439
472
494
534
581
639
657
668
693
722
752
773
802
800
808
837
853
845
842
829
820
819
839
838
827
827
841
850
833
815
778
764
760
758
751
731
721
702
686
649
617
565
568
575
579
532
480
436
433
440
455
424
374
351
344
364
341
318
258
234
228
235
221
194
182
189
169
121
-1
-87
-192
-206
-277
-364
-561
-704
-778
-816
-891
-1006
-1186
-1358
-1439
-1439
-1456
-1565
-1659
-1765
-1783
-1761
-1681
-1757
-1794
-1838
-1773
-1727
-1604
-1588
-1584
-1548
-1398
-1282
-1192
-1088
-1046
-952
-813
-594
-473
-370
-273
-174
-91
45
110
169
177
285
338
417
468
480
487
498
553
562
556
589
563
598
630
637
624
560
568
534
551
570
575
572
573
601
592
590
607
571
585
584
625
638
638
674
666
680
677
676
673
669
693
689
701
710
698
685
674
669
636
615
611
596
607
614
613
574
547
518
490
469
454
438
423
419
416
404
377
337
281
267
260
271
266
259
240
229
221
202
177
150
120
95
90
96
100
92
91
71
60
26
3
-18
-27
-46
-55
-96
-102
-150
-169
-294
-408
-534
-569
-591
-622
-697
-834
-891
-943
-949
-1030
-1152
-1287
-1327
-1324
-1235
-1310
-1339
-1421
-1382
-1382
-1347
-1356
-1396
-1369
-1294
-1162
-1100
-1068
-1026
-1004
-896
-730
-666
-589
-547
-411
-281
-152
-44
-1
28
127
255
316
388
408
426
507
580
649
643
605
636
637
697
748
731
694
680
707
720
726
672
615
564
589
626
603
580
537
494
508
498
487
420
376
389
390
419
420
382
353
350
373
365
350
334
323
353
403
432
405
378
381
398
441
455
446
421
442
475
487
485
446
416
408
426
449
436
419
412
405
421
416
400
362
353
359
375
356
343
322
318
315
290
242
208
197
214
220
206
167
123
108
86
69
-6
-59
-138
-174
-194
-211
-247
-331
-421
-508
-564
-632
-710
-819
-941
-999
-1085
-1102
-1205
-1308
-1387
-1422
-1427
-1421
-1471
-1515
-1561
-1535
-1454
-1423
-1438
-1439
-1449
-1409
-1310
-1268
-1204
-1226
-1125
-1032
-926
-866
-813
-793
-727
-603
-510
-451
-420
-382
-346
-286
-191
-146
-167
-153
-105
-52
17
66
78
65
87
131
162
164
197
225
253
305
371
359
369
407
448
511
541
578
587
608
712
751
779
806
803
831
894
973
997
1013
1033
1073
1117
1160
1176
1136
1133
1166
1177
1211
1207
1205
1180
1186
1207
1187
1158
1124
1098
1096
1093
1082
1004
926
877
847
809
760
697
623
573
565
557
518
465
407
361
359
357
323
283
254
231
215
200
164
109
80
91
83
56
19
-15
-40
-13
-6
-37
-114
-183
-227
-231
-216
-218
-291
-363
-432
-448
-432
-426
-488
-609
-700
-749
-721
-692
-714
-837
-969
-1045
-1044
-1015
-1002
-1064
-1126
-1188
-1131
-1094
-1040
-1051
-1095
-1143
-1149
-1103
-1047
-1001
-971
-949
-961
-946
-919
-848
-829
-766
-759
-732
-711
-631
-584
-554
-539
-548
-570
-540
-510
-455
-423
-377
-371
-379
-354
-330
-297
-262
-219
-201
-179
-131
-79
-24
7
41
37
51
115
180
248
280
326
356
391
450
482
512
543
577
621
661
735
768
800
829
851
862
884
925
950
975
1001
1008
1026
1022
1038
1029
1017
1026
1011
1012
1008
1000
978
948
930
893
859
833
806
778
748
718
674
639
620
589
538
489
441
396
370
347
310
248
192
151
114
69
27
-35
-90
-129
-165
-200
-251
-309
-371
-426
-461
-500
-557
-622
-665
-703
-734
-772
-827
-864
-904
-922
-974
-1007
-1046
-1078
-1092
-1102
-1103
-1127
-1166
-1175
-1193
-1173
-1183
-1187
-1188
-1190
-1160
-1130
-1101
-1074
-1056
-1004
-959
-890
-858
-804
-759
-697
-634
-603
-572
-556
-507
-458
-397
-366
-349
-334
-292
-240
-181
-168
-155
-133
-60
4
72
79
81
82
129
200
237
247
256
288
351
422
460
446
463
505
565
654
693
731
740
800
881
928
959
957
985
1031
1104
1163
1177
1202
1223
1262
1300
1304
1313
1312
1352
1392
1416
1422
1401
1388
1396
1404
1394
1359
1326
1294
1287
1256
1214
1142
1043
974
913
858
796
723
649
589
541
499
439
363
306
269
243
230
206
176
157
145
137
116
87
44
-8
-25
-40
-83
-154
-251
-358
-456
-544
-666
-800
-947
-1087
-1200
-1308
-1424
-1560
-1700
-1804
-1893
-1942
-1998
-2050
-2093
-2118
-2126
-2127
-2110
-2099
-2081
-2039
-1982
-1922
-1841
-1763
-1672
-1605
-1520
-1463
-1381
-1301
-1204
-1099
-992
-902
-814
-730
-637
-557
-470
-401
-354
-295
-222
-127
-51
38
86
136
177
254
307
366
403
462
506
584
646
683
699
731
771
824
871
907
940
973
1037
1095
1149
1163
1184
1201
1249
1296
1345
1363
1394
1402
1424
1418
1414
1406
1411
1395
1383
1356
1327
1298
1262
1223
1159
1078
1005
938
881
821
740
652
559
475
395
311
212
117
15
-60
-132
-198
-271
-355
-437
-506
-575
-639
-690
-741
-782
-828
-865
-900
-931
-955
-977
-988
-1000
-1009
-1008
-999
-990
-974
-967
-959
-950
-934
-907
-877
-847
-817
-794
-755
-714
-675
-633
-594
-564
-525
-473
-416
-353
-301
-257
-213
-158
-101
-53
-13
24
72
127
190
256
315
360
410
461
518
583
642
699
747
802
872
925
971
1007
1031
1062
1090
1115
1134
1146
1153
1145
1126
1099
1069
1026
973
909
844
771
698
615
517
409
298
197
104
19
-60
-139
-220
-289
-368
-439
-505
-571
-630
-676
-716
-752
-785
-810
-831
-847
-861
-869
-862
-855
-829
-807
-782
-758
-742
-730
-714
-703
-686
-671
-655
-646
-629
-619
-614
-617
-621
-621
-620
-614
-610
-598
-584
-571
-560
-545
-532
-514
-484
-437
-381
-326
-274
-208
-137
-56
35
124
219
319
427
542
653
760
848
910
959
972
963
927
857
756
643
519
382
239
113
-2
-108
-189
-254
-296
-316
-322
-306
-282
-245
-193
-137
-65
5
75
152
231
307
376
444
504
559
623
677
723
767
800
828
865
897
929
962
980
996
1010
1015
1008
999
971
927
872
800
704
594
465
330
181
29
-123
-282
-429
-551
-658
-743
-812
-859
-884
-889
-871
-853
-832
-824
-808
-798
-798
-812
-828
-856
-883
-909
-927
-945
-955
-950
-940
-913
-873
-820
-750
-666
-575
-473
-366
-250
-126
5
122
230
330
413
479
527
549
552
534
509
467
417
352
287
216
143
86
32
-6
-27
-21
-8
16
49
94
149
217
278
340
386
425
462
494
506
503
495
474
451
425
389
333
256
160
40
-98
-264
-451
-651
-834
-1009
-1169
-1309
-1432
-1511
-1548
-1542
-1499
-1426
-1319
-1173
-1007
-815
-618
-433
-257
-88
74
230
361
467
556
624
676
708
719
708
684
654
620
591
561
524
495
467
440
419
400
392
395
410
438
474
515
557
610
672
730
784
841
896
954
1020
1069
1109
1149
1176
1199
1215
1219
1212
1197
1187
1161
1119
1062
988
902
812
713
599
485
372
269
183
99
23
-43
-104
-151
-193
-232
-270
-310
-355
-392
-431
-487
-552
-623
-687
-756
-820
-881
-942
-992
-1029
-1060
-1079
-1088
-1094
-1076
-1054
-1016
-973
-933
-890
-861
-834
-811
-797
-784
-760
-735
-686
-623
-540
-434
-307
-164
-12
143
277
398
499
564
582
542
445
304
117
-113
-379
-671
-963
-1247
-1496
-1700
-1852
-1949
-1986
-1966
-1896
-1787
-1652
-1500
-1331
-1157
-983
-816
-650
-496
-344
-201
-63
67
187
307
414
513
591
665
717
752
792
826
860
901
960
1017
1073
1114
1123
1109
1061
992
912
832
765
726
710
734
785
861
956
1054
1158
1241
1316
1368
1399
1414
1400
1388
1369
1350
1342
1338
1358
1393
1433
1486
1539
1587
1620
1639
1637
1613
1563
1491
1393
1264
1110
936
742
527
301
65
-166
-384
-585
-762
-914
-1045
-1144
-1212
-1259
-1289
-1315
-1332
-1345
-1358
-1373
-1390
-1411
-1428
-1437
-1433
-1406
-1378
-1322
-1250
-1177
-1098
-1020
-953
-900
-858
-833
-824
-835
-868
-906
-950
-992
-1020
-1042
-1058
-1060
-1039
-1011
-963
-921
-871
-820
-765
-711
-644
-567
-490
-398
-301
-200
-104
-25
39
86
108
109
85
34
-35
-119
-215
-321
-432
-549
-660
-754
-821
-861
-875
-846
-774
-655
-487
-274
-38
220
490
744
976
1172
1321
1420
1475
1486
1458
1410
1349
1286
1234
1192
1154
1123
1094
1066
1038
997
966
930
895
870
845
817
779
730
666
583
493
400
301
223
163
111
86
76
64
55
46
23
-6
-44
-88
-132
-170
-194
-200
-190
-156
-106
-28
72
183
302
414
518
602
649
665
644
592
522
444
360
285
217
165
121
89
70
43
13
-27
-81
-141
-208
-285
-376
-467
-552
-635
-700
-771
-825
-872
-913
-950
-991
-1036
-1080
-1126
-1173
-1212
-1249
-1269
-1275
-1273
-1245
-1205
-1151
-1091
-1032
-963
-901
-835
-775
-721
-666
-630
-595
-567
-546
-528
-513
-493
-457
-400
-315
-198
-55
107
275
433
554
627
657
640
599
536
467
404
346
312
290
287
296
308
324
351
378
396
417
432
445
455
470
481
495
515
531
552
575
591
604
614
612
591
557
508
445
375
296
218
153
118
115
142
203
278
362
440
506
563
604
643
676
704
726
726
712
669
602
513
395
261
115
-31
-162
-262
-318
-332
-296
-212
-86
60
217
353
462
546
588
594
564
512
439
354
263
179
95
9
-60
-121
-174
-208
-231
-250
-263
-259
-248
-236
-223
-210
-193
-177
-161
-150
-144
-140
-144
-154
-168
-191
-219
-251
-292
-329
-359
-384
-401
-406
-399
-383
-357
-326
-293
-262
-227
-198
-170
-145
-129
-120
-112
-98
-84
-67
-49
-38
-35
-47
-82
-144
-204
-266
-304
-290
-218
-71
131
377
635
863
1046
1173
1228
1222
1174
1083
965
837
696
549
406
271
144
23
-89
-187
-277
-352
-416
-465
-501
-518
-522
-508
-483
-454
-413
-373
-333
-303
-282
-276
-278
-290
-303
-315
-330
-336
-356
-370
-390
-413
-442
-474
-508
-536
-562
-583
-593
-599
-600
-600
-582
-559
-534
-502
-460
-423
-385
-338
-308
-275
-250
-225
-203
-191
-179
-173
-162
-155
-152
-149
-150
-147
-139
-127
-112
-90
-66
-40
-14
14
44
68
92
110
128
134
135
130
112
89
61
41
18
-8
-26
-36
-30
-22
3
46
89
140
207
269
334
390
435
473
500
517
514
503
491
468
447
424
403
389
379
386
402
419
450
487
527
562
595
611
621
621
609
592
565
529
491
452
409
362
318
278
241
209
184
170
155
156
159
173
193
216
243
267
297
323
335
333
328
307
278
235
179
106
20
-75
-167
-268
-371
-467
-559
-648
-717
-778
-836
-878
-903
-930
-947
-950
-946
-933
-915
-890
-861
-823
-785
-743
-699
-652
-598
-545
-496
-440
-395
-360
-324
-299
-289
-288
-297
-321
-346
-383
-431
-471
-511
-535
-542
-532
-492
-435
-361
-281
-190
-98
-14
61
122
176
213
247
265
279
281
282
275
269
262
250
242
232
220
214
202
196
184
175
169
164
156
152
154
151
148
142
136
132
127
128
128
128
127
131
137
136
146
152
159
164
172
185
197
215
229
245
263
280
303
323
347
368
395
423
448
473
498
510
516
521
512
497
477
454
416
379
336
290
248
205
161
125
99
77
67
74
89
118
157
199
253
307
359
410
451
485
499
505
490
469
440
399
358
309
262
218
169
127
85
42
7
-20
-52
-88
-113
-133
-147
-166
-179
-197
-204
-210
-212
-210
-203
-196
-190
-182
-173
-170
-168
-170
-177
-188
-203
-216
-234
-245
-264
-288
-306
-321
-341
-357
-379
-401
-419
-435
-445
-459
-474
-487
-492
-496
-494
-485
-469
-440
-403
-352
-283
-214
-133
-54
27
99
160
210
243
269
276
271
260
243
213
172
131
88
50
15
-20
-56
-88
-117
-146
-173
-196
-219
-238
-250
-262
-266
-265
-259
-237
-211
-177
-133
-80
-23
39
104
159
208
243
264
277
269
242
205
164
117
54
-4
-69
-131
-182
-227
-264
-291
-311
-327
-331
-332
-326
-316
-305
-289
-276
-260
-243
-223
-206
-188
-175
-157
-140
-118
-95
-78
-50
-30
-3
18
48
75
106
145
184
226
270
313
352
392
423
451
468
480
488
489
485
478
470
460
449
439
430
427
419
414
412
407
405
393
385
377
365
356
336
315
290
269
246
217
191
162
139
115
89
68
46
26
2
-19
-33
-54
-76
-100
-122
-141
-157
-181
-202
-227
-247
-267
-288
-306
-323
-345
-370
-389
-409
-427
-445
-462
-482
-496
-516
-534
-552
-567
-589
-606
-620
-632
-641
-649
-652
-647
-639
-626
-605
-571
-530
-483
-424
-354
-280
-191
-101
-16
77
153
225
286
328
352
364
363
343
314
275
231
187
135
88
44
-1
-38
-68
-91
-107
-121
-126
-130
-123
-110
-96
-80
-61
-40
-23
1
16
34
52
62
73
75
85
92
97
100
104
110
115
121
129
138
137
138
148
143
146
142
137
138
138
136
135
136
130
127
128
128
129
130
133
136
140
143
146
151
154
160
167
170
177
186
190
199
204
212
216
223
234
241
243
248
257
256
259
258
260
256
248
244
229
217
207
193
182
169
153
144
130
119
105
92
83
71
67
62
59
49
45
43
36
27
16
5
-8
-25
-48
-62
-86
-105
-125
-152
-167
-185
-197
-210
-216
-223
-231
-236
-240
-232
-234
-229
-225
-213
-209
-211
-204
-200
-192
-185
-180
-178
-173
-170
-172
-161
-158
-151
-145
-141
-139
-137
-131
-127
-121
-111
-110
-104
-100
-101
-93
-88
-85
-80
-75
-71
-60
-54
-52
-40
-33
-22
-13
-3
4
14
29
43
53
60
70
74
89
95
95
99
102
105
108
108
102
100
96
92
88
91
86
85
82
82
80
79
79
77
77
75
76
75
74
78
74
72
72
67
67
62
59
55
56
51
46
44
35
33
29
24
17
15
14
12
9
7
0
1
-4
-8
-9
-10
-16
-17
-16
-22
-24
-26
-28
-30
-35
-39
-41
-43
-50
-49
-50
-52
-51
-57
-54
-52
-54
-50
-51
-54
-46
-46
-40
-46
-45
-41
-36
-32
-30
-21
-24
-25
-23
-15
-12
-10
-7
-3
1
6
12
13
18
25
26
29
33
33
40
39
41
46
43
43
40
37
39
34
32
26
25
24
18
18
18
17
11
8
8
9
9
10
8
6
11
9
11
15
16
16
16
16
16
14
16
18
16
15
11
16
14
16
19
15
16
12
14
15
12
14
10
11
14
12
13
8
8
8
1
6
6
3
5
3
4
3
2
0
2
6
6
12
4
7
11
5
9
10
11
13
15
15
13
11
15
14
11
11
9
10
7
7
6
7
7
5
3
5
2
0
-3
-1
-1
1
-2
-5
-2
-5
-7
-11
-8
-10
-12
-12
-9
-9
-8
-9
-13
-11
-7
-8
-10
-8
-8
-14
-8
-7
-10
-6
-10
-8
-11
-9
-9
-7
-8
-9
-6
-6
-10
-14
-11
-12
-13
-11
-14
-12
-14
-14
-15
-16
-16
-17
-19
-18
-14
-16
-13
-10
-12
-7
-9
-8
-3
1
1
1
4
9
9
9
8
10
9
10
8
7
7
4
6
0
-3
-4
-2
-9
-9
-11
-17
-12
-13
-15
-19
-20
-20
-18
-19
-21
-15
-14
-17
-14
-16
-14
-14
-7
-3
-6
-5
-4
-2
0
4
3
5
5
2
4
9
6
9
8
7
6
5
8
12
17
13
13
12
15
11
13
13
10
12
16
16
12
13
16
16
14
15
16
18
17
21
21
20
21
17
20
16
14
20
18
15
18
17
17
14
11
11
11
8
7
7
7
7
8
6
4
3
3
3
4
0
-1
1
2
-2
-4
-4
-7
-8
-10
-7
-11
-13
-13
-17
-20
-22
-20
-21
-20
-24
-28
-25
-27
-30
-25
-27
-29
-28
-32
-31
-30
-31
-33
-32
-29
-29
-27
-22
-22
-25
-21
-17
-18
-23
-19
-15
-15
-14
-14
-12
-10
-12
-11
-10
-6
-1
-1
-1
-3
-1
3
-1
3
3
4
3
8
10
9
11
12
14
15
15
21
25
23
22
24
22
24
26
30
32
30
24
25
30
26
29
24
24
25
22
20
19
17
19
17
12
14
14
12
8
9
13
10
13
14
8
5
3
2
6
4
2
2
2
6
1
2
4
3
2
3
0
-1
-3
-3
-4
-4
-3
-6
-5
-2
-2
-5
-4
-5
-6
-5
-6
-5
-5
-5
-6
-1
-2
0
-3
-2
-5
1
3
-2
2
0
0
2
3
2
2
3
-1
3
3
0
0
-1
-3
-1
0
-1
-7
-6
-2
-9
-8
-6
-10
-9
-12
-13
-11
-16
-15
-16
-9
-8
-6
-6
-8
-6
-5
-5
-1
-3
0
-4
-1
4
0
3
-2
0
2
4
-2
0
5
4
6
6
5
5
5
5
6
6
5
11
14
8
7
11
16
16
12
19
17
17
19
18
19
19
20
17
15
17
19
16
15
10
9
9
5
6
5
7
6
6
4
0
1
-1
-2
-5
-5
-8
-8
-11
-7
-5
-8
-5
-6
-7
-8
-8
-8
-8
-6
-8
-8
-8
-9
-7
-12
-14
-11
-12
-16
-15
-17
-15
-16
-17
-19
-19
-19
-19
-17
-20
-21
-21
-17
-15
-13
-15
-11
-8
-8
-1
-3
2
6
5
8
8
8
9
9
9
13
11
9
7
7
8
4
2
0
-6
-4
-7
-9
-3
-5
-6
-15
-19
-12
-11
-9
-8
-12
-11
-9
-8
-5
-6
-1
-5
-5
-3
-1
1
5
2
2
7
7
5
6
12
10
10
14
12
14
14
11
11
13
10
14
12
8
15
14
15
13
10
12
12
13
14
13
9
10
10
11
11
7
9
11
5
3
3
6
7
7
2
3
6
1
3
1
1
0
0
5
1
-3
-3
-3
-5
-4
-4
-3
-4
-5
-9
-7
-6
-6
-7
-10
-9
-13
-12
-16
-15
-16
-15
-12
-14
-15
-11
-14
-13
-12
-13
-11
-16
-11
-16
-16
-13
-15
-13
-13
-8
-5
-9
-12
-10
-9
-11
-9
-7
-8
-10
-10
-4
-2
-4
-2
2
-4
0
2
1
-3
5
8
5
5
7
8
5
6
6
13
12
13
12
13
11
12
17
10
6
15
11
11
11
10
13
12
15
11
12
12
11
9
13
12
13
10
9
12
13
14
17
16
17
19
25
23
22
23
21
26
26
27
30
27
25
29
23
24
22
16
18
14
10
12
13
9
5
1
-8
-6
-9
-15
-11
-10
-11
-20
-18
-15
-13
-15
-18
-14
-19
-15
-14
-13
-15
-12
-6
-5
-9
-4
-4
-12
-7
-11
-16
-14
-11
-11
-15
-11
-12
-21
-18
-13
-16
-15
-14
-17
-19
-16
-17
-8
-7
-7
-6
-6
-5
1
-4
-4
1
-2
0
1
-3
-5
0
1
-5
-10
-7
-10
-9
-4
-7
-3
-6
-12
-16
-17
-19
-24
-21
-21
-24
-25
-23
-21
-23
-20
-21
-22
-17
-21
-18
-12
-11
-10
-3
-3
-8
-1
-2
-1
-4
-2
2
1
0
1
3
1
-1
3
7
2
-2
-6
0
5
5
3
5
6
5
9
7
6
8
11
14
12
16
15
9
8
5
10
10
8
11
13
15
19
13
15
14
14
20
21
22
24
23
22
30
27
28
27
24
26
26
28
28
25
23
20
17
15
16
9
6
8
5
7
2
2
2
-3
-1
-4
-3
-2
1
4
-3
-5
0
1
-4
-1
0
-4
-3
4
5
2
2
4
8
9
9
3
-1
4
0
-3
-1
-1
1
-3
-2
-3
-2
-4
-7
-8
-9
-6
-7
-13
-13
-9
-12
-14
-11
-11
-18
-15
-14
-15
-7
-9
-12
-9
-8
-10
-9
-9
-10
-15
-16
-16
-17
-12
-15
-9
-5
-11
-10
-7
-7
-6
0
-3
-7
-10
-7
-5
-7
-5
-3
-6
-4
-4
-5
-1
-2
1
3
5
3
0
4
4
3
11
8
9
8
3
7
10
5
10
10
6
9
10
12
17
17
13
9
13
17
17
15
14
21
19
16
19
20
18
15
12
7
11
12
6
2
2
-5
-8
-10
-10
-14
-17
-12
-13
-16
-17
-15
-14
-16
-16
-16
-19
-21
-21
-21
-18
-13
-15
-12
-11
-15
-20
-10
-7
-8
-7
-10
-14
-12
-11
-11
-6
-14
-13
-12
-16
-8
-7
-5
-8
-10
-8
-12
-15
-13
-11
-13
-12
-14
-11
-13
-16
-7
-10
-8
-8
-10
-1
-5
-3
-1
-3
2
3
5
8
8
10
13
11
8
8
10
12
8
16
12
13
12
12
10
10
8
6
8
3
-1
-2
-1
-6
-3
1
5
-6
-1
-3
-6
-3
-8
-7
-7
-9
-10
-9
-15
-6
1
-5
-1
-4
-6
1
-1
5
8
7
7
6
7
10
11
13
13
9
12
17
16
14
13
10
12
19
25
18
13
14
15
14
12
15
12
10
12
15
15
14
14
16
15
17
19
22
23
17
14
13
9
10
6
5
5
4
8
5
6
4
0
-3
-4
-5
-12
-8
-9
-11
-9
-9
-6
-8
-6
-4
-3
-6
-4
-7
-4
-5
-6
-3
-3
0
-7
-7
-5
-6
-7
-7
-6
-4
-1
-3
-4
0
1
5
5
6
1
2
2
0
5
3
7
2
3
5
3
4
4
1
2
1
-4
-2
-1
-2
-3
-8
-11
-8
-2
-1
-8
-4
-8
-9
-8
-4
1
2
5
-5
0
-3
-1
2
-4
-2
-5
-6
-10
-12
-14
-7
-8
-11
-7
-10
-11
-10
-10
-16
-14
-18
-16
-24
-18
-19
-17
-17
-16
-7
-12
-11
-13
-14
-15
-15
-16
-16
-16
-14
-13
-10
-3
-12
-6
-1
-2
-3
-8
-7
-5
-7
-2
5
2
2
6
6
2
5
-1
-6
-2
1
-4
3
-3
3
8
6
16
9
12
13
8
1
4
6
1
5
10
11
5
9
8
8
8
6
7
10
13
9
18
16
17
20
16
18
15
10
15
13
11
13
16
14
11
12
14
12
7
5
7
9
5
4
2
3
-1
3
-1
-2
-8
-5
-4
-10
-4
-2
-2
-6
-3
-3
-6
-3
-1
2
3
9
11
16
20
21
17
15
21
21
20
17
16
20
15
17
21
20
16
16
10
11
12
6
10
10
10
10
14
14
10
12
13
11
8
6
4
6
10
13
13
12
13
10
14
12
11
12
7
5
-3
-4
2
2
-3
-3
-3
-2
-3
-8
-4
-9
-9
-6
-1
-2
-6
-4
-3
-8
-3
0
-7
-5
0
4
0
-3
0
-9
-9
-4
-7
-5
-8
-14
-17
-15
-18
-11
-15
-23
-25
-27
-27
-33
-30
-29
-32
-30
-29
-34
-33
-32
-32
-31
-33
-27
-25
-25
-28
-27
-27
-28
-20
-18
-22
-22
-22
-21
-30
-30
-17
-14
-16
-15
-10
-15
-16
-11
-14
-2
-3
-5
0
1
7
7
15
18
16
12
10
15
12
15
21
14
14
21
18
13
17
19
13
10
4
-2
-4
-3
-3
-4
-5
-8
-9
-12
-5
-6
-11
-8
-4
-14
-18
-5
-5
-9
-4
-4
-1
-4
-1
-2
1
6
11
11
4
8
10
6
4
13
14
7
3
3
-1
-4
3
0
-6
-3
-3
-7
-14
-7
-10
-14
-12
-12
-13
-17
-15
-13
-17
-18
-19
-19
-16
-13
-10
-8
-6
-2
-3
7
6
12
15
19
25
24
23
27
39
33
34
40
39
44
51
46
45
41
38
36
29
24
21
17
15
15
13
10
8
7
10
5
7
6
4
6
3
1
0
-2
3
5
3
8
6
9
11
14
16
9
7
13
19
13
15
14
12
12
13
10
9
8
2
5
4
5
4
4
1
1
1
4
-3
-4
3
3
1
2
6
8
10
10
11
5
5
4
1
0
-1
-1
-6
-8
-8
-14
-13
-12
-18
-24
-30
-32
-31
-34
-34
-34
-29
-32
-38
-35
-30
-38
-41
-36
-34
-39
-42
-39
-38
-36
-35
-37
-38
-37
-37
-38
-42
-45
-44
-46
-43
-37
-36
-36
-33
-31
-28
-26
-20
-16
-16
-14
-6
-6
0
7
10
14
13
13
14
15
15
13
9
8
8
2
5
3
4
1
8
4
0
-1
-1
-2
-8
-3
0
-2
-3
0
4
1
-1
5
3
3
2
5
6
9
13
11
13
17
18
21
23
20
22
15
14
18
23
24
24
27
25
22
22
23
15
14
10
7
9
8
7
5
6
14
11
13
10
7
11
21
25
26
33
37
43
42
45
44
51
56
59
54
48
53
52
54
55
49
46
41
40
33
25
26
22
21
22
16
10
9
5
3
3
2
4
-6
-11
-9
-10
-13
-14
-15
-23
-26
-25
-24
-22
-24
-31
-30
-33
-32
-28
-30
-25
-25
-21
-20
-19
-16
-21
-27
-22
-19
-19
-14
-13
-23
-21
-20
-18
-17
-14
-20
-18
-18
-19
-16
-19
-21
-24
-23
-24
-17
-17
-12
-13
-11
-9
-7
-5
-6
-6
-6
-6
-10
-3
-1
-1
2
4
6
2
2
1
1
7
9
15
9
8
11
13
14
19
22
19
15
14
17
12
14
9
8
8
5
5
3
-2
-2
-1
-2
-7
-8
-3
-10
-13
-10
-7
-5
-7
-9
-10
-16
-13
-11
-12
-5
-3
-2
-4
1
3
0
-5
2
2
-2
1
3
3
0
5
3
-2
2
1
-4
-6
-11
-11
-6
-9
-11
-9
-7
-13
-11
-10
-8
-10
-9
-4
-2
0
0
0
0
0
-3
-1
-2
1
2
1
-1
3
1
4
8
7
5
0
-1
-6
-2
-6
-2
-4
-5
0
-2
-2
-3
3
0
0
5
3
4
8
15
15
18
22
20
23
23
25
27
27
28
28
29
24
20
22
18
19
13
13
8
9
0
-4
-2
-10
-12
-11
-14
-12
-11
-10
-9
-12
-5
-8
-9
-10
-6
-7
-7
-8
-9
-8
-7
-5
-8
-12
-10
-11
-9
-11
-13
-7
-12
-13
-15
-14
-18
-19
-19
-17
-18
-17
-14
-10
-9
-8
-9
-6
3
4
11
17
20
21
31
32
35
37
33
36
36
