SAMPLES:	16090
BITSPERSAMPLE:	16
CHANNELS:	1
SAMPLERATE:	16000
NORMALIZED:	FALSE
16
12
11
6
0
1
0
8
13
20
32
25
20
14
-1
-13
-29
-33
-38
-37
-31
-30
-31
-30
-24
-23
-19
-21
-17
-15
-7
-9
-8
-5
-9
-13
-10
-11
-9
-10
-11
-8
-6
-3
1
8
7
12
14
19
16
3
-1
-7
-3
5
9
17
17
16
15
14
9
6
3
-1
-2
-1
1
3
3
7
11
13
14
14
18
20
23
18
15
12
5
0
-3
-9
-20
-27
-29
-22
-16
-12
-5
-5
-7
-12
-14
-16
-16
-15
-8
4
7
19
20
20
16
14
13
7
0
-6
-5
-4
1
8
15
20
24
27
28
21
17
11
9
7
7
5
3
0
-4
-7
-11
-15
-18
-14
-17
-20
-11
-11
-7
-6
-6
-6
-5
3
1
1
7
1
0
-1
3
-1
-4
-5
-15
-13
-11
-15
-13
-15
-8
-5
-4
-2
0
-1
2
8
11
21
26
33
34
35
28
21
19
12
12
9
10
9
11
18
24
29
22
16
7
-1
-10
-15
-23
-21
-17
-11
-6
-1
0
-4
-8
-11
-15
-17
-23
-22
-21
-18
-17
-19
-18
-20
-20
-20
-22
-20
-22
-23
-17
-14
3
8
18
27
18
13
1
-7
-9
-16
-18
-12
-5
2
9
9
7
12
14
19
19
20
18
14
16
10
9
2
-1
-7
-7
-2
-5
-4
-4
-3
-2
-2
0
-5
-6
-11
-13
-16
-12
-9
-11
-4
-2
-4
-7
-2
-5
-9
-3
-4
-4
-1
-2
-2
5
5
9
13
17
18
19
18
21
24
29
33
27
24
14
0
-11
-15
-18
-12
-10
-3
3
11
12
15
19
9
6
-2
-3
-2
-6
-7
-6
-3
-5
-6
-6
-7
-5
-8
-8
-5
-6
-2
3
16
16
16
12
2
-11
-23
-22
-25
-23
-19
-14
-7
-8
0
4
11
10
9
6
-1
-7
-11
-21
-24
-23
-18
-11
-9
-13
-10
-6
-4
2
10
17
15
14
12
6
-1
-9
-14
-18
-19
-21
-17
-3
1
6
19
25
32
30
36
36
34
30
24
22
21
17
14
16
7
-4
-9
-17
-17
-10
-2
1
10
13
8
12
6
2
0
0
-7
-13
-11
-10
-8
-13
-12
-12
-12
-7
-9
-13
-11
-17
-19
-17
-9
-9
-4
-1
-5
-8
-10
-14
-17
-21
-24
-30
-33
-29
-25
-25
-14
-6
0
5
9
10
11
6
9
7
5
1
-1
-3
-8
-9
-1
6
12
20
22
24
24
24
17
10
6
2
7
2
-5
-5
-11
-15
-14
-10
-8
-2
0
6
9
16
11
3
8
0
-1
2
8
11
7
5
5
9
3
-5
-7
-7
-13
-15
-16
-14
-13
-19
-13
-22
-18
-11
-10
-6
-5
-1
-1
11
9
19
26
31
41
45
51
49
46
46
44
46
43
37
33
19
15
1
-2
-6
-9
-5
2
10
10
12
12
9
8
2
-1
-2
-3
0
0
0
-6
-12
-9
-14
-16
-13
-9
0
2
6
8
1
-10
-15
-19
-15
-20
-15
-12
-10
-1
-8
-11
-21
-30
-33
-35
-32
-33
-33
-29
-21
-7
-1
1
0
2
8
6
3
-2
-7
-8
-7
-8
-5
1
0
-3
-7
-10
-14
-15
-18
-12
-10
-16
-22
-22
-21
-31
-29
-37
-36
-33
-35
-30
-23
-19
-19
-10
-6
4
3
2
10
9
13
18
15
19
21
9
8
5
6
1
3
11
14
18
17
23
31
24
23
22
22
23
22
20
16
19
18
17
18
26
27
28
30
36
39
43
35
42
42
39
34
21
14
3
-1
-10
-15
-12
-19
-17
-12
-1
3
3
9
7
10
6
5
6
-4
-3
-4
-6
-6
-4
-8
-12
-14
-17
-16
-19
-17
-10
-14
-10
-11
-15
-15
-18
-17
-20
-16
-9
-6
-12
-14
-14
-19
-20
-21
-23
-27
-30
-30
-30
-21
-16
-17
-17
-15
-15
-18
-19
-22
-22
-21
-18
-13
-7
-7
-5
-7
-3
1
-5
2
7
12
21
20
27
28
17
20
17
14
7
8
8
11
10
7
18
22
27
35
38
39
34
29
24
19
16
22
24
25
27
20
14
12
3
-1
0
-6
-7
-8
-4
-9
-9
-6
-10
-8
-4
-2
-6
-8
-11
-16
-16
-17
-20
-16
-14
-17
-17
-14
-15
-13
-6
-6
3
1
-7
-1
1
-2
-3
0
-1
5
5
2
11
14
13
8
9
10
8
-1
-2
-5
-8
-4
-14
-17
-16
-20
-17
-17
-10
-6
-3
-4
-3
-2
-5
-6
0
9
11
11
11
11
18
15
14
13
13
11
13
9
9
4
-7
-10
-14
-10
-18
-14
-13
-4
0
0
11
0
0
1
7
13
9
14
7
6
5
1
4
1
3
5
6
4
4
4
2
-1
1
3
2
-3
-2
-4
-12
-8
-15
-10
-6
-12
-9
-6
-8
-14
-12
-19
-19
-11
-12
-9
-5
-3
-4
-2
0
-4
-8
-3
-6
-5
-2
2
5
4
2
0
-2
-7
-9
-8
-2
3
11
9
12
18
20
21
27
32
25
22
22
15
14
13
10
12
12
10
6
3
-3
-2
-7
-7
-10
-15
-15
-16
-10
-8
-9
0
1
0
7
5
7
1
-3
-3
-11
-14
-13
-18
-16
-13
-11
-9
-8
-7
-7
-8
-11
-15
-9
-2
0
5
0
-1
0
-9
-15
-19
-18
-18
-22
-14
-14
-12
-13
-12
-2
-2
5
10
14
17
21
27
31
33
29
30
23
22
14
4
3
-1
-6
-9
-6
-6
-9
-10
-9
-9
-13
-16
-14
-15
-11
-6
-7
4
7
6
7
12
24
18
23
21
15
8
-1
0
-11
-10
-12
-15
-7
-7
-4
-8
1
4
-4
2
-5
-10
-4
-10
-9
-3
-1
4
8
15
18
21
24
27
22
24
23
17
14
8
7
2
2
7
8
10
13
17
25
25
20
15
12
7
3
0
-9
-12
-16
-21
-11
-11
-6
0
-2
7
6
7
8
10
5
1
-8
-11
-12
-18
-14
-9
-2
5
9
14
11
13
6
-3
-2
-8
-13
-15
-20
-16
-17
-11
-3
0
2
3
4
-4
-1
-1
-6
-5
-9
-8
-15
-18
-23
-27
-25
-30
-24
-24
-21
-15
-14
-8
-8
-6
-14
-10
-12
-18
-14
-17
-12
-10
-10
1
7
7
11
15
17
17
12
11
2
-2
-2
-1
4
0
3
5
7
9
8
12
10
14
6
3
0
-4
-3
-4
3
0
4
6
12
6
4
11
6
6
7
8
7
5
-3
-5
-8
-10
-13
-15
-13
-15
-15
-13
-9
-8
-10
-4
-6
-8
-4
-7
-9
-8
-12
-11
-2
4
5
15
16
12
16
15
22
20
18
20
16
12
6
3
1
4
5
10
17
13
14
15
12
15
9
6
10
11
11
14
14
10
5
-2
-1
-5
-8
1
-2
0
6
4
6
4
-1
-3
-3
-3
-4
-12
-10
-12
-15
-14
-15
-11
-11
-15
-12
-8
-7
-3
6
4
6
11
19
17
15
15
12
6
4
-4
-7
-10
-15
-16
-14
-10
-15
-10
-5
-6
-5
-6
-6
-6
-3
-4
1
5
-2
1
0
1
0
0
6
4
5
7
2
3
-2
0
4
3
-1
-3
-7
-10
-11
-11
-9
-10
-15
-12
-17
-16
-16
-13
-12
-11
-6
-8
2
9
5
8
9
5
3
-1
-6
-4
1
7
4
9
9
8
14
15
18
19
18
15
14
8
8
6
2
3
4
10
8
4
9
9
8
17
25
21
22
19
19
17
25
22
16
17
8
5
-1
-2
-7
-10
-15
-19
-23
-25
-20
-14
-5
-6
-3
-3
-2
-7
-9
-10
-11
-13
-8
-7
-9
-7
-18
-22
-18
-19
-13
-10
-8
-8
-6
-4
-8
-2
-8
-13
-18
-19
-27
-31
-33
-28
-26
-24
-18
-11
-4
-4
4
8
9
2
-8
-6
-7
0
6
2
8
9
10
11
11
8
5
-1
-1
-4
-1
-3
-6
-2
-4
-1
6
8
9
12
10
12
9
9
10
6
6
5
8
7
10
16
9
5
6
6
11
8
8
11
10
4
0
-2
-4
-2
-3
2
3
6
10
11
16
16
15
16
16
20
18
17
18
10
7
6
10
10
14
11
15
21
20
16
10
6
1
-4
-13
-10
-18
-26
-28
-30
-29
-31
-27
-25
-18
-11
-3
1
4
15
13
18
21
18
22
15
15
12
7
13
9
7
10
15
13
12
13
3
-6
-12
-17
-15
-23
-23
-25
-29
-23
-21
-20
-22
-21
-20
-19
-17
-15
-17
-22
-21
-18
-21
-20
-16
-18
-15
-12
-13
-10
-8
-8
-13
-7
-4
-10
-4
-12
-10
-7
-4
1
6
8
17
20
22
25
21
22
22
24
28
27
26
24
24
24
29
27
26
23
24
30
24
29
26
19
13
11
5
4
-3
-7
-8
-14
-17
-21
-20
-21
-24
-24
-22
-20
-15
-1
-4
2
-3
-8
-10
-19
-7
-14
-15
-9
-16
-16
-17
-14
-13
-9
-9
-8
-5
0
6
3
-1
-9
-13
-10
-12
-12
-11
-15
-10
-6
-5
3
0
0
3
5
9
7
9
12
8
6
6
12
15
12
12
11
7
2
-4
-5
-3
-4
-3
-9
-2
-3
-2
2
7
10
3
6
5
13
12
9
7
-1
3
4
11
18
18
20
20
23
29
28
25
23
14
8
8
1
-4
-10
-14
-10
-17
-16
-11
-11
-9
-9
-6
-6
-10
-7
-9
-10
-5
-14
-15
-12
-12
-4
-1
-1
3
5
9
9
8
8
3
-1
1
0
5
10
1
7
5
8
10
7
9
0
-3
-3
-6
-2
1
-1
-1
-1
2
3
1
-1
-2
-3
-3
1
6
8
10
10
9
7
5
10
13
11
12
9
3
3
0
-5
-5
-10
-5
-7
-9
-3
-5
-6
-8
-11
-14
-12
-18
-18
-24
-29
-25
-21
-21
-16
-17
-14
-10
-9
-1
-3
0
-4
-10
-13
-8
-11
-12
-16
-18
-17
-21
-17
-19
-19
-14
-13
-10
-4
-12
-8
-9
-12
-6
3
1
5
13
16
19
16
19
23
24
25
22
23
18
10
16
22
20
16
18
16
16
21
19
23
21
19
16
15
15
11
10
10
2
-2
-1
-3
-5
-2
-2
-2
-2
-11
-9
-8
-14
-14
-10
-1
-7
-3
-4
-5
-2
-7
-6
-4
-2
2
5
6
8
6
3
11
14
11
13
12
6
6
-1
1
0
-9
-4
-7
0
-9
-7
-9
-13
-11
-17
-12
-18
-17
-19
-15
-14
-11
-8
-15
-21
-19
-22
-20
-17
-18
-12
-4
5
6
7
16
19
21
32
34
34
31
29
28
25
18
17
11
10
8
3
5
-3
-5
-9
-9
-9
-5
-6
-12
-8
-10
-13
-16
-18
-16
-11
-9
-6
-7
-3
-2
3
6
13
14
16
18
15
13
7
-1
-3
-7
-1
-1
1
0
-6
-1
-8
-9
-13
-7
-5
-6
4
5
10
10
9
14
11
11
9
1
-1
-5
-3
-2
-3
2
6
6
8
9
3
6
7
7
7
8
12
2
4
3
-1
-2
-9
-5
-9
-6
-6
-7
-3
-10
-7
-17
-17
-12
-22
-13
-16
-12
-13
-12
-6
-7
-2
0
6
5
10
11
9
18
14
13
11
3
2
-4
-11
-11
-13
-13
-15
-16
-9
-12
-3
0
4
10
8
16
14
15
16
14
8
4
1
-7
-2
-12
-15
-15
-19
-11
-14
-5
0
-5
-3
0
-2
-2
2
2
7
11
11
3
4
1
-6
-9
-3
-1
-1
8
8
6
13
16
12
9
11
9
9
7
-2
-4
-4
-9
-10
-8
-9
-7
-11
-5
-8
-6
-4
-13
-17
-12
-17
-18
-11
-17
-23
-21
-21
-21
-23
-16
-18
-13
-5
-2
6
11
7
8
12
6
9
6
-1
-6
-6
-8
-9
-7
-1
-1
4
11
7
9
13
14
7
11
15
15
16
18
23
26
36
34
41
41
39
44
36
32
29
18
20
14
7
6
0
-3
-1
-5
-12
-8
-11
-10
-12
-9
-8
-18
-21
-20
-30
-30
-30
-31
-20
-19
-19
-13
-8
-3
4
6
3
8
6
10
12
15
13
4
7
0
-12
-10
-12
-19
-16
-16
-18
-14
-9
-8
-12
-6
-4
1
12
17
17
17
12
3
0
1
-6
-4
-1
-2
-1
2
7
9
11
17
19
22
24
19
14
15
9
2
2
-3
-5
-2
-13
-16
-11
-13
-11
-5
1
0
-1
-2
1
5
5
4
2
2
2
3
2
5
6
3
2
4
12
11
9
6
-2
-8
-10
-12
-11
-14
-11
-10
-15
-17
-19
-19
-22
-21
-22
-20
-20
-14
-11
-5
1
6
12
11
11
15
8
6
3
0
1
-1
-2
-4
-6
-12
-10
-11
-11
-6
-5
0
1
5
12
14
16
14
8
5
3
-2
-10
-11
-16
-13
-11
-7
-4
-2
6
8
12
17
20
22
22
15
9
3
-3
-13
-15
-12
-13
-12
-6
-6
5
14
19
22
30
29
25
25
22
19
11
3
-3
-10
-12
-14
-17
-16
-12
-6
6
13
17
23
22
20
15
9
1
-6
-17
-24
-32
-40
-37
-36
-27
-21
-16
-1
0
5
4
8
11
8
9
2
0
-3
-11
-15
-16
-15
-16
-13
-7
-2
5
10
16
19
21
25
24
21
18
8
0
-4
-9
-16
-18
-20
-24
-19
-14
-10
-8
-4
-1
1
2
2
5
1
-4
-4
-8
-10
-9
-6
-9
-8
-5
-5
-3
3
12
13
17
19
22
21
18
14
9
5
-1
2
-6
-10
-10
-10
-2
2
4
5
6
12
13
11
14
11
10
1
-4
-8
-8
-12
-14
-17
-16
-9
-7
-3
-1
3
5
5
5
6
8
7
5
7
8
7
7
4
4
5
1
6
8
5
6
8
9
11
10
7
7
7
4
0
-3
0
-1
-5
0
1
0
1
1
-1
4
2
1
6
8
6
6
6
6
1
-8
-8
-13
-15
-16
-13
-13
-12
-10
-10
-5
-1
3
3
7
5
7
6
2
1
-5
-6
-10
-13
-14
-13
-13
-10
-6
-1
2
2
0
3
1
-6
-10
-16
-11
-11
-16
-16
-15
-11
-8
-4
3
12
12
13
15
17
20
16
17
16
9
2
-7
-10
-13
-16
-18
-21
-19
-17
-14
-8
-9
-3
0
0
8
6
5
7
3
3
-2
-3
1
3
8
4
8
5
6
8
12
20
18
25
24
19
15
9
7
5
0
-1
-2
-4
-9
-12
-9
-15
-7
-7
-6
-3
-2
0
-1
0
1
0
2
5
0
-5
-7
-8
-10
-13
-12
-9
-6
-2
2
4
8
9
10
14
11
8
8
5
4
-4
-5
-10
-11
-8
-7
-7
-7
-8
-8
-6
-5
2
6
3
11
12
14
15
13
14
10
9
6
5
2
-1
0
1
4
5
7
7
8
10
7
6
6
0
-3
-7
-6
-14
-20
-21
-21
-19
-17
-15
-12
-6
-5
-3
-2
4
7
13
11
14
6
-2
-1
-9
-7
-7
-7
1
-4
-1
2
7
7
10
14
11
17
9
5
3
-3
-2
-4
1
5
5
8
7
2
3
2
4
5
7
7
10
10
6
4
2
-1
-1
-1
-4
-4
-7
-11
-11
-17
-16
-16
-16
-16
-16
-18
-22
-19
-21
-15
-13
-10
-3
-6
-4
1
6
6
5
7
6
4
0
-3
-2
0
2
6
5
5
9
4
2
3
-1
-1
-4
-4
-3
-5
-6
0
-2
2
3
0
4
4
2
5
7
8
11
11
14
17
16
12
8
1
0
-2
0
-1
-3
-3
-8
-7
-10
-9
-4
0
2
1
3
3
2
-2
0
8
5
9
11
9
10
10
9
4
1
0
-3
-4
-2
-5
-5
-5
-3
-2
-4
-1
-1
0
-4
-2
0
3
1
0
0
1
4
-1
-8
-6
-5
-3
1
5
5
7
10
8
11
10
7
7
0
-3
-4
-10
-12
-6
-7
-6
0
-3
0
-1
-3
1
2
1
-1
-1
1
-1
-3
-3
-10
-5
-2
2
-1
-2
2
-1
-4
-3
-1
1
4
3
0
-3
-4
-9
-10
-11
-7
-7
-5
-2
-7
-6
-11
-6
-1
-5
-3
-1
-3
-4
-2
0
1
6
10
7
6
8
8
3
7
3
0
-2
-9
-5
-4
2
2
0
4
5
12
10
12
10
5
2
-3
-1
-2
-5
-7
-8
-3
-1
-1
7
5
10
10
7
10
4
5
6
1
1
-3
-5
-6
-9
-8
-2
0
4
11
11
9
10
5
5
2
0
2
2
11
10
8
7
5
2
-2
-1
-7
-9
-10
-17
-15
-15
-15
-15
-8
-2
5
6
2
3
0
2
2
4
2
-3
-4
-9
-11
-8
-9
-5
-6
-5
-5
-4
3
7
11
7
14
11
7
5
-1
0
-5
-4
-5
-6
-7
-1
2
1
6
3
10
10
10
7
4
3
1
4
3
4
8
4
2
4
2
0
-2
2
-3
-5
-4
-9
-6
-8
-4
-2
-2
1
-2
-4
-6
-7
-14
-18
-20
-15
-15
-10
-10
-5
-2
-2
9
12
15
8
9
3
-3
-5
-8
-8
-9
-6
-4
3
5
3
3
3
3
4
5
5
4
2
1
0
2
2
5
6
6
7
8
5
-1
2
0
-2
2
3
1
-1
-1
-2
-5
-3
-10
-9
-7
-7
-8
-8
-10
-8
-2
0
5
1
7
5
1
10
13
18
16
14
15
12
5
0
-6
-12
-14
-21
-23
-21
-21
-15
-6
1
11
15
23
21
21
22
13
6
2
3
0
-1
-3
-1
1
2
5
2
3
5
2
1
-2
-2
-1
-1
1
3
9
12
7
6
4
3
-2
-6
-5
-3
-3
-4
-4
-9
-11
-9
-9
-11
-13
-10
-10
-5
-3
2
2
2
0
3
6
0
-4
-8
-8
-7
-7
-10
2
5
10
11
4
4
-5
-10
-14
-9
-8
-8
-3
4
5
10
8
9
8
6
5
0
-5
-5
-9
-8
-1
3
12
15
6
6
4
-4
-1
-7
-7
-13
-12
-11
-9
3
2
1
-3
-4
2
7
11
14
16
13
12
12
13
17
17
14
16
5
3
3
2
2
3
-4
-7
-1
-11
-11
-12
-17
-15
-18
-14
-18
-18
-14
-17
-15
-8
2
14
25
25
17
20
12
10
5
-6
-4
-6
-13
-14
-14
-12
-15
-22
-21
-18
-14
-12
-14
-11
-6
2
9
15
24
22
4
-5
-18
-28
-33
-38
-17
-8
-4
1
17
21
23
25
23
30
25
24
19
14
11
5
-1
4
10
9
7
5
1
6
4
4
11
13
11
5
7
4
4
-2
-14
-18
-23
-23
-22
-26
-7
-4
3
15
18
18
8
5
-9
-4
-6
-12
-10
-3
2
1
-1
-5
-9
-15
-11
-1
-2
-6
-7
-12
-22
-19
-18
-18
-22
-23
-9
5
13
15
13
15
23
31
37
40
32
37
32
28
24
9
3
-9
-12
-13
-7
-1
-5
-1
-7
11
16
14
19
-6
-13
-27
-25
-10
-8
0
1
8
10
16
19
11
10
5
-1
-8
-17
-26
-21
-8
-2
-6
-9
-17
-20
-20
-15
-6
-5
-5
-2
1
6
-2
-21
-36
-48
-44
-41
-35
-19
-3
22
35
39
37
33
33
34
27
19
-5
-17
-13
-6
4
2
-1
-7
-6
-9
-20
-19
-12
4
17
26
22
26
24
15
24
11
-9
-16
-26
-28
-31
-30
-18
-12
-10
-18
-8
-10
-10
-7
-13
-6
-1
12
28
48
54
49
31
12
18
20
13
-15
-56
-80
-77
-53
-35
-19
-15
1
22
28
39
48
43
29
17
4
-5
-20
-15
10
29
57
89
96
78
50
29
13
-20
-43
-42
-4
30
34
57
61
50
32
-24
-72
-106
-120
-94
-71
-32
2
25
35
16
25
12
9
1
-7
10
9
-13
-42
-56
-49
-23
-7
-11
-10
-21
7
38
62
51
21
-4
6
18
-20
-62
-78
-82
-76
-46
-27
-27
-42
-43
-39
4
43
56
76
88
98
65
6
-31
-47
-40
-1
29
5
-54
-93
-107
-60
30
113
147
140
108
62
12
-39
-57
-90
-118
-114
-62
11
30
19
-1
26
13
-46
-52
-50
-42
-61
-40
13
36
49
81
138
158
158
167
145
73
-8
-53
-62
-62
-33
-8
-20
-34
-44
-44
-101
-195
-260
-244
-176
-98
-20
32
43
-31
-162
-205
-88
49
125
140
103
56
36
83
161
215
178
88
90
196
285
238
73
-99
-174
-92
30
116
114
41
-80
-183
-215
-162
-93
-106
-147
-125
-64
24
93
104
97
81
84
118
131
78
-17
-74
-11
74
103
52
-72
-191
-205
-85
38
120
148
135
31
-180
-333
-330
-186
-40
-43
-119
-113
43
238
311
218
72
-19
-12
-13
-39
-97
-120
-65
-23
61
130
174
151
71
-20
-99
-105
-96
-23
47
19
-56
-77
18
139
141
-8
-171
-235
-108
117
308
374
202
8
-53
26
92
62
5
-51
-65
-83
-91
-56
-27
-43
-84
-75
20
108
102
24
-127
-219
-242
-89
142
230
203
53
-15
9
14
-34
-69
-20
13
-45
-74
27
197
236
49
-215
-327
-203
6
154
126
-12
-50
-57
-92
-170
-270
-257
-184
-65
32
81
206
291
314
244
160
67
2
-1
3
15
15
-1
16
93
178
170
-3
-256
-386
-334
-154
18
82
-4
-204
-272
-147
114
253
230
145
95
21
-127
-144
18
184
137
41
7
7
-27
-72
-54
-35
-117
-160
-39
180
311
224
102
5
-3
70
245
285
-17
-522
-799
-488
139
528
416
23
-244
-313
-212
-112
-64
-152
-259
-102
258
580
468
120
-62
-90
6
-6
-48
-33
25
173
251
150
-110
-306
-211
-137
-123
-189
-237
-56
137
207
120
-60
-211
-190
4
109
45
-32
13
168
212
93
-95
-127
-26
-21
-240
-236
-141
104
277
344
180
-109
-210
-218
61
66
-87
-105
-6
161
123
-19
-196
-326
-289
-175
6
16
-43
-60
-19
151
339
427
259
-108
-200
-56
182
422
321
103
-153
-220
-51
27
301
317
153
-22
-98
88
-18
-158
-297
-158
104
194
213
5
-182
-270
-210
45
109
-25
-179
-54
345
509
195
-165
-326
-118
72
145
12
-201
-203
-61
235
303
196
6
-131
-121
-20
-69
-142
-171
-5
249
258
87
-143
-155
-135
-98
5
75
33
-59
-73
67
-41
-305
-330
-58
336
381
179
-188
-293
-168
5
150
21
-24
-44
146
267
271
139
-57
-64
-69
107
114
97
17
-30
-58
-192
-95
-113
-12
-114
-163
-94
-71
45
34
15
-33
-101
-92
-12
73
190
131
58
-4
-26
5
-171
-361
-384
-99
248
361
279
93
-111
-147
-100
-28
75
59
58
14
10
-29
-247
-286
-230
-36
47
121
236
148
-80
-315
-114
63
233
306
278
132
-85
-246
-192
-30
105
34
-16
-30
5
125
119
125
148
-48
-139
-123
-116
-72
-85
159
111
49
-140
-76
118
64
-205
-510
-401
-60
136
54
-44
-37
218
471
463
153
-166
-356
-257
-27
179
255
338
155
-103
-289
-101
220
249
222
-89
-69
38
194
114
-182
-303
-420
-394
-124
216
449
299
-68
-72
39
186
236
162
-66
-298
-103
127
240
46
-235
-178
-34
74
89
87
-44
-160
-69
-5
-5
-139
-134
120
319
483
363
225
105
3
-121
-361
-497
-349
-112
155
337
332
97
-381
-511
-406
-212
-107
-252
-249
20
515
568
206
-328
-568
-297
125
441
282
-162
-347
-78
357
621
572
263
-13
-129
-269
-27
61
53
-253
-430
-71
175
324
-20
-228
-551
-577
-232
185
368
304
212
156
44
18
50
-155
-313
-616
-250
115
581
538
3
-346
-506
-171
-95
-93
-205
-63
356
581
434
-94
-413
-387
-184
-47
-57
-58
89
218
239
115
-48
-69
69
282
178
-61
-231
-126
44
251
214
-9
3
-50
220
315
-21
-130
-184
120
147
-35
-44
-168
205
236
120
-224
-383
12
132
139
-164
-185
170
349
368
-101
-189
-224
8
147
176
363
89
-63
-300
-208
-44
-65
-143
-77
294
289
166
-272
-359
-186
-89
40
-157
-20
-117
-236
-332
-238
34
-18
-30
-66
177
185
60
-147
-307
-61
14
55
-112
45
87
-17
-69
-282
-139
-18
118
-4
-116
-7
242
397
261
87
84
355
507
287
-1
28
317
314
-73
-384
-308
-114
-167
-265
-301
-44
178
210
66
-40
-72
-104
-98
-8
-135
-255
-268
75
540
742
609
93
-386
-532
-214
279
598
336
98
-98
29
252
89
-187
-398
-132
84
181
106
144
263
190
41
-424
-374
-194
58
85
-146
-246
-298
-42
88
69
-135
-217
-251
-128
-77
126
-14
-13
-62
-82
-96
-88
-13
-187
-68
-136
33
-18
73
269
44
15
-132
21
111
217
287
164
67
-40
-7
-177
-205
-170
-117
92
147
159
2
-269
-267
-199
59
84
37
-212
-150
49
386
445
273
101
-252
-230
-332
-209
-97
-99
69
65
115
180
384
547
393
134
-114
-45
38
33
-201
-340
-143
45
299
268
209
-163
-485
-425
-147
135
312
376
341
153
-65
-27
-36
-129
-357
-399
-249
211
492
362
5
-261
-227
59
109
78
-202
-282
-93
11
153
19
193
180
179
-55
-127
-171
-81
312
340
220
-150
-165
3
177
-83
-568
-826
-641
-198
163
422
76
-174
-389
-381
-254
-12
173
-38
-134
97
241
84
-354
-484
-428
9
524
766
605
147
-68
-224
39
81
252
184
31
99
28
262
248
257
110
-214
-191
-71
323
430
162
-300
-490
-388
-319
-37
106
515
454
-66
-526
-591
-169
123
274
132
27
-83
-102
-151
-191
-205
-222
-112
-105
123
271
217
64
-135
-52
-93
-184
0
263
333
124
-60
15
59
35
92
128
63
-16
32
269
230
209
-21
-65
-83
-148
-30
-174
-166
-146
69
237
249
238
329
131
-84
-315
-345
-205
-226
-40
116
523
539
577
267
-96
-520
-770
-623
-429
-5
222
329
281
84
-141
-163
4
55
130
15
-28
-28
34
-37
-141
-249
-205
144
309
205
33
-112
-16
-16
-139
-208
-83
366
411
334
2
-287
-382
-315
-5
-27
-80
-386
-362
-285
69
438
567
476
212
-19
-389
-387
-351
25
348
461
581
364
173
35
68
23
-269
-515
-651
-441
-195
-216
-124
-111
100
397
411
343
-117
-358
-244
-54
297
268
112
3
79
155
126
228
153
122
96
152
-146
-443
-451
-207
-111
-108
-54
319
670
567
369
-209
-395
-416
-222
-22
72
-99
-213
-359
-18
355
401
270
-193
-274
-247
-309
-240
-149
98
217
65
22
-29
-156
-243
-94
149
56
-102
-359
-123
-13
168
227
310
343
192
-145
-452
-534
-462
-140
319
382
280
99
-80
143
203
524
293
-144
-538
-632
-79
-9
-56
-178
62
328
287
-3
-131
-163
-202
15
175
480
302
240
287
224
76
-311
-180
21
172
50
-398
-291
-147
204
204
339
433
139
-268
-549
-159
111
303
0
-322
-439
-318
67
228
40
-225
-323
-267
-29
252
40
-189
-247
-105
12
-123
-362
-447
-307
207
653
807
705
322
174
-92
-126
-138
-41
107
285
272
148
5
-344
-368
-222
234
357
-108
-370
-297
159
565
743
542
93
-167
-191
143
365
256
-60
-389
-322
60
334
415
2
-303
-372
-167
-82
-246
-119
-84
34
149
-65
-185
-481
-313
-64
103
148
-253
-296
-152
309
439
276
-28
-181
171
342
114
-498
-865
-412
277
832
317
-375
-859
-562
-31
37
-48
-377
-318
-25
186
246
295
214
149
-127
-284
-337
-258
199
492
535
164
-186
-172
117
405
416
222
-1
-100
53
20
-158
-441
-560
-363
-28
485
520
367
11
-240
-236
-302
23
107
327
133
-79
-60
70
482
339
189
-151
-106
35
120
111
-43
-60
19
81
126
-6
132
277
374
410
165
70
13
53
-13
-191
-359
-290
-123
-180
-262
-237
-72
32
-215
-364
-368
-192
52
45
-2
-25
105
194
301
122
-224
-422
-317
-73
-19
-204
-419
-350
-103
308
577
579
296
-17
-38
30
219
310
237
82
-102
-71
-315
-383
-196
-23
-85
-619
-693
-407
191
504
568
503
420
629
377
254
46
-237
-171
-326
-152
-243
-158
13
159
477
225
-79
-472
-576
-341
60
360
316
353
260
110
-68
-354
-346
-310
-156
34
50
-25
-261
-414
-391
-187
328
609
526
224
-182
-458
-447
-348
-112
104
260
299
250
318
295
256
-128
-384
-432
-192
57
333
450
268
-32
-469
-454
-391
-148
-80
-185
23
119
273
352
248
124
-120
-118
2
288
549
419
170
-105
-319
-358
-454
-401
-162
-32
-80
-569
-816
-659
-41
524
621
377
-14
-146
-48
244
444
297
328
400
465
246
-193
-318
-272
-103
-13
-24
-16
1
-113
-244
-149
143
191
89
-7
255
280
6
-313
-173
112
315
159
-244
-449
-483
30
352
579
327
45
20
-9
215
-102
-304
-478
-301
57
151
140
-25
33
220
222
96
-165
-285
-55
188
280
139
-68
148
418
550
387
-45
-392
-661
-657
-383
-240
-200
-324
-245
37
215
296
116
34
100
312
393
377
319
494
632
631
337
-123
-294
-367
-160
-58
66
227
344
399
315
121
-190
-536
-421
-239
3
125
154
326
224
145
-87
-286
-479
-605
-654
-555
-465
-334
-225
-185
32
27
-15
-10
46
204
106
-33
-190
-357
-467
-478
-326
-206
-86
82
102
134
-37
-207
-332
-483
-294
-38
299
395
327
244
2
-132
-256
-170
14
83
99
-51
-106
54
241
359
189
74
138
190
207
46
-113
-135
-163
-74
66
143
320
427
542
414
232
58
-7
60
184
445
338
96
-213
-281
-171
-176
-41
-1
83
-71
-341
-433
-403
-171
59
104
79
61
101
157
136
-76
-468
-715
-600
-168
448
677
609
438
218
284
139
-52
-315
-520
-512
-286
246
662
838
680
419
214
152
228
301
202
-34
-216
-252
-191
-85
-23
-20
-29
-68
-33
-202
-397
-490
-409
-30
282
461
410
437
420
350
344
228
145
22
-34
25
-30
-171
-385
-432
-222
55
262
278
130
117
215
372
362
89
-224
-395
-322
-327
-440
-596
-672
-706
-833
-952
-1072
-1164
-1332
-1540
-1789
-2072
-2310
-2551
-2664
-2620
-2480
-2364
-2280
-2136
-1729
-1186
-715
-288
148
624
1118
1550
1934
2366
2618
2673
2714
2806
2925
2965
2867
2799
2623
2477
2323
2263
2184
2091
2036
1886
1825
1785
1759
1671
1548
1452
1381
1213
1043
885
779
687
571
476
363
157
-46
-138
-50
57
-115
-329
-438
-409
-380
-388
-472
-519
-432
-392
-353
-564
-895
-1244
-1578
-1740
-1784
-1684
-1554
-1419
-1260
-1038
-731
-495
-373
-302
-383
-471
-544
-533
-355
-106
317
749
1117
1480
1886
2431
2863
2584
921
-2084
-5558
-8577
-10592
-11702
-12186
-12142
-11687
-10419
-8358
-5565
-2489
-14
1486
1757
1777
1928
2467
3280
4004
4771
5260
5997
7127
8553
9895
10215
9440
7511
5417
3620
2171
1062
-135
-1181
-2174
-2630
-2247
-1195
-58
491
396
-211
-733
-860
-562
85
641
1205
1671
2509
3843
5271
6379
6463
5776
4477
3233
2203
1441
812
-24
-896
-1703
-1920
-1643
-1235
-1150
-1734
-2555
-3481
-3935
-3905
-3471
-2772
-2284
-1669
-1015
61
1295
2433
3083
2978
2446
1645
1087
749
644
542
224
-222
-488
-365
-99
-2
-434
-1287
-2179
-2882
-3044
-2843
-2393
-1947
-1628
-1255
-862
-214
355
689
667
215
-342
-804
-873
-555
-144
144
258
402
722
1064
1279
1183
867
387
19
-3
246
783
1375
1983
2090
1394
-184
-2290
-4597
-7187
-9913
-12425
-14001
-14373
-13609
-11898
-9471
-6541
-3596
-997
1163
2892
4342
5139
5509
5670
6050
6678
7309
8233
9160
10041
10189
9698
8665
7165
5385
3060
677
-1616
-3355
-4462
-4919
-4536
-3721
-2522
-1385
-212
868
1635
2306
2662
3001
3269
3673
4464
5325
6331
7172
7654
7644
7248
6457
5160
3638
1922
263
-1286
-2621
-3520
-3909
-3909
-3771
-3700
-3638
-3532
-3487
-3408
-3325
-3011
-2593
-1919
-1006
202
1575
2841
3781
4229
4321
4045
3457
2570
1511
445
-559
-1364
-1916
-2164
-2183
-2238
-2376
-2666
-2952
-3241
-3428
-3446
-3195
-2749
-2260
-1583
-725
293
1204
1798
2009
1909
1566
1092
634
152
-243
-577
-872
-976
-980
-884
-862
-989
-1122
-1205
-1092
-793
-306
180
631
896
1123
1505
2203
3300
4323
4493
2878
-610
-5131
-9462
-12783
-14900
-15921
-16036
-15280
-13511
-10570
-6617
-2287
1513
4012
5100
5335
5416
5838
6538
7327
8007
8416
8786
9348
10195
10890
10588
8834
5730
2125
-1194
-3659
-5283
-6253
-6659
-6691
-6027
-4488
-2013
795
3121
4413
4756
4671
4714
5316
6235
7219
7784
7935
7927
7931
8035
7603
6413
4358
1702
-966
-3284
-4654
-5291
-5466
-5502
-5345
-4854
-3995
-2869
-1804
-865
-407
-282
-302
-52
805
1881
2816
3255
3372
3384
3283
3118
2641
1789
435
-1149
-2519
-3396
-3509
-3254
-2848
-2556
-2448
-2247
-2028
-1624
-1317
-1153
-1305
-1537
-1389
-863
195
1222
2015
2327
2256
2072
1725
1405
929
360
-364
-1197
-1743
-2013
-1910
-1751
-1704
-1821
-2029
-1979
-1741
-1227
-593
89
825
1414
1943
2492
3024
3620
4142
4705
4857
3555
344
-4624
-9709
-13964
-16662
-17733
-17514
-15880
-13518
-10174
-6244
-1723
2683
5763
7339
7326
7089
6954
7270
8117
9047
10039
10223
10098
9864
9649
8986
6734
3125
-1423
-5540
-8537
-10038
-9870
-8685
-6897
-5076
-2787
133
3397
6241
7861
8412
7956
7378
7101
7577
8546
9178
9159
8233
7092
5850
4525
2758
298
-2574
-5564
-7814
-8808
-8330
-6797
-5068
-3580
-2454
-1264
123
1441
2367
2620
2490
2172
2094
2603
3562
4555
4926
4461
3294
1804
256
-1337
-2891
-4335
-5440
-6147
-6176
-5326
-3730
-1967
-734
-64
76
98
172
381
756
1057
1301
1476
1799
2373
3023
3304
2907
1957
621
-624
-1750
-2481
-2843
-3084
-3142
-3069
-2590
-2003
-1545
-1363
-1533
-1649
-1600
-1232
-519
303
1151
1806
2445
3022
3453
3766
3657
3510
3372
3693
4112
3109
3
-5523
-11370
-16164
-18796
-18981
-17774
-15038
-12254
-8707
-4581
140
5205
8494
10201
9507
8396
7527
7400
8618
9577
10608
9769
8457
7209
6222
5552
2909
-607
-5525
-9624
-12008
-12347
-9972
-7050
-3519
-1065
1315
4143
7010
9973
11143
11215
9692
7912
6879
6744
7817
8190
7802
5969
3569
1414
-684
-2205
-4300
-6462
-8796
-10274
-9899
-7885
-4403
-1267
1161
2367
3091
3885
4697
5612
5654
4990
3523
2212
1764
2071
2836
2824
1812
-374
-2781
-4620
-5651
-5810
-6028
-6271
-6630
-6310
-4758
-2349
413
2144
2780
2438
1849
1703
1998
2721
2970
2664
1819
1264
1319
1637
1751
934
-598
-2542
-4122
-4754
-4285
-3209
-2303
-1880
-1827
-1470
-811
-34
451
209
-359
-816
-580
524
2058
3428
3904
3586
2908
2349
2082
1889
1697
1419
1398
1957
2987
3057
716
-4604
-11140
-16474
-19354
-19317
-17597
-14384
-10813
-6927
-2382
2500
7814
11330
12623
11207
8579
6610
5522
6121
6893
7763
7245
5518
3932
2739
2247
222
-3108
-7548
-11450
-13048
-12163
-8204
-3275
1510
4902
7052
9275
11291
13028
13070
11489
8776
5653
3648
2978
3807
4575
4235
2480
-172
-2457
-4358
-5580
-6765
-7971
-8895
-9116
-7256
-3555
1303
5432
7785
8430
7617
6583
5423
4701
3722
2317
710
-959
-1431
-1157
-488
-552
-1948
-4017
-6183
-7387
-7281
-5954
-4305
-3011
-1990
-972
550
2175
3598
4080
3485
2033
536
-39
262
1429
2233
2452
2037
1198
569
-72
-661
-1727
-3129
-4543
-5370
-4923
-3586
-1831
-398
231
340
113
12
210
396
507
454
581
1028
1855
2820
3511
3282
2280
1088
128
-294
-228
226
790
1358
2080
3433
4132
2643
-2214
-9239
-15462
-19531
-19955
-18085
-14365
-9927
-5807
-1012
3545
8618
12080
13099
11500
8003
5306
3298
3636
4777
6277
6744
5149
3553
1656
817
-1077
-4082
-7934
-11803
-13054
-11828
-6906
-572
5384
9455
11092
12203
12554
12901
12029
9819
6841
3245
1058
316
1588
3081
3309
1889
-1224
-3916
-6298
-7292
-7537
-7372
-6730
-5798
-3026
759
5376
8908
10382
9942
7641
5295
3005
1564
511
-544
-1545
-2561
-2732
-2505
-1946
-2124
-3228
-4821
-6536
-7020
-6335
-4200
-1765
268
1721
2404
3084
3448
3626
3180
2089
699
-642
-996
-567
531
1354
1398
938
-89
-1009
-1758
-2161
-2503
-2932
-3203
-3135
-2467
-1337
-33
770
819
260
-389
-603
-363
255
789
1074
1192
1329
1497
1634
1582
993
218
-701
-1175
-1028
-468
535
1287
2085
2713
3483
4644
4731
2570
-3349
-11068
-17490
-20685
-19684
-16753
-12194
-7658
-3480
994
5177
9828
12478
12716
10117
6318
3881
2811
4253
6050
7597
7302
4690
1981
-567
-1766
-3779
-6807
-10285
-13073
-12603
-9296
-2687
4400
10046
12962
12975
12603
11808
11317
9930
7476
4619
1521
36
-33
1430
2649
2054
-278
-3862
-6489
-8016
-8023
-6941
-5459
-3543
-1811
1106
4840
8765
11122
10855
8772
5227
2125
-57
-896
-1064
-1529
-2240
-3212
-3480
-3218
-2862
-2911
-4058
-5283
-6179
-5756
-3739
-963
1992
3569
4063
3626
3052
2663
2037
1432
215
-954
-1813
-1721
-491
979
2094
1963
1012
-424
-1559
-2225
-2345
-2108
-2106
-2170
-2201
-1646
-729
233
683
421
-280
-1001
-1044
-496
608
1670
2300
2472
2158
1857
1487
918
93
-1051
-2021
-2216
-1529
-212
1108
2057
2777
3391
4470
4907
3301
-1779
-9518
-16635
-21001
-20480
-17108
-11884
-6573
-2335
1965
5482
9525
12076
12545
10371
6247
3205
1568
2989
5335
7540
7901
5328
1967
-1639
-3528
-5284
-7399
-9887
-12081
-11559
-8278
-1662
5757
11618
14482
13904
12233
10189
8896
7784
6113
4008
1270
-293
-639
629
1966
1672
-305
-4115
-7195
-9070
-8649
-6699
-4283
-1419
709
3520
6301
9148
11030
10628
8465
4577
1026
-1481
-2341
-1950
-1614
-1596
-2405
-3035
-3359
-3442
-3591
-4233
-4911
-5540
-4905
-3021
-107
2946
4729
5268
4287
2950
1753
890
325
-320
-965
-1461
-1251
-415
915
2020
1966
958
-821
-2386
-3304
-3249
-2472
-1784
-1179
-1198
-1027
-660
-88
409
304
-83
-488
-367
165
1029
1961
2358
2132
1458
750
341
44
-390
-974
-1713
-1988
-1774
-1121
-64
982
2211
3491
4949
5605
3948
-792
-8302
-15578
-20451
-20961
-17789
-12899
-7229
-2562
1974
5883
9464
12079
12200
10280
6261
2926
1294
2189
4904
7151
8067
6015
2681
-912
-3664
-5523
-7776
-9772
-11468
-11006
-7583
-1578
5703
11488
14545
14368
12367
10045
8069
6816
5321
3605
1585
21
-260
303
1364
1262
-375
-3387
-6642
-8517
-8615
-6783
-4040
-988
1947
4584
7329
9458
10671
10066
7614
4101
500
-1809
-2709
-2370
-1878
-1646
-2003
-2669
-3282
-3783
-4085
-4590
-5068
-5080
-3964
-1758
1114
3755
5211
5268
3931
2217
512
-602
-1080
-1129
-968
-650
-2
693
1444
1550
1030
-122
-1578
-2740
-3247
-2759
-1781
-796
-151
-89
-223
-527
-708
-753
-907
-907
-819
-352
452
1475
2363
2694
2488
1669
820
-59
-694
-1255
-1861
-2130
-2078
-1534
-666
400
1552
2710
3753
4993
5740
4636
81
-7867
-15736
-20881
-21059
-17637
-12340
-6412
-1768
2241
5229
8303
10685
11068
9278
5547
2647
1502
3049
6281
9125
10111
7440
2812
-2005
-5357
-7189
-8863
-10138
-10894
-9753
-6161
-360
6728
12261
14730
13546
10485
7737
6030
5540
5207
4748
3491
1943
1106
1070
1500
685
-1648
-4999
-8135
-9572
-8809
-5809
-1901
1723
4149
5610
6794
7797
8300
7711
5807
3251
595
-992
-1325
-651
77
-335
-1681
-3547
-5066
-5825
-5797
-5296
-4511
-3707
-2363
-496
1824
3872
4825
4324
2652
854
-596
-966
-778
-59
438
560
513
205
200
-12
-415
-1112
-1947
-2416
-2254
-1440
-320
682
826
365
-461
-1104
-1359
-1392
-1128
-907
-579
-84
709
1583
2302
2337
1705
641
-237
-596
-779
-834
-1185
-1482
-1699
-1439
-543
468
1663
2515
3491
4682
5865
5577
2144
-4744
-13107
-19514
-21755
-19383
-14391
-8319
-3113
955
4148
6767
9252
10163
9304
6466
3428
2072
3246
6688
10208
11842
9897
4942
-981
-5816
-8638
-10166
-11031
-11214
-10194
-6937
-1442
5295
11195
14126
13555
10532
7256
5336
5152
6012
6606
6151
4666
3010
1863
1150
2
-2252
-5514
-8641
-10206
-9432
-6237
-1966
2012
4392
5488
5907
6301
6881
6684
5787
3907
2000
527
78
563
809
321
-1681
-3987
-6019
-6981
-6685
-5649
-4075
-2668
-1324
78
1841
3354
3911
3414
1821
101
-1271
-1396
-477
720
1636
1572
940
-137
-779
-1185
-1293
-1411
-1676
-1743
-1522
-630
430
1146
1021
-16
-1330
-2374
-2724
-2297
-1356
-281
524
893
1082
1401
1638
1779
1394
687
-170
-827
-996
-909
-788
-882
-1001
-1007
-591
18
936
1943
3077
4364
5516
5471
2849
-2982
-10845
-17814
-21556
-20344
-15782
-9546
-3877
221
3517
5739
7988
8978
8581
6660
4015
2925
3821
7167
10736
12498
11055
6094
-130
-5932
-9541
-11153
-11494
-10936
-9649
-6491
-1606
4525
10017
12859
12604
9854
6818
5071
5217
6693
7962
8201
6923
5082
3142
1290
-568
-3232
-6105
-9022
-10142
-9056
-5858
-1685
1706
3997
4522
4672
4750
5232
5716
5426
4730
3388
2502
1933
1847
1646
319
-1663
-4509
-6605
-7541
-7023
-5407
-3748
-2284
-1248
-154
1014
2225
2817
2745
1805
681
-18
-18
792
1506
1748
1183
2
-1152
-1907
-1956
-1533
-1169
-1012
-930
-664
-216
433
855
708
-82
-1247
-2138
-2411
-2061
-1222
-311
440
881
1090
1188
1099
913
519
224
-14
-145
-60
-229
-366
-744
-1072
-1076
-803
-108
610
1406
2515
3902
5357
5768
3514
-1757
-9493
-16598
-20802
-20545
-16352
-10631
-4690
-468
2583
4641
6067
7134
6806
5645
3910
3394
4875
8006
11673
13219
11668
6723
277
-5480
-9388
-10773
-10729
-9619
-7949
-5377
-1325
3353
7869
10175
9815
7562
4933
4012
5092
7685
10080
10787
9607
6869
3810
930
-1713
-4199
-6857
-8713
-9270
-7894
-4833
-1289
1707
3040
3109
2485
2304
3014
4228
5619
6152
6010
5290
4366
3315
1852
-131
-2687
-5249
-7053
-7565
-6679
-5005
-3433
-2264
-1841
-1551
-994
-119
955
1675
1857
1657
1623
1934
2542
2940
2632
1586
-72
-1541
-2408
-2417
-1922
-1343
-909
-703
-502
-240
22
63
-215
-851
-1495
-1789
-1298
-287
707
1367
1354
786
-54
-762
-943
-717
-233
416
808
1099
960
677
298
-493
-1106
-1589
-1582
-999
-88
1330
2863
4527
6307
6497
3796
-2929
-11829
-19011
-22118
-19513
-13908
-7110
-1444
1795
3707
4252
5210
5459
4682
3112
1727
2873
6071
10967
14782
15348
11643
4147
-3543
-9223
-11390
-10838
-9194
-6978
-4899
-2107
1384
4981
7587
7469
5325
2361
1072
2652
6422
10860
13414
13265
10267
5849
1759
-1457
-3728
-5996
-7730
-8387
-7338
-4568
-1193
1754
2638
1556
-444
-1735
-1021
1293
4354
6849
8043
7795
6674
5228
3610
1506
-1360
-4380
-6729
-7490
-6371
-4164
-1999
-1047
-1649
-2892
-4031
-3769
-2488
-694
950
1877
2710
3362
4138
4453
3964
2298
-40
-2097
-3177
-2704
-1478
-5
689
440
-443
-1340
-1738
-1657
-1336
-1181
-1144
-1057
-656
205
1066
1507
1238
364
-381
-882
-669
-101
668
1172
1279
1241
718
309
-388
-1056
-1637
-2105
-1856
-1015
323
1580
2414
2976
3647
4771
5596
4024
-1464
-10432
-18493
-22131
-19467
-13004
-6170
-723
1476
2186
1855
2243
3293
3464
3212
2541
4047
7636
12190
15692
15554
11413
3622
-4406
-9728
-10967
-8883
-6258
-4111
-2904
-1869
-48
1868
3614
3633
2095
328
224
3256
8094
12802
15025
13896
9974
4792
487
-2238
-3501
-4290
-5022
-5197
-4473
-2738
-873
81
-518
-2504
-4420
-4700
-2473
1682
5890
8707
9279
8342
6562
4611
2745
842
-1192
-3129
-4237
-4056
-2809
-1367
-922
-1900
-4044
-6176
-7209
-6390
-4063
-1409
773
2082
2873
3395
3753
3551
2889
1455
27
-818
-681
481
1637
2063
1287
-326
-2073
-3258
-3454
-2784
-1779
-1020
-517
-191
89
484
765
764
314
-222
-472
-144
557
1398
1854
1845
1353
475
-258
-922
-939
-1102
-880
-968
-932
-485
-295
671
1131
2200
3437
4675
6000
4567
-339
-9200
-17863
-21882
-19752
-13028
-6036
-715
1380
1275
456
194
1083
1725
1967
2415
4393
8591
13212
16353
15801
10953
3238
-4624
-9185
-9466
-6665
-3369
-1530
-1022
-1366
-1440
-1056
-576
-554
-1369
-1580
19
4315
9916
14170
15504
13043
8439
3250
-375
-1633
-1364
-647
-790
-1222
-1695
-1766
-1847
-2683
-4130
-6152
-7169
-6042
-2359
2693
6880
8889
8430
6499
4322
2777
2038
1612
944
77
-549
-587
-290
-466
-1755
-4195
-6829
-8560
-8329
-6161
-2892
148
1805
2190
1859
1750
1875
2149
2248
1980
1524
1253
1429
1871
2083
1530
104
-1711
-3090
-3510
-3001
-1905
-912
-389
-452
-683
-716
-515
-230
-187
-387
-541
-408
215
963
1615
1738
1378
824
352
160
70
-19
-312
-627
-770
-462
35
481
634
612
737
1436
3020
5170
5194
1288
-7430
-16623
-21507
-19963
-12922
-5618
219
1920
879
-1011
-1901
-580
796
1952
2620
4555
8368
12701
15920
15439
10903
3134
-4685
-8834
-8243
-4232
-271
1429
683
-1568
-3429
-4045
-3502
-2709
-2540
-2022
-9
4423
9934
13981
14830
11943
6865
1851
-800
-403
1586
3233
3184
1658
-341
-2162
-3454
-4810
-6280
-7638
-8001
-6039
-2064
2952
6446
7455
6103
3504
1673
1187
2357
3765
4401
3892
2444
1186
-17
-1111
-2800
-5047
-6914
-7967
-7073
-4937
-2129
-63
408
-170
-1031
-853
353
1996
3283
3698
3382
2862
2501
2341
1995
1027
-389
-1771
-2510
-2359
-1637
-975
-910
-1390
-2081
-2339
-1866
-944
6
426
358
77
-50
205
572
1028
1024
939
754
875
1205
1373
955
-144
-1235
-1690
-1185
-78
1002
1470
1569
1207
1482
2445
4005
3631
-820
-9428
-17900
-21300
-17967
-10118
-2902
1638
1493
-1170
-3943
-4624
-2556
69
2406
4256
6783
10220
13479
14980
13054
7750
592
-5165
-6692
-3887
911
4117
3931
699
-3588
-6795
-7640
-6443
-4334
-2457
-527
2218
6086
9967
11875
11035
7618
3542
936
1271
4148
7184
8169
6380
2695
-1066
-3929
-5376
-6008
-6457
-6658
-6252
-4208
-1158
1921
3326
2619
806
-844
-581
1416
4426
6693
7159
5791
3556
1680
217
-951
-2206
-3589
-4470
-4742
-3919
-2608
-1954
-2168
-3396
-4273
-4029
-2376
222
2466
3681
3431
2511
1595
1291
1542
1722
1760
1233
752
382
140
-98
-698
-1588
-2607
-3133
-2792
-1789
-707
-290
-581
-1263
-1729
-1435
-646
451
991
1094
996
946
1336
1676
1714
1180
117
-702
-711
30
1192
1851
1979
1683
1089
1291
2198
2207
-842
-8318
-16187
-20374
-18337
-11189
-4268
609
675
-2270
-5377
-6528
-4134
-603
2886
5372
7606
10104
12285
13302
11784
7810
2306
-2209
-3239
-751
3399
5889
4941
988
-4211
-8159
-9293
-7796
-4759
-2107
-194
1656
3768
6147
7453
7259
5633
3710
3008
4289
7294
10015
10562
8220
3824
-476
-3440
-4499
-4094
-3532
-3374
-3952
-4212
-3687
-2655
-1879
-2021
-2331
-2371
-1006
1465
4364
6443
6542
5167
2978
1518
1164
1618
2034
1481
210
-1648
-3120
-3808
-4023
-3938
-4451
-4691
-4528
-3446
-1631
-101
855
682
136
-112
559
2022
3534
4228
3831
2670
1335
496
58
-103
-356
-726
-1124
-1163
-1079
-994
-1368
-2223
-2880
-3165
-2548
-1344
-12
945
1248
987
500
141
189
498
1006
1254
1521
1690
1913
1941
1548
1388
1190
1838
2974
3784
1918
-4098
-12740
-19199
-20092
-15149
-7713
-2161
76
-2220
-5826
-8267
-7566
-3982
-73
3648
6457
9185
11563
12866
12390
9454
5138
1000
-399
1672
5489
8415
7784
3763
-2123
-7210
-9543
-8874
-6158
-3407
-1660
-787
23
1122
2216
2634
2394
2151
2848
5053
8269
11147
12024
10211
6458
2670
362
-129
623
1294
937
-606
-2858
-4641
-5660
-5829
-5643
-5313
-4463
-3107
-1060
892
2053
2176
1354
761
993
2470
4392
5564
5529
3978
1915
-24
-1222
-1622
-1819
-1988
-2187
-2329
-2434
-2410
-2622
-3105
-3643
-3989
-3366
-1946
96
1856
2678
2423
1507
704
558
1136
1848
2495
2406
2087
1656
1122
597
-287
-1215
-2073
-2400
-2087
-1308
-725
-732
-1338
-2069
-2392
-2034
-1244
-274
526
899
1041
867
956
1213
1695
2339
2731
3318
3989
4517
3262
-1932
-10342
-17805
-19678
-14950
-7261
-1532
-134
-3429
-8727
-12355
-11786
-7112
-1443
3153
6013
7754
8953
9596
9536
8258
6013
3912
3742
6237
9893
12185
10847
5902
-613
-5885
-7604
-5821
-2489
-120
-213
-2251
-4537
-5502
-4783
-3215
-1500
36
1629
3637
6037
8133
8896
7725
5486
3852
3792
5262
7014
7770
6390
3248
-430
-3166
-4044
-3816
-3113
-2972
-3301
-3799
-4208
-4223
-4161
-4172
-4184
-3663
-2038
432
2897
4299
4125
2972
1519
700
1100
2105
3077
3297
2512
1343
13
-953
-1649
-2114
-2434
-2635
-2557
-2193
-1653
-1359
-1431
-2080
-2545
-2384
-1505
120
1508
2291
2209
1427
879
771
1159
1771
2117
2172
1744
1097
394
-151
-452
-684
-848
-1050
-982
-947
-976
-1205
-1506
-1500
-1123
-601
117
653
966
1389
1914
3354
3035
-262
-7181
-14705
-17604
-15374
-8243
-2181
85
-2646
-8758
-12930
-13612
-9161
-3076
2086
5071
5482
5484
5097
5510
5773
5517
5292
5428
7498
10045
11991
11293
7590
2635
-1793
-2929
-1184
2160
4255
3271
-13
-4326
-6787
-6900
-4835
-2103
-359
544
521
986
1779
2573
3007
2804
3030
3825
5577
7363
8214
7494
5048
2400
587
437
1307
2116
2007
557
-1595
-3667
-4844
-5002
-4440
-3868
-3525
-3464
-3493
-3109
-2481
-1575
-824
-483
-118
410
1461
2489
3131
3139
2605
2080
1800
2102
2429
2345
1750
606
-547
-1348
-1650
-1557
-1381
-1479
-1926
-2473
-2803
-2627
-2273
-1837
-1482
-1165
-820
-373
263
750
1101
1175
1134
1295
1499
1676
1734
1728
1609
1321
869
438
48
-64
-18
-128
-165
-346
-245
-209
-18
461
1188
995
-1733
-7296
-13683
-16400
-14656
-8995
-3772
-2151
-4273
-9700
-13470
-13655
-9317
-2776
2308
4860
4470
3554
2853
3575
5166
6618
7784
8118
9028
10042
10510
9751
7046
3810
1300
951
2536
4400
5096
3108
-524
-4376
-6297
-5546
-3328
-860
38
-459
-1733
-2506
-1997
-609
1069
2167
2951
3615
4443
5243
5623
5449
4632
3889
3560
3910
4551
4512
3512
1511
-434
-1631
-2019
-1735
-1578
-1801
-2837
-4086
-4959
-5265
-4750
-4118
-3244
-2514
-1940
-1367
-972
-390
-59
410
930
1783
2780
3472
3825
3275
2561
1745
1403
1538
1710
1774
1243
382
-642
-1390
-1767
-1904
-2034
-2190
-2265
-2352
-2364
-2332
-2208
-2038
-1845
-1470
-935
-189
446
900
1177
1260
1330
1372
1531
1771
1904
2015
2051
2041
1909
1723
1442
1108
1070
1450
1541
-605
-5281
-11273
-14983
-14521
-10448
-5364
-3745
-5872
-11249
-15644
-16034
-12322
-5657
-326
2379
1835
123
-484
707
3890
6919
9223
10156
10326
10794
10895
10782
9615
7819
6345
5630
6174
6739
6418
4354
938
-2227
-4127
-3826
-2501
-1256
-1355
-3159
-5063
-6258
-5459
-3428
-1180
334
410
180
144
1088
2677
4136
5210
5429
5441
5368
5465
5567
5183
4468
3299
2468
1992
1829
1500
455
-997
-2767
-3993
-4560
-4458
-3929
-3858
-4199
-4903
-5305
-4983
-4041
-2699
-1656
-943
-621
-245
365
1225
2313
3003
3397
3442
3361
3428
3422
3386
3121
2629
2019
1387
827
212
-430
-1190
-1777
-2234
-2623
-2755
-2892
-2934
-3063
-3216
-3257
-3003
-2333
-1493
-567
-21
241
320
524
1070
1666
2236
2469
2494
2647
2924
3648
4268
4398
2712
-1460
-6906
-11104
-11183
-7980
-3851
-2402
-5057
-10108
-15093
-16354
-13559
-8334
-3513
-1801
-2762
-5076
-5873
-4208
-591
3622
6351
7567
7297
7069
7774
8990
10490
11184
11105
10590
9849
9307
8365
7127
5429
3789
2737
2094
1809
888
-712
-2755
-4551
-5247
-4983
-4033
-3257
-3203
-3771
-4561
-4567
-3633
-1931
-106
1060
1711
1847
2184
2896
3967
4996
5463
5579
5170
4782
4324
3993
3772
3311
2621
1652
617
-470
-1436
-2173
-2865
-3402
-3867
-4193
-4403
-4727
-4830
-4835
-4504
-3903
-3092
-2182
-1517
-996
-559
5
777
1667
2483
3125
3435
3513
3501
3530
3618
3514
3204
2705
2037
1311
617
56
-439
-881
-1340
-1952
-2522
-3077
-3447
-3539
-3473
-3120
-2707
-2315
-1854
-1475
-1158
-864
-446
239
984
1649
2037
2491
3359
3765
2331
-1801
-6971
-9533
-8090
-3868
-522
-1097
-5381
-11299
-14796
-13707
-8992
-3661
-1340
-2731
-6229
-8735
-7967
-4246
633
4021
4891
3808
2418
2626
4689
7677
10001
10755
10320
9436
8990
8966
9149
9013
8191
7204
6205
5386
4468
3143
1606
169
-870
-1275
-1354
-1576
-2269
-3508
-4628
-5004
-4538
-3605
-2674
-2241
-2241
-2361
-2136
-1384
-217
1031
2098
2735
2919
2896
2787
2971
3458
4027
4396
4205
3390
2352
1383
776
530
350
105
-551
-1476
-2381
-3112
-3447
-3432
-3240
-3151
-3236
-3352
-3349
-3133
-2659
-1974
-1332
-813
-405
-9
558
1161
1827
2425
2836
3048
2966
2887
2714
2570
2294
2028
1799
1416
1004
363
-149
-694
-1152
-1448
-1832
-2079
-2387
-2488
-2306
-2004
-1628
-1413
-1298
-1064
-761
-138
556
1488
1987
628
-3227
-8302
-10532
-8078
-2825
684
-817
-6215
-12102
-14659
-12048
-6248
-861
614
-2272
-6699
-9081
-7251
-2315
2801
5461
4857
2547
655
1145
4033
7566
9860
9807
8290
6795
6391
7047
8051
8578
8214
7235
6113
5210
4370
3483
2473
1605
989
667
356
-179
-1124
-2277
-3085
-3271
-2698
-2185
-1983
-2187
-2705
-2936
-2533
-1585
-474
204
417
311
280
603
1294
2179
2775
3013
2780
2349
1972
1846
1980
2119
2038
1496
674
-184
-777
-930
-928
-1012
-1327
-1838
-2340
-2674
-2812
-2696
-2403
-2165
-1944
-1871
-1949
-1866
-1580
-1019
-233
446
899
1106
1155
1318
1669
2103
2521
2737
2561
2174
1730
1423
1357
1374
1249
954
395
-297
-924
-1370
-1475
-1325
-1227
-1259
-1411
-1442
-1179
-672
-21
745
1225
141
-3494
-8617
-11264
-8749
-2883
1218
-191
-6079
-12470
-15260
-12692
-6503
-568
1030
-2246
-7516
-10466
-8505
-2912
2970
5900
5062
2093
-273
201
3653
8103
10863
10660
8501
6492
5950
6867
8290
9220
8890
7496
5859
4784
4288
3823
3137
2318
1588
949
311
-502
-1420
-2281
-2786
-2727
-2247
-1888
-2081
-2712
-3304
-3256
-2429
-1180
-97
222
-136
-688
-777
-20
1200
2273
2509
2112
1547
1245
1456
1942
2392
2381
1756
881
176
-134
-84
5
-73
-460
-1066
-1649
-1920
-1844
-1634
-1540
-1586
-1777
-1882
-1756
-1575
-1367
-1269
-1092
-772
-406
38
392
600
700
802
985
1296
1630
2015
2189
2196
1972
1716
1425
1276
1297
1227
987
455
-85
-403
-366
-391
-480
-834
-1024
-976
-703
-259
369
555
-1418
-6207
-11228
-11668
-6362
47
1638
-3124
-10370
-14956
-14324
-8879
-2261
1269
-572
-6052
-10572
-10554
-5765
592
4744
4889
2053
-936
-1545
1161
5931
9897
10850
8908
6408
5485
6609
8690
10363
10517
9025
6744
5164
4779
5072
5068
4259
2953
1576
506
-236
-713
-1201
-1739
-2246
-2445
-2388
-2502
-2907
-3473
-3750
-3352
-2430
-1300
-637
-614
-1088
-1401
-1065
40
1398
2263
2367
1839
1264
1059
1513
2323
2813
2649
1851
934
373
199
373
442
188
-474
-1207
-1698
-1801
-1656
-1471
-1447
-1648
-1950
-1997
-1747
-1397
-1063
-866
-775
-675
-456
-91
344
638
834
939
972
1040
1191
1383
1442
1469
1357
1296
1259
1139
1083
915
846
773
550
109
-234
-344
-101
144
396
568
555
486
413
-467
-3578
-8489
-11314
-8722
-2708
983
-1462
-7955
-13674
-15149
-11743
-5523
-308
318
-3872
-9340
-11554
-8578
-2410
3083
4803
2628
-938
-2803
-1167
3393
8322
10702
9447
6331
4384
5081
7707
10358
11539
10667
8313
6041
5213
5802
6547
6388
5144
3454
1799
731
276
38
-478
-1286
-2067
-2526
-2777
-2966
-3195
-3467
-3590
-3551
-3100
-2417
-1733
-1439
-1541
-1649
-1390
-704
153
955
1385
1460
1252
1191
1532
2137
2603
2617
2119
1448
1011
972
1183
1263
953
308
-383
-878
-1037
-1026
-1009
-1247
-1622
-1972
-2088
-1850
-1577
-1357
-1393
-1456
-1340
-1043
-507
24
351
453
400
506
757
1139
1447
1564
1487
1321
1189
1095
1111
1160
1189
1080
884
695
507
273
86
-75
103
553
1087
1178
1133
736
-1130
-5146
-9568
-10205
-5970
-631
594
-3719
-10306
-14710
-14401
-9640
-3438
-20
-1723
-6824
-11165
-11092
-6512
-242
3822
3763
639
-2524
-2937
216
5342
9387
10024
7544
4683
4021
5956
8937
11029
11108
9378
7000
5664
5982
7056
7432
6616
4904
3268
2185
1736
1617
1177
196
-976
-1898
-2377
-2539
-2740
-3096
-3600
-3807
-3539
-2824
-2320
-2349
-2745
-2995
-2603
-1609
-417
325
453
73
-228
59
915
1983
2560
2348
1642
1069
1043
1480
1944
2016
1543
732
-19
-318
-161
200
257
-210
-987
-1617
-1757
-1445
-1066
-973
-1261
-1754
-1955
-1715
-1138
-567
-233
-208
-307
-298
-12
504
986
1239
1254
1253
1269
1343
1356
1358
1282
1152
1061
1043
1106
1029
780
373
130
277
857
1329
1579
1485
257
-3021
-7717
-10118
-7606
-2132
1011
-1458
-7656
-13223
-14807
-11763
-5939
-1174
-904
-5126
-10347
-12302
-9337
-3417
1820
3484
1318
-2206
-3930
-2070
2586
7421
9545
8201
5234
3660
4904
7933
10601
11448
10159
7699
5877
5875
7303
8460
8096
6259
4075
2529
2155
2586
2792
2088
564
-965
-1796
-1965
-1811
-1844
-2369
-3233
-3930
-3937
-3349
-2653
-2350
-2584
-2992
-2911
-2311
-1426
-664
-301
-305
-425
-258
409
1293
1816
1748
1360
1024
1102
1488
1902
1986
1592
930
375
218
403
630
521
-13
-744
-1178
-1122
-790
-499
-601
-1050
-1574
-1815
-1549
-1022
-622
-567
-794
-926
-792
-348
231
644
750
565
389
465
773
1136
1432
1529
1421
1125
875
753
850
1043
1118
1201
1182
1246
1210
1282
1435
629
-2183
-6382
-8845
-7270
-2894
-67
-1708
-6881
-12068
-14021
-11777
-6859
-2544
-1784
-4996
-9531
-11706
-9699
-4678
193
2232
885
-2024
-3687
-2338
1649
6078
8363
7656
5392
3988
4912
7527
10131
11218
10326
8286
6692
6584
7662
8570
8137
6586
4671
3372
3071
3365
3419
2562
1001
-551
-1364
-1404
-1081
-1092
-1786
-2907
-3755
-3822
-3288
-2577
-2280
-2576
-3218
-3595
-3158
-2053
-1024
-613
-832
-1195
-1147
-477
474
1233
1409
1067
711
654
1016
1605
1848
1659
1129
652
491
626
864
846
522
-134
-611
-688
-515
-332
-538
-990
-1392
-1490
-1217
-751
-468
-516
-862
-1133
-986
-483
106
460
542
336
194
232
489
903
1175
1195
954
702
673
900
1201
1255
1123
991
951
1085
1197
1356
1775
1798
294
-3327
-7230
-8310
-5585
-1485
-41
-2717
-7942
-12364
-13410
-10614
-5811
-2370
-2526
-6010
-9969
-11335
-8954
-4179
50
1489
30
-2523
-3680
-2065
1715
5667
7550
6916
5166
4220
5187
7421
9613
10520
9789
8253
7201
7313
8068
8422
7822
6476
5044
4096
3914
4065
3715
2514
871
-381
-835
-669
-516
-887
-1891
-3081
-3651
-3427
-2744
-2209
-2356
-2944
-3589
-3700
-3090
-2228
-1485
-1107
-1121
-1275
-1360
-1099
-397
405
965
1029
742
566
682
1058
1427
1553
1458
1182
942
834
816
814
645
391
196
86
-29
-293
-590
-775
-873
-907
-949
-978
-921
-884
-845
-832
-761
-558
-307
-114
2
78
140
304
490
702
864
909
800
635
607
776
1088
1335
1372
1200
976
878
1072
1485
1932
1836
344
-2818
-6238
-7477
-5533
-2284
-890
-2758
-6883
-10780
-12284
-10678
-7051
-3868
-3255
-5463
-8727
-10357
-9114
-5492
-1737
191
-153
-1857
-2928
-2217
525
3927
6132
6446
5520
4888
5409
6922
8607
9601
9459
8621
7955
7883
8292
8538
8033
6899
5594
4774
4644
4697
4328
3264
1758
459
-304
-464
-377
-553
-1292
-2366
-3152
-3367
-3050
-2593
-2467
-2768
-3356
-3774
-3641
-2954
-1961
-1290
-1135
-1457
-1814
-1648
-963
-59
577
763
572
296
293
689
1215
1536
1474
1076
750
682
779
955
939
720
373
11
-189
-236
-211
-284
-475
-793
-1020
-995
-829
-612
-618
-775
-955
-993
-820
-452
-31
191
211
97
92
257
506
721
800
721
631
670
894
1143
1220
1092
900
854
1089
1438
1749
1767
898
-1196
-4229
-6412
-6250
-3894
-1502
-1425
-4106
-7993
-10851
-11178
-8914
-5590
-3382
-3659
-6067
-8633
-9387
-7566
-4237
-1253
-89
-704
-1922
-2239
-898
1692
4266
5628
5577
5032
5167
6209
7759
8876
9044
8381
7638
7496
7992
8553
8495
7595
6127
4816
4267
4465
4739
4371
3123
1480
128
-529
-546
-337
-400
-1037
-2067
-3025
-3445
-3255
-2794
-2534
-2697
-3199
-3574
-3451
-2864
-2122
-1713
-1682
-1822
-1719
-1171
-419
164
250
23
-155
-43
425
1011
1454
1480
1149
722
532
744
1028
1257
1052
530
58
-228
-68
172
276
112
-326
-768
-1032
-907
-623
-384
-415
-687
-877
-930
-693
-334
-93
-18
-96
-105
28
234
498
705
749
654
548
606
799
992
960
908
914
892
985
1043
1267
1449
950
-772
-3528
-5833
-6197
-4432
-2267
-1638
-3273
-6377
-9148
-10272
-9211
-6671
-4425
-3777
-4989
-6799
-7739
-6977
-4971
-2862
-1539
-1255
-1314
-1059
8
1686
3209
4013
4107
4164
4923
6414
7984
8810
8574
7636
6856
6877
7694
8656
8908
8086
6399
4770
3914
4044
4576
4661
3870
2322
738
-293
-494
-210
-82
-495
-1450
-2448
-3044
-3096
-2771
-2479
-2531
-2941
-3333
-3295
-2774
-2137
-1786
-1762
-1894
-1866
-1561
-974
-307
106
156
-45
-172
4
482
1017
1234
1049
718
490
598
866
1052
960
548
65
-255
-209
118
377
336
-134
-638
-911
-842
-530
-300
-241
-480
-824
-1022
-860
-400
26
217
31
-235
-335
-188
210
617
780
694
413
231
368
646
936
971
723
406
206
318
626
944
1129
760
-455
-2588
-4635
-5615
-5053
-3613
-2769
-3094
-4650
-6554
-7895
-8179
-7417
-6269
-5276
-4946
-5045
-5133
-4972
-4307
-3502
-2794
-2156
-1585
-649
621
2024
3198
3745
3773
3738
4214
5349
6817
8016
8482
8169
7459
6924
6837
7167
7464
7375
6761
5812
4960
4400
4052
3659
2978
2121
1316
722
424
230
-62
-667
-1495
-2233
-2581
-2460
-2173
-2057
-2310
-2736
-3104
-3122
-2712
-2112
-1634
-1520
-1687
-1862
-1698
-1190
-561
-101
5
-79
-137
-28
305
616
774
711
494
352
355
506
627
542
269
-56
-168
-62
161
266
95
-181
-488
-632
-547
-410
-279
-284
-458
-654
-714
-572
-281
-89
-65
-209
-381
-432
-256
-8
143
158
101
57
-1
-29
36
166
301
277
124
10
-19
96
202
286
397
475
138
-850
-2388
-3794
-4490
-4324
-3707
-3244
-3260
-3868
-4777
-5669
-6161
-6113
-5627
-5060
-4623
-4309
-3907
-3377
-2809
-2339
-2015
-1700
-1247
-426
701
1981
3036
3676
3931
4080
4440
5071
5806
6361
6614
6684
6731
6827
6928
6883
6589
5982
5290
4670
4318
4138
3921
3497
2788
1968
1254
723
400
142
-184
-659
-1167
-1530
-1723
-1728
-1759
-1917
-2164
-2403
-2430
-2272
-2000
-1790
-1690
-1656
-1641
-1467
-1211
-949
-767
-678
-619
-572
-414
-163
105
310
312
224
54
-79
-17
147
320
348
209
39
-83
-129
-104
-102
-159
-280
-388
-421
-395
-305
-306
-376
-539
-606
-501
-268
12
52
-97
-329
-499
-429
-240
-5
81
-66
-299
-509
-472
-272
-140
-225
-486
-679
-696
-595
-438
-323
-281
-380
-542
-525
-322
34
148
-228
-1142
-2226
-2986
-3172
-2885
-2544
-2392
-2555
-2953
-3363
-3614
-3660
-3566
-3446
-3352
-3305
-3109
-2723
-2094
-1490
-1074
-862
-735
-449
77
867
1693
2335
2734
3015
3387
3909
4485
4983
5178
5101
4925
4890
5096
5373
5533
5390
4957
4377
3820
3416
3140
2826
2456
1990
1542
1192
926
676
314
-168
-708
-1087
-1281
-1227
-1143
-1145
-1282
-1511
-1682
-1739
-1569
-1322
-1209
-1234
-1354
-1399
-1274
-1000
-647
-446
-380
-493
-589
-540
-353
-103
52
52
-94
-229
-256
-101
56
53
-96
-302
-372
-340
-218
-155
-229
-412
-623
-682
-563
-288
-56
-2
-163
-437
-615
-591
-360
-150
-83
-224
-443
-531
-441
-236
-174
-315
-626
-927
-1011
-847
-548
-290
-193
-331
-616
-857
-888
-675
-430
-350
-418
-530
-556
-483
-370
-283
-196
-6
219
277
-8
-604
-1246
-1721
-1951
-1995
-1938
-1834
-1746
-1731
-1753
-1844
-1945
-1987
-2009
-2051
-2109
-2033
-1761
-1329
-897
-515
-203
36
247
492
831
1246
1625
1942
2246
2648
3122
3590
3879
3970
3894
3775
3706
3692
3744
3778
3681
3390
2958
2516
2199
2015
1813
1523
1191
836
543
314
151
-34
-279
-521
-784
-908
-899
-802
-690
-693
-817
-933
-973
-875
-709
-624
-626
-658
-644
-543
-330
-131
-54
-155
-334
-491
-471
-338
-166
-105
-139
-216
-301
-340
-331
-319
-349
-402
-445
-419
-324
-213
-167
-206
-320
-483
-557
-560
-517
-413
-302
-203
-236
-416
-640
-724
-622
-418
-334
-402
-501
-510
-456
-438
-423
-477
-499
-515
-563
-624
-659
-621
-539
-464
-502
-594
-675
-660
-609
-514
-383
-225
-56
29
30
-25
-37
82
294
415
382
134
-193
-486
-718
-907
-1068
-1228
-1299
-1257
-1196
-1131
-1096
-1062
-1116
-1286
-1452
-1480
-1285
-995
-723
-527
-419
-274
-16
318
676
933
1065
1174
1312
1578
1914
2263
2490
2543
2515
2462
2445
2438
2453
2401
2269
2056
1873
1799
1718
1632
1477
1274
1011
735
582
536
552
512
384
204
21
-62
6
72
76
-20
-153
-233
-227
-100
10
47
-18
-195
-351
-409
-336
-188
-125
-157
-295
-433
-488
-464
-375
-336
-353
-423
-482
-497
-527
-531
-510
-553
-577
-639
-647
-598
-569
-587
-681
-733
-682
-546
-525
-569
-660
-712
-694
-681
-623
-525
-441
-466
-618
-730
-759
-688
-570
-474
-357
-291
-348
-530
-690
-701
-563
-323
-132
9
30
-9
-71
-97
-101
-90
-6
115
278
334
329
294
316
365
433
518
480
384
166
-85
-284
-444
-541
-619
-727
-880
-1009
-1052
-1001
-918
-882
-951
-1075
-1187
-1203
-1118
-979
-839
-735
-633
-502
-339
-147
43
199
318
406
520
713
1002
1265
1443
1508
1536
1564
1613
1721
1813
1889
1875
1827
1759
1704
1696
1690
1698
1609
1429
1205
1041
1002
1033
1072
1045
931
743
577
473
425
404
372
320
197
95
40
48
61
-14
-148
-287
-353
-333
-295
-307
-375
-470
-559
-591
-596
-594
-611
-648
-678
-712
-752
-796
-776
-706
-653
-613
-663
-751
-814
-847
-799
-716
-658
-615
-593
-557
-525
-522
-541
-574
-622
-710
-668
-534
-344
-155
-107
-135
-174
-234
-223
-208
-209
-196
-134
31
155
204
141
43
-48
-140
-197
-145
21
162
216
96
-50
-96
-50
32
46
22
-63
-57
36
144
173
30
-122
-219
-245
-275
-423
-624
-815
-906
-921
-911
-927
-969
-1004
-995
-964
-950
-934
-867
-776
-725
-720
-700
-598
-427
-210
-21
106
206
319
498
676
838
980
1072
1174
1227
1336
1460
1589
1704
1767
1775
1746
1700
1679
1664
1657
1613
1517
1415
1324
1258
1183
1075
974
875
773
671
554
449
385
318
255
173
18
-41
-65
-86
-134
-277
-382
-444
-428
-379
-383
-457
-579
-685
-695
-656
-586
-604
-681
-755
-757
-722
-658
-560
-539
-534
-596
-620
-582
-474
-355
-303
-324
-398
-452
-459
-341
-217
-126
-117
-180
-206
-195
-110
-74
-79
-90
-115
-129
-123
-82
-2
23
-50
-128
-202
-208
-158
-160
-170
-218
-253
-178
-138
-85
-137
-233
-276
-298
-246
-241
-191
-178
-202
-252
-345
-356
-341
-320
-284
-286
-263
-151
-17
89
65
-60
-268
-428
-467
-420
-349
-342
-347
-409
-470
-514
-548
-554
-518
-474
-458
-477
-508
-524
-419
-267
-130
-54
-33
3
99
223
320
437
529
628
743
873
1041
1150
1230
1240
1257
1281
1296
1283
1199
1164
1147
1173
1236
1244
1172
1039
901
777
702
627
588
549
496
386
206
88
13
-17
-58
-139
-194
-263
-282
-278
-251
-216
-312
-388
-435
-399
-300
-305
-335
-361
-308
-236
-246
-293
-314
-215
-98
-44
-43
-81
-23
85
125
119
-9
-111
-117
-75
7
10
-36
-93
-113
-92
-114
-120
-145
-219
-282
-340
-373
-333
-279
-200
-203
-302
-443
-506
-466
-370
-319
-325
-368
-425
-447
-378
-252
-204
-283
-401
-529
-500
-380
-251
-189
-225
-201
-187
-204
-226
-279
-309
-263
-245
-187
-129
-81
-31
-84
-49
-22
38
25
-89
-129
-147
-72
-30
-44
-166
-268
-283
-276
-186
-170
-236
-347
-392
-316
-183
-60
-32
-79
-114
-140
-118
-63
14
135
241
269
266
273
347
444
539
605
591
634
677
782
814
756
669
565
586
604
618
573
513
442
397
407
398
366
299
230
176
143
86
116
169
205
183
124
131
145
181
186
203
194
197
178
189
243
238
258
163
144
161
148
188
180
236
247
249
246
244
217
124
71
49
76
69
48
-28
-123
-155
-191
-237
-257
-272
-256
-255
-296
-330
-406
-438
-531
-518
-520
-457
-464
-515
-519
-548
-462
-449
-373
-411
-439
-502
-566
-549
-551
-417
-331
-255
-220
-242
-192
-213
-165
-137
-75
42
10
-117
-367
-468
-336
-77
170
187
81
-69
-135
-75
-24
34
-41
-57
-21
-51
-1
-14
113
220
246
145
-25
-123
-176
-163
-153
-127
-104
-48
-21
-45
-127
-221
-280
-322
-284
-224
-119
-82
-32
-16
-15
-20
-31
6
19
68
63
46
75
143
221
309
352
362
275
228
232
225
261
244
356
499
540
548
476
443
453
496
553
531
491
444
434
449
466
420
364
335
354
465
522
507
390
282
211
220
232
290
319
301
241
130
131
124
125
77
41
99
42
5
-131
-195
-115
-70
25
-92
-257
-312
-311
-179
-164
-222
-370
-428
-377
-267
-196
-255
-334
-485
-530
-476
-357
-189
-132
-122
-252
-332
-303
-210
-157
-200
-247
-261
-285
-278
-294
-252
-148
-99
-86
-202
-284
-305
-207
-83
-15
-78
-158
-199
-121
10
-3
-19
-115
-124
-115
-119
-109
-113
-92
-31
17
5
-72
-154
-127
-116
-136
-150
-206
-155
-141
-107
-170
-220
-219
-148
-53
-125
-204
-245
-213
-148
-150
-163
-196
-141
-52
-43
-85
-119
-29
40
84
62
20
68
152
196
142
61
69
133
237
306
345
313
259
226
216
256
289
358
487
570
541
479
396
411
448
443
410
327
318
328
406
448
392
294
180
151
238
306
310
237
206
241
242
263
187
190
240
266
294
202
116
64
29
39
15
26
-2
-16
18
22
15
-106
-149
-158
-125
-114
-122
-52
-26
-60
-93
-159
-161
-174
-231
-291
-368
-295
-228
-132
-124
-143
-177
-251
-267
-332
-397
-454
-382
-230
-128
-137
-241
-306
-308
-270
-178
-148
-151
-177
-173
-138
-99
-94
-186
-270
-331
-251
-136
-71
-98
-232
-293
-315
-261
-195
-197
-234
-221
-236
-237
-224
-211
-134
-116
-37
15
-21
-66
-195
-263
-174
-52
83
121
84
71
10
15
62
115
163
100
41
6
29
137
221
282
269
211
98
64
43
73
83
46
16
18
64
70
147
166
235
264
262
172
62
65
163
290
326
286
206
257
306
328
286
193
228
276
286
211
150
153
299
499
548
411
89
-8
136
434
642
513
305
75
3
29
108
189
190
134
53
-6
-9
-59
-116
-97
-82
-19
-44
-77
-60
33
110
-40
-277
-417
-335
-104
54
15
-141
-263
-233
-109
-131
-246
-320
-203
-24
39
-45
-269
-366
-321
-241
-156
-133
-52
-30
-110
-210
-399
-405
-354
-211
-113
-209
-336
-423
-267
-64
32
-32
-131
-131
-102
-98
-198
-347
-395
-239
31
157
111
-58
-176
-178
-100
-107
-210
-298
-252
-13
182
264
182
74
63
10
-66
-162
-163
-33
85
178
166
132
108
124
233
256
186
31
-116
-183
-162
-44
117
186
124
41
-79
-96
-151
-226
-224
-199
-88
34
130
126
20
-81
-50
101
234
262
273
281
293
319
325
318
248
166
165
222
396
487
416
207
26
-24
49
150
245
216
138
44
101
262
301
140
-51
-135
-8
149
247
270
190
49
-107
-200
-157
-58
103
188
152
-16
-128
-136
-9
70
14
-103
-195
-195
-80
111
182
82
-107
-188
-68
73
42
-125
-221
-139
3
28
-36
-46
114
304
270
32
-359
-565
-484
-233
70
141
70
-16
-19
36
-65
-276
-473
-493
-282
-4
201
191
27
-110
-227
-282
-243
-159
-76
12
-35
-46
-50
-98
-176
-289
-308
-207
-125
-79
-154
-190
-178
-95
-15
35
35
-61
-177
-250
-211
-96
53
157
177
112
-37
-146
-170
-60
134
249
210
-7
-97
18
250
351
208
75
-10
17
15
-64
-98
-15
141
156
34
-117
-187
-153
-117
-69
-32
24
82
74
63
32
34
78
114
117
55
63
155
280
329
247
144
108
159
130
65
14
84
188
278
313
239
105
-17
0
37
135
167
109
18
-103
-85
-35
-15
-69
-118
-94
24
168
112
-51
-195
-151
-3
99
50
-111
-137
-57
75
129
136
139
134
146
117
21
-43
-25
66
155
152
60
-18
12
55
28
-22
-97
-146
-61
26
59
-9
-127
-211
-267
-245
-225
-138
-36
55
108
33
-96
-168
-96
-80
-266
-483
-528
-252
134
319
260
84
32
43
51
-82
-273
-317
-161
132
356
376
203
31
-65
-125
-147
-180
-115
44
181
242
175
39
-96
-190
-284
-298
-166
-48
116
113
-34
-173
-224
-113
-75
-126
-124
-26
137
180
117
14
-58
-52
70
222
217
120
-50
-146
-119
-47
-17
-31
-69
-139
-125
-44
88
53
-92
-190
-174
-103
42
50
1
-43
-149
-166
-87
70
309
366
299
23
-271
-301
-136
128
247
278
220
181
149
151
124
35
-62
-204
-162
13
213
369
273
130
51
98
208
203
80
-29
-85
-46
60
214
295
220
44
-103
-99
-14
173
239
163
73
14
-26
-183
-315
-320
-194
22
29
-32
-103
-131
-83
-17
-107
-313
-361
-140
208
359
242
-7
-93
22
84
52
-100
-227
-220
-138
-29
65
81
70
14
-24
-85
-131
-108
24
184
207
180
23
3
90
150
155
135
140
129
9
-39
-86
-166
-130
48
193
177
53
-68
-160
-232
-224
-233
-248
-194
-87
-4
17
17
32
30
-38
-185
-308
-383
-300
-72
158
215
92
-50
-129
-93
12
-9
-200
-387
-423
-186
119
275
222
120
39
79
151
112
103
17
-16
-69
24
111
155
102
5
81
150
157
65
-55
-160
-202
-129
3
123
214
188
125
113
31
82
124
90
-46
-234
-244
-58
168
312
268
88
-19
-56
-72
-143
-211
-96
21
85
92
36
-14
-144
-146
-163
-130
8
195
328
239
-9
-255
-322
-164
81
205
193
145
83
33
-17
-57
-15
-20
-77
-28
97
286
300
119
-78
-193
-138
-52
39
69
39
53
72
87
11
-159
-212
-119
2
110
155
130
15
11
-45
-109
-142
-173
-89
66
237
200
-3
-216
-238
-110
-24
57
-9
-92
-163
-131
68
77
33
-169
-279
-208
-125
48
111
156
109
83
-1
-143
-170
-45
140
151
-8
-184
-151
27
174
66
-16
-55
59
76
34
-31
-65
5
96
230
219
134
-58
-170
-141
-93
-38
-27
-14
16
-1
9
-3
-57
-18
20
50
103
90
34
-31
18
122
68
-81
-189
-54
83
194
143
99
50
-83
-178
-234
-160
-38
33
3
-9
0
34
131
142
57
-70
-140
-129
8
79
105
66
57
121
126
123
19
-22
31
73
75
55
-33
-86
-13
123
200
97
-31
-47
75
92
-20
-175
-280
-251
-144
126
257
319
283
257
165
-17
-137
-174
-123
-83
-111
-115
-154
-125
-16
-2
-84
-194
-115
-50
-55
-94
-46
70
119
14
-147
-166
-124
57
178
65
-167
-232
-62
122
219
104
-15
-27
-57
24
-21
-32
-124
-181
-143
-21
157
208
219
90
-50
-128
-38
-75
-121
-108
81
195
184
-61
-276
-210
-2
134
-26
-168
-108
111
176
95
-156
-194
58
221
258
252
244
258
206
79
-141
-411
-445
-230
65
243
289
134
-17
-33
39
101
88
-34
-151
-247
-387
-332
-138
168
292
303
342
336
252
-45
-283
-428
-390
-265
-9
169
236
187
108
202
180
10
-318
-568
-578
-393
-178
92
340
526
604
409
114
-182
-290
-177
-66
-72
-270
-329
-144
145
252
231
155
106
96
9
-38
-159
-201
-200
-25
148
215
248
229
202
179
93
20
-104
-285
-266
-73
195
164
-156
-286
-64
181
191
-177
-224
-15
283
334
10
-264
-387
-247
0
248
181
42
-37
32
115
21
-72
-124
-127
-35
24
73
113
165
159
14
-112
-131
63
209
136
-93
-237
-132
75
348
320
-56
-487
-649
-262
242
374
121
-108
-135
-71
-53
-72
-57
-109
-167
-113
34
244
404
364
144
-210
-383
-248
-8
254
187
162
160
155
140
19
-37
-102
-53
-84
-68
-5
73
128
110
124
-71
-237
-261
-73
128
164
99
-197
-324
-260
49
253
116
-118
-291
-113
153
364
327
94
-131
-347
-412
-263
70
266
155
-117
-230
-208
-168
-80
-84
-145
-239
-223
37
310
337
33
-293
-364
-133
293
493
407
121
-109
-180
-73
121
104
81
11
-13
82
143
176
124
-62
-259
-207
-52
163
226
156
105
32
-11
-28
-69
-16
96
117
75
2
-17
34
128
185
107
29
-71
-91
-101
-147
-143
-127
-69
20
219
277
177
-61
-141
-7
74
53
-27
-80
-8
100
214
215
125
13
-84
-35
1
17
-53
-133
-48
19
57
-17
-33
56
60
10
-21
92
174
181
-6
-173
-81
10
79
-9
-96
-115
-117
-6
-11
-37
-116
-120
-54
-99
-116
-197
-120
-28
3
-2
-53
-49
44
120
53
-42
-167
-180
-32
100
75
-16
-158
-161
-18
181
134
-68
-256
-324
-118
26
125
34
-104
-140
-202
-110
-32
-48
-218
-340
-199
124
344
297
115
-51
-57
31
143
97
-88
-176
-14
216
240
154
6
-27
-45
-79
-160
-87
31
140
121
-50
-100
-85
26
115
126
-31
-174
-127
71
151
30
-141
-147
-22
96
143
104
72
21
-81
-205
-204
-57
257
484
473
253
34
-60
66
222
115
-113
-205
-20
247
292
146
-27
-89
-84
-61
-28
-28
-73
-59
-94
-52
60
46
24
-79
-6
124
127
-3
-144
-173
34
279
427
253
-5
-155
9
251
173
-38
-347
-364
-175
114
275
187
-59
-255
-173
-25
-29
-141
-146
-129
-44
-7
19
14
36
89
88
101
36
-70
-151
-170
-84
-10
54
76
36
-34
-118
-117
-106
-69
-132
-152
-89
-14
95
40
-23
-64
2
183
209
147
-47
-188
-131
-3
107
106
111
95
101
59
86
190
202
63
-203
-311
-225
22
171
234
100
-77
-157
-138
-18
-58
-239
-365
-280
-88
144
315
363
215
-71
-310
-268
-82
35
73
28
15
-31
61
241
311
144
-119
-160
80
328
311
9
-317
-273
-13
162
106
-96
-117
21
167
180
29
-234
-445
-378
-106
156
285
310
294
220
130
5
-30
-50
-61
7
57
96
56
38
101
186
92
-61
-253
-373
-332
-247
-106
-31
-18
21
-15
-184
-342
-342
-185
-1
88
103
121
73
-56
-201
-224
-143
-9
82
132
170
184
180
109
-14
-181
-273
-263
-245
-183
-100
9
123
170
140
60
-10
-51
-49
-79
-108
-79
16
85
123
153
141
103
35
46
96
92
79
76
63
37
80
123
148
76
-12
-5
52
136
103
-3
-100
-86
-11
65
104
96
66
-4
-17
-21
-49
-127
-195
-151
-73
-28
-18
3
-13
-44
-71
-38
-24
-29
-39
44
165
203
158
66
-27
-55
-48
52
119
185
222
198
182
143
143
66
-72
-169
-110
-22
46
52
-3
-18
-104
-83
-45
-11
8
-47
-50
16
87
70
-19
-41
11
81
82
64
28
27
-3
-70
-138
-169
-89
-22
18
21
-29
-54
-43
-12
-32
-44
-47
-54
-40
-63
-85
-74
13
146
200
164
2
-130
-125
-46
63
98
84
64
-17
-140
-217
-147
-36
12
9
-14
19
82
176
192
96
-64
-233
-298
-220
-35
97
110
67
6
-5
-14
34
93
47
-64
-120
-133
-84
-27
30
48
1
-16
-46
-104
-183
-244
-221
-167
-88
-1
56
84
70
54
68
75
100
149
194
186
79
-12
-70
-40
30
92
99
101
66
13
-2
-85
-112
-82
-83
-52
17
68
97
58
3
-25
-19
11
24
29
-8
-75
-115
-87
-25
87
135
186
201
72
-21
-94
-63
12
31
45
69
97
101
80
47
12
-12
-63
-77
-30
10
44
44
66
84
75
65
16
9
-32
-82
-119
-148
-113
-46
42
28
-55
-142
-152
-129
-106
-68
-52
-68
-84
-69
-64
-46
8
57
81
62
37
59
100
152
163
132
99
68
61
50
32
-1
-37
-66
-69
-23
11
49
8
-85
-148
-154
-93
-57
-43
-28
25
76
88
80
75
64
28
-16
-29
47
118
140
132
55
-23
-71
-108
-138
-142
-128
-130
-110
-73
33
51
36
-25
-98
-103
-86
-61
-47
10
72
108
75
39
-13
9
60
50
45
-9
-26
-27
-42
-61
-55
-20
32
40
12
-34
-55
-45
-52
-41
-48
-27
11
25
29
42
83
82
71
44
24
17
21
32
23
29
17
23
5
-73
-98
-72
10
47
32
-8
-64
-47
-16
65
123
83
16
-62
-15
14
22
39
24
13
-30
-45
-32
-17
-8
-29
-30
-89
-133
-103
-71
-18
-17
1
22
45
70
54
28
21
2
9
36
38
67
64
46
0
-44
-41
-39
-16
-27
-33
-21
3
75
107
111
70
40
18
3
21
33
74
107
79
34
-15
-28
-16
-36
-60
-85
-100
-92
-83
-29
13
24
9
-10
-8
-17
-18
-10
29
50
52
48
36
55
68
84
90
81
65
34
-30
-58
-65
-67
-51
-45
0
73
64
28
-11
-59
-47
-33
-16
-26
-60
-74
-69
-32
5
46
79
75
56
44
28
28
33
12
22
27
31
12
3
9
-25
-41
-61
-85
-83
-108
-91
-50
-31
4
29
69
36
-44
-73
-89
-64
-45
-37
-15
-3
11
6
9
-8
-52
-80
-91
-43
33
92
87
85
90
62
27
2
-6
9
18
33
34
50
64
60
37
8
20
36
45
36
16
-50
-107
-121
-69
-6
34
33
10
-2
-45
-83
-122
-129
-86
-52
-13
17
46
37
21
25
-3
-62
-112
-100
-54
-33
-36
-36
-55
-59
-59
-20
12
-19
-39
-41
0
32
62
79
102
115
103
91
78
70
79
75
77
100
105
97
69
54
51
22
-19
-73
-70
-70
-58
-71
-56
-2
3
-12
-60
-80
-72
-86
-105
-74
-31
22
47
52
42
34
12
-13
-1
11
20
35
54
86
73
54
6
-39
-65
-51
-8
17
48
29
-5
-10
1
-9
-39
-58
-35
-23
6
35
53
54
8
-4
-1
23
22
16
40
49
53
53
48
50
38
20
13
2
-5
-15
-22
-16
-15
-28
-43
-26
-28
-36
-60
-105
-91
-41
9
45
38
18
-14
-16
-12
6
29
46
50
25
19
18
8
6
0
13
5
-2
21
20
41
26
5
-20
-44
-23
-7
11
-9
-28
-20
8
57
96
93
68
34
-2
3
7
14
20
26
29
36
42
46
24
-9
-35
-50
-67
-54
-33
-16
-35
-62
-68
-91
-95
-107
-106
-100
-87
-78
-49
-4
28
40
22
25
22
19
-7
-31
-17
-14
15
45
68
44
17
-20
-58
-51
-45
-36
-15
-1
1
-20
-44
-62
-63
-55
-29
-13
12
17
25
54
64
56
61
55
44
24
11
8
3
13
8
15
2
-17
-5
4
15
-17
-49
-62
-56
-22
-15
1
-5
-3
0
9
13
-16
-28
-31
-20
-11
-10
6
6
17
32
70
107
118
111
66
31
18
13
12
1
5
7
9
4
2
-2
-28
-49
-44
-40
-33
-34
-35
-28
-28
-43
-41
-30
-28
-39
-31
-23
-18
-15
-11
25
43
47
39
42
50
45
25
9
11
17
21
14
6
0
4
4
17
33
43
55
57
47
30
5
-5
2
4
10
5
-7
-4
10
17
30
28
23
17
12
23
25
31
26
17
16
-5
-16
-30
-44
-46
-45
-46
-40
-29
-19
-18
-16
-25
-25
-30
-22
-11
-18
-8
3
4
-1
-10
-13
-16
-27
-33
-34
-22
-9
-4
0
-4
10
18
27
39
39
34
17
-3
-17
-21
-11
3
13
20
10
10
10
23
35
18
9
-11
-28
-31
-45
-48
-49
-43
-27
-18
-2
1
5
12
12
20
9
1
0
2
5
-4
-11
-20
-17
1
4
8
6
21
31
33
36
28
26
23
13
4
-17
-29
-36
-48
-45
-45
-27
-17
-13
-12
-15
-22
-23
-14
1
21
21
9
5
1
0
2
17
23
27
32
31
37
28
18
12
9
16
15
15
19
12
-2
-7
-14
-15
-22
-25
-23
-11
0
-1
-6
-17
-16
-8
0
0
4
8
4
4
6
9
24
30
34
36
23
9
0
0
-3
-5
-8
0
3
-6
-11
-12
-6
-11
-10
-4
2
18
25
35
41
36
30
18
6
-8
-21
-24
-32
-31
-26
-20
-11
-8
-10
-11
-6
-12
-14
-12
-9
-5
-8
-10
-14
-16
-16
-16
-12
-12
-8
-8
-1
0
-1
6
11
13
9
10
16
14
5
1
9
6
3
8
8
6
4
0
-7
-13
-22
-29
-37
-34
-34
-39
-41
-41
-47
-48
-38
-26
-17
-16
-10
-4
0
-1
-2
-9
-4
-2
0
2
2
7
2
5
9
2
1
1
-6
-3
2
10
19
21
27
30
31
26
25
19
11
11
16
25
31
34
27
17
13
5
2
11
11
15
14
16
18
16
18
20
26
31
35
34
26
24
20
23
30
34
46
42
29
27
15
16
11
12
18
21
21
13
7
-6
-15
-29
-30
-26
-21
-14
-16
-12
-15
-18
-16
-6
-4
2
-2
-17
-22
-31
-37
-46
-46
-44
-39
-35
-32
-28
-21
-19
-14
-1
3
5
-4
-11
-13
-22
-14
-6
7
23
26
25
13
8
5
0
3
12
16
11
9
-3
-9
-19
-18
-9
-14
-5
-1
-3
2
-2
-2
0
5
7
3
6
3
0
-7
-11
2
5
12
18
18
16
4
-8
-14
-16
-14
-15
-14
-14
-25
-32
-36
-28
-27
-20
-9
-8
-3
-7
-9
-10
-14
-19
-22
-16
-6
3
1
2
9
13
17
22
22
26
20
15
10
0
-1
2
5
9
13
8
-1
-3
0
1
2
3
5
2
-7
-15
-25
-17
-18
-11
2
4
16
12
14
14
16
17
20
27
25
26
13
2
-11
-19
-23
-20
-20
-27
-31
-34
-36
-38
-34
-27
-14
-4
4
6
8
9
12
13
19
18
20
16
17
13
10
16
17
25
23
22
23
24
27
20
21
22
21
16
13
13
14
18
18
25
26
16
4
-1
-3
-9
-7
-7
-9
-13
-16
-23
-21
-21
-18
-9
0
3
-3
0
-6
-5
-6
-5
3
0
-4
-10
-17
-17
-15
-11
-5
5
13
12
10
14
9
9
3
-1
-2
-8
-13
-16
-6
-6
-4
-2
1
9
2
2
2
-2
4
6
14
14
10
1
-7
-8
-15
-15
-19
-21
-13
-12
-9
-8
-4
1
-6
-4
2
4
4
7
6
6
11
11
9
11
3
0
-11
-15
-11
-15
-12
-6
-1
7
14
12
5
-3
-5
-15
-11
-13
-11
-15
-16
-12
-15
-14
-17
-17
-19
-18
-8
-4
-6
-4
-7
5
20
22
29
19
8
6
4
5
10
12
20
32
35
38
39
44
44
41
41
40
37
30
23
14
9
-4
-17
-17
-20
-29
-38
-44
-44
-53
-59
-53
-41
-34
-28
-12
-7
-1
-4
-8
2
9
16
19
24
18
8
0
-3
-3
-4
-1
-1
4
2
1
-6
-6
-6
-6
-9
-21
-15
-23
-22
-18
-11
-2
2
7
5
0
1
3
5
13
20
19
21
19
2
3
-11
-12
-10
-14
-9
-10
-9
-10
-16
-17
-16
-3
4
4
12
9
8
1
3
14
16
26
27
23
22
12
9
11
24
36
46
43
38
28
11
6
0
3
13
23
28
42
44
39
27
10
5
1
5
8
11
4
-4
-7
-15
-13
-4
0
6
2
-3
1
-2
-3
1
3
1
5
-5
-17
-25
-37
-46
-39
-29
-17
-18
-29
-38
-43
-45
-44
-39
-30
-20
-10
1
4
6
-2
-18
-18
-8
-8
-10
-13
-17
-20
-32
-33
-34
-30
-34
-36
-36
-41
-37
-35
-26
-17
-8
-1
-3
-4
-11
-14
-16
-7
12
20
32
40
42
52
54
52
48
46
38
43
49
50
54
45
38
29
24
19
5
-7
-15
-25
-31
-35
-36
-34
-34
-34
-27
-24
-24
-20
-14
-19
-17
-7
-4
10
8
-1
-7
-14
2
11
21
28
18
2
-3
0
-3
-7
-6
-4
-2
4
4
5
0
-4
-1
7
21
30
37
33
25
26
15
15
18
16
14
11
11
-5
-14
-15
-19
-21
-22
-14
-7
-9
1
-1
7
14
23
27
21
18
-1
-6
-16
-25
-24
-16
-5
12
20
14
5
-15
-25
-23
-18
-17
-11
-2
13
25
33
35
29
18
13
13
10
6
-2
-4
-5
-4
1
9
12
11
5
-2
-2
7
15
21
9
-4
-14
-25
-21
-29
-28
-28
-28
-23
-16
0
1
-1
6
8
10
11
7
2
5
2
2
8
-2
-7
-17
-16
-20
-24
-22
-23
-18
-14
-13
-8
0
3
2
-6
-11
-8
-2
9
21
29
23
20
18
28
37
35
48
39
40
30
22
15
11
10
8
7
5
-9
-21
-27
-30
-30
-29
-28
-33
-29
-26
-23
-20
-10
-2
-2
-4
-10
-7
-12
-16
-11
-13
-6
-3
-5
0
-11
-18
-22
-13
2
6
10
10
13
6
1
2
4
6
5
17
16
19
21
10
14
16
26
